/*--------------------------------*- C++ -*----------------------------------*\
  =========                 |
  \\      /  F ield         | OpenFOAM: The Open Source CFD Toolbox
   \\    /   O peration     | Website:  https://openfoam.org
    \\  /    A nd           | Version:  12
     \\/     M anipulation  |
\*---------------------------------------------------------------------------*/
FoamFile
{
    format      ascii;
    class       volScalarField;
    location    "490";
    object      T;
}
// * * * * * * * * * * * * * * * * * * * * * * * * * * * * * * * * * * * * * //

dimensions      [];

internalField   nonuniform List<scalar> 
4480
(
4.56163e-06
0.000231327
0.0231315
0.126509
0.265357
0.395676
0.504202
0.590463
0.657843
0.710245
0.751074
0.783038
0.8082
0.828121
0.843964
0.856606
0.866703
0.874757
0.881146
0.886159
0.890028
0.892926
0.894992
0.896332
0.897032
0.89716
0.896771
0.896105
0.89543
0.894743
0.894042
0.893324
0.892582
0.891815
0.891017
0.890187
0.88932
0.888411
0.887454
0.886449
0.885392
0.884272
0.883086
0.881833
0.880504
0.879092
0.877592
0.876002
0.874309
0.872503
0.870588
0.868555
0.866387
0.864084
0.861635
0.85903
0.856267
0.85334
0.850229
0.846938
0.843448
0.839758
0.835855
0.831737
0.827385
0.822805
0.817973
0.812899
0.807554
0.80195
0.796063
0.789893
0.783428
0.776662
0.769584
0.762186
0.75446
0.746397
0.737986
0.72922
0.720087
0.710579
0.700685
0.690453
0.679889
0.668987
0.657744
0.646158
0.634224
0.621944
0.609316
0.596348
0.583047
0.569426
0.55551
0.541329
0.526929
0.512368
0.497728
0.483106
0.46862
0.454412
0.440636
0.427487
0.415154
0.403852
0.393807
0.385248
0.378406
0.373514
0.370797
0.370472
0.372744
0.377809
0.385834
0.396973
0.411328
0.428962
0.449882
0.474106
0.501945
0.534417
0.573288
0.622888
0.700279
0.813498
0.893032
0.953225
0.942555
0.85892
0.778902
0.661118
0.557125
0.474193
0.398845
0.327418
0.258215
0.19007
0.123526
0.0588938
1.87003e-06
0.00611035
0.117844
0.32735
0.517626
0.658072
0.754817
0.82023
0.864589
0.895073
0.916396
0.931608
0.942681
0.950892
0.957072
0.961793
0.965432
0.968253
0.970441
0.972132
0.973426
0.974387
0.975074
0.975524
0.975771
0.975835
0.975734
0.975367
0.974648
0.973612
0.972293
0.970727
0.968946
0.966981
0.964856
0.962603
0.960242
0.957796
0.955277
0.952705
0.950094
0.947454
0.944789
0.94211
0.939422
0.936725
0.934024
0.931316
0.928601
0.925877
0.92314
0.920392
0.917623
0.914829
0.912008
0.90915
0.906257
0.903316
0.900324
0.89728
0.894168
0.890996
0.887745
0.884419
0.881011
0.877521
0.873936
0.870251
0.866472
0.862593
0.858605
0.854509
0.850301
0.845981
0.841537
0.836977
0.832295
0.827483
0.822556
0.817497
0.812308
0.806999
0.801556
0.796
0.790347
0.784589
0.778732
0.772792
0.766764
0.760668
0.754512
0.748309
0.742077
0.73584
0.729623
0.723448
0.71736
0.711388
0.705582
0.699997
0.694695
0.689738
0.685209
0.681186
0.677777
0.675073
0.6732
0.672266
0.672408
0.673753
0.676433
0.680569
0.686285
0.693683
0.702842
0.713824
0.726652
0.74133
0.757839
0.776185
0.796455
0.818865
0.843688
0.871124
0.900939
0.930708
0.95558
0.972197
0.959268
0.910969
0.860063
0.80288
0.740664
0.674134
0.602614
0.5253
0.441342
0.350331
0.253386
0.155411
0.000333221
0.0436241
0.279432
0.532306
0.708684
0.816388
0.879911
0.917586
0.940496
0.95493
0.964397
0.97088
0.975497
0.978901
0.981477
0.983468
0.985026
0.986252
0.987218
0.987974
0.98856
0.989
0.989319
0.989535
0.989657
0.989697
0.989662
0.989534
0.989276
0.988891
0.988378
0.98773
0.986947
0.98602
0.984955
0.983745
0.9824
0.980921
0.979315
0.97759
0.975755
0.973819
0.971794
0.969687
0.967507
0.965268
0.962973
0.960633
0.958252
0.955839
0.953401
0.950939
0.948454
0.945951
0.943437
0.940903
0.93836
0.935801
0.933227
0.93064
0.928036
0.925417
0.922777
0.920121
0.917443
0.914742
0.912018
0.90927
0.906491
0.90369
0.90085
0.897986
0.895088
0.892158
0.889187
0.886185
0.88315
0.880074
0.876963
0.873821
0.870636
0.867422
0.864166
0.860886
0.857573
0.854241
0.850897
0.847541
0.844175
0.840817
0.837471
0.834149
0.830871
0.827642
0.824489
0.821434
0.818498
0.815709
0.813103
0.810717
0.808584
0.80675
0.805273
0.804192
0.803575
0.80348
0.803963
0.805095
0.806945
0.809569
0.813029
0.817378
0.822664
0.828917
0.836156
0.844376
0.853565
0.86368
0.874671
0.886476
0.899023
0.912209
0.925848
0.939582
0.952815
0.964608
0.973688
0.978418
0.969067
0.938181
0.905245
0.868391
0.825987
0.776426
0.717923
0.648432
0.565705
0.467777
0.354257
0.228645
0.00456494
0.147382
0.470457
0.707065
0.838102
0.905387
0.940025
0.958573
0.969134
0.97563
0.979965
0.983082
0.985459
0.987333
0.988838
0.990055
0.991045
0.991841
0.99248
0.992985
0.993378
0.993676
0.993893
0.994044
0.994135
0.994173
0.994165
0.994105
0.993985
0.993807
0.993567
0.993262
0.992888
0.992438
0.991905
0.991286
0.990575
0.989765
0.988856
0.987845
0.986733
0.985521
0.98421
0.982806
0.981313
0.979739
0.978087
0.976366
0.974581
0.972743
0.970855
0.968924
0.966958
0.96496
0.962939
0.960898
0.958841
0.956769
0.954692
0.952605
0.950519
0.948425
0.946334
0.944246
0.942156
0.940069
0.937989
0.935908
0.933833
0.931758
0.929685
0.927618
0.92555
0.923485
0.921419
0.919353
0.917288
0.915228
0.913165
0.911098
0.909035
0.906975
0.904922
0.902859
0.900802
0.898753
0.896712
0.89469
0.892687
0.890707
0.888758
0.886851
0.884997
0.883201
0.881486
0.879856
0.87834
0.876946
0.875701
0.874629
0.87376
0.873114
0.872729
0.872634
0.872872
0.873466
0.874466
0.875901
0.87781
0.880223
0.883173
0.886681
0.890765
0.895432
0.900672
0.906467
0.91279
0.919591
0.926807
0.934354
0.942129
0.949981
0.957709
0.965023
0.971538
0.976752
0.979995
0.980312
0.973623
0.952495
0.929103
0.902985
0.872522
0.835686
0.789831
0.73141
0.65588
0.557811
0.432168
0.277454
0.024905
0.314968
0.653807
0.83425
0.914671
0.950027
0.96649
0.974952
0.979898
0.983237
0.985766
0.987829
0.989555
0.991005
0.99221
0.993198
0.993999
0.994639
0.99514
0.995526
0.995819
0.996035
0.996188
0.996291
0.996354
0.996383
0.996383
0.99635
0.996282
0.996176
0.996033
0.995852
0.995632
0.995369
0.995059
0.994699
0.994282
0.993806
0.993264
0.992655
0.991971
0.991215
0.990379
0.989469
0.98848
0.987416
0.986282
0.985077
0.983808
0.982478
0.981094
0.97966
0.978183
0.976668
0.975121
0.97355
0.971957
0.970345
0.968725
0.967095
0.965462
0.963828
0.962201
0.96058
0.958962
0.957359
0.955765
0.954182
0.952616
0.951063
0.949525
0.947999
0.946491
0.944997
0.94352
0.942055
0.940609
0.939175
0.937751
0.936347
0.934955
0.933576
0.932216
0.930865
0.929529
0.92821
0.926907
0.925624
0.924367
0.92314
0.921947
0.920791
0.919687
0.918635
0.917647
0.916732
0.915905
0.91518
0.914566
0.914087
0.913753
0.913585
0.913606
0.913837
0.914296
0.915011
0.916001
0.917286
0.918889
0.920831
0.923116
0.925763
0.928769
0.932136
0.935848
0.939879
0.944201
0.948766
0.953514
0.958364
0.963218
0.967953
0.972402
0.976356
0.979547
0.981642
0.98218
0.980499
0.975115
0.960223
0.94212
0.922038
0.898821
0.870752
0.83517
0.787847
0.72239
0.629316
0.496329
0.311799
0.0784078
0.507274
0.798488
0.912085
0.953468
0.96979
0.977277
0.981443
0.984291
0.98659
0.988618
0.990421
0.991986
0.99331
0.99439
0.995254
0.995927
0.996436
0.996814
0.997082
0.997266
0.997387
0.997463
0.997505
0.997523
0.997528
0.997521
0.997504
0.997462
0.997397
0.997309
0.997195
0.997057
0.996891
0.996696
0.996468
0.996206
0.995904
0.995559
0.995171
0.994733
0.994242
0.993696
0.993093
0.992433
0.991712
0.990932
0.990094
0.989202
0.988254
0.987256
0.986211
0.985125
0.984
0.982841
0.981655
0.980447
0.979219
0.977974
0.976722
0.975467
0.974207
0.972952
0.971701
0.970457
0.969226
0.968005
0.966799
0.965613
0.964439
0.963284
0.962147
0.961029
0.959932
0.95885
0.95779
0.956745
0.955722
0.954718
0.953728
0.952757
0.951807
0.950876
0.949962
0.949058
0.948174
0.94731
0.946466
0.945645
0.944849
0.944086
0.943357
0.942666
0.942018
0.941423
0.940887
0.940418
0.940028
0.939721
0.939509
0.93941
0.939428
0.939584
0.93989
0.940356
0.941001
0.941834
0.942874
0.94413
0.945607
0.947319
0.949262
0.951435
0.953832
0.95644
0.959229
0.962177
0.965235
0.968355
0.971466
0.974486
0.97731
0.979807
0.981818
0.98314
0.983516
0.982602
0.979922
0.974808
0.964332
0.9495
0.933006
0.914131
0.891638
0.8634
0.825358
0.770432
0.685822
0.550701
0.33795
0.173273
0.682958
0.892231
0.951667
0.970409
0.977859
0.981734
0.98435
0.98653
0.988569
0.990519
0.992295
0.993812
0.995046
0.996013
0.996747
0.997277
0.99764
0.997866
0.997991
0.99804
0.998038
0.998007
0.997965
0.997923
0.997889
0.997864
0.997853
0.997831
0.9978
0.997758
0.997702
0.997631
0.997543
0.997436
0.997304
0.997149
0.996966
0.996752
0.996506
0.996225
0.995904
0.995544
0.995141
0.994696
0.994204
0.993665
0.99308
0.992451
0.991775
0.991057
0.9903
0.989505
0.988673
0.987813
0.986926
0.986013
0.985085
0.984142
0.983187
0.982226
0.981261
0.980298
0.979336
0.978384
0.97744
0.976504
0.975584
0.974677
0.973787
0.972913
0.972058
0.971216
0.970398
0.969597
0.968813
0.968046
0.967297
0.96657
0.965862
0.965166
0.964492
0.963839
0.963194
0.962568
0.961958
0.961364
0.960788
0.960233
0.959701
0.959192
0.958711
0.958265
0.957849
0.957477
0.957146
0.95687
0.956649
0.95649
0.956404
0.956396
0.956479
0.956659
0.956943
0.957345
0.95787
0.958529
0.959329
0.960274
0.961375
0.962625
0.964028
0.965579
0.96727
0.969084
0.970996
0.972984
0.975011
0.977029
0.978982
0.980797
0.982385
0.98364
0.984433
0.984597
0.983926
0.982155
0.978929
0.973797
0.965892
0.953689
0.939535
0.923367
0.904306
0.880874
0.849637
0.803949
0.729267
0.596621
0.35927
0.303901
0.815848
0.941639
0.968608
0.977271
0.98133
0.983906
0.985998
0.987996
0.990034
0.992045
0.993834
0.995296
0.996422
0.99725
0.997827
0.998191
0.998379
0.998426
0.99837
0.998246
0.998086
0.99792
0.997766
0.997639
0.997549
0.997498
0.997485
0.997482
0.997486
0.997493
0.997499
0.9975
0.997493
0.997473
0.997437
0.99738
0.997304
0.997203
0.997073
0.996917
0.996728
0.996507
0.996251
0.995958
0.995631
0.995266
0.994862
0.99442
0.993944
0.99343
0.992881
0.992301
0.991692
0.991054
0.990391
0.989709
0.989008
0.988293
0.987569
0.986838
0.986099
0.985363
0.984627
0.983893
0.983168
0.982452
0.981748
0.981053
0.980372
0.979706
0.979058
0.978421
0.977804
0.977199
0.976612
0.976042
0.975487
0.974952
0.97443
0.973922
0.973436
0.972962
0.972504
0.972055
0.971622
0.971202
0.970796
0.970408
0.970041
0.969688
0.96936
0.969059
0.96878
0.968532
0.968321
0.968146
0.968015
0.967929
0.967898
0.967921
0.968014
0.96817
0.968406
0.968724
0.969126
0.969625
0.970217
0.970912
0.971706
0.972605
0.973599
0.974685
0.975855
0.977093
0.978378
0.979686
0.980985
0.98223
0.983379
0.984359
0.985104
0.985518
0.985492
0.984886
0.983533
0.981217
0.977675
0.972587
0.965605
0.955888
0.943393
0.929053
0.912174
0.891781
0.865101
0.826551
0.761501
0.634602
0.377617
0.458612
0.895828
0.962382
0.975307
0.980342
0.983156
0.98523
0.987125
0.989112
0.991243
0.993354
0.995149
0.996518
0.997505
0.998171
0.998572
0.998744
0.998722
0.998547
0.998263
0.997918
0.997555
0.997209
0.996909
0.996673
0.996511
0.996424
0.996408
0.996423
0.996469
0.996534
0.996614
0.996699
0.996788
0.996872
0.996943
0.997
0.997036
0.997049
0.997039
0.996999
0.996933
0.996835
0.996705
0.996542
0.996347
0.996117
0.995856
0.995562
0.995235
0.994877
0.994488
0.994073
0.993631
0.993163
0.992675
0.992165
0.991641
0.991101
0.990552
0.989997
0.989436
0.98887
0.988307
0.987746
0.987189
0.98664
0.986098
0.985564
0.985044
0.984535
0.984037
0.983553
0.983079
0.982622
0.982178
0.981747
0.981331
0.980928
0.980539
0.980161
0.979801
0.979452
0.979116
0.978787
0.978471
0.978167
0.977875
0.977597
0.977329
0.977081
0.976845
0.976633
0.976437
0.976266
0.97612
0.976003
0.975913
0.975863
0.975847
0.975878
0.97595
0.976073
0.97625
0.976485
0.976779
0.97714
0.977564
0.978056
0.978613
0.979238
0.979919
0.980656
0.981437
0.982247
0.983065
0.983876
0.984642
0.98533
0.985892
0.986275
0.986415
0.986228
0.985618
0.984472
0.982646
0.979967
0.976228
0.971195
0.964616
0.956253
0.945498
0.932488
0.917092
0.89868
0.874924
0.841404
0.784554
0.665097
0.394091
0.616685
0.931667
0.969576
0.978379
0.982068
0.984318
0.986143
0.987974
0.990017
0.992286
0.994512
0.996272
0.99751
0.998331
0.998825
0.999033
0.998983
0.998703
0.998246
0.997671
0.997039
0.996411
0.995836
0.995351
0.994977
0.994725
0.994596
0.994573
0.994615
0.994711
0.994852
0.995025
0.99522
0.995426
0.995634
0.995837
0.996026
0.996196
0.996342
0.996462
0.996553
0.996613
0.996638
0.996631
0.996593
0.996522
0.996416
0.996278
0.996108
0.995909
0.995677
0.995418
0.995133
0.994822
0.99449
0.994139
0.993766
0.993381
0.99298
0.992567
0.992149
0.991724
0.991295
0.990865
0.990436
0.99001
0.989588
0.989174
0.988764
0.988364
0.987969
0.987588
0.987215
0.986856
0.986504
0.986164
0.985836
0.985517
0.985213
0.984915
0.984632
0.984359
0.984095
0.983845
0.983598
0.983364
0.983137
0.982919
0.98271
0.982514
0.982328
0.982154
0.981994
0.981852
0.981725
0.981617
0.981527
0.981462
0.981423
0.981407
0.981425
0.981473
0.981555
0.981678
0.981838
0.982039
0.982283
0.982567
0.982897
0.983267
0.983675
0.984114
0.984581
0.985063
0.985546
0.986013
0.986443
0.986805
0.98707
0.987192
0.987127
0.986811
0.986175
0.985133
0.98359
0.981419
0.978486
0.974617
0.969634
0.963337
0.955522
0.945993
0.934377
0.920069
0.903019
0.881156
0.850978
0.800447
0.688713
0.409377
0.730027
0.950713
0.974155
0.980237
0.983187
0.985122
0.986809
0.988631
0.990765
0.993202
0.995534
0.997221
0.998293
0.998939
0.999254
0.99925
0.998932
0.998331
0.997511
0.996558
0.995558
0.994592
0.993726
0.99301
0.992466
0.99211
0.991934
0.991908
0.991987
0.992153
0.992393
0.992688
0.993021
0.993377
0.993743
0.994106
0.994456
0.994786
0.995092
0.995364
0.995604
0.995808
0.995973
0.9961
0.996189
0.996241
0.996257
0.996238
0.996185
0.9961
0.995983
0.995838
0.995668
0.995471
0.99525
0.995009
0.99475
0.994476
0.994185
0.993886
0.993577
0.99326
0.992939
0.992616
0.992291
0.991967
0.991646
0.991325
0.991014
0.990704
0.990404
0.99011
0.989823
0.989545
0.989273
0.989014
0.98876
0.988516
0.988281
0.988051
0.987831
0.987624
0.98742
0.987227
0.987042
0.986861
0.986685
0.986517
0.98636
0.986206
0.986065
0.98593
0.985804
0.985692
0.985587
0.9855
0.985427
0.985368
0.985325
0.985304
0.985303
0.985324
0.985364
0.985435
0.985525
0.985647
0.985791
0.985962
0.986158
0.986376
0.986612
0.98686
0.98711
0.987355
0.987582
0.98777
0.987902
0.987947
0.987877
0.987658
0.987241
0.986573
0.985589
0.984216
0.982369
0.979941
0.976817
0.972857
0.967913
0.961815
0.954383
0.945416
0.934651
0.921675
0.905618
0.885048
0.857039
0.810973
0.706245
0.423929
0.819297
0.961294
0.977138
0.981714
0.984015
0.98569
0.987294
0.989137
0.991388
0.994002
0.996441
0.998005
0.998888
0.999365
0.999501
0.999254
0.9986
0.997582
0.996291
0.99485
0.993381
0.991994
0.990772
0.989776
0.989036
0.988562
0.988346
0.988325
0.988457
0.988723
0.989094
0.989548
0.99006
0.990606
0.991169
0.991734
0.992284
0.992811
0.993305
0.993759
0.99417
0.994538
0.994862
0.995136
0.995367
0.995553
0.995696
0.995798
0.995862
0.995889
0.995882
0.995844
0.995776
0.995681
0.99556
0.995418
0.995256
0.995076
0.994883
0.994675
0.994457
0.99423
0.993997
0.993758
0.993519
0.993277
0.993035
0.992793
0.992555
0.99232
0.99209
0.991864
0.991643
0.991428
0.99122
0.991017
0.990823
0.990631
0.990447
0.990269
0.990099
0.989936
0.989777
0.989626
0.989478
0.989338
0.989197
0.989065
0.988938
0.988814
0.988697
0.988587
0.988483
0.988385
0.988298
0.988218
0.988148
0.988089
0.988041
0.988003
0.987979
0.987969
0.987975
0.987994
0.988028
0.988075
0.988135
0.98821
0.988294
0.988385
0.988476
0.988565
0.988641
0.988692
0.988705
0.988668
0.988557
0.988351
0.988015
0.987518
0.986819
0.985867
0.984604
0.982968
0.980883
0.978253
0.974983
0.970956
0.966037
0.960081
0.952924
0.944361
0.93412
0.921784
0.906643
0.887324
0.860736
0.817584
0.71858
0.438071
0.878321
0.967784
0.979183
0.982772
0.984692
0.986125
0.987639
0.989517
0.991888
0.994692
0.997232
0.998631
0.999318
0.999645
0.999599
0.999055
0.997967
0.996405
0.99451
0.992452
0.990401
0.988498
0.986851
0.98553
0.984569
0.983977
0.983732
0.983732
0.983948
0.984349
0.984899
0.98556
0.986301
0.987089
0.9879
0.988711
0.989504
0.990265
0.990983
0.991652
0.992267
0.992824
0.993323
0.993765
0.994151
0.994482
0.994764
0.994996
0.995179
0.995322
0.995425
0.995493
0.995524
0.995525
0.995499
0.995447
0.995373
0.995278
0.995169
0.99504
0.994902
0.994751
0.994593
0.994428
0.994256
0.994084
0.993906
0.993728
0.993551
0.993375
0.993201
0.99303
0.992863
0.992696
0.992536
0.992377
0.992224
0.992075
0.991931
0.991793
0.991656
0.991523
0.991398
0.991275
0.991156
0.991039
0.990926
0.990815
0.990709
0.990604
0.990503
0.990408
0.990315
0.990225
0.990143
0.990065
0.98999
0.989924
0.989863
0.989806
0.98976
0.989721
0.989686
0.989661
0.98964
0.989625
0.98961
0.989601
0.989587
0.989569
0.98954
0.989494
0.989419
0.989311
0.98915
0.988923
0.988609
0.988189
0.987632
0.986906
0.985971
0.984789
0.983301
0.98145
0.979174
0.976383
0.972997
0.96891
0.964008
0.958157
0.951199
0.942933
0.933082
0.921233
0.906679
0.888086
0.862499
0.821089
0.726508
0.452034
0.905547
0.973928
0.980635
0.98353
0.985167
0.986491
0.98789
0.98978
0.992276
0.995277
0.997918
0.999116
0.999612
0.999819
0.999573
0.998649
0.996996
0.994731
0.992072
0.989254
0.986499
0.983985
0.981846
0.980163
0.978969
0.978266
0.978021
0.97807
0.97841
0.978996
0.979777
0.980704
0.981732
0.98282
0.983932
0.985041
0.986122
0.987158
0.988141
0.989056
0.989903
0.990676
0.991377
0.992006
0.992564
0.993056
0.993485
0.993855
0.994169
0.994432
0.994648
0.994821
0.994953
0.99505
0.995114
0.995147
0.995157
0.995142
0.995107
0.995053
0.994983
0.994901
0.994807
0.994706
0.994595
0.994479
0.994358
0.994234
0.994107
0.99398
0.993853
0.993724
0.993596
0.993472
0.993348
0.993224
0.993106
0.992987
0.992874
0.992759
0.99265
0.992541
0.992438
0.992335
0.992237
0.992138
0.99204
0.991946
0.99185
0.991757
0.991664
0.991573
0.991485
0.991399
0.991313
0.99123
0.991148
0.991069
0.990994
0.99092
0.990846
0.990777
0.990705
0.990635
0.990564
0.99049
0.990411
0.990323
0.990226
0.990112
0.989977
0.989811
0.98961
0.989361
0.989049
0.988661
0.988179
0.987577
0.986831
0.985911
0.984781
0.983402
0.981724
0.979701
0.977263
0.97434
0.970859
0.966724
0.961832
0.956056
0.949247
0.941201
0.931646
0.92017
0.906073
0.888057
0.863252
0.823165
0.731741
0.462195
0.922691
0.97615
0.981687
0.98406
0.985483
0.986716
0.988112
0.989934
0.99255
0.995751
0.9985
0.999469
0.999799
0.999917
0.999436
0.998016
0.995627
0.992475
0.988873
0.985139
0.981553
0.978338
0.975647
0.973572
0.972144
0.971356
0.971151
0.971294
0.971816
0.972651
0.973735
0.974998
0.976379
0.977828
0.9793
0.980759
0.982177
0.983534
0.984815
0.986009
0.987115
0.988129
0.989051
0.989884
0.990631
0.991296
0.991886
0.992401
0.992852
0.993241
0.993573
0.993855
0.99409
0.994282
0.994436
0.994555
0.994643
0.994704
0.994741
0.994756
0.994752
0.994731
0.994697
0.99465
0.994593
0.994527
0.994453
0.994374
0.994292
0.994203
0.994113
0.994023
0.99393
0.993836
0.993741
0.993647
0.993552
0.993459
0.993365
0.993272
0.993181
0.993092
0.993004
0.992916
0.992828
0.99274
0.992651
0.992565
0.992475
0.992388
0.992298
0.992208
0.992118
0.992029
0.991938
0.991847
0.991754
0.99166
0.991567
0.991469
0.991371
0.99127
0.991161
0.991049
0.99093
0.990802
0.990662
0.990505
0.99033
0.99013
0.989899
0.989632
0.989317
0.988944
0.988499
0.98797
0.987337
0.986579
0.985672
0.984585
0.983289
0.981744
0.97991
0.977735
0.975162
0.972133
0.968574
0.964396
0.959509
0.953788
0.947088
0.939212
0.929889
0.918706
0.904973
0.887415
0.863231
0.824162
0.735084
0.469338
0.934609
0.977835
0.982528
0.9844
0.98564
0.986811
0.988223
0.990063
0.99271
0.996111
0.998981
0.999712
0.999907
0.999966
0.999189
0.997117
0.993789
0.989542
0.984808
0.98
0.975463
0.971458
0.968166
0.965684
0.964043
0.963211
0.963004
0.963308
0.964098
0.965281
0.966762
0.968453
0.970275
0.972162
0.97406
0.975926
0.977728
0.979444
0.981059
0.982563
0.983952
0.985226
0.986387
0.987438
0.988385
0.989233
0.98999
0.990662
0.991253
0.991772
0.992227
0.992619
0.992956
0.993244
0.993487
0.99369
0.993857
0.993991
0.994097
0.994177
0.994233
0.99427
0.994291
0.994293
0.994284
0.994265
0.994233
0.994194
0.994149
0.994097
0.994039
0.993977
0.993912
0.993844
0.993773
0.993701
0.993628
0.993551
0.993475
0.993399
0.993319
0.99324
0.993162
0.993084
0.993004
0.992921
0.992839
0.992753
0.992667
0.992578
0.992488
0.992396
0.992299
0.992203
0.992103
0.992
0.991891
0.991781
0.991666
0.991545
0.99142
0.991284
0.991143
0.99099
0.990822
0.990642
0.990443
0.990224
0.989978
0.989699
0.989382
0.989021
0.988603
0.988119
0.98756
0.986906
0.986141
0.985245
0.984196
0.982964
0.981524
0.979837
0.977867
0.975567
0.972884
0.969763
0.966137
0.961926
0.957037
0.95136
0.944744
0.937001
0.927862
0.916915
0.903477
0.886294
0.862609
0.82434
0.737014
0.474155
0.943248
0.979044
0.983008
0.984581
0.985661
0.986763
0.988204
0.990155
0.992777
0.996354
0.999369
0.999864
0.999964
0.999989
0.998823
0.995909
0.991409
0.985842
0.979783
0.973746
0.96814
0.963267
0.959334
0.956449
0.954631
0.953826
0.953663
0.954218
0.955375
0.957005
0.958983
0.961195
0.96354
0.965937
0.968322
0.970645
0.972874
0.974981
0.976954
0.97879
0.980479
0.982027
0.983436
0.984714
0.985867
0.986904
0.987832
0.988661
0.989397
0.990049
0.990622
0.991127
0.991569
0.991953
0.992285
0.992572
0.992813
0.993019
0.99319
0.993331
0.993448
0.993537
0.993608
0.99366
0.993695
0.993715
0.993723
0.993719
0.993706
0.993683
0.993655
0.993617
0.993577
0.993528
0.993478
0.993423
0.993363
0.993302
0.993238
0.993171
0.993102
0.993032
0.992958
0.992883
0.992805
0.992726
0.992643
0.992558
0.99247
0.992377
0.992281
0.99218
0.992077
0.991969
0.991857
0.991739
0.991614
0.991485
0.991347
0.991202
0.991046
0.99088
0.990701
0.990507
0.990297
0.990065
0.989812
0.98953
0.989218
0.988867
0.98847
0.988023
0.987512
0.986931
0.986265
0.985499
0.984617
0.983599
0.982426
0.981071
0.979506
0.977698
0.975611
0.973204
0.970424
0.967227
0.963546
0.959303
0.954414
0.948767
0.942222
0.934587
0.925598
0.914846
0.901659
0.884787
0.861523
0.823889
0.737858
0.477165
0.949659
0.979893
0.983257
0.984607
0.985533
0.986574
0.988041
0.990111
0.992838
0.996475
0.999665
0.999949
0.99999
0.999997
0.998322
0.994338
0.988414
0.981295
0.973723
0.966312
0.959529
0.953717
0.949112
0.945836
0.943904
0.943221
0.943262
0.944187
0.945836
0.94803
0.950612
0.953437
0.95638
0.959346
0.962261
0.965078
0.967755
0.970275
0.972619
0.97479
0.976784
0.978608
0.980267
0.981772
0.98313
0.984356
0.985454
0.986437
0.987316
0.988099
0.988793
0.989407
0.989949
0.990427
0.990845
0.991208
0.991528
0.9918
0.992037
0.992236
0.992407
0.992547
0.992665
0.99276
0.992836
0.992893
0.992936
0.992963
0.992979
0.992983
0.992978
0.992962
0.992941
0.992909
0.992874
0.992833
0.992786
0.992733
0.992677
0.992616
0.992554
0.992484
0.992413
0.992341
0.992262
0.992183
0.992096
0.992007
0.991912
0.991813
0.991707
0.991598
0.991481
0.991362
0.991234
0.991099
0.990956
0.990804
0.990643
0.990469
0.990284
0.990087
0.98987
0.989637
0.989383
0.989104
0.988796
0.988459
0.988082
0.987661
0.987193
0.986666
0.986071
0.985397
0.984636
0.983769
0.982784
0.981662
0.980379
0.978913
0.977238
0.975324
0.973138
0.970636
0.967781
0.964519
0.960789
0.956523
0.951635
0.946017
0.939528
0.931984
0.923123
0.912539
0.899564
0.882969
0.860058
0.822939
0.737863
0.47877
0.954476
0.980474
0.983333
0.984472
0.985263
0.98623
0.987724
0.989924
0.992865
0.996498
0.99987
0.999987
0.999997
0.999999
0.997669
0.992355
0.984735
0.975841
0.966584
0.957668
0.949608
0.942783
0.937473
0.933837
0.931886
0.93135
0.931755
0.933246
0.935586
0.938531
0.941867
0.945416
0.949037
0.952624
0.956104
0.959426
0.962557
0.965483
0.968193
0.970689
0.972976
0.975064
0.976961
0.978681
0.980233
0.981637
0.982898
0.984029
0.98504
0.985945
0.986754
0.987476
0.988113
0.988681
0.989181
0.989621
0.990009
0.990349
0.990643
0.990899
0.991118
0.991307
0.991468
0.991604
0.991714
0.991806
0.991877
0.991932
0.991974
0.992
0.992014
0.992018
0.992013
0.991996
0.991971
0.99194
0.991901
0.991854
0.991802
0.991745
0.991685
0.991617
0.991544
0.991467
0.991385
0.991301
0.991208
0.991111
0.991007
0.990899
0.990784
0.990661
0.990532
0.990395
0.990249
0.990096
0.989931
0.989756
0.989569
0.989368
0.989153
0.988921
0.988669
0.988398
0.988098
0.987771
0.987414
0.98702
0.986585
0.986099
0.985563
0.984961
0.984288
0.983534
0.982686
0.981728
0.98065
0.979431
0.978051
0.97649
0.974721
0.972716
0.970444
0.967868
0.964946
0.961628
0.957864
0.953578
0.948694
0.943098
0.936665
0.929205
0.920456
0.91002
0.897237
0.880885
0.858291
0.821598
0.73722
0.479275
0.958112
0.980822
0.983241
0.98415
0.984844
0.985727
0.987238
0.989575
0.992748
0.996518
0.999982
0.999999
1
1
0.996839
0.989909
0.980323
0.969442
0.958352
0.947823
0.938391
0.930469
0.924411
0.920458
0.918625
0.918005
0.919059
0.921443
0.924787
0.928745
0.933036
0.937442
0.941818
0.946063
0.950111
0.953929
0.957488
0.960793
0.963833
0.966624
0.969175
0.9715
0.973609
0.97552
0.977245
0.978807
0.980213
0.981477
0.982612
0.983629
0.98454
0.985355
0.986082
0.986729
0.987305
0.987815
0.988266
0.988664
0.989014
0.989321
0.989587
0.989819
0.990018
0.990189
0.990332
0.990451
0.99055
0.990631
0.990692
0.990736
0.990769
0.990785
0.990792
0.990786
0.990769
0.990744
0.99071
0.990668
0.990616
0.990561
0.990497
0.990425
0.990348
0.990268
0.990179
0.990086
0.989985
0.989877
0.989761
0.989641
0.98951
0.989372
0.989228
0.989072
0.988908
0.988731
0.988545
0.988344
0.988131
0.987902
0.987655
0.987389
0.987101
0.986787
0.986446
0.986075
0.985668
0.985222
0.984729
0.984186
0.983583
0.982914
0.98217
0.981339
0.980412
0.979375
0.978215
0.976911
0.975444
0.973801
0.97195
0.969868
0.967523
0.964885
0.961909
0.958549
0.954758
0.950457
0.945578
0.940013
0.93363
0.926242
0.917602
0.907309
0.894706
0.87858
0.856275
0.81994
0.736065
0.478908
0.960821
0.98099
0.98302
0.983709
0.984267
0.985046
0.986566
0.989048
0.992483
0.996537
1
0.999999
0.999998
0.999999
0.995813
0.986961
0.975137
0.962093
0.949063
0.936847
0.925956
0.916817
0.909907
0.905682
0.904174
0.904101
0.906108
0.909673
0.91426
0.9194
0.924742
0.930049
0.935176
0.940041
0.94461
0.948856
0.952786
0.956401
0.959715
0.962744
0.965506
0.96802
0.970301
0.972368
0.974237
0.975929
0.977453
0.978826
0.980063
0.981178
0.982174
0.98307
0.983872
0.98459
0.985228
0.985799
0.986306
0.986756
0.987155
0.987505
0.987812
0.988078
0.988312
0.988514
0.988683
0.98883
0.988949
0.989049
0.989127
0.989187
0.98923
0.989256
0.989272
0.989272
0.989261
0.989238
0.989203
0.989162
0.989108
0.989049
0.988979
0.988905
0.988821
0.988731
0.988632
0.988528
0.988414
0.988293
0.988165
0.988029
0.987883
0.987726
0.987562
0.987387
0.9872
0.987002
0.98679
0.986565
0.986323
0.986063
0.985786
0.985483
0.985158
0.984809
0.984425
0.984008
0.983556
0.983056
0.982512
0.981911
0.981248
0.980517
0.979706
0.978808
0.97781
0.976701
0.975465
0.974087
0.97255
0.970832
0.968912
0.966766
0.964361
0.96167
0.958653
0.955261
0.951449
0.947148
0.942279
0.936744
0.930408
0.923102
0.914567
0.904413
0.891988
0.876084
0.854043
0.818029
0.7345
0.477848
0.962794
0.981011
0.982684
0.983139
0.983524
0.984177
0.985689
0.98832
0.992054
0.99647
1
1
0.999998
0.999997
0.994579
0.98347
0.96916
0.953828
0.938819
0.924895
0.912466
0.901919
0.893915
0.889448
0.887644
0.88884
0.892772
0.898365
0.904736
0.911306
0.917742
0.923885
0.929645
0.934998
0.939947
0.9445
0.948677
0.952504
0.956
0.959187
0.962092
0.964731
0.967128
0.9693
0.971272
0.973054
0.974664
0.976121
0.977434
0.978618
0.979683
0.980641
0.981502
0.982275
0.982968
0.983583
0.984135
0.984626
0.985063
0.985448
0.985786
0.986084
0.986343
0.986568
0.986762
0.986927
0.987062
0.987175
0.987267
0.987336
0.987389
0.987422
0.987439
0.987441
0.987432
0.987408
0.987371
0.987326
0.987268
0.987202
0.987125
0.987038
0.986945
0.986842
0.986732
0.986615
0.986486
0.98635
0.986205
0.986049
0.985885
0.98571
0.985524
0.985326
0.985117
0.984892
0.984656
0.984401
0.984129
0.98384
0.983527
0.983193
0.98283
0.98244
0.982016
0.981558
0.981057
0.98051
0.979915
0.97926
0.978543
0.977753
0.976882
0.975923
0.974863
0.973689
0.972388
0.970946
0.969348
0.96757
0.96559
0.963393
0.960943
0.958211
0.955161
0.951749
0.947927
0.943627
0.938776
0.933277
0.927002
0.919777
0.911348
0.901336
0.889091
0.873411
0.851631
0.815909
0.732595
0.476226
0.964146
0.980904
0.98224
0.982395
0.98253
0.983105
0.984592
0.987372
0.991438
0.9963
0.999997
0.999997
0.999998
0.999996
0.993122
0.979403
0.962391
0.944735
0.927813
0.912269
0.898271
0.886038
0.876357
0.87145
0.869839
0.873898
0.881248
0.889666
0.897984
0.90579
0.913007
0.919647
0.925739
0.931319
0.936428
0.941099
0.945367
0.949267
0.952826
0.956067
0.959023
0.961718
0.964164
0.966385
0.968401
0.970235
0.971894
0.973394
0.974752
0.975978
0.977086
0.978085
0.978984
0.979794
0.980521
0.981172
0.981754
0.982273
0.982736
0.983147
0.983508
0.983825
0.984104
0.984345
0.98455
0.984729
0.984876
0.984996
0.985094
0.985167
0.985221
0.985256
0.985273
0.985274
0.98526
0.985232
0.985188
0.985134
0.985069
0.98499
0.984904
0.984804
0.984696
0.984579
0.984454
0.984319
0.984172
0.984017
0.983853
0.983677
0.98349
0.983293
0.983083
0.982862
0.982627
0.982377
0.98211
0.981828
0.981526
0.981203
0.980858
0.980487
0.980089
0.979662
0.979197
0.978696
0.978151
0.977558
0.976914
0.976211
0.975444
0.9746
0.973677
0.972662
0.971545
0.970316
0.96896
0.967464
0.965809
0.963984
0.961961
0.95972
0.957234
0.954474
0.951403
0.94798
0.944152
0.939868
0.935046
0.929592
0.923383
0.916249
0.907942
0.898077
0.886025
0.870575
0.849063
0.813609
0.730413
0.474133
0.964943
0.980689
0.981706
0.981511
0.981312
0.981828
0.983251
0.986173
0.990605
0.996023
1
1
0.999998
1
0.991425
0.974721
0.954855
0.934978
0.916392
0.899532
0.884142
0.870005
0.857377
0.84761
0.85161
0.86521
0.877489
0.886975
0.895686
0.903723
0.911152
0.91774
0.923746
0.929217
0.934216
0.938789
0.942968
0.946787
0.950279
0.953467
0.956382
0.959036
0.961463
0.963665
0.965673
0.967499
0.969161
0.970669
0.972036
0.973277
0.974395
0.975408
0.976324
0.977149
0.977892
0.978558
0.979154
0.979691
0.980165
0.980588
0.980961
0.981289
0.981574
0.981821
0.982035
0.982214
0.982364
0.982486
0.982583
0.982655
0.982707
0.982736
0.982747
0.98274
0.982718
0.982677
0.982624
0.982558
0.982478
0.982387
0.982284
0.982167
0.982043
0.981906
0.981762
0.981605
0.98144
0.981262
0.981076
0.980876
0.980665
0.980444
0.980209
0.97996
0.979697
0.979418
0.979122
0.978808
0.978476
0.978121
0.977741
0.977335
0.9769
0.976433
0.97593
0.975387
0.974802
0.974165
0.973477
0.972729
0.971913
0.971023
0.970052
0.96899
0.967826
0.966547
0.965147
0.963605
0.96191
0.960043
0.957984
0.955713
0.953202
0.950426
0.947344
0.94392
0.940105
0.935843
0.931058
0.925662
0.91953
0.912496
0.904325
0.894636
0.88279
0.867579
0.84635
0.811149
0.727982
0.471619
0.965197
0.980407
0.981158
0.98061
0.980058
0.980349
0.981661
0.984697
0.989514
0.995625
0.999998
1
1
0.999998
0.989468
0.969366
0.946606
0.924838
0.905166
0.887782
0.871901
0.856863
0.841399
0.850564
0.859107
0.870323
0.880582
0.889202
0.897179
0.904562
0.911373
0.91748
0.923073
0.928199
0.933003
0.937563
0.941487
0.945082
0.94838
0.951405
0.954177
0.95672
0.959044
0.961166
0.963104
0.964877
0.96649
0.967956
0.969297
0.970513
0.971615
0.972613
0.973518
0.974335
0.97507
0.975733
0.976327
0.976858
0.977332
0.977753
0.978121
0.978446
0.978731
0.978973
0.979181
0.979357
0.979499
0.979614
0.979702
0.979766
0.979805
0.979825
0.979823
0.979801
0.979764
0.97971
0.979639
0.979555
0.979459
0.979348
0.979223
0.979088
0.97894
0.978783
0.978614
0.978434
0.978242
0.978041
0.977827
0.977602
0.977362
0.977113
0.976849
0.976572
0.976278
0.975969
0.975641
0.975296
0.97493
0.974541
0.974126
0.973685
0.973213
0.972709
0.972167
0.971586
0.970962
0.970285
0.969554
0.968765
0.967908
0.966975
0.965961
0.964857
0.963651
0.962337
0.960896
0.959319
0.957592
0.955696
0.953614
0.951322
0.948797
0.946012
0.942931
0.93952
0.935729
0.931506
0.92677
0.921449
0.915413
0.90851
0.900488
0.890991
0.879374
0.864438
0.843491
0.808539
0.725313
0.468699
0.96487
0.980071
0.980673
0.979787
0.978738
0.978652
0.97983
0.982915
0.988108
0.99509
0.999998
1
1
0.999999
0.987228
0.963255
0.937755
0.914821
0.895246
0.879162
0.865862
0.861114
0.862305
0.865723
0.872044
0.879907
0.887593
0.894666
0.901369
0.907653
0.913496
0.918838
0.923792
0.928395
0.932735
0.936842
0.940423
0.943982
0.947075
0.949842
0.952393
0.954737
0.956891
0.95887
0.960684
0.962346
0.963866
0.965253
0.966518
0.967671
0.968727
0.96968
0.970546
0.971329
0.972035
0.97267
0.97324
0.973748
0.974203
0.974603
0.974956
0.975265
0.975529
0.975758
0.975948
0.976106
0.976233
0.97633
0.976399
0.976444
0.976466
0.976464
0.976443
0.976402
0.976345
0.976269
0.976176
0.976068
0.975947
0.97581
0.975662
0.975501
0.975327
0.975143
0.974945
0.974737
0.974518
0.974285
0.974041
0.973786
0.973518
0.973235
0.972942
0.97263
0.972305
0.971963
0.971602
0.971223
0.970822
0.970397
0.969947
0.969471
0.968961
0.968419
0.967843
0.967224
0.966558
0.965845
0.965076
0.964249
0.963354
0.962383
0.961335
0.960195
0.958957
0.957608
0.95614
0.954538
0.952787
0.950872
0.948775
0.946477
0.943949
0.94117
0.938104
0.934718
0.930964
0.926791
0.922133
0.916901
0.910989
0.904234
0.896409
0.887135
0.875779
0.861132
0.840493
0.80578
0.722396
0.465334
0.964218
0.979352
0.980266
0.979313
0.977508
0.976431
0.977827
0.980831
0.986305
0.994381
0.999998
0.999998
1
0.999998
0.98463
0.956263
0.928531
0.905847
0.888656
0.879462
0.87542
0.87519
0.877234
0.880301
0.885067
0.890642
0.896306
0.901806
0.907119
0.912176
0.916943
0.921397
0.925591
0.929546
0.933294
0.936822
0.940003
0.943124
0.945874
0.948692
0.950947
0.95303
0.95496
0.956737
0.95837
0.959872
0.961248
0.962515
0.963673
0.964729
0.965694
0.966569
0.967366
0.968088
0.968737
0.969322
0.969845
0.970311
0.970723
0.971086
0.971403
0.971679
0.971912
0.972109
0.97227
0.972397
0.972496
0.972564
0.972605
0.972621
0.972615
0.972587
0.972535
0.972467
0.972378
0.972273
0.972151
0.972012
0.971862
0.971695
0.971515
0.971321
0.971116
0.970898
0.970668
0.970426
0.970173
0.969906
0.96963
0.96934
0.969035
0.968719
0.968388
0.968043
0.967681
0.967303
0.966906
0.966491
0.966052
0.96559
0.965105
0.964589
0.964045
0.963465
0.962852
0.962195
0.961494
0.960746
0.959943
0.959078
0.958149
0.957149
0.956069
0.954902
0.953635
0.952263
0.950775
0.949154
0.94739
0.945469
0.943367
0.941071
0.938554
0.935793
0.932759
0.929415
0.925718
0.921625
0.917068
0.911966
0.906212
0.89965
0.892049
0.883039
0.871982
0.857661
0.83735
0.802862
0.719186
0.461423
0.963534
0.977865
0.979616
0.979007
0.977382
0.975134
0.975883
0.978498
0.983995
0.993434
1
0.999999
1
0.999997
0.98157
0.948191
0.919457
0.899694
0.891766
0.888242
0.887683
0.889065
0.890668
0.893504
0.897151
0.901196
0.905349
0.909473
0.913508
0.917401
0.921129
0.924687
0.928083
0.931322
0.934406
0.937316
0.94002
0.942635
0.94502
0.947433
0.949603
0.951477
0.953131
0.95466
0.956068
0.957367
0.958565
0.959666
0.960671
0.961598
0.962439
0.963206
0.9639
0.96453
0.965093
0.965603
0.966052
0.966455
0.966805
0.96711
0.967372
0.967594
0.967777
0.967927
0.968041
0.968126
0.968181
0.968209
0.968207
0.968185
0.968137
0.968071
0.96798
0.967873
0.967746
0.967603
0.967442
0.967265
0.967076
0.96687
0.966652
0.96642
0.966175
0.965918
0.965647
0.965366
0.965073
0.964768
0.96445
0.96412
0.963777
0.963421
0.963049
0.962664
0.962263
0.961845
0.961407
0.960952
0.960472
0.959972
0.959447
0.958893
0.958309
0.957694
0.957042
0.956348
0.955614
0.95483
0.953993
0.953096
0.95214
0.951109
0.950004
0.948813
0.947527
0.946137
0.944635
0.943007
0.941236
0.939316
0.937226
0.934946
0.932455
0.929734
0.926756
0.923482
0.919879
0.915901
0.911483
0.906554
0.901011
0.894689
0.887369
0.878675
0.867966
0.85401
0.834044
0.799758
0.715597
0.456756
0.962772
0.975544
0.978351
0.978478
0.977485
0.976051
0.974882
0.97616
0.981012
0.992184
1
1
1
1
0.97785
0.938761
0.911803
0.90262
0.89958
0.899102
0.900098
0.901041
0.902863
0.905268
0.90802
0.910947
0.913933
0.916914
0.919854
0.922727
0.925519
0.928222
0.930829
0.933337
0.935743
0.938035
0.940211
0.942301
0.944271
0.946227
0.948016
0.949808
0.95122
0.952469
0.953615
0.954673
0.955651
0.956548
0.957374
0.958124
0.958812
0.959436
0.959997
0.960505
0.960957
0.961357
0.961711
0.962018
0.962282
0.962506
0.962692
0.962841
0.962953
0.963036
0.963088
0.963111
0.963105
0.963073
0.963017
0.96294
0.96284
0.96272
0.962578
0.962421
0.962242
0.96205
0.961839
0.961616
0.961376
0.961123
0.960857
0.960576
0.960285
0.959979
0.959661
0.959333
0.958991
0.958638
0.958272
0.957894
0.957505
0.957101
0.956684
0.956253
0.955805
0.95534
0.954859
0.954358
0.953836
0.95329
0.952722
0.952126
0.951501
0.950846
0.950152
0.949423
0.948651
0.947833
0.94696
0.946037
0.94505
0.943994
0.942864
0.941655
0.940353
0.938953
0.937446
0.935818
0.934057
0.932154
0.93009
0.92785
0.925419
0.922766
0.919879
0.916723
0.913262
0.909454
0.905244
0.900558
0.895292
0.889288
0.88232
0.874011
0.863707
0.850158
0.830554
0.796416
0.711467
0.450997
0.961839
0.972325
0.975969
0.977056
0.976951
0.976326
0.975787
0.97468
0.977107
0.990473
1
1
0.999999
1
0.97312
0.927623
0.911788
0.909319
0.909185
0.909923
0.910623
0.911918
0.913571
0.915432
0.917409
0.919441
0.921491
0.923536
0.925566
0.927565
0.929526
0.931444
0.933311
0.935122
0.936878
0.938567
0.940192
0.941761
0.94327
0.944742
0.946124
0.94752
0.948912
0.949842
0.950692
0.951475
0.952197
0.952858
0.95346
0.954005
0.954501
0.954946
0.955345
0.955694
0.956002
0.956268
0.956492
0.956677
0.956827
0.956942
0.957024
0.957074
0.957096
0.957087
0.957053
0.956993
0.956908
0.956799
0.956668
0.956516
0.956347
0.956156
0.955946
0.955722
0.955479
0.955221
0.954949
0.954661
0.95436
0.954044
0.953715
0.953377
0.953024
0.952658
0.95228
0.951892
0.951491
0.951077
0.950655
0.950219
0.949772
0.949311
0.948837
0.948348
0.947844
0.947325
0.94679
0.946235
0.945661
0.945064
0.944442
0.943797
0.943123
0.94242
0.941682
0.940909
0.940093
0.939235
0.938329
0.93737
0.936354
0.935274
0.934124
0.932898
0.93159
0.930193
0.928694
0.927086
0.925362
0.923506
0.92151
0.91936
0.917033
0.914521
0.911797
0.908839
0.905607
0.902069
0.898166
0.893828
0.888939
0.883357
0.87684
0.869002
0.859175
0.846084
0.826843
0.792735
0.706453
0.443526
0.960521
0.968025
0.971849
0.973746
0.974555
0.974734
0.974557
0.974196
0.972214
0.988006
0.999999
1
1
1
0.96661
0.91827
0.917184
0.917528
0.918075
0.91874
0.919737
0.920896
0.922127
0.923389
0.924663
0.925943
0.927222
0.928496
0.929761
0.931016
0.932255
0.933471
0.934668
0.935837
0.936979
0.938084
0.939162
0.940208
0.941219
0.942201
0.943147
0.944113
0.945298
0.945959
0.946495
0.946974
0.947405
0.947792
0.948138
0.948441
0.94871
0.948938
0.949127
0.949284
0.94941
0.949498
0.949557
0.949589
0.949587
0.949558
0.949504
0.949426
0.949321
0.949192
0.949039
0.948867
0.948673
0.948461
0.948228
0.947977
0.947709
0.947423
0.947121
0.946806
0.946473
0.946128
0.945769
0.945396
0.945009
0.944612
0.944201
0.943777
0.943344
0.942897
0.942439
0.94197
0.941488
0.940998
0.940494
0.939981
0.939455
0.938916
0.938364
0.9378
0.93722
0.936627
0.936016
0.935387
0.934739
0.934073
0.933384
0.932672
0.931933
0.931169
0.930372
0.929546
0.928682
0.927781
0.926837
0.925851
0.924815
0.923724
0.922577
0.921367
0.92009
0.918741
0.917313
0.915797
0.914187
0.912474
0.910652
0.908703
0.906616
0.904382
0.901969
0.899364
0.896524
0.89342
0.889985
0.88615
0.881801
0.876786
0.87085
0.863596
0.854336
0.841746
0.822837
0.788493
0.699639
0.431948
0.957741
0.962126
0.965006
0.966924
0.968194
0.968996
0.969404
0.969228
0.968976
0.983196
1
1
0.999998
1
0.955469
0.921386
0.921803
0.9222
0.922772
0.92343
0.924107
0.924773
0.925427
0.926075
0.926713
0.927351
0.927985
0.928613
0.929238
0.929854
0.930464
0.931062
0.931646
0.932222
0.932779
0.933319
0.933847
0.934355
0.934846
0.935325
0.935799
0.936304
0.937021
0.937351
0.937532
0.93766
0.937758
0.937816
0.937848
0.937855
0.937833
0.937782
0.93771
0.937611
0.937488
0.93734
0.937173
0.936983
0.936769
0.936536
0.936284
0.936009
0.935719
0.935406
0.93508
0.934733
0.93437
0.933993
0.933598
0.933188
0.932765
0.932327
0.931875
0.931407
0.930928
0.930436
0.929933
0.929415
0.928887
0.928345
0.927793
0.927231
0.926655
0.926067
0.925468
0.924858
0.924242
0.92362
0.922991
0.922358
0.921718
0.921071
0.920418
0.919757
0.919086
0.918409
0.917724
0.917028
0.916323
0.915608
0.914883
0.914146
0.913395
0.912632
0.911856
0.911062
0.910252
0.909426
0.908578
0.90771
0.906817
0.905899
0.904953
0.903975
0.902962
0.901909
0.900813
0.899667
0.898463
0.897194
0.895852
0.894424
0.892898
0.891257
0.889479
0.887537
0.885397
0.883012
0.880319
0.877246
0.873671
0.86943
0.864256
0.857737
0.849151
0.837109
0.818441
0.783323
0.688874
0.402082
)
;

boundaryField
{
    walls
    {
        type            zeroGradient;
    }
    top
    {
        type            zeroGradient;
    }
    bottom
    {
        type            zeroGradient;
    }
    frontAndBack
    {
        type            empty;
    }
    inlet
    {
        type            uniformFixedValue;
        uniformValue    
        {
            type            constant;
            value           1;
        }
        value           uniform 1;
    }
    outlet
    {
        type            zeroGradient;
    }
}


// ************************************************************************* //
