/*--------------------------------*- C++ -*----------------------------------*\
  =========                 |
  \\      /  F ield         | OpenFOAM: The Open Source CFD Toolbox
   \\    /   O peration     | Website:  https://openfoam.org
    \\  /    A nd           | Version:  12
     \\/     M anipulation  |
\*---------------------------------------------------------------------------*/
FoamFile
{
    format      ascii;
    class       volScalarField;
    location    "160";
    object      T;
}
// * * * * * * * * * * * * * * * * * * * * * * * * * * * * * * * * * * * * * //

dimensions      [];

internalField   nonuniform List<scalar> 
4480
(
2.29834e-12
5.80139e-10
2.26183e-06
0.000336456
0.00520546
0.0231046
0.0564614
0.101098
0.151238
0.202198
0.25094
0.29578
0.335958
0.371272
0.401837
0.427926
0.449885
0.468077
0.48285
0.494526
0.503403
0.509738
0.51376
0.515667
0.515631
0.513804
0.510318
0.505918
0.501457
0.496909
0.49225
0.487454
0.482493
0.477344
0.471976
0.466363
0.460472
0.454273
0.447727
0.4408
0.433449
0.425628
0.417286
0.40837
0.398817
0.388556
0.37751
0.365596
0.352715
0.338764
0.323643
0.307249
0.289491
0.270321
0.249739
0.227834
0.20481
0.181
0.156875
0.133023
0.110098
0.0887501
0.0695432
0.0528843
0.038977
0.027815
0.0192064
0.0128283
0.0082871
0.00517884
0.00313193
0.00183393
0.0010405
0.000572444
0.000305658
0.000158547
7.99706e-05
3.92637e-05
1.87842e-05
8.76584e-06
3.99446e-06
1.77934e-06
7.75657e-07
3.74891e-07
2.12065e-07
1.37042e-07
9.5963e-08
7.00273e-08
5.23334e-08
3.98672e-08
3.09652e-08
2.45551e-08
1.99073e-08
1.65221e-08
1.40585e-08
1.22843e-08
1.10433e-08
1.0233e-08
9.79261e-09
9.69594e-09
9.95081e-09
1.06034e-08
1.17498e-08
1.35595e-08
1.63161e-08
2.04921e-08
2.6883e-08
3.68539e-08
5.28016e-08
7.90397e-08
1.23529e-07
2.01332e-07
3.41632e-07
6.02248e-07
1.10003e-06
2.07535e-06
4.02984e-06
8.02343e-06
1.63233e-05
3.39005e-05
7.23164e-05
0.00016085
0.000377714
0.00096281
0.00296867
0.00952239
0.0194093
0.0312875
0.018302
0.00219804
0.0002929
2.29557e-05
1.52427e-06
9.91464e-08
5.58162e-09
2.38349e-10
7.30348e-12
1.27395e-13
9.8462e-16
1.9134e-18
2.04589e-12
7.67791e-08
7.38157e-05
0.00436045
0.034204
0.099529
0.185838
0.276149
0.360229
0.43393
0.496581
0.549053
0.592702
0.628892
0.658821
0.683504
0.703766
0.720277
0.733585
0.744136
0.752293
0.758345
0.762536
0.765057
0.76607
0.765699
0.764049
0.761055
0.756895
0.751669
0.745478
0.738416
0.730577
0.722044
0.712893
0.703195
0.693009
0.682386
0.671365
0.659978
0.648248
0.636188
0.623796
0.611071
0.597995
0.58454
0.570673
0.556344
0.541497
0.526062
0.509959
0.493099
0.475379
0.456695
0.436945
0.416036
0.393899
0.370498
0.34585
0.320037
0.293213
0.26562
0.237579
0.209495
0.181835
0.155107
0.129824
0.106465
0.0854288
0.0669927
0.0512913
0.0383106
0.0279004
0.0198047
0.0137001
0.00923618
0.00606948
0.00388897
0.00243068
0.00148268
0.000883161
0.000514031
0.000292535
0.000165395
9.41277e-05
5.44742e-05
3.2372e-05
1.99033e-05
1.27121e-05
8.43869e-06
5.81118e-06
4.13973e-06
3.04325e-06
2.30514e-06
1.79804e-06
1.4445e-06
1.19602e-06
1.02157e-06
9.01138e-07
8.21953e-07
7.76221e-07
7.59904e-07
7.7216e-07
8.15313e-07
8.95477e-07
1.02388e-06
1.21947e-06
1.51342e-06
1.95713e-06
2.63629e-06
3.69625e-06
5.38778e-06
8.15173e-06
1.27759e-05
2.0691e-05
3.45316e-05
5.92127e-05
0.000104022
0.000186766
0.000342297
0.000640823
0.00122744
0.00240133
0.00476202
0.00940032
0.0174784
0.0281117
0.0361961
0.0216147
0.00356235
0.000528305
6.6786e-05
7.12677e-06
6.30302e-07
4.56742e-08
2.45059e-09
9.3421e-11
2.06898e-12
2.12791e-14
6.59667e-17
9.04074e-10
2.87647e-06
0.000902436
0.0235967
0.106661
0.227644
0.350155
0.456067
0.541619
0.609177
0.662534
0.705099
0.73944
0.767399
0.790282
0.809045
0.824405
0.836918
0.847028
0.855091
0.861398
0.866182
0.869637
0.871917
0.873146
0.873422
0.872824
0.87126
0.86872
0.865258
0.86092
0.855746
0.84978
0.843056
0.835621
0.82751
0.818768
0.809435
0.799551
0.789152
0.778274
0.766947
0.755198
0.743048
0.730509
0.717594
0.704299
0.690618
0.676534
0.662021
0.647044
0.631553
0.615489
0.59878
0.58135
0.563101
0.543944
0.523777
0.502508
0.480057
0.456365
0.431406
0.405195
0.377806
0.349375
0.320111
0.290302
0.260303
0.230527
0.201431
0.173475
0.147108
0.122721
0.10063
0.0810477
0.0640747
0.0496984
0.0378038
0.0281936
0.020612
0.0147713
0.0103771
0.00714748
0.00484804
0.00325323
0.00216668
0.00143752
0.000954021
0.000636124
0.000428067
0.000291959
0.000202601
0.000143504
0.000104011
7.72903e-05
5.8969e-05
4.62476e-05
3.73241e-05
3.10307e-05
2.6606e-05
2.35533e-05
2.15533e-05
2.04108e-05
2.00237e-05
2.03695e-05
2.15029e-05
2.35687e-05
2.68311e-05
3.17252e-05
3.89487e-05
4.96133e-05
6.55006e-05
8.94909e-05
0.000126289
0.000183658
0.000274512
0.00042051
0.000658167
0.00104932
0.00169887
0.00278367
0.00459421
0.00757508
0.0123118
0.0193326
0.0284539
0.0375014
0.0409471
0.0256144
0.0054338
0.000965722
0.000149652
1.96865e-05
2.1205e-06
1.85956e-07
1.2046e-08
5.57474e-10
1.53016e-11
2.03244e-13
8.7352e-16
5.53934e-08
4.7853e-05
0.00588409
0.0758985
0.223993
0.379423
0.50608
0.600298
0.669263
0.720874
0.760932
0.793067
0.819402
0.841188
0.859237
0.874142
0.886382
0.896349
0.904389
0.910791
0.915803
0.919628
0.922437
0.924368
0.925527
0.925999
0.925849
0.925037
0.923532
0.921362
0.918545
0.915092
0.911014
0.906316
0.901003
0.895088
0.888582
0.881493
0.873843
0.865648
0.856931
0.847711
0.83801
0.827854
0.817259
0.806246
0.794828
0.783019
0.770821
0.758237
0.745259
0.731871
0.718052
0.703766
0.688972
0.673615
0.657629
0.640936
0.623456
0.605094
0.585759
0.565351
0.543791
0.521005
0.496942
0.471591
0.44498
0.417185
0.388347
0.358661
0.328391
0.297853
0.26741
0.237458
0.208403
0.180642
0.154542
0.130413
0.108493
0.088937
0.0718108
0.0570937
0.0446864
0.0344729
0.0262694
0.0197984
0.0147799
0.0109485
0.00806473
0.00592105
0.00434431
0.0031944
0.00236103
0.00175949
0.0013261
0.00101378
0.000788324
0.000625135
0.000506719
0.000420727
0.000358507
0.000314049
0.000283247
0.000263385
0.000252804
0.000250704
0.000257065
0.000272667
0.000299225
0.000339675
0.000398652
0.000483259
0.000604279
0.000778038
0.00102926
0.00139539
0.00193305
0.00272728
0.00390434
0.00564734
0.00821054
0.0119175
0.0171093
0.0239858
0.0322764
0.0407122
0.0464097
0.0447992
0.0292337
0.0078324
0.0016258
0.000290937
4.40033e-05
5.4384e-06
5.48956e-07
4.11508e-08
2.22877e-09
7.30755e-11
1.19748e-12
6.6446e-15
1.36401e-06
0.000445324
0.0243436
0.171995
0.367012
0.522126
0.628011
0.699068
0.749135
0.787199
0.81814
0.844205
0.866328
0.884968
0.900477
0.91321
0.923536
0.93181
0.938356
0.943468
0.947397
0.95035
0.952502
0.953984
0.954906
0.955343
0.955352
0.954921
0.95399
0.952577
0.950692
0.94834
0.945522
0.942233
0.938469
0.934224
0.929492
0.924273
0.918563
0.912369
0.90569
0.898541
0.890925
0.882862
0.874362
0.865441
0.856116
0.846401
0.836307
0.825847
0.815028
0.803852
0.792317
0.780415
0.768131
0.755442
0.742311
0.728696
0.714547
0.699797
0.684374
0.668197
0.651178
0.633223
0.614235
0.594135
0.572839
0.550288
0.526452
0.501324
0.474943
0.447389
0.418797
0.389346
0.359272
0.328852
0.29841
0.268287
0.238845
0.210443
0.183414
0.158057
0.134619
0.11332
0.0943754
0.0777933
0.0635065
0.0513841
0.0412482
0.03289
0.0260866
0.0206143
0.0162599
0.0128278
0.0101446
0.00806117
0.00645253
0.00521604
0.0042692
0.00354687
0.00299842
0.00258514
0.00227793
0.00205534
0.00190213
0.0018081
0.00176733
0.00177779
0.00184129
0.00196383
0.00215627
0.00243577
0.00282766
0.00336832
0.00410898
0.00512075
0.00650065
0.00837778
0.0109175
0.0143184
0.0187915
0.0245032
0.0314584
0.0393026
0.0470615
0.0528942
0.0540632
0.0475917
0.0317717
0.0106552
0.00252303
0.000508359
8.60347e-05
1.18653e-05
1.34052e-06
1.1305e-07
6.96262e-09
2.64251e-10
5.14632e-12
3.51455e-14
1.85554e-05
0.00267387
0.0712876
0.304092
0.506748
0.633859
0.710446
0.760253
0.796911
0.827219
0.853924
0.877527
0.89787
0.914897
0.92878
0.939867
0.948565
0.955273
0.960367
0.964163
0.96694
0.968923
0.970296
0.971199
0.971736
0.971983
0.971987
0.971756
0.971174
0.970256
0.969004
0.967415
0.965485
0.963204
0.960562
0.957546
0.954147
0.950352
0.946154
0.941547
0.936527
0.93109
0.92524
0.918983
0.912324
0.905273
0.897841
0.89004
0.881887
0.873389
0.864563
0.855417
0.845961
0.836198
0.826129
0.81575
0.805051
0.794011
0.782604
0.770799
0.758552
0.745805
0.732498
0.718558
0.703905
0.688453
0.67211
0.654786
0.636395
0.616852
0.596091
0.574062
0.550742
0.526133
0.500273
0.473245
0.445167
0.416211
0.386586
0.35654
0.326363
0.296364
0.266866
0.238191
0.210797
0.18498
0.160979
0.138967
0.119052
0.101271
0.0856003
0.0719598
0.060227
0.0502481
0.04185
0.0348509
0.02907
0.0243346
0.0204852
0.0173789
0.0148913
0.0129159
0.0113642
0.0101643
0.009259
0.00860504
0.00817109
0.00793713
0.00789359
0.00804135
0.0083922
0.00896965
0.00981078
0.0109681
0.012512
0.0145324
0.0171391
0.0204574
0.0246162
0.0297202
0.0357998
0.0427264
0.0500929
0.0570748
0.0623265
0.0640126
0.0601381
0.049414
0.0328231
0.0137085
0.0036473
0.000815963
0.000152385
2.31047e-05
2.87474e-06
2.67965e-07
1.84034e-08
7.90492e-10
1.7816e-11
1.45144e-13
0.00016551
0.0114141
0.159227
0.44763
0.619198
0.708959
0.760927
0.796893
0.826494
0.853718
0.879307
0.902268
0.921715
0.937447
0.949755
0.959135
0.966101
0.971131
0.974639
0.976985
0.978469
0.97934
0.979794
0.979984
0.980015
0.979959
0.979853
0.979713
0.979372
0.978833
0.978089
0.977124
0.975924
0.974472
0.972751
0.97074
0.968425
0.96579
0.96282
0.959506
0.955838
0.951809
0.94742
0.942666
0.937553
0.932083
0.926265
0.920109
0.913628
0.906831
0.899732
0.892348
0.884687
0.87676
0.868579
0.86015
0.851471
0.842545
0.833362
0.823908
0.814161
0.804094
0.79367
0.78284
0.771556
0.75975
0.747348
0.734278
0.72045
0.70578
0.690175
0.673549
0.655815
0.636904
0.616752
0.595316
0.572576
0.548542
0.523257
0.496799
0.469281
0.440866
0.411748
0.382112
0.352354
0.322793
0.293756
0.265563
0.23851
0.212859
0.188824
0.166572
0.146209
0.127786
0.111304
0.096715
0.0839363
0.0728535
0.0633335
0.0552325
0.048403
0.0427019
0.0379937
0.0341557
0.03108
0.0286748
0.0268652
0.0255934
0.024819
0.0245183
0.0246845
0.0253276
0.0264742
0.0281666
0.0304605
0.0334207
0.0371126
0.0415852
0.0468451
0.0528147
0.0592741
0.0657883
0.0716343
0.0757605
0.0768346
0.0734559
0.0646098
0.0504052
0.032926
0.0160735
0.0049614
0.00122131
0.000249542
4.12293e-05
5.59418e-06
5.7008e-07
4.31111e-08
2.065e-09
5.29367e-11
5.04922e-13
0.00108555
0.0371025
0.285795
0.573425
0.695229
0.754284
0.790962
0.819828
0.846655
0.873458
0.899443
0.922316
0.940852
0.955071
0.965571
0.973054
0.978142
0.981356
0.983143
0.983889
0.983924
0.983524
0.982915
0.982257
0.981668
0.981214
0.980927
0.980804
0.980648
0.980439
0.980155
0.979767
0.979248
0.978567
0.977695
0.976604
0.975268
0.973669
0.971787
0.969604
0.967112
0.964299
0.961159
0.957691
0.953893
0.949772
0.945331
0.940577
0.93552
0.930175
0.924552
0.918665
0.912529
0.906159
0.899566
0.892762
0.885759
0.878562
0.871175
0.863598
0.855825
0.847841
0.839634
0.831177
0.822434
0.813373
0.803942
0.794087
0.783741
0.772837
0.761298
0.749042
0.735978
0.722024
0.707086
0.691082
0.673935
0.655574
0.635949
0.615021
0.592779
0.569245
0.544459
0.518477
0.491437
0.463554
0.435056
0.4062
0.377271
0.348566
0.320379
0.292999
0.266691
0.241684
0.218175
0.196311
0.176192
0.157873
0.141367
0.126645
0.113649
0.102298
0.0924913
0.0841212
0.0770769
0.0712504
0.0665424
0.0628637
0.0601402
0.0583122
0.0573366
0.0571843
0.0578402
0.0592977
0.0615525
0.0645919
0.0683786
0.0728277
0.0777746
0.0829367
0.0878678
0.0919239
0.0942504
0.0938335
0.0896448
0.0809213
0.0675766
0.0506726
0.0326875
0.0170439
0.00640851
0.0017239
0.000383087
6.85845e-05
1.00861e-05
1.11618e-06
9.22255e-08
4.88198e-09
1.40899e-10
1.55763e-12
0.00572186
0.0963776
0.427541
0.662183
0.740231
0.780909
0.80978
0.835545
0.861824
0.889506
0.916483
0.939186
0.956433
0.968795
0.977275
0.982743
0.985856
0.987137
0.987048
0.986005
0.984388
0.982521
0.980662
0.979003
0.977672
0.976736
0.976214
0.976077
0.976081
0.976195
0.976375
0.976576
0.976749
0.97685
0.976833
0.976657
0.976288
0.975693
0.974847
0.973734
0.972332
0.970635
0.968631
0.966316
0.96369
0.960757
0.957518
0.953985
0.950166
0.946072
0.941717
0.937114
0.932281
0.92723
0.921978
0.916541
0.910928
0.905158
0.899235
0.893169
0.886966
0.880621
0.87413
0.867486
0.860672
0.853665
0.846439
0.838958
0.831179
0.823057
0.814531
0.80554
0.796014
0.785875
0.775048
0.763446
0.750982
0.73757
0.723124
0.707566
0.690822
0.672839
0.653568
0.632988
0.611025
0.587774
0.563321
0.537789
0.511343
0.484179
0.456532
0.428652
0.400814
0.373292
0.346359
0.320275
0.295273
0.271557
0.249299
0.228624
0.209624
0.192348
0.176812
0.163001
0.150875
0.140376
0.131434
0.123972
0.11791
0.11317
0.109677
0.107356
0.106135
0.105936
0.106665
0.1082
0.110377
0.112958
0.115618
0.117907
0.119242
0.118908
0.116104
0.110047
0.100158
0.0863212
0.0691694
0.0502855
0.032099
0.0172316
0.00736925
0.002316
0.000557221
0.000107702
1.71005e-05
2.04715e-06
1.83997e-07
1.07109e-08
3.46185e-10
4.41588e-12
0.0237649
0.207405
0.547761
0.712684
0.765952
0.797574
0.822614
0.84718
0.873962
0.903168
0.931328
0.953474
0.968969
0.979213
0.985597
0.989023
0.990088
0.989279
0.987081
0.983976
0.980418
0.976808
0.973463
0.970616
0.968409
0.966908
0.966117
0.965944
0.966123
0.966595
0.967295
0.968151
0.96909
0.970043
0.970948
0.971748
0.972391
0.972838
0.973053
0.973011
0.972691
0.972077
0.971159
0.969933
0.968401
0.966563
0.964422
0.961989
0.959274
0.956291
0.953048
0.949566
0.94586
0.941944
0.937839
0.933562
0.929123
0.924543
0.919833
0.915003
0.910068
0.905031
0.899894
0.894659
0.889321
0.883869
0.878291
0.872567
0.86667
0.86057
0.854227
0.847604
0.840644
0.833296
0.825493
0.817168
0.808251
0.798658
0.788313
0.777126
0.765019
0.751906
0.737708
0.722358
0.705717
0.687776
0.668516
0.64795
0.626121
0.60311
0.579028
0.554026
0.528288
0.502029
0.47548
0.448896
0.422535
0.396657
0.371509
0.347318
0.324292
0.3026
0.282384
0.263748
0.24676
0.231457
0.217847
0.205908
0.1956
0.18686
0.179606
0.173742
0.16915
0.165685
0.16317
0.161383
0.160043
0.158795
0.157196
0.154713
0.15073
0.144591
0.135679
0.123543
0.108076
0.0897
0.0695177
0.0492934
0.0311657
0.0170179
0.00772915
0.00280227
0.000774747
0.000161269
2.75802e-05
3.56453e-06
3.47764e-07
2.22148e-08
8.02476e-10
1.18e-11
0.0622354
0.337016
0.637011
0.739987
0.781939
0.808917
0.831864
0.856101
0.883922
0.915016
0.944365
0.965448
0.978794
0.98683
0.991168
0.992563
0.991453
0.988289
0.983618
0.978045
0.97215
0.966442
0.961321
0.957068
0.953842
0.951708
0.950643
0.950446
0.950851
0.951767
0.953095
0.954729
0.956564
0.958503
0.960457
0.962349
0.96411
0.965688
0.96704
0.968125
0.968925
0.969419
0.969594
0.969446
0.968976
0.968186
0.967084
0.96568
0.963984
0.962012
0.959778
0.9573
0.954597
0.951682
0.948577
0.945299
0.941868
0.9383
0.934608
0.930811
0.926921
0.922946
0.918897
0.914779
0.910594
0.90634
0.902014
0.897603
0.893099
0.888478
0.883723
0.878801
0.87368
0.868322
0.862679
0.856707
0.850344
0.843532
0.836203
0.828283
0.8197
0.810378
0.800228
0.789177
0.777083
0.763876
0.749493
0.733882
0.71701
0.698863
0.679461
0.658848
0.637104
0.614343
0.590708
0.56638
0.541558
0.516466
0.491341
0.46643
0.441971
0.418195
0.395315
0.373524
0.352976
0.333803
0.316094
0.299905
0.285255
0.272126
0.260463
0.250171
0.241118
0.233125
0.225963
0.219346
0.212924
0.206278
0.198924
0.19033
0.179943
0.167263
0.151929
0.133847
0.113325
0.0911786
0.0687459
0.0477428
0.0299065
0.016481
0.00776544
0.00303284
0.000951048
0.000232192
4.27128e-05
5.95577e-06
6.30379e-07
4.4177e-08
1.78384e-09
3.02726e-11
0.125798
0.451524
0.690044
0.761149
0.793691
0.816898
0.8386
0.862947
0.892101
0.925304
0.9558
0.975273
0.986214
0.992135
0.994571
0.993899
0.990349
0.984389
0.976714
0.968126
0.959392
0.951165
0.943945
0.938061
0.933691
0.930881
0.929576
0.929406
0.930137
0.931638
0.933761
0.936357
0.93928
0.942394
0.94558
0.948736
0.951773
0.954622
0.957223
0.959537
0.961532
0.963191
0.964501
0.965453
0.966055
0.966306
0.966219
0.965806
0.965081
0.964061
0.962764
0.961208
0.959414
0.9574
0.955188
0.952796
0.950245
0.947552
0.944738
0.941816
0.938803
0.935713
0.932555
0.92934
0.926077
0.922765
0.919408
0.916003
0.912545
0.909025
0.90543
0.901743
0.897941
0.894
0.88989
0.885576
0.881019
0.876169
0.87098
0.865397
0.859359
0.852801
0.84565
0.837838
0.829242
0.819782
0.809371
0.797938
0.78541
0.771728
0.756849
0.740749
0.723426
0.704904
0.685242
0.664522
0.64286
0.620404
0.597326
0.57382
0.550097
0.526379
0.502887
0.479832
0.457417
0.435819
0.415186
0.395633
0.377235
0.360023
0.343978
0.329037
0.315075
0.301915
0.289317
0.27698
0.26454
0.251583
0.237654
0.222298
0.205105
0.185788
0.164271
0.140794
0.115991
0.0909195
0.0669766
0.0456861
0.0283528
0.0156848
0.00755787
0.00309302
0.00104649
0.000284546
6.03287e-05
9.63316e-06
1.10672e-06
8.51738e-08
3.85018e-09
7.55902e-11
0.213713
0.540713
0.723109
0.776238
0.80325
0.823012
0.843384
0.868054
0.898683
0.934146
0.965743
0.983096
0.991563
0.995623
0.996303
0.993398
0.986944
0.977541
0.966162
0.95389
0.941741
0.93054
0.920891
0.913176
0.907572
0.9041
0.902644
0.902598
0.903813
0.906099
0.909248
0.913051
0.91731
0.921844
0.926495
0.931127
0.935633
0.939919
0.943921
0.947589
0.950888
0.953795
0.956301
0.958401
0.9601
0.961406
0.962337
0.962902
0.963122
0.963018
0.962612
0.961925
0.960975
0.95979
0.95839
0.956797
0.955032
0.953114
0.951067
0.948901
0.946642
0.944299
0.941889
0.939422
0.936907
0.934355
0.931765
0.929145
0.926493
0.923806
0.921076
0.918297
0.915455
0.912531
0.909511
0.906366
0.903073
0.899598
0.895906
0.891957
0.887702
0.883091
0.878075
0.872588
0.866539
0.859846
0.852432
0.844216
0.835122
0.825068
0.813987
0.801816
0.788502
0.774012
0.758337
0.741482
0.723483
0.704408
0.684344
0.663412
0.641758
0.619545
0.59695
0.574165
0.551375
0.52876
0.506483
0.484685
0.463467
0.442896
0.422988
0.403708
0.384961
0.366594
0.348388
0.330073
0.311323
0.291785
0.2711
0.248952
0.225123
0.199571
0.172503
0.144441
0.116254
0.0891088
0.0643348
0.0431855
0.0265467
0.0146859
0.00716947
0.00302227
0.00107419
0.000313539
7.29338e-05
1.30365e-05
1.70523e-06
1.51557e-07
8.0237e-09
1.85622e-10
0.303592
0.63277
0.745193
0.787069
0.81005
0.828137
0.846807
0.871609
0.903753
0.941578
0.974288
0.989091
0.995204
0.997763
0.99676
0.991252
0.981197
0.967503
0.951572
0.934869
0.918697
0.90407
0.891701
0.882007
0.87515
0.871095
0.869655
0.869897
0.87182
0.875156
0.879619
0.884928
0.890819
0.897054
0.903432
0.909783
0.915966
0.92188
0.927446
0.932603
0.937318
0.941568
0.945345
0.948648
0.951487
0.953875
0.95583
0.957374
0.95853
0.959321
0.959774
0.959915
0.959767
0.959357
0.958709
0.957845
0.956795
0.955574
0.954207
0.952711
0.951105
0.949408
0.947634
0.945798
0.943908
0.941977
0.940011
0.938016
0.935996
0.933952
0.931882
0.929781
0.927644
0.925464
0.923227
0.920913
0.918514
0.915998
0.913348
0.910527
0.907511
0.904254
0.90072
0.89686
0.892608
0.887885
0.882628
0.876769
0.870226
0.862928
0.854791
0.845741
0.835704
0.824614
0.812413
0.799061
0.784533
0.768825
0.751957
0.73397
0.714932
0.694938
0.674095
0.652537
0.6304
0.607831
0.584966
0.561932
0.538835
0.515744
0.492695
0.469672
0.446614
0.423401
0.399862
0.375784
0.350925
0.325034
0.297897
0.269381
0.239493
0.20844
0.17669
0.144991
0.11435
0.0859447
0.0609492
0.0403133
0.0245384
0.013537
0.00665223
0.00285601
0.00104817
0.00032075
7.94671e-05
1.5364e-05
2.20506e-06
2.17876e-07
1.29875e-08
3.43161e-10
0.373524
0.670832
0.760712
0.794674
0.814531
0.831356
0.84989
0.873726
0.907341
0.947592
0.981508
0.99346
0.997516
0.998971
0.996209
0.987484
0.972892
0.95389
0.932462
0.910546
0.889758
0.871308
0.855996
0.844256
0.83621
0.831746
0.830566
0.831345
0.834282
0.839008
0.845139
0.852301
0.860153
0.868396
0.876776
0.885087
0.893167
0.900892
0.908174
0.91495
0.921187
0.926865
0.931979
0.936535
0.940549
0.94404
0.947036
0.949557
0.95164
0.95331
0.9546
0.955538
0.956153
0.956475
0.956531
0.956348
0.955951
0.955364
0.954611
0.953713
0.952687
0.951555
0.950332
0.949033
0.947671
0.946259
0.944805
0.943317
0.941804
0.940264
0.938704
0.937125
0.93552
0.933887
0.932219
0.930507
0.928738
0.9269
0.924974
0.92294
0.920776
0.918455
0.915942
0.913204
0.910197
0.906848
0.903108
0.898919
0.89421
0.888917
0.882959
0.876261
0.868741
0.860321
0.850918
0.840464
0.828891
0.816149
0.802202
0.787024
0.77062
0.753008
0.734224
0.714331
0.693402
0.67152
0.648775
0.625252
0.601028
0.576157
0.55067
0.524564
0.497796
0.470287
0.441924
0.412575
0.382103
0.350401
0.317427
0.283258
0.248136
0.212511
0.177072
0.142728
0.110546
0.0816321
0.056953
0.0371491
0.0223832
0.0122872
0.00604993
0.00262472
0.000983104
0.000310417
8.02773e-05
1.63896e-05
2.51201e-06
2.67918e-07
1.74213e-08
5.07857e-10
0.430998
0.69884
0.773064
0.799664
0.816941
0.832764
0.851464
0.875471
0.909455
0.952156
0.987474
0.996448
0.998859
0.999586
0.994795
0.981979
0.961697
0.936243
0.908342
0.880459
0.854531
0.831942
0.813561
0.799811
0.790754
0.786158
0.784994
0.786689
0.7911
0.797709
0.805997
0.815474
0.825704
0.836316
0.847007
0.857536
0.867721
0.877426
0.886561
0.895064
0.902906
0.910073
0.91657
0.92241
0.927618
0.932222
0.936256
0.939753
0.942747
0.945277
0.947378
0.949083
0.950426
0.951441
0.952158
0.952606
0.952814
0.952808
0.952612
0.95225
0.951741
0.951107
0.950366
0.949532
0.948622
0.94765
0.946623
0.945554
0.944451
0.943319
0.942162
0.940982
0.939783
0.938561
0.937314
0.936039
0.934727
0.933368
0.931953
0.930468
0.928892
0.92721
0.925399
0.923432
0.921275
0.918871
0.916182
0.913154
0.909736
0.905865
0.901474
0.89649
0.890831
0.884417
0.877159
0.868969
0.859758
0.849446
0.837952
0.82521
0.811163
0.795764
0.778993
0.760835
0.74129
0.72038
0.698128
0.674564
0.649717
0.623608
0.596247
0.567628
0.537723
0.506492
0.473889
0.439872
0.404431
0.367621
0.329596
0.290649
0.251255
0.212081
0.173989
0.137984
0.105122
0.0763774
0.052481
0.0337767
0.0201376
0.0109821
0.00539949
0.0023539
0.000892426
0.000287535
7.65276e-05
1.62201e-05
2.60311e-06
2.9315e-07
2.02939e-08
6.35277e-10
0.477934
0.718526
0.780098
0.802402
0.817415
0.832343
0.851345
0.876753
0.910353
0.955231
0.992254
0.998322
0.999555
0.999861
0.992546
0.974518
0.947227
0.914117
0.878795
0.844274
0.81279
0.785861
0.764396
0.748794
0.739017
0.734689
0.733828
0.736903
0.743275
0.752253
0.76316
0.775372
0.78835
0.801647
0.814907
0.827859
0.840308
0.852111
0.863183
0.873475
0.882959
0.891638
0.899526
0.90665
0.913043
0.918744
0.923796
0.92824
0.932119
0.935476
0.938351
0.940788
0.942821
0.944488
0.945822
0.946859
0.947622
0.948146
0.948455
0.948575
0.94853
0.948336
0.948017
0.94759
0.947069
0.946469
0.945803
0.945081
0.944315
0.94351
0.942675
0.94181
0.940925
0.940014
0.939085
0.93813
0.937148
0.936134
0.93508
0.933977
0.932812
0.931574
0.930243
0.928799
0.927221
0.925465
0.923494
0.92127
0.918747
0.915871
0.912585
0.908821
0.904508
0.899562
0.893896
0.887413
0.880014
0.871599
0.86206
0.851296
0.839207
0.825701
0.810692
0.794107
0.775881
0.755962
0.734311
0.710893
0.685682
0.658657
0.629796
0.599083
0.566504
0.53206
0.49577
0.4577
0.41798
0.376837
0.334627
0.29186
0.249218
0.207549
0.167835
0.13111
0.0983601
0.0703851
0.0476681
0.0302806
0.0178577
0.00966228
0.00473169
0.00206426
0.000787452
0.000256821
6.96341e-05
1.51342e-05
2.50682e-06
2.93232e-07
2.12171e-08
6.98616e-10
0.51589
0.732272
0.783889
0.803078
0.815974
0.830025
0.849365
0.876263
0.911174
0.956768
0.995891
0.999361
0.999865
0.999964
0.989416
0.964827
0.929093
0.887134
0.843544
0.80186
0.764548
0.733203
0.708758
0.691573
0.681501
0.677961
0.678267
0.683309
0.692224
0.7041
0.718081
0.733402
0.749415
0.765609
0.781586
0.797061
0.811826
0.825755
0.838764
0.850822
0.861919
0.872071
0.881306
0.889665
0.897193
0.903943
0.909962
0.915302
0.920016
0.924152
0.927755
0.930872
0.933545
0.935813
0.937716
0.939286
0.940561
0.941563
0.94233
0.94288
0.943244
0.943439
0.943489
0.943412
0.943226
0.942943
0.94258
0.942148
0.941658
0.94112
0.940541
0.939926
0.939284
0.938613
0.937921
0.937206
0.936466
0.935699
0.934901
0.934066
0.933189
0.932253
0.931252
0.930171
0.928986
0.927673
0.926193
0.924519
0.922611
0.920425
0.917909
0.915007
0.911647
0.907756
0.903244
0.898016
0.891967
0.88498
0.876936
0.867704
0.857156
0.845159
0.831575
0.816283
0.799155
0.780075
0.758938
0.735653
0.710133
0.682312
0.652143
0.619595
0.584671
0.547415
0.50793
0.466393
0.423084
0.37841
0.332919
0.287322
0.242478
0.199367
0.159027
0.122465
0.0905421
0.0638561
0.0426459
0.0267432
0.0155958
0.00836374
0.00407158
0.0017721
0.000677194
0.000222255
6.09342e-05
1.34573e-05
2.27618e-06
2.73183e-07
2.03747e-08
6.94673e-10
0.546237
0.741658
0.785304
0.801561
0.812604
0.825697
0.845378
0.87395
0.911563
0.957064
0.998407
0.999835
0.999972
0.999994
0.985306
0.952617
0.906952
0.855046
0.802518
0.753344
0.710102
0.674394
0.647166
0.628783
0.618986
0.61634
0.618622
0.626565
0.638937
0.654512
0.672192
0.69106
0.710386
0.72962
0.74836
0.766329
0.783344
0.799297
0.814133
0.827839
0.840429
0.851936
0.862407
0.871895
0.880458
0.888162
0.895061
0.901217
0.906685
0.911524
0.915787
0.919522
0.92277
0.925583
0.927995
0.930045
0.93177
0.933202
0.934368
0.935299
0.936018
0.936551
0.936919
0.937143
0.937238
0.937224
0.937111
0.936918
0.936655
0.936331
0.935956
0.935539
0.935087
0.934601
0.934088
0.93355
0.932987
0.932399
0.931784
0.93114
0.930462
0.929739
0.928964
0.928126
0.927211
0.926199
0.925053
0.923755
0.922269
0.920559
0.918578
0.916274
0.913586
0.910439
0.90675
0.902423
0.897348
0.891404
0.884456
0.876359
0.866955
0.856078
0.843557
0.829215
0.812875
0.794368
0.77353
0.750211
0.724278
0.695623
0.664179
0.629911
0.59285
0.553098
0.510846
0.466396
0.420185
0.372792
0.324949
0.277534
0.231539
0.188015
0.147999
0.112409
0.0819436
0.0569845
0.037541
0.0232425
0.0133994
0.00711656
0.00343889
0.00148977
0.000568432
0.000186916
5.15303e-05
1.14862e-05
1.96807e-06
2.40124e-07
1.8267e-08
6.37257e-10
0.570087
0.747563
0.784416
0.797568
0.807241
0.819221
0.839188
0.869568
0.910143
0.957335
0.999782
0.999985
1
1
0.980093
0.937613
0.880551
0.817775
0.7559
0.699172
0.650098
0.610179
0.580416
0.561315
0.552541
0.549698
0.555277
0.567577
0.584755
0.605113
0.62726
0.650137
0.672986
0.695284
0.716684
0.73697
0.75601
0.773752
0.790172
0.805296
0.819161
0.831823
0.843342
0.853788
0.863231
0.871745
0.879396
0.886249
0.892368
0.897813
0.90264
0.906904
0.910651
0.91393
0.916781
0.919244
0.921357
0.923153
0.924663
0.925917
0.926939
0.927757
0.928391
0.928865
0.929195
0.929398
0.929493
0.929495
0.929413
0.929259
0.929047
0.928782
0.928476
0.92813
0.927751
0.927346
0.926914
0.926457
0.925972
0.925464
0.924924
0.924347
0.923729
0.923063
0.92233
0.921521
0.920606
0.919563
0.918364
0.91698
0.915365
0.913475
0.911251
0.90862
0.905504
0.901804
0.89741
0.892192
0.886008
0.878693
0.870067
0.85994
0.848102
0.834337
0.818425
0.800149
0.779294
0.755664
0.729089
0.699439
0.666632
0.630656
0.591581
0.549584
0.504961
0.458152
0.409743
0.360476
0.311239
0.263036
0.216933
0.173993
0.135187
0.101299
0.0728337
0.0499571
0.0324722
0.0198493
0.0113099
0.00594521
0.00284847
0.0012261
0.000465961
0.00015301
4.22414e-05
9.4551e-06
1.63128e-06
2.00926e-07
1.54666e-08
5.47092e-10
0.58831
0.750706
0.78175
0.791933
0.799804
0.810421
0.830572
0.862908
0.90688
0.957585
0.999999
0.999999
0.999998
0.999999
0.97366
0.919577
0.849742
0.775459
0.704195
0.6402
0.585631
0.541701
0.509576
0.490286
0.483457
0.483554
0.493683
0.511395
0.534155
0.559762
0.586551
0.613379
0.639518
0.664535
0.688193
0.710364
0.73101
0.750128
0.767753
0.783942
0.798761
0.812287
0.824595
0.835767
0.845881
0.855018
0.863247
0.870641
0.87727
0.883195
0.888471
0.893158
0.897305
0.900959
0.904163
0.906961
0.909389
0.91148
0.91327
0.914784
0.916051
0.917096
0.917945
0.918619
0.919134
0.919514
0.91977
0.919923
0.919982
0.919961
0.919873
0.919724
0.919529
0.919289
0.919013
0.918704
0.918366
0.918006
0.917617
0.917205
0.916762
0.916292
0.915783
0.915232
0.914627
0.913957
0.913197
0.912329
0.911328
0.910166
0.908802
0.90719
0.905278
0.902995
0.900259
0.896972
0.893019
0.888265
0.882551
0.875698
0.867511
0.857762
0.846221
0.832636
0.816743
0.798287
0.777021
0.752712
0.725178
0.694277
0.659945
0.622211
0.58121
0.537213
0.490637
0.442058
0.392207
0.341968
0.29234
0.244397
0.199219
0.157815
0.121035
0.089488
0.0634728
0.0429495
0.0275485
0.0166265
0.00936147
0.00486827
0.00231072
0.000986995
0.000372903
0.000121983
3.36171e-05
7.52728e-06
1.30173e-06
1.61007e-07
1.24652e-08
4.44009e-10
0.60157
0.751584
0.777493
0.784497
0.79016
0.799118
0.819273
0.853697
0.901555
0.95678
1
1
0.999998
0.999997
0.965913
0.898302
0.814506
0.728492
0.648313
0.577837
0.51842
0.470652
0.436006
0.416992
0.409401
0.415593
0.434256
0.460636
0.490857
0.522351
0.553597
0.583766
0.612412
0.639336
0.66447
0.687812
0.709406
0.729321
0.747631
0.764424
0.779788
0.79381
0.80658
0.818185
0.828713
0.838239
0.84684
0.854594
0.861562
0.867811
0.873399
0.878383
0.882813
0.886737
0.890201
0.893239
0.895896
0.898205
0.900199
0.901905
0.903353
0.904569
0.905577
0.906398
0.907055
0.907563
0.907939
0.908203
0.908369
0.908447
0.908453
0.908392
0.908277
0.908116
0.907917
0.907683
0.907417
0.907126
0.90681
0.906468
0.9061
0.905702
0.905273
0.904803
0.904288
0.903717
0.903065
0.902317
0.90145
0.900434
0.899235
0.897805
0.89609
0.89402
0.891509
0.888454
0.884735
0.8802
0.87468
0.867982
0.85988
0.850132
0.838467
0.82461
0.808268
0.78916
0.767012
0.741591
0.712712
0.680259
0.644215
0.604672
0.561862
0.51617
0.468138
0.418475
0.368037
0.317808
0.268846
0.222232
0.178991
0.140018
0.105994
0.0773268
0.0541114
0.0361259
0.0228681
0.0136273
0.0075811
0.00389889
0.00183224
0.000775856
0.00029102
9.46586e-05
2.59802e-05
5.80254e-06
1.00237e-06
1.24002e-07
9.61136e-09
3.42956e-10
0.610307
0.75054
0.771664
0.774735
0.777162
0.78513
0.805011
0.841616
0.89389
0.954718
0.999997
0.999997
0.999998
0.999996
0.956763
0.8736
0.77495
0.677595
0.589728
0.51431
0.45123
0.399758
0.361533
0.342391
0.336976
0.355329
0.38754
0.424746
0.462239
0.498241
0.532217
0.564031
0.593673
0.621196
0.646686
0.670239
0.691961
0.711959
0.730334
0.747187
0.762617
0.776722
0.789584
0.801294
0.811935
0.821591
0.830331
0.838225
0.845341
0.851741
0.857483
0.86262
0.867202
0.871275
0.874884
0.878066
0.880861
0.883301
0.88542
0.887248
0.88881
0.890133
0.891245
0.892163
0.892908
0.893505
0.893964
0.894304
0.894544
0.894691
0.894763
0.894768
0.894715
0.894615
0.894474
0.894298
0.894089
0.893854
0.893594
0.893308
0.892998
0.892658
0.892289
0.891883
0.891434
0.890932
0.890355
0.889689
0.88891
0.887987
0.886884
0.885555
0.883937
0.88196
0.879529
0.876531
0.872829
0.868264
0.862645
0.855755
0.847349
0.837155
0.824884
0.810236
0.792899
0.772586
0.749027
0.722006
0.691375
0.657077
0.619172
0.577852
0.533464
0.486518
0.43768
0.387773
0.337738
0.288605
0.241426
0.197219
0.15689
0.121163
0.0905191
0.0651589
0.0449873
0.0296359
0.0185157
0.0108948
0.00598831
0.00304513
0.00141623
0.000594119
0.000221027
7.13878e-05
1.9479e-05
4.33011e-06
7.45258e-07
9.19321e-08
7.10916e-09
2.53119e-10
0.614742
0.747919
0.764619
0.763029
0.761069
0.768313
0.787501
0.826284
0.883515
0.951345
1
1
0.999998
1
0.946124
0.845265
0.731339
0.623934
0.530739
0.453181
0.388782
0.334312
0.289926
0.256288
0.274647
0.325912
0.375019
0.415397
0.453631
0.489854
0.524178
0.555242
0.584002
0.610611
0.635217
0.65795
0.678927
0.69826
0.716054
0.732404
0.747408
0.761148
0.773715
0.785179
0.795626
0.805125
0.813749
0.821558
0.828616
0.834982
0.840703
0.845837
0.850429
0.854522
0.858158
0.861374
0.864206
0.86669
0.868851
0.870725
0.872335
0.873706
0.874863
0.875828
0.876624
0.877265
0.877773
0.878163
0.878449
0.878646
0.878767
0.87882
0.878816
0.878765
0.878674
0.878545
0.878387
0.878203
0.877992
0.877757
0.877497
0.877208
0.87689
0.876535
0.876136
0.875684
0.87516
0.874544
0.873813
0.872931
0.871859
0.870545
0.868919
0.866896
0.864371
0.861215
0.857273
0.852363
0.846273
0.83876
0.829555
0.818369
0.804897
0.788828
0.769862
0.747721
0.722181
0.693072
0.660328
0.623985
0.584212
0.541329
0.49581
0.448284
0.399522
0.350416
0.30194
0.255098
0.210866
0.170129
0.133614
0.101841
0.0750752
0.0533205
0.0363232
0.0236132
0.0145627
0.00846186
0.00459545
0.00231042
0.00106318
0.000441662
0.000162851
5.21784e-05
1.41362e-05
3.12255e-06
5.344e-07
6.55826e-08
5.04655e-09
1.78759e-10
0.614808
0.744126
0.757249
0.75095
0.744212
0.748573
0.766523
0.807291
0.869908
0.946512
0.999998
1
1
0.999998
0.933875
0.813001
0.684135
0.569353
0.474976
0.4003
0.339822
0.287618
0.241635
0.274945
0.306499
0.34892
0.389988
0.42636
0.461047
0.494013
0.525134
0.553602
0.58009
0.604734
0.628076
0.650499
0.669977
0.687969
0.704584
0.719905
0.73401
0.746974
0.758862
0.769743
0.779685
0.788753
0.797003
0.804491
0.811282
0.817416
0.822945
0.827915
0.83237
0.83635
0.839891
0.843031
0.845802
0.848236
0.850363
0.852209
0.853799
0.855161
0.856319
0.857288
0.858094
0.858754
0.859282
0.8597
0.860017
0.860251
0.860408
0.860505
0.860546
0.860541
0.860498
0.860421
0.860312
0.860178
0.860019
0.859834
0.859622
0.859384
0.85911
0.858798
0.858437
0.858015
0.857514
0.856911
0.856174
0.855264
0.854128
0.852705
0.850907
0.848635
0.845759
0.84213
0.837564
0.831857
0.824769
0.816037
0.805375
0.792488
0.777073
0.758842
0.737528
0.712916
0.684853
0.653272
0.618218
0.57986
0.538501
0.494591
0.448723
0.401619
0.354107
0.30709
0.261494
0.218226
0.178112
0.141843
0.109932
0.0826726
0.0601281
0.0421334
0.028322
0.0181718
0.0110645
0.00635009
0.00340786
0.00169408
0.000771278
0.000317209
0.000115873
3.68048e-05
9.89077e-06
2.16832e-06
3.68443e-07
4.49041e-08
3.43141e-09
1.20654e-10
0.609991
0.739452
0.750621
0.739794
0.726336
0.725677
0.742072
0.784247
0.852344
0.93996
0.999997
1
1
0.999999
0.919821
0.776355
0.634138
0.516841
0.428286
0.365422
0.321285
0.309199
0.31727
0.332055
0.356893
0.388003
0.419579
0.449723
0.478991
0.507073
0.53369
0.558479
0.581787
0.603735
0.624653
0.64465
0.662273
0.679892
0.695292
0.709172
0.721985
0.7338
0.744674
0.754664
0.763818
0.772189
0.779827
0.786779
0.793091
0.798808
0.803978
0.80863
0.812809
0.816547
0.81988
0.82284
0.825457
0.827759
0.829778
0.831534
0.833055
0.834363
0.835477
0.836424
0.837214
0.837872
0.838411
0.838844
0.839188
0.839453
0.839652
0.839792
0.839883
0.839931
0.839944
0.839922
0.839871
0.839792
0.839687
0.839553
0.839392
0.839195
0.838957
0.83867
0.838318
0.837888
0.837355
0.836684
0.835836
0.834755
0.833373
0.831601
0.829336
0.826442
0.82277
0.818136
0.812331
0.805125
0.79626
0.785466
0.772465
0.756981
0.73875
0.717545
0.693188
0.66556
0.634635
0.600487
0.563302
0.523393
0.481199
0.437279
0.392307
0.347034
0.302277
0.258862
0.217595
0.179206
0.144313
0.113377
0.0866781
0.0643013
0.0461362
0.0318982
0.0211611
0.0134036
0.00805979
0.00457013
0.00242436
0.00119188
0.000536936
0.000218621
7.91001e-05
2.4896e-05
6.63191e-06
1.44154e-06
2.42902e-07
2.93566e-08
2.22411e-09
7.74909e-11
0.602383
0.7312
0.744837
0.733035
0.709269
0.695149
0.714791
0.756991
0.829798
0.931269
0.999997
0.999998
1
0.999998
0.903572
0.734606
0.582849
0.47147
0.400159
0.369749
0.359396
0.362482
0.373173
0.387088
0.40711
0.43041
0.454548
0.478499
0.502042
0.524844
0.54667
0.567376
0.587099
0.6059
0.623892
0.640968
0.656499
0.671832
0.685406
0.699366
0.710596
0.720976
0.73057
0.739408
0.747531
0.754982
0.761796
0.768019
0.773682
0.778821
0.783476
0.787674
0.791454
0.794843
0.79787
0.800566
0.802956
0.805067
0.806921
0.808545
0.809959
0.811186
0.812241
0.813146
0.813916
0.814567
0.815116
0.815571
0.815948
0.816255
0.816503
0.8167
0.816848
0.81696
0.817033
0.817074
0.817083
0.817059
0.817005
0.816911
0.816775
0.816588
0.816338
0.816009
0.81558
0.81502
0.814295
0.813351
0.812126
0.810539
0.80849
0.805867
0.802527
0.79831
0.79303
0.786482
0.778441
0.76867
0.756922
0.742955
0.726538
0.707461
0.685561
0.660719
0.632892
0.60211
0.568504
0.532301
0.493832
0.453534
0.411937
0.369654
0.327355
0.285745
0.245528
0.207378
0.1719
0.139598
0.110846
0.085871
0.0647422
0.0473727
0.0335339
0.0228807
0.0149849
0.00937387
0.00556916
0.0031215
0.00163758
0.000796545
0.000355186
0.0001432
5.1318e-05
1.6001e-05
4.22291e-06
9.09362e-07
1.5178e-07
1.81654e-08
1.36227e-09
4.6948e-11
0.594418
0.716353
0.736377
0.728534
0.706947
0.675822
0.687441
0.726098
0.800826
0.919777
1
0.999999
1
0.999997
0.884439
0.686643
0.533407
0.442223
0.414113
0.404652
0.406243
0.41466
0.423516
0.436745
0.452954
0.470768
0.489179
0.507657
0.525934
0.543787
0.561074
0.577734
0.593783
0.609218
0.624024
0.63809
0.651251
0.664037
0.675728
0.687626
0.698352
0.707595
0.715753
0.723266
0.730185
0.736548
0.742387
0.747731
0.752605
0.757047
0.761076
0.764725
0.768017
0.770982
0.773639
0.776019
0.778138
0.780024
0.781692
0.783166
0.784464
0.785602
0.786598
0.787468
0.788224
0.788881
0.789449
0.78994
0.790359
0.790719
0.791023
0.79128
0.791488
0.791654
0.791777
0.791858
0.791892
0.791874
0.791801
0.791656
0.79143
0.7911
0.790642
0.790025
0.789207
0.78814
0.786754
0.784968
0.782683
0.779788
0.776151
0.771623
0.766037
0.759216
0.750965
0.741083
0.729369
0.715629
0.69968
0.681366
0.660566
0.6372
0.611247
0.582754
0.551833
0.518679
0.483569
0.446853
0.408957
0.370367
0.331622
0.293281
0.255921
0.220096
0.186319
0.15504
0.126624
0.101329
0.0792996
0.0605627
0.0450283
0.0325026
0.0227059
0.015296
0.00989516
0.00611729
0.0035935
0.00199247
0.0010345
0.000498211
0.000220028
8.78769e-05
3.11993e-05
9.6365e-06
2.51862e-06
5.36874e-07
8.86522e-08
1.04903e-08
7.77192e-10
2.64201e-11
0.585538
0.694208
0.722093
0.72198
0.708205
0.688206
0.671805
0.694398
0.763333
0.90446
1
1
1
1
0.861174
0.630898
0.492934
0.454705
0.445439
0.446514
0.453128
0.459342
0.468723
0.480209
0.492988
0.506459
0.520218
0.534023
0.547721
0.561198
0.57438
0.587222
0.599694
0.611767
0.623399
0.634534
0.645155
0.655405
0.665083
0.67473
0.683571
0.692439
0.699411
0.705539
0.711168
0.716354
0.721129
0.725513
0.729533
0.733206
0.736559
0.739611
0.742378
0.744889
0.747157
0.749201
0.751043
0.752697
0.754179
0.755507
0.756693
0.757751
0.758692
0.75953
0.760273
0.760929
0.761505
0.762007
0.762441
0.76281
0.763113
0.763351
0.76352
0.763618
0.763633
0.76356
0.763381
0.763082
0.762637
0.762021
0.761198
0.760125
0.758756
0.757027
0.754869
0.752203
0.748914
0.74489
0.740007
0.73413
0.727121
0.718827
0.709101
0.697793
0.68476
0.669876
0.653033
0.634144
0.61316
0.59007
0.56491
0.537764
0.50877
0.478121
0.446064
0.4129
0.378972
0.344663
0.310382
0.276557
0.24361
0.211953
0.181967
0.153989
0.128295
0.105095
0.0845238
0.0666316
0.0513907
0.0386979
0.0283829
0.0202216
0.0139512
0.00928708
0.00594038
0.00363328
0.00211277
0.00116024
0.000596906
0.000284946
0.000124764
4.94035e-05
1.73863e-05
5.32052e-06
1.37668e-06
2.90217e-07
4.73367e-08
5.52642e-09
4.03503e-10
1.3473e-11
0.574698
0.663917
0.697658
0.706931
0.703319
0.693728
0.686093
0.673565
0.714129
0.883602
1
1
0.999999
1
0.831615
0.56547
0.490896
0.482453
0.483628
0.488473
0.493115
0.500016
0.508261
0.517289
0.52676
0.536459
0.546254
0.556057
0.565808
0.575455
0.58496
0.59429
0.603416
0.612307
0.620939
0.629288
0.637354
0.645166
0.652696
0.660082
0.66704
0.674103
0.681251
0.685947
0.69026
0.694247
0.697936
0.701341
0.70448
0.707368
0.710021
0.712453
0.71468
0.71671
0.718561
0.720242
0.721764
0.723139
0.724375
0.725483
0.726469
0.727337
0.728095
0.728742
0.729285
0.729719
0.730043
0.730254
0.730344
0.730306
0.730129
0.729795
0.729287
0.728587
0.727664
0.72649
0.72503
0.72324
0.721077
0.718483
0.715402
0.711768
0.707502
0.702526
0.696753
0.690092
0.682417
0.673628
0.663632
0.652337
0.639663
0.625535
0.609899
0.592714
0.573964
0.553657
0.531826
0.508537
0.483888
0.458007
0.431056
0.40323
0.374747
0.345854
0.316815
0.287906
0.259411
0.231611
0.204781
0.179172
0.155016
0.132509
0.111809
0.0930316
0.0762462
0.061474
0.0486895
0.0378231
0.0287656
0.0213743
0.0154809
0.0108997
0.00743705
0.00489995
0.00310434
0.00188194
0.0010854
0.000591514
0.000302128
0.00014323
6.2283e-05
2.44875e-05
8.5514e-06
2.59399e-06
6.64272e-07
1.38301e-07
2.22227e-08
2.5498e-09
1.8278e-10
5.98922e-12
0.559228
0.62325
0.657369
0.674089
0.680169
0.679884
0.676476
0.67146
0.652819
0.853567
0.999999
1
1
1
0.790923
0.507773
0.513812
0.517665
0.520861
0.524566
0.529669
0.53543
0.541486
0.54768
0.553942
0.560241
0.566557
0.572872
0.579167
0.585426
0.591629
0.597756
0.603792
0.609717
0.615519
0.621182
0.626711
0.632101
0.637351
0.642485
0.647469
0.652589
0.659021
0.662604
0.665535
0.668185
0.670606
0.672818
0.674832
0.676653
0.678291
0.679746
0.681021
0.682124
0.683056
0.683812
0.684397
0.68481
0.685042
0.685093
0.684956
0.684623
0.684083
0.683325
0.682333
0.681095
0.679591
0.6778
0.675697
0.673258
0.670455
0.667255
0.663624
0.659529
0.654926
0.649778
0.644039
0.637663
0.630604
0.622816
0.614249
0.604855
0.594593
0.583416
0.571288
0.558175
0.544059
0.528943
0.512831
0.495747
0.477724
0.458807
0.439061
0.418563
0.397401
0.375684
0.353527
0.331063
0.308433
0.285784
0.26327
0.241049
0.219274
0.198099
0.177667
0.158113
0.139558
0.122107
0.105845
0.0908387
0.0771333
0.064751
0.0536923
0.0439362
0.0354413
0.0281481
0.0219808
0.0168507
0.0126591
0.00930076
0.00666735
0.00465091
0.00314717
0.00205841
0.00129577
0.000781178
0.000448381
0.00024333
0.000123814
5.84829e-05
2.53334e-05
9.9155e-06
3.44275e-06
1.0362e-06
2.62475e-07
5.38175e-08
8.46613e-09
9.44159e-10
6.54238e-11
2.11033e-12
0.526489
0.564535
0.590008
0.606993
0.617985
0.624535
0.627379
0.624771
0.621447
0.79486
0.999999
1
0.999998
1
0.720829
0.507643
0.510842
0.513878
0.516859
0.519919
0.523106
0.526367
0.529675
0.533012
0.536359
0.539704
0.54303
0.546324
0.549574
0.552763
0.555883
0.558917
0.561854
0.564688
0.567403
0.569992
0.572451
0.574771
0.576949
0.578989
0.580908
0.582819
0.585334
0.585543
0.58539
0.584977
0.584323
0.583421
0.582277
0.580887
0.579242
0.577336
0.575167
0.572724
0.570001
0.566987
0.563679
0.560063
0.556129
0.55187
0.547276
0.542332
0.537033
0.531362
0.525313
0.518873
0.512031
0.504779
0.497105
0.489002
0.480463
0.471479
0.462048
0.452163
0.441827
0.43104
0.419805
0.408128
0.39602
0.383493
0.370566
0.357259
0.343597
0.329609
0.31533
0.300797
0.286143
0.271421
0.25668
0.241968
0.227337
0.212841
0.198534
0.184471
0.170707
0.157296
0.144289
0.131734
0.119679
0.108163
0.0972233
0.0868893
0.0771855
0.06813
0.0597338
0.0520014
0.0449303
0.0385117
0.0327306
0.0275662
0.0229924
0.018979
0.0154916
0.0124929
0.00994329
0.00780184
0.00602685
0.00457668
0.00341055
0.00248908
0.00177497
0.0012334
0.000832565
0.000543921
0.000342437
0.000206698
0.0001189
6.47111e-05
3.30353e-05
1.56549e-05
6.79942e-06
2.66481e-06
9.24261e-07
2.76821e-07
6.93623e-08
1.39405e-08
2.1196e-09
2.23442e-10
1.40811e-11
3.80176e-13
)
;

boundaryField
{
    walls
    {
        type            zeroGradient;
    }
    top
    {
        type            zeroGradient;
    }
    bottom
    {
        type            zeroGradient;
    }
    frontAndBack
    {
        type            empty;
    }
    inlet
    {
        type            uniformFixedValue;
        uniformValue    
        {
            type            constant;
            value           1;
        }
        value           uniform 1;
    }
    outlet
    {
        type            zeroGradient;
    }
}


// ************************************************************************* //
