/*--------------------------------*- C++ -*----------------------------------*\
  =========                 |
  \\      /  F ield         | OpenFOAM: The Open Source CFD Toolbox
   \\    /   O peration     | Website:  https://openfoam.org
    \\  /    A nd           | Version:  12
     \\/     M anipulation  |
\*---------------------------------------------------------------------------*/
FoamFile
{
    format      ascii;
    class       volScalarField;
    location    "365";
    object      T;
}
// * * * * * * * * * * * * * * * * * * * * * * * * * * * * * * * * * * * * * //

dimensions      [];

internalField   nonuniform List<scalar> 
4480
(
2.00199e-07
1.57876e-05
0.00455979
0.0487399
0.1411
0.249755
0.35343
0.44376
0.51917
0.580864
0.630892
0.671341
0.704038
0.730498
0.751926
0.769276
0.783296
0.794574
0.803568
0.810639
0.816077
0.820109
0.822918
0.824646
0.82541
0.825307
0.824413
0.823092
0.821753
0.820391
0.819
0.817571
0.816097
0.814571
0.812984
0.811331
0.809603
0.807791
0.805885
0.803879
0.801766
0.799529
0.797159
0.794651
0.79199
0.789161
0.786154
0.78296
0.779558
0.775934
0.772079
0.76798
0.76361
0.758961
0.754014
0.748749
0.743155
0.737216
0.730905
0.724213
0.717115
0.709597
0.701639
0.693226
0.684331
0.674949
0.665045
0.654616
0.643624
0.632063
0.619897
0.607106
0.593658
0.579521
0.564655
0.549017
0.532558
0.515225
0.496963
0.477724
0.457466
0.436166
0.413829
0.390609
0.366625
0.342029
0.317021
0.29185
0.266804
0.24219
0.218325
0.195514
0.174031
0.154107
0.135919
0.119579
0.10514
0.0925968
0.0818925
0.0729324
0.0655943
0.0597425
0.0552378
0.0519521
0.0497721
0.0486104
0.0484096
0.0491462
0.0508341
0.0535288
0.0573293
0.0623821
0.0688841
0.0770879
0.0872993
0.0998813
0.115242
0.133826
0.156101
0.182618
0.214319
0.253111
0.302176
0.368716
0.47963
0.65447
0.78882
0.900507
0.881116
0.720891
0.583626
0.41116
0.281373
0.194171
0.129061
0.0802022
0.0447335
0.0207047
0.00676833
0.000906384
9.03838e-08
0.000659927
0.0379209
0.176022
0.348299
0.49987
0.616969
0.70299
0.7652
0.810255
0.84321
0.867654
0.886066
0.900136
0.911016
0.919517
0.926198
0.931461
0.935595
0.938819
0.941293
0.943133
0.944437
0.945271
0.945693
0.945744
0.945458
0.944707
0.943412
0.941626
0.939399
0.936782
0.933824
0.930571
0.92706
0.923334
0.919425
0.915365
0.911174
0.90688
0.9025
0.898048
0.893532
0.888965
0.884351
0.87969
0.874986
0.870234
0.86543
0.86057
0.855646
0.850655
0.84558
0.840415
0.835151
0.829772
0.824275
0.818642
0.812863
0.806931
0.800825
0.794547
0.788074
0.781403
0.774522
0.767427
0.760098
0.75253
0.744718
0.736655
0.728326
0.719726
0.710845
0.701678
0.692207
0.682429
0.67233
0.661894
0.65112
0.639984
0.62847
0.616574
0.604267
0.591562
0.578463
0.564952
0.55102
0.536671
0.521903
0.506736
0.491198
0.475329
0.45919
0.442864
0.426451
0.410067
0.39386
0.377984
0.362615
0.347944
0.334167
0.32148
0.310087
0.300181
0.291958
0.285598
0.281282
0.279179
0.279466
0.282313
0.287898
0.296403
0.308019
0.322939
0.341354
0.363445
0.389371
0.419275
0.453287
0.4916
0.534592
0.582932
0.637423
0.698731
0.766554
0.835541
0.894528
0.935742
0.913227
0.810294
0.70294
0.589715
0.477735
0.372092
0.275195
0.189479
0.117443
0.0616325
0.024112
0.00491916
2.05202e-05
0.00745902
0.129613
0.351662
0.549087
0.688823
0.780269
0.83906
0.877288
0.902824
0.920483
0.933161
0.942575
0.949766
0.955373
0.959807
0.963342
0.966164
0.968413
0.970188
0.971569
0.972612
0.973369
0.973875
0.974159
0.974242
0.974144
0.973829
0.973253
0.972424
0.971346
0.970015
0.968437
0.966606
0.964532
0.962215
0.959667
0.956896
0.953916
0.950738
0.947379
0.943851
0.940173
0.936357
0.932415
0.928365
0.924213
0.919973
0.91565
0.911255
0.906794
0.902269
0.897682
0.893035
0.888333
0.883569
0.878748
0.873865
0.868916
0.863901
0.858815
0.853658
0.84842
0.843104
0.837704
0.832214
0.826635
0.820961
0.815186
0.809316
0.803333
0.797248
0.791051
0.784742
0.778312
0.771766
0.765101
0.758307
0.751388
0.744345
0.737166
0.72986
0.722415
0.71484
0.707134
0.699309
0.691365
0.683303
0.675124
0.666845
0.658471
0.650019
0.641511
0.632966
0.624423
0.615923
0.607516
0.599262
0.591241
0.583542
0.576265
0.569531
0.563482
0.558261
0.554042
0.551003
0.549328
0.549219
0.550874
0.554484
0.560233
0.568288
0.578791
0.591848
0.607526
0.625837
0.646751
0.670175
0.695978
0.723998
0.754039
0.785833
0.81891
0.852407
0.884906
0.914237
0.93752
0.951185
0.93452
0.867753
0.792647
0.708316
0.614802
0.513596
0.407623
0.301393
0.201126
0.114549
0.0497619
0.012041
0.00042143
0.0383178
0.277112
0.535771
0.711105
0.813943
0.872459
0.906486
0.927302
0.940937
0.950543
0.957754
0.963418
0.967981
0.971699
0.974737
0.977218
0.979228
0.980845
0.982128
0.98313
0.983893
0.984452
0.984839
0.985072
0.98517
0.985147
0.984992
0.984693
0.984253
0.983672
0.982944
0.982067
0.981032
0.979833
0.978466
0.976926
0.975205
0.973307
0.971227
0.968972
0.966543
0.963946
0.961191
0.958283
0.955237
0.952057
0.948758
0.945347
0.941837
0.938237
0.934554
0.930799
0.926977
0.923098
0.919167
0.915189
0.911165
0.907106
0.903007
0.898879
0.894715
0.890523
0.886305
0.882055
0.877777
0.873476
0.869143
0.864786
0.860397
0.855978
0.851533
0.847054
0.842546
0.838003
0.833427
0.828817
0.824178
0.819501
0.814787
0.810041
0.805265
0.800462
0.795611
0.790737
0.78584
0.780924
0.776003
0.77108
0.766165
0.76127
0.756415
0.751618
0.746897
0.742286
0.737806
0.733504
0.729412
0.725583
0.722071
0.71894
0.716255
0.714098
0.712551
0.711715
0.711677
0.712554
0.714445
0.71746
0.721701
0.727264
0.734228
0.742657
0.752586
0.764017
0.776922
0.791233
0.806842
0.823597
0.841301
0.859702
0.878451
0.897077
0.914917
0.931103
0.944516
0.953703
0.956628
0.944766
0.900447
0.847387
0.785008
0.710764
0.622837
0.520907
0.407167
0.2878
0.173733
0.0799768
0.0205596
0.00342067
0.116834
0.452584
0.694675
0.823103
0.886966
0.919733
0.937981
0.949362
0.957407
0.963696
0.968906
0.973303
0.977005
0.980087
0.982618
0.984672
0.986315
0.987609
0.988614
0.989381
0.989952
0.990364
0.990645
0.990818
0.9909
0.990902
0.990819
0.990641
0.990367
0.99
0.989538
0.98898
0.988321
0.987556
0.98668
0.985685
0.984567
0.983318
0.981938
0.980417
0.978759
0.976958
0.975019
0.972942
0.970733
0.968397
0.965939
0.963366
0.960688
0.957912
0.955047
0.952102
0.949085
0.946007
0.942876
0.939698
0.936478
0.933228
0.929949
0.92665
0.923333
0.920008
0.916675
0.913333
0.909995
0.906654
0.903314
0.899981
0.896651
0.893327
0.890005
0.886694
0.883387
0.880088
0.876792
0.873507
0.870224
0.866944
0.863676
0.860412
0.857156
0.853912
0.850667
0.847431
0.84421
0.841006
0.837824
0.834676
0.831568
0.828512
0.825518
0.822607
0.819791
0.817091
0.81453
0.812137
0.809943
0.807977
0.806282
0.804894
0.803861
0.803234
0.803067
0.803411
0.804332
0.805884
0.808127
0.811119
0.814917
0.819556
0.82508
0.831502
0.838831
0.847047
0.856104
0.865937
0.876445
0.887496
0.898912
0.91047
0.921887
0.932792
0.942717
0.95107
0.957115
0.95987
0.95794
0.948216
0.918009
0.878561
0.831658
0.774068
0.701966
0.611572
0.500601
0.371602
0.235189
0.11242
0.0292803
0.0156176
0.249881
0.62317
0.810408
0.889878
0.924865
0.942269
0.952508
0.959726
0.96563
0.970851
0.975494
0.979519
0.982908
0.985677
0.987891
0.989623
0.990947
0.99194
0.992664
0.993177
0.99353
0.993763
0.993907
0.993986
0.994017
0.994009
0.993966
0.993855
0.993682
0.993446
0.993145
0.992778
0.992342
0.991833
0.991245
0.990576
0.989818
0.988968
0.988021
0.986971
0.985814
0.984548
0.983172
0.981684
0.980084
0.978375
0.976558
0.97464
0.972624
0.970516
0.968324
0.966055
0.963716
0.961315
0.958861
0.956361
0.953823
0.951251
0.948657
0.94605
0.943427
0.940801
0.938173
0.935549
0.932936
0.93033
0.927741
0.925171
0.922615
0.92008
0.917566
0.915074
0.912606
0.910157
0.907732
0.905327
0.902948
0.900591
0.898255
0.895941
0.893655
0.891394
0.889151
0.886925
0.884726
0.882557
0.880422
0.878323
0.87627
0.874274
0.87234
0.870481
0.868708
0.867038
0.865488
0.864078
0.86283
0.861763
0.860904
0.860288
0.859937
0.859891
0.860184
0.860847
0.861924
0.863443
0.865449
0.867969
0.871029
0.874658
0.878862
0.883647
0.889002
0.894904
0.901302
0.908138
0.915317
0.922727
0.930216
0.937598
0.94464
0.951052
0.956478
0.960476
0.962492
0.961795
0.957382
0.947842
0.926991
0.89585
0.858978
0.81366
0.755688
0.679325
0.577782
0.447755
0.295511
0.145495
0.0378043
0.0483341
0.418217
0.761042
0.881577
0.924601
0.943027
0.95298
0.959789
0.965455
0.97074
0.975772
0.980331
0.984216
0.987371
0.989843
0.991723
0.993101
0.994071
0.994713
0.995106
0.995316
0.995399
0.995403
0.995367
0.995315
0.995265
0.995224
0.995195
0.995135
0.995044
0.994917
0.994752
0.994544
0.994289
0.993983
0.993618
0.993192
0.9927
0.992135
0.991497
0.990778
0.989975
0.989087
0.98811
0.987044
0.985885
0.984634
0.983294
0.981867
0.980354
0.978761
0.977094
0.975355
0.973551
0.971692
0.969783
0.967828
0.965839
0.963822
0.961781
0.959724
0.957658
0.955589
0.953519
0.95146
0.94941
0.947373
0.945355
0.943356
0.941381
0.939429
0.937505
0.935603
0.933732
0.931889
0.930071
0.92828
0.926518
0.924785
0.923083
0.921403
0.919756
0.918142
0.916543
0.914973
0.91343
0.911917
0.910436
0.908994
0.907594
0.906241
0.904945
0.903715
0.902554
0.90148
0.900499
0.899631
0.898887
0.898283
0.897842
0.897578
0.897518
0.897683
0.898093
0.898776
0.899753
0.901049
0.902684
0.904676
0.907046
0.909795
0.91293
0.916447
0.920329
0.924546
0.929053
0.933793
0.93869
0.943637
0.948511
0.953152
0.957365
0.960916
0.963519
0.964818
0.964373
0.961622
0.955818
0.946008
0.930344
0.905258
0.874727
0.837594
0.790257
0.726835
0.63754
0.512954
0.351756
0.177913
0.0461166
0.114326
0.587909
0.852438
0.91859
0.941118
0.951834
0.958625
0.964097
0.969284
0.974546
0.979711
0.984291
0.988022
0.990892
0.993009
0.994501
0.995479
0.996041
0.996279
0.996279
0.996119
0.995869
0.99559
0.995322
0.995098
0.994935
0.994841
0.994813
0.994796
0.994782
0.994765
0.994737
0.99469
0.994617
0.994508
0.994358
0.994157
0.993904
0.993593
0.993215
0.992772
0.992257
0.991668
0.991003
0.99026
0.989441
0.988544
0.987569
0.986517
0.985394
0.984198
0.982936
0.981611
0.980231
0.978796
0.977316
0.975797
0.974243
0.972663
0.971062
0.969448
0.96782
0.966193
0.964566
0.962942
0.961332
0.959734
0.958156
0.956594
0.955055
0.953541
0.952055
0.95059
0.949157
0.947747
0.946367
0.945015
0.94369
0.942396
0.941128
0.939885
0.938678
0.937495
0.93634
0.935203
0.934094
0.933011
0.931957
0.930936
0.929956
0.929011
0.928114
0.927272
0.926484
0.925763
0.92512
0.92456
0.924098
0.923742
0.92351
0.923409
0.923462
0.923675
0.924072
0.924666
0.92547
0.926504
0.927773
0.929296
0.931073
0.933115
0.935409
0.937951
0.940722
0.943693
0.946821
0.950053
0.953318
0.956525
0.959569
0.962306
0.964578
0.966183
0.966884
0.966384
0.964326
0.96026
0.953627
0.943749
0.92986
0.91005
0.883656
0.851809
0.811685
0.758407
0.681114
0.565688
0.401714
0.208656
0.0543282
0.224741
0.725778
0.900677
0.935725
0.94921
0.95667
0.962112
0.967058
0.972193
0.977676
0.98308
0.987658
0.991147
0.993655
0.995363
0.996428
0.996961
0.997059
0.99682
0.996344
0.99573
0.995067
0.994427
0.993868
0.993426
0.993121
0.992956
0.992922
0.992945
0.993018
0.993124
0.993252
0.993385
0.993515
0.993626
0.993706
0.993749
0.993743
0.993682
0.993564
0.993381
0.993133
0.992815
0.992426
0.991964
0.991431
0.990825
0.99015
0.989406
0.988594
0.987718
0.986781
0.985788
0.984743
0.983648
0.982513
0.981338
0.980133
0.978901
0.97765
0.976385
0.97511
0.973828
0.972548
0.971273
0.970005
0.968751
0.967511
0.966287
0.965085
0.963905
0.962745
0.961611
0.960497
0.959413
0.958352
0.957318
0.956309
0.955326
0.954369
0.953434
0.95253
0.951649
0.950796
0.949956
0.94914
0.948349
0.947583
0.946844
0.946132
0.945457
0.944814
0.944217
0.943663
0.943162
0.94272
0.942342
0.942034
0.941812
0.941676
0.941646
0.941721
0.941918
0.942246
0.942716
0.943337
0.944121
0.94507
0.946191
0.947486
0.948958
0.950592
0.952381
0.954303
0.956331
0.958423
0.960535
0.962597
0.96453
0.966237
0.967598
0.968473
0.968687
0.968034
0.966269
0.963092
0.958141
0.95098
0.941104
0.927951
0.910914
0.888404
0.860066
0.824626
0.778515
0.711226
0.606105
0.444089
0.237013
0.0625795
0.376898
0.815905
0.920193
0.943992
0.953813
0.959747
0.964518
0.969275
0.974543
0.980365
0.986043
0.990528
0.993677
0.995761
0.997039
0.997651
0.997691
0.997245
0.996428
0.995363
0.994179
0.992994
0.991903
0.99098
0.990267
0.989787
0.989539
0.989494
0.989569
0.989745
0.990002
0.990319
0.990672
0.991041
0.991409
0.991759
0.992075
0.992348
0.992567
0.992726
0.992821
0.992845
0.992796
0.992675
0.992481
0.992217
0.991878
0.991469
0.990992
0.990451
0.989845
0.989181
0.988464
0.987694
0.98688
0.986027
0.985134
0.984213
0.983265
0.982294
0.981311
0.980316
0.979315
0.978312
0.977311
0.976316
0.975331
0.974358
0.973397
0.972455
0.971526
0.970621
0.969734
0.968871
0.968026
0.967204
0.966405
0.965625
0.964871
0.964136
0.963425
0.962736
0.962068
0.961424
0.960792
0.960182
0.95959
0.959017
0.958465
0.957939
0.957438
0.956965
0.956524
0.956121
0.955755
0.955434
0.955158
0.95494
0.954783
0.954688
0.954671
0.95473
0.954877
0.95512
0.955462
0.95591
0.956468
0.957139
0.957928
0.958829
0.959839
0.960948
0.962144
0.963405
0.964703
0.966001
0.967252
0.968395
0.969362
0.970059
0.970387
0.970213
0.969388
0.967734
0.965042
0.961053
0.955477
0.947957
0.938103
0.925459
0.909505
0.889596
0.864519
0.832175
0.790835
0.73101
0.635483
0.478462
0.262576
0.0710102
0.51369
0.86765
0.932615
0.948954
0.95678
0.961868
0.966265
0.970987
0.976484
0.982716
0.988659
0.992947
0.995668
0.997309
0.99815
0.998285
0.99776
0.996658
0.995118
0.99331
0.991406
0.989563
0.98791
0.986539
0.985499
0.984816
0.98448
0.984427
0.984573
0.984887
0.985339
0.985894
0.98652
0.987187
0.987868
0.98854
0.989182
0.989779
0.990321
0.990793
0.991194
0.991518
0.99176
0.99192
0.991999
0.991999
0.991921
0.991768
0.991542
0.991248
0.990889
0.990469
0.989995
0.989468
0.988893
0.988275
0.987622
0.986938
0.986223
0.985489
0.984737
0.983972
0.983198
0.982421
0.981642
0.980865
0.980096
0.979331
0.978581
0.977839
0.977115
0.976405
0.975711
0.975034
0.974373
0.973733
0.973109
0.972504
0.971917
0.971345
0.970794
0.970263
0.969747
0.969251
0.96877
0.968301
0.967845
0.967406
0.966988
0.966582
0.966201
0.965839
0.9655
0.965189
0.964904
0.964655
0.964441
0.964265
0.964131
0.964048
0.964016
0.96404
0.964121
0.964273
0.964487
0.964777
0.965137
0.965571
0.966077
0.966652
0.967287
0.967972
0.968689
0.969422
0.970141
0.970808
0.971382
0.971803
0.97201
0.971923
0.971444
0.97046
0.968835
0.966415
0.963015
0.958419
0.952378
0.944603
0.934764
0.922474
0.907265
0.88851
0.8653
0.836186
0.797968
0.743308
0.655663
0.50512
0.285214
0.0797533
0.63835
0.896992
0.940648
0.952883
0.958971
0.963362
0.96754
0.972305
0.978089
0.984768
0.990969
0.994942
0.997179
0.99839
0.998811
0.998423
0.997216
0.995288
0.992829
0.990075
0.987265
0.98461
0.982272
0.980364
0.978946
0.978038
0.977622
0.977579
0.977829
0.978333
0.97904
0.979903
0.980876
0.981914
0.982981
0.984047
0.985082
0.986067
0.986983
0.98782
0.988568
0.989225
0.989788
0.990252
0.990625
0.990903
0.991092
0.991196
0.991219
0.991166
0.991041
0.99085
0.990598
0.990289
0.98993
0.989525
0.989081
0.9886
0.988091
0.987556
0.987
0.986429
0.985845
0.985252
0.984658
0.98406
0.983464
0.982872
0.982287
0.981711
0.981144
0.980588
0.980044
0.979514
0.978997
0.978494
0.978006
0.977529
0.977067
0.976621
0.976189
0.975772
0.975367
0.974979
0.974599
0.974234
0.973874
0.973529
0.973197
0.972876
0.97257
0.972281
0.972008
0.971752
0.971519
0.971308
0.971121
0.970962
0.970833
0.970735
0.970671
0.970647
0.970664
0.97072
0.970819
0.970962
0.971147
0.971376
0.971642
0.97194
0.97226
0.972592
0.972919
0.973218
0.97346
0.973616
0.973641
0.973486
0.973085
0.972366
0.971243
0.969611
0.967351
0.964326
0.960374
0.955304
0.948908
0.940936
0.9311
0.919058
0.904371
0.886428
0.864336
0.836685
0.800831
0.750312
0.66856
0.524829
0.304999
0.0889394
0.737239
0.914959
0.946131
0.955691
0.960755
0.964509
0.968447
0.973291
0.979382
0.986537
0.992984
0.996535
0.998271
0.999102
0.999111
0.998114
0.99605
0.993064
0.989436
0.985495
0.981569
0.977927
0.974774
0.972245
0.970405
0.969269
0.968799
0.968795
0.969206
0.969969
0.971016
0.972277
0.973689
0.975193
0.976738
0.97828
0.979787
0.981228
0.982584
0.983841
0.98499
0.986024
0.986941
0.987742
0.98843
0.989006
0.989479
0.989851
0.990126
0.990316
0.990423
0.990456
0.990416
0.990316
0.990157
0.989948
0.989693
0.989397
0.98907
0.988708
0.988325
0.98792
0.987499
0.987067
0.986624
0.986179
0.985727
0.985277
0.98483
0.984386
0.983947
0.983517
0.983094
0.982677
0.982272
0.981875
0.981489
0.981114
0.980749
0.980396
0.980051
0.979715
0.979394
0.979081
0.978777
0.97848
0.978191
0.977908
0.977636
0.977369
0.977114
0.976871
0.976636
0.976412
0.976205
0.976011
0.97583
0.975671
0.975528
0.975403
0.975302
0.975223
0.975164
0.975133
0.975122
0.975133
0.975161
0.975209
0.975265
0.975325
0.975378
0.975411
0.975405
0.975343
0.975193
0.974923
0.974492
0.973856
0.972953
0.971717
0.970064
0.967908
0.965133
0.961619
0.957225
0.951778
0.945097
0.936963
0.92712
0.91525
0.900931
0.883568
0.862283
0.835706
0.801283
0.752938
0.675097
0.53759
0.321825
0.098696
0.790032
0.931909
0.950011
0.957701
0.962017
0.965472
0.969099
0.973977
0.980381
0.98803
0.994726
0.997761
0.999016
0.999541
0.999123
0.997372
0.994208
0.989867
0.984771
0.979374
0.974101
0.969293
0.965202
0.961983
0.9597
0.958352
0.95788
0.95797
0.958617
0.959732
0.961222
0.962991
0.964952
0.967028
0.96915
0.971266
0.973326
0.975301
0.977168
0.978905
0.980506
0.981964
0.983277
0.984447
0.985479
0.986377
0.987149
0.987801
0.988342
0.98878
0.989121
0.989376
0.989549
0.98965
0.989684
0.989658
0.989583
0.989458
0.989294
0.989094
0.988862
0.988607
0.988329
0.988036
0.987727
0.98741
0.987084
0.986753
0.98642
0.986086
0.985754
0.985423
0.985095
0.984774
0.984457
0.984144
0.98384
0.983539
0.983249
0.982961
0.982684
0.982411
0.982147
0.98189
0.98164
0.981391
0.981148
0.980909
0.980674
0.980444
0.980217
0.979997
0.979784
0.979577
0.979376
0.979183
0.978997
0.978821
0.978656
0.978498
0.97835
0.978213
0.978083
0.977961
0.977846
0.977734
0.977623
0.977505
0.977377
0.977229
0.977049
0.976821
0.976532
0.976158
0.975671
0.975041
0.97423
0.973187
0.971863
0.970191
0.9681
0.965503
0.962302
0.958389
0.953628
0.947873
0.940961
0.932693
0.922833
0.911077
0.89702
0.880073
0.859377
0.833588
0.800228
0.753478
0.678457
0.54557
0.333338
0.10606
0.824479
0.937918
0.952814
0.959106
0.962847
0.96607
0.969683
0.974381
0.981088
0.989241
0.996201
0.998656
0.99949
0.999789
0.998891
0.996171
0.991587
0.985544
0.978642
0.971497
0.964641
0.958498
0.953359
0.949397
0.946671
0.94516
0.944766
0.945033
0.946023
0.947614
0.949678
0.952085
0.95472
0.957486
0.960295
0.963079
0.965784
0.968373
0.970814
0.97309
0.975193
0.977117
0.978862
0.980432
0.981833
0.983074
0.984165
0.98511
0.985925
0.986619
0.9872
0.987678
0.988063
0.988363
0.988586
0.98874
0.988833
0.988872
0.988862
0.98881
0.98872
0.9886
0.988451
0.98828
0.98809
0.987884
0.987666
0.987437
0.987203
0.98696
0.986715
0.98647
0.986222
0.985975
0.985729
0.985484
0.985241
0.985001
0.984764
0.98453
0.9843
0.984075
0.983853
0.983635
0.983419
0.983204
0.982989
0.982778
0.982563
0.982354
0.982143
0.981934
0.981726
0.981522
0.981317
0.981115
0.980913
0.980713
0.980516
0.980316
0.980119
0.97992
0.979716
0.979509
0.979295
0.979069
0.978826
0.978561
0.978265
0.977929
0.977541
0.977089
0.976551
0.975905
0.975124
0.974183
0.973039
0.971651
0.969966
0.967925
0.965462
0.962495
0.958939
0.954687
0.949621
0.943613
0.936509
0.928123
0.918238
0.906558
0.892684
0.876038
0.855775
0.830574
0.798008
0.752431
0.679453
0.549986
0.340792
0.11127
0.84907
0.942471
0.955061
0.960016
0.963275
0.966321
0.969976
0.974716
0.981503
0.99016
0.997423
0.99927
0.999765
0.999915
0.99843
0.994451
0.988063
0.979921
0.970858
0.961667
0.953002
0.945362
0.939084
0.934354
0.931224
0.929633
0.929232
0.929804
0.931304
0.933552
0.936371
0.939592
0.943065
0.946662
0.950282
0.953841
0.95728
0.960554
0.963635
0.966503
0.969151
0.971576
0.973783
0.975777
0.977568
0.979167
0.980587
0.98184
0.982937
0.983891
0.984716
0.98542
0.986015
0.986512
0.98692
0.987249
0.987506
0.987699
0.987836
0.987923
0.987965
0.987968
0.987939
0.987879
0.987794
0.98769
0.987566
0.987427
0.987277
0.987115
0.986945
0.986768
0.986586
0.9864
0.98621
0.98602
0.985828
0.985632
0.985438
0.985245
0.985048
0.984853
0.98466
0.984469
0.984276
0.98408
0.983885
0.983685
0.983484
0.98328
0.983074
0.982866
0.982653
0.98244
0.982222
0.982001
0.981774
0.981543
0.981307
0.981063
0.980813
0.980548
0.980274
0.979983
0.97967
0.979335
0.978969
0.978568
0.97812
0.977615
0.97704
0.976384
0.975623
0.974736
0.973704
0.972488
0.971055
0.969365
0.967368
0.965009
0.962226
0.958944
0.955083
0.950548
0.945228
0.939006
0.931739
0.923253
0.913336
0.901705
0.887957
0.871529
0.851586
0.826825
0.794857
0.750149
0.678644
0.551703
0.345083
0.114682
0.867253
0.945729
0.956344
0.960502
0.963337
0.966212
0.969934
0.974959
0.981676
0.990781
0.998405
0.999655
0.999908
0.999971
0.997731
0.99213
0.983496
0.972831
0.961244
0.949716
0.939026
0.929747
0.922261
0.91677
0.913309
0.911769
0.911451
0.912499
0.914691
0.917787
0.921548
0.925755
0.930219
0.934784
0.939327
0.943756
0.948006
0.952025
0.955791
0.959291
0.962513
0.965463
0.968148
0.970579
0.97277
0.974736
0.976491
0.978052
0.979433
0.980649
0.981714
0.982643
0.983448
0.98414
0.98473
0.98523
0.985643
0.985985
0.986261
0.986478
0.986645
0.986763
0.986842
0.986887
0.986898
0.986883
0.986844
0.986784
0.986707
0.986614
0.986509
0.98639
0.986263
0.986126
0.985985
0.985835
0.985679
0.985521
0.985358
0.985192
0.985021
0.984849
0.984674
0.984495
0.984314
0.98413
0.98394
0.983746
0.983547
0.983341
0.983129
0.98291
0.982687
0.982455
0.982218
0.98197
0.981713
0.981446
0.981167
0.980874
0.980565
0.980238
0.979889
0.979514
0.979111
0.978669
0.978189
0.977658
0.977068
0.976409
0.975664
0.974823
0.973862
0.972764
0.9715
0.970042
0.968356
0.9664
0.964133
0.9615
0.958441
0.954889
0.950767
0.945989
0.940452
0.934049
0.926644
0.918068
0.908119
0.896513
0.882856
0.866586
0.846881
0.822454
0.790943
0.746877
0.676436
0.551344
0.346899
0.116623
0.880949
0.948021
0.957017
0.96059
0.963023
0.965734
0.969525
0.97485
0.981835
0.99109
0.999153
0.999869
0.999973
0.999993
0.99677
0.989112
0.97775
0.964124
0.94966
0.935529
0.922618
0.91157
0.902824
0.896606
0.892933
0.891628
0.891695
0.89344
0.89656
0.900722
0.905623
0.910986
0.916579
0.922221
0.92777
0.933133
0.938234
0.943036
0.947508
0.951647
0.955451
0.958928
0.962092
0.964958
0.967545
0.969873
0.971958
0.973821
0.97548
0.976955
0.978256
0.979403
0.980409
0.981289
0.982053
0.982712
0.983282
0.983763
0.984173
0.984512
0.984795
0.98502
0.985199
0.985337
0.985437
0.985502
0.985539
0.985548
0.985535
0.985502
0.98545
0.985381
0.985301
0.985203
0.985098
0.984982
0.984857
0.984723
0.984582
0.984433
0.984281
0.984118
0.983952
0.983783
0.983605
0.983423
0.983231
0.983033
0.982825
0.98261
0.982384
0.982151
0.981905
0.981653
0.981386
0.981108
0.980815
0.980507
0.980181
0.979834
0.979466
0.979074
0.97865
0.978195
0.977701
0.977161
0.976568
0.975918
0.975195
0.97439
0.973491
0.972481
0.971339
0.970045
0.968577
0.966904
0.964992
0.962808
0.960301
0.957426
0.954127
0.95034
0.945997
0.941008
0.935291
0.928735
0.92121
0.912559
0.902578
0.890987
0.877392
0.861237
0.84171
0.81754
0.78638
0.7428
0.673109
0.549357
0.346775
0.117381
0.891358
0.949586
0.957238
0.960255
0.962335
0.964859
0.968718
0.974376
0.981907
0.991148
0.999672
0.999966
0.999994
0.999999
0.995512
0.985302
0.970698
0.953687
0.936026
0.919055
0.903746
0.890805
0.880748
0.873864
0.870162
0.869133
0.869888
0.872701
0.877121
0.882694
0.889014
0.895743
0.902613
0.909427
0.91604
0.922358
0.928319
0.93389
0.939054
0.943812
0.948173
0.952153
0.955771
0.95905
0.96201
0.964681
0.967078
0.969228
0.971147
0.972861
0.974387
0.975743
0.976939
0.977997
0.978926
0.979738
0.980448
0.981065
0.981594
0.98205
0.982435
0.982761
0.983032
0.983254
0.98343
0.983569
0.98367
0.983741
0.983784
0.9838
0.983794
0.983767
0.983723
0.98366
0.983582
0.983491
0.983386
0.983269
0.983141
0.983004
0.982859
0.982703
0.982538
0.982364
0.982183
0.981996
0.981795
0.981585
0.981363
0.981132
0.980888
0.98063
0.980362
0.980078
0.979779
0.979464
0.97913
0.978776
0.9784
0.977999
0.97757
0.97711
0.976614
0.976078
0.975493
0.974856
0.97416
0.973393
0.972547
0.971607
0.970564
0.969397
0.968091
0.966624
0.964972
0.963104
0.960993
0.9586
0.955884
0.952799
0.949292
0.945303
0.940766
0.935606
0.929733
0.923045
0.915424
0.906708
0.896699
0.88511
0.871561
0.855495
0.836106
0.812139
0.781258
0.738042
0.668877
0.546085
0.345127
0.117198
0.899269
0.950543
0.95702
0.959438
0.96126
0.963566
0.967475
0.973488
0.981612
0.991201
0.999955
0.999997
1
1
0.993916
0.980606
0.962241
0.941453
0.920327
0.900326
0.882455
0.867477
0.856036
0.848574
0.845105
0.843918
0.845891
0.850381
0.856688
0.864162
0.872272
0.880612
0.888902
0.896951
0.904637
0.911888
0.918658
0.924943
0.930734
0.936051
0.940911
0.94534
0.949362
0.953006
0.956298
0.959272
0.961949
0.964354
0.966511
0.968443
0.970169
0.97171
0.97308
0.974298
0.975376
0.976328
0.977166
0.977901
0.978543
0.979101
0.979583
0.979997
0.980348
0.980646
0.980891
0.98109
0.98125
0.981373
0.981462
0.981519
0.981552
0.981556
0.98154
0.981502
0.981443
0.981369
0.981278
0.981171
0.981049
0.980917
0.98077
0.98061
0.98044
0.980262
0.980069
0.979868
0.979652
0.979423
0.979181
0.978926
0.978655
0.97837
0.978071
0.977751
0.977416
0.977059
0.976681
0.976277
0.97585
0.975391
0.974899
0.974371
0.973801
0.973183
0.972512
0.971782
0.970984
0.97011
0.969145
0.968083
0.966904
0.965596
0.964139
0.962512
0.960693
0.958653
0.956365
0.953789
0.950886
0.947619
0.943931
0.939768
0.935067
0.92976
0.923758
0.916965
0.909264
0.900492
0.890456
0.878873
0.865357
0.849354
0.830081
0.806287
0.775639
0.732703
0.663898
0.541778
0.342274
0.116273
0.905198
0.951019
0.956464
0.95831
0.95978
0.961816
0.965753
0.972143
0.980942
0.991249
1
0.999999
0.999998
0.999999
0.991943
0.974945
0.952309
0.927419
0.902641
0.879486
0.858908
0.841687
0.828686
0.820738
0.817885
0.817728
0.821484
0.828183
0.836815
0.846499
0.856576
0.866601
0.876301
0.885516
0.894175
0.902235
0.909698
0.916571
0.922875
0.928643
0.933903
0.938692
0.943039
0.946979
0.950543
0.953767
0.956672
0.959287
0.961642
0.963759
0.965653
0.967352
0.968871
0.970226
0.97143
0.972502
0.973452
0.974291
0.975031
0.975677
0.976242
0.976729
0.977152
0.977513
0.977814
0.978069
0.978274
0.978439
0.978565
0.978655
0.978714
0.978742
0.978746
0.978724
0.978679
0.978612
0.978524
0.978422
0.978298
0.978161
0.978006
0.97784
0.977657
0.977462
0.977253
0.977032
0.976793
0.97654
0.976272
0.975989
0.975688
0.975368
0.975031
0.974674
0.974295
0.973894
0.973466
0.973014
0.972529
0.97201
0.971456
0.970857
0.970213
0.969518
0.968762
0.967941
0.967048
0.966066
0.964994
0.963813
0.96251
0.961071
0.959475
0.957705
0.955735
0.953542
0.951092
0.948355
0.945294
0.941865
0.938021
0.933711
0.928872
0.923441
0.917335
0.910455
0.902689
0.89388
0.883824
0.872243
0.858751
0.842811
0.823639
0.800002
0.769561
0.726854
0.658281
0.536631
0.338465
0.114766
0.909512
0.951097
0.955606
0.956838
0.95787
0.959579
0.963503
0.970288
0.979853
0.991081
1
1
0.999998
0.999997
0.989569
0.968245
0.94087
0.911655
0.88317
0.856846
0.833436
0.813637
0.798647
0.790277
0.786875
0.789092
0.796441
0.806918
0.818874
0.831224
0.843348
0.85493
0.865811
0.875938
0.885311
0.893944
0.901874
0.909143
0.915788
0.921853
0.92738
0.932407
0.936973
0.941114
0.944871
0.948268
0.951337
0.954112
0.956613
0.958866
0.960892
0.962713
0.964347
0.96581
0.967119
0.968283
0.969322
0.970243
0.97106
0.971778
0.972407
0.972957
0.973433
0.973843
0.974193
0.974487
0.974727
0.974922
0.975076
0.975188
0.975267
0.97531
0.975322
0.975306
0.975266
0.9752
0.975109
0.975
0.974869
0.974721
0.974552
0.974367
0.974166
0.973948
0.973716
0.973469
0.973202
0.972919
0.972619
0.972299
0.971963
0.971605
0.971227
0.970825
0.970401
0.969949
0.969473
0.968962
0.968418
0.96784
0.967218
0.966553
0.965833
0.96506
0.964221
0.963314
0.962325
0.961246
0.960069
0.958778
0.957362
0.9558
0.954079
0.952179
0.950076
0.947743
0.945153
0.942275
0.939075
0.935508
0.93153
0.927099
0.922149
0.916617
0.910426
0.903482
0.895667
0.886826
0.876758
0.865184
0.851724
0.835843
0.816769
0.793286
0.763044
0.720535
0.652114
0.530784
0.333884
0.112803
0.912446
0.950833
0.954456
0.954917
0.955309
0.956819
0.960678
0.967862
0.978288
0.990653
0.999997
0.999997
0.999998
0.999996
0.986763
0.96044
0.927926
0.894336
0.862293
0.832989
0.806717
0.783847
0.765808
0.756661
0.753626
0.761168
0.774864
0.790587
0.806158
0.820811
0.834387
0.846899
0.858397
0.868947
0.878615
0.887467
0.895565
0.902969
0.909731
0.915898
0.921522
0.926648
0.931307
0.93554
0.939382
0.942873
0.946034
0.948894
0.95148
0.953816
0.955924
0.957824
0.959533
0.961069
0.962447
0.963679
0.96478
0.965758
0.966628
0.967398
0.968073
0.968664
0.96918
0.969624
0.97
0.970322
0.970585
0.970798
0.970966
0.971088
0.971173
0.971221
0.971233
0.971215
0.971169
0.971095
0.970992
0.970868
0.970722
0.970552
0.970364
0.970153
0.969925
0.96968
0.969417
0.969136
0.968834
0.968515
0.968177
0.967818
0.967437
0.967036
0.96661
0.966162
0.965688
0.965185
0.964651
0.964084
0.963481
0.962837
0.96215
0.961412
0.960621
0.959771
0.958851
0.957858
0.95678
0.955608
0.954332
0.95294
0.951417
0.949745
0.947911
0.945893
0.943668
0.941213
0.9385
0.935501
0.932176
0.928497
0.924411
0.919876
0.914835
0.909226
0.902972
0.89598
0.888129
0.879273
0.869204
0.857646
0.844222
0.828411
0.809453
0.786132
0.7561
0.713779
0.645457
0.524339
0.328673
0.110482
0.91413
0.950288
0.953075
0.952628
0.95216
0.95352
0.957223
0.964792
0.976172
0.989955
1
1
0.999998
1
0.983499
0.951457
0.913529
0.875781
0.840677
0.808994
0.780217
0.753899
0.730501
0.712417
0.719801
0.744951
0.767774
0.785488
0.801795
0.816872
0.830847
0.843262
0.854592
0.864935
0.874397
0.883058
0.890983
0.898233
0.904866
0.910928
0.916469
0.921524
0.92614
0.930338
0.934163
0.937642
0.940807
0.943679
0.946282
0.948644
0.950774
0.952703
0.954443
0.95601
0.957419
0.958683
0.959813
0.960824
0.961719
0.962514
0.963213
0.963826
0.964358
0.964815
0.965208
0.965535
0.965805
0.966022
0.96619
0.966311
0.966391
0.966429
0.966431
0.9664
0.966337
0.966241
0.966119
0.965972
0.965798
0.965601
0.965382
0.965139
0.964878
0.964595
0.964294
0.963973
0.963631
0.963268
0.962886
0.96248
0.962052
0.961602
0.961127
0.960625
0.960095
0.959535
0.958943
0.958315
0.95765
0.956941
0.956186
0.955378
0.954514
0.953586
0.952589
0.951511
0.95035
0.949088
0.947721
0.946234
0.944611
0.942839
0.940902
0.938778
0.936448
0.933884
0.931068
0.927962
0.924538
0.92076
0.916586
0.911971
0.906861
0.901198
0.894898
0.887875
0.88001
0.871151
0.861091
0.849562
0.83619
0.820463
0.801644
0.778525
0.748724
0.706592
0.638344
0.517361
0.322923
0.107867
0.914585
0.94955
0.951649
0.950286
0.948892
0.949678
0.953111
0.961005
0.973401
0.988953
0.999998
1
1
0.999998
0.979736
0.941188
0.897787
0.856534
0.819488
0.78693
0.757337
0.729453
0.700939
0.717797
0.733607
0.754394
0.773489
0.789599
0.804541
0.818403
0.831218
0.842727
0.853283
0.862976
0.872063
0.880704
0.888143
0.894967
0.901232
0.906981
0.912253
0.917088
0.921511
0.925553
0.929246
0.932619
0.935692
0.938488
0.941039
0.943352
0.94545
0.947351
0.94907
0.950623
0.95202
0.953276
0.954401
0.955405
0.9563
0.957091
0.957784
0.958393
0.958921
0.959371
0.959755
0.960074
0.960331
0.960535
0.960686
0.96079
0.960848
0.960866
0.960844
0.960785
0.960693
0.960569
0.960414
0.960231
0.960023
0.959788
0.959528
0.959247
0.95894
0.958614
0.958266
0.957897
0.957506
0.957095
0.95666
0.956202
0.955719
0.955214
0.954682
0.954123
0.953534
0.952915
0.952259
0.951569
0.950837
0.950062
0.949237
0.948358
0.94742
0.946418
0.945342
0.944186
0.942943
0.941598
0.940143
0.938567
0.936854
0.93499
0.932957
0.93074
0.928314
0.925661
0.92275
0.919557
0.916052
0.912197
0.907956
0.903281
0.898123
0.892419
0.886096
0.879062
0.871198
0.862355
0.852321
0.840843
0.827549
0.811949
0.793303
0.770422
0.740893
0.698986
0.630783
0.509883
0.316687
0.105
0.913706
0.948669
0.950382
0.948141
0.945451
0.945257
0.948359
0.956428
0.969827
0.987599
0.999998
1
1
0.999999
0.975422
0.929476
0.880916
0.837562
0.800817
0.770797
0.746097
0.737294
0.739501
0.745857
0.757591
0.772218
0.786559
0.7998
0.81237
0.824183
0.83518
0.845256
0.854607
0.86331
0.871523
0.879303
0.886097
0.892852
0.898722
0.903985
0.908833
0.913292
0.917392
0.921157
0.92461
0.927774
0.930667
0.93331
0.93572
0.937916
0.939919
0.941733
0.943378
0.944865
0.946205
0.947409
0.948487
0.949449
0.950305
0.951059
0.95172
0.952297
0.952789
0.953211
0.95356
0.953847
0.954073
0.954242
0.954358
0.954425
0.954448
0.954426
0.954365
0.954266
0.954134
0.953966
0.953767
0.953537
0.953281
0.952996
0.952688
0.952354
0.951996
0.951617
0.951212
0.950788
0.950341
0.949869
0.949375
0.948858
0.948317
0.947749
0.947156
0.946533
0.94588
0.945196
0.944475
0.943717
0.942917
0.942071
0.941175
0.940226
0.939213
0.938134
0.936984
0.935749
0.934422
0.932998
0.93146
0.929801
0.928004
0.926054
0.923939
0.921636
0.919129
0.916393
0.913409
0.910146
0.906574
0.902661
0.89837
0.893659
0.888471
0.882752
0.876423
0.869398
0.861553
0.852742
0.842769
0.831369
0.818197
0.802765
0.784364
0.761786
0.732588
0.690933
0.622773
0.501904
0.309969
0.101892
0.912075
0.946888
0.949306
0.946882
0.942214
0.939436
0.943125
0.951054
0.965244
0.985804
0.999997
0.999998
1
0.999998
0.970426
0.916081
0.863361
0.820611
0.788459
0.771355
0.76384
0.763417
0.767235
0.772956
0.781842
0.792249
0.802849
0.813165
0.823145
0.832662
0.841643
0.850051
0.857975
0.865455
0.872552
0.879235
0.885269
0.891194
0.896414
0.901766
0.906056
0.910019
0.913685
0.917064
0.920172
0.923032
0.925654
0.928062
0.930265
0.932273
0.934107
0.93577
0.937283
0.93865
0.939881
0.940987
0.941976
0.942855
0.94363
0.944312
0.944905
0.945416
0.945848
0.946207
0.946499
0.946726
0.946896
0.947008
0.947068
0.947079
0.947045
0.946969
0.946849
0.946694
0.946502
0.946276
0.946017
0.945728
0.945412
0.945067
0.944696
0.944298
0.943877
0.943432
0.942964
0.942472
0.941959
0.94142
0.940861
0.940276
0.939665
0.93903
0.938366
0.937675
0.936952
0.936196
0.935404
0.934574
0.9337
0.932781
0.931812
0.930783
0.929697
0.92854
0.927312
0.925997
0.924592
0.923087
0.92147
0.919728
0.917851
0.915823
0.91363
0.911254
0.908673
0.905871
0.902824
0.899504
0.895884
0.891934
0.887612
0.88288
0.877685
0.871969
0.86566
0.858665
0.850868
0.84213
0.832255
0.820992
0.808005
0.792822
0.77474
0.752549
0.723761
0.682409
0.614286
0.493384
0.302721
0.0985156
0.910368
0.943336
0.947639
0.946065
0.941847
0.935939
0.937992
0.945016
0.959364
0.983423
1
0.999999
1
0.999997
0.964542
0.900624
0.846123
0.809035
0.794273
0.787716
0.786689
0.789284
0.792289
0.797594
0.804421
0.812001
0.819795
0.827546
0.835139
0.842477
0.849512
0.856232
0.862652
0.868781
0.874621
0.880136
0.885265
0.890229
0.894752
0.899338
0.903464
0.907024
0.910169
0.913074
0.915753
0.918223
0.9205
0.922592
0.924505
0.926261
0.927858
0.929312
0.930628
0.931819
0.932886
0.933844
0.934692
0.935444
0.936099
0.936667
0.937153
0.93756
0.937894
0.938161
0.938362
0.938503
0.938587
0.938618
0.938595
0.938528
0.938413
0.93826
0.938063
0.937831
0.937562
0.93726
0.936926
0.93656
0.936169
0.935746
0.9353
0.934826
0.934328
0.933807
0.93326
0.932691
0.9321
0.931486
0.930847
0.930184
0.929497
0.928783
0.928041
0.927271
0.92647
0.925635
0.924762
0.923852
0.922897
0.921896
0.920845
0.919735
0.918565
0.917328
0.916014
0.914616
0.91313
0.911542
0.909843
0.90802
0.906067
0.903962
0.901697
0.899253
0.89661
0.89375
0.890653
0.887293
0.883638
0.879665
0.875335
0.870605
0.865425
0.859742
0.853486
0.846561
0.838864
0.830255
0.820544
0.8095
0.796798
0.781969
0.764324
0.742639
0.714358
0.67337
0.605266
0.484232
0.294819
0.0947994
0.908465
0.937853
0.944525
0.94473
0.942114
0.938335
0.935251
0.93892
0.951768
0.980259
1
1
1
1
0.957386
0.882573
0.83162
0.814508
0.808874
0.808008
0.809889
0.811672
0.815096
0.819611
0.824781
0.830282
0.835902
0.841518
0.847062
0.852485
0.857758
0.862866
0.867799
0.87255
0.877107
0.88145
0.885577
0.889545
0.893283
0.896996
0.900394
0.903794
0.906479
0.908847
0.911025
0.913034
0.914888
0.91659
0.918153
0.919576
0.920876
0.922054
0.923112
0.924067
0.924916
0.925665
0.926324
0.926895
0.927382
0.927791
0.928126
0.92839
0.928586
0.928722
0.928798
0.928818
0.928783
0.928698
0.928566
0.928391
0.928172
0.927914
0.927615
0.927284
0.926915
0.926516
0.926085
0.925626
0.925137
0.924622
0.924083
0.923515
0.922925
0.92231
0.921671
0.92101
0.920325
0.919618
0.918886
0.918131
0.917352
0.916546
0.915712
0.914849
0.913953
0.913024
0.912059
0.911054
0.910006
0.908908
0.907761
0.906557
0.905292
0.90396
0.90255
0.901062
0.899482
0.897805
0.896016
0.894112
0.892077
0.889896
0.887559
0.885051
0.882352
0.879444
0.87631
0.872922
0.869255
0.865283
0.860969
0.856274
0.851157
0.845552
0.839405
0.832627
0.825112
0.816729
0.807308
0.796618
0.784344
0.770033
0.752988
0.73196
0.704312
0.663753
0.595624
0.474272
0.286034
0.0906378
0.906142
0.930268
0.938802
0.941293
0.940877
0.939172
0.937746
0.935015
0.941816
0.975943
1
1
0.999999
1
0.948289
0.861268
0.831543
0.827033
0.826828
0.828237
0.829572
0.832016
0.835132
0.838639
0.842364
0.846195
0.850063
0.853925
0.857758
0.861536
0.865245
0.868873
0.872409
0.875841
0.879164
0.882366
0.885448
0.888424
0.891283
0.894076
0.896697
0.899342
0.901981
0.90374
0.90535
0.906831
0.908194
0.90944
0.910575
0.911604
0.912534
0.913366
0.914109
0.914759
0.915327
0.915814
0.916221
0.916555
0.916819
0.917016
0.917149
0.91722
0.917236
0.917194
0.917102
0.916959
0.916768
0.916533
0.916254
0.915934
0.915579
0.915184
0.914754
0.914292
0.913797
0.913272
0.912719
0.912137
0.911529
0.910893
0.910233
0.909551
0.908843
0.90811
0.907354
0.906576
0.905773
0.904947
0.9041
0.903227
0.90233
0.901405
0.900452
0.899468
0.898452
0.897403
0.896317
0.89519
0.894021
0.892803
0.891532
0.890209
0.888823
0.887372
0.885847
0.884245
0.882553
0.880768
0.878881
0.87688
0.874755
0.872496
0.870088
0.867518
0.864773
0.861836
0.858685
0.855301
0.851662
0.84774
0.843507
0.838927
0.833953
0.828543
0.822629
0.816142
0.808974
0.80101
0.792079
0.781963
0.770346
0.756786
0.740567
0.720399
0.69354
0.653476
0.585203
0.463157
0.27584
0.0858813
0.90284
0.920123
0.929009
0.933402
0.935209
0.935506
0.934981
0.934032
0.929368
0.969725
0.999999
1
1
1
0.935764
0.843295
0.841568
0.842291
0.843351
0.844624
0.846514
0.848706
0.851032
0.853418
0.855827
0.858247
0.860665
0.863077
0.865471
0.867845
0.87019
0.872496
0.874761
0.876975
0.879136
0.881232
0.883272
0.88525
0.887163
0.889022
0.890812
0.892634
0.894873
0.896115
0.89712
0.898017
0.898821
0.899542
0.900182
0.900743
0.901233
0.901647
0.901988
0.902264
0.902479
0.902625
0.902713
0.902745
0.902716
0.902636
0.902504
0.902323
0.902094
0.901818
0.901497
0.901136
0.900735
0.900296
0.899818
0.899305
0.898759
0.898179
0.897568
0.896929
0.896258
0.895562
0.894837
0.894086
0.893309
0.892508
0.891681
0.890829
0.889956
0.889056
0.888133
0.887186
0.886214
0.88522
0.884199
0.883154
0.882083
0.880983
0.879854
0.878695
0.877503
0.876277
0.875013
0.87371
0.872364
0.870974
0.869534
0.868043
0.866493
0.864884
0.863207
0.861461
0.859636
0.857728
0.855729
0.853634
0.851431
0.849112
0.846668
0.844089
0.841362
0.838475
0.835413
0.832156
0.828687
0.824984
0.821024
0.816771
0.812189
0.807238
0.80185
0.795965
0.789477
0.782276
0.774191
0.765004
0.754403
0.741936
0.726856
0.707814
0.681937
0.642407
0.573712
0.450113
0.262753
0.0796714
0.895883
0.906025
0.91271
0.917161
0.920092
0.921919
0.922817
0.922345
0.921693
0.95758
1
1
0.999998
1
0.914328
0.848772
0.849593
0.850375
0.851462
0.852702
0.853978
0.855237
0.856477
0.857704
0.858918
0.860128
0.861332
0.862526
0.863711
0.864881
0.866036
0.867169
0.868277
0.869362
0.870414
0.871433
0.872425
0.87338
0.874302
0.875199
0.876085
0.877024
0.878361
0.878955
0.879272
0.879492
0.879648
0.879734
0.879767
0.879747
0.879674
0.879546
0.879373
0.879149
0.878879
0.87856
0.878202
0.877797
0.877349
0.876861
0.876334
0.875765
0.875162
0.874518
0.873842
0.873128
0.872382
0.871605
0.870793
0.869951
0.86908
0.868178
0.867248
0.866288
0.865302
0.864289
0.86325
0.862183
0.861091
0.859972
0.858829
0.85766
0.856466
0.855244
0.853996
0.852722
0.851434
0.850131
0.848811
0.847479
0.846129
0.844763
0.843378
0.841975
0.840551
0.839108
0.837644
0.836157
0.834646
0.833112
0.831551
0.829962
0.828343
0.826693
0.825009
0.823288
0.821528
0.819726
0.817877
0.815979
0.814023
0.812008
0.809926
0.807767
0.805525
0.803188
0.800746
0.798182
0.795478
0.792614
0.789567
0.786303
0.782788
0.778974
0.774803
0.770199
0.765066
0.759278
0.752664
0.745007
0.735979
0.725105
0.711605
0.694052
0.669391
0.630402
0.560735
0.433841
0.24335
0.0658443
)
;

boundaryField
{
    walls
    {
        type            zeroGradient;
    }
    top
    {
        type            zeroGradient;
    }
    bottom
    {
        type            zeroGradient;
    }
    frontAndBack
    {
        type            empty;
    }
    inlet
    {
        type            uniformFixedValue;
        uniformValue    
        {
            type            constant;
            value           1;
        }
        value           uniform 1;
    }
    outlet
    {
        type            zeroGradient;
    }
}


// ************************************************************************* //
