/*--------------------------------*- C++ -*----------------------------------*\
  =========                 |
  \\      /  F ield         | OpenFOAM: The Open Source CFD Toolbox
   \\    /   O peration     | Website:  https://openfoam.org
    \\  /    A nd           | Version:  12
     \\/     M anipulation  |
\*---------------------------------------------------------------------------*/
FoamFile
{
    format      ascii;
    class       volScalarField;
    location    "15";
    object      T;
}
// * * * * * * * * * * * * * * * * * * * * * * * * * * * * * * * * * * * * * //

dimensions      [];

internalField   nonuniform List<scalar> 
4480
(
9.73173e-37
4.6821e-33
9.44003e-28
1.78106e-23
6.27602e-20
6.07962e-17
2.00591e-14
2.54213e-12
1.31652e-10
2.90976e-09
2.85698e-08
1.30799e-07
3.6928e-07
7.44625e-07
1.16455e-06
1.48601e-06
1.59902e-06
1.48353e-06
1.20481e-06
8.65284e-07
5.53207e-07
3.16052e-07
1.61584e-07
7.38731e-08
3.01106e-08
1.08799e-08
3.45206e-09
9.97919e-10
2.79539e-10
7.56364e-11
1.97156e-11
4.93831e-12
1.18575e-12
2.72314e-13
5.96887e-14
1.24625e-14
2.47415e-15
4.66282e-16
8.32992e-17
1.40881e-17
2.25327e-18
3.40519e-19
4.85893e-20
6.54341e-21
8.31403e-22
9.96634e-23
1.1273e-23
1.20357e-24
1.21358e-25
1.15652e-26
1.04266e-27
8.90274e-29
7.20885e-30
5.54402e-31
4.05631e-32
2.82874e-33
1.88406e-34
1.20115e-35
7.34728e-37
4.32303e-38
2.45328e-39
1.34655e-40
7.16938e-42
3.7137e-43
1.87708e-44
9.28459e-46
4.50644e-47
2.15174e-48
1.01297e-49
4.71071e-51
2.16736e-52
9.87813e-54
4.46412e-55
2.0019e-56
8.91368e-58
3.94292e-59
1.73361e-60
7.58052e-62
3.29859e-63
1.42935e-64
6.17257e-66
2.65871e-67
1.14325e-68
1.42868e-67
1.58765e-67
8.0413e-68
2.80537e-68
7.86349e-69
1.91361e-69
4.23264e-70
8.76901e-71
1.73818e-71
3.34907e-72
6.35032e-73
1.1968e-73
2.26023e-74
4.30715e-75
8.33094e-76
1.64399e-76
3.32475e-77
6.91838e-78
1.48664e-78
3.30954e-79
7.65592e-80
1.84544e-80
4.64738e-81
1.22577e-81
3.39434e-82
9.89184e-83
3.04093e-83
9.88492e-84
3.40597e-84
1.24711e-84
4.86543e-85
2.02825e-85
9.06299e-86
4.35665e-86
2.26316e-86
1.27855e-86
7.947e-87
5.56631e-87
4.56235e-87
4.52404e-87
5.7829e-87
1.17863e-86
3.35731e-86
4.87371e-86
2.29831e-86
1.70576e-87
1.46295e-90
9.24917e-94
2.69628e-97
8.31662e-101
2.90627e-104
1.20537e-107
3.81646e-111
1.13583e-114
1.9959e-118
1.80343e-122
5.12612e-127
1.24216e-35
1.10211e-29
6.92557e-25
6.28628e-21
1.29289e-17
8.14987e-15
1.87657e-12
1.74305e-10
6.87069e-09
1.19658e-07
9.65429e-07
3.87496e-06
1.00052e-05
1.90423e-05
2.88341e-05
3.6394e-05
3.94609e-05
3.7503e-05
3.16719e-05
2.39899e-05
1.63982e-05
1.01537e-05
5.70621e-06
2.9114e-06
1.34703e-06
5.63607e-07
2.12265e-07
7.34805e-08
2.46566e-08
7.99864e-09
2.50292e-09
7.53839e-10
2.18067e-10
6.04643e-11
1.60383e-11
4.0623e-12
9.80826e-13
2.25385e-13
4.922e-14
1.02018e-14
2.00463e-15
3.73073e-16
6.57066e-17
1.0945e-17
1.72358e-18
2.56538e-19
3.60876e-20
4.79858e-21
6.03332e-22
7.17642e-23
8.08092e-24
8.62142e-25
8.72345e-26
8.38072e-27
7.6543e-28
6.65516e-29
5.51678e-30
4.36688e-31
3.30625e-32
2.39844e-33
1.67002e-34
1.11818e-35
7.21277e-37
4.49066e-38
2.70369e-39
1.57712e-40
8.93e-42
4.91741e-43
2.63833e-44
1.38176e-45
7.07674e-47
3.55074e-48
1.74848e-49
8.46492e-51
4.03604e-52
1.89847e-53
8.82459e-55
4.06017e-56
1.85205e-57
8.38861e-59
3.77836e-60
1.69476e-61
7.57999e-63
7.72772e-63
3.94633e-63
1.27868e-63
3.25771e-64
7.16294e-65
1.42919e-65
2.66922e-66
4.76567e-67
8.25981e-68
1.40614e-68
2.37342e-69
4.00284e-70
6.78947e-71
1.16471e-71
2.03064e-72
3.61379e-73
6.58998e-74
1.23567e-74
2.38996e-75
4.78193e-76
9.92424e-77
2.1417e-77
4.81733e-78
1.13191e-78
2.78429e-79
7.1851e-80
1.94927e-80
5.57106e-81
1.68096e-81
5.36648e-82
1.81699e-82
6.5414e-83
2.51149e-83
1.03206e-83
4.56073e-84
2.18151e-84
1.14045e-84
6.60859e-85
4.31603e-85
3.21464e-85
2.74214e-85
2.64182e-85
2.53455e-85
1.73845e-85
5.62528e-86
3.89084e-87
5.63882e-90
6.90082e-93
5.96989e-96
4.09847e-99
2.29498e-102
1.35489e-105
5.73952e-109
2.20855e-112
5.02446e-116
6.06651e-120
2.7215e-124
7.14864e-32
8.23066e-27
1.9524e-22
9.09711e-19
1.12427e-15
4.68712e-13
7.61276e-11
5.22431e-09
1.57796e-07
2.17924e-06
1.45421e-05
5.13402e-05
0.000121318
0.000217608
0.000317929
0.000394863
0.000428447
0.000413561
0.000359474
0.000283693
0.000204384
0.000134883
8.16969e-05
4.54458e-05
2.3209e-05
1.08664e-05
4.65266e-06
1.84101e-06
7.05767e-07
2.61591e-07
9.35788e-08
3.22517e-08
1.06901e-08
3.40184e-09
1.03755e-09
3.02799e-10
8.44258e-11
2.24558e-11
5.69005e-12
1.37181e-12
3.1432e-13
6.8379e-14
1.41119e-14
2.76101e-15
5.11862e-16
8.9888e-17
1.49502e-17
2.35507e-18
3.51449e-19
4.97032e-20
6.66515e-21
8.48091e-22
1.02484e-22
1.17728e-23
1.28709e-24
1.34084e-25
1.33285e-26
1.26602e-27
1.15085e-28
1.00278e-29
8.38907e-31
6.74956e-32
5.23154e-33
3.91314e-34
2.82948e-35
1.98115e-36
1.34553e-37
8.87883e-39
5.70175e-40
3.56894e-41
2.18078e-42
1.30279e-43
7.61968e-45
4.36916e-46
2.45937e-47
1.3607e-48
7.40852e-50
3.97399e-51
2.10247e-52
1.09823e-53
5.66973e-55
2.89576e-56
1.46457e-57
2.01985e-58
4.38124e-59
8.78926e-60
1.60825e-60
2.74718e-61
4.46736e-62
7.01868e-63
1.07751e-63
1.63104e-64
2.45243e-65
3.68584e-66
5.56716e-67
8.49085e-68
1.3132e-68
2.06741e-69
3.32467e-70
5.47857e-71
9.27782e-72
1.61902e-72
2.91856e-73
5.44758e-74
1.05514e-74
2.1251e-75
4.45932e-76
9.76794e-77
2.23755e-77
5.36984e-78
1.35249e-78
3.5815e-79
9.98948e-80
2.94032e-80
9.15181e-81
3.0191e-81
1.05844e-81
3.95614e-82
1.58269e-82
6.80858e-83
3.1642e-83
1.59188e-83
8.62087e-84
4.93015e-84
2.854e-84
1.52439e-84
6.24163e-85
1.43774e-85
9.69612e-87
2.41742e-89
4.59496e-92
6.98854e-95
8.08926e-98
6.98253e-101
5.93222e-104
3.44102e-107
1.75862e-110
5.27312e-114
8.54885e-118
5.43633e-122
8.33547e-29
2.86878e-24
2.95247e-20
7.4191e-17
5.63951e-14
1.57612e-11
1.82249e-09
9.30699e-08
2.16734e-06
2.38764e-05
0.000132557
0.000412688
0.000892794
0.0015072
0.00211882
0.0025791
0.00278611
0.00271426
0.00241015
0.00196438
0.00147633
0.00102604
0.000660487
0.000394072
0.000217895
0.000111567
5.28202e-05
2.32146e-05
9.8727e-06
4.05685e-06
1.60867e-06
6.14734e-07
2.26075e-07
7.99015e-08
2.71009e-08
8.80923e-09
2.7405e-09
8.14875e-10
2.31306e-10
6.2606e-11
1.61406e-11
3.95993e-12
9.23777e-13
2.04769e-13
4.31073e-14
8.61517e-15
1.63423e-15
2.94224e-16
5.02819e-17
8.15902e-18
1.25762e-18
1.8425e-19
2.56766e-20
3.40663e-21
4.30734e-22
5.19619e-23
5.98814e-24
6.60099e-25
6.97034e-26
7.06109e-27
6.87278e-28
6.43758e-29
5.81226e-30
5.06645e-31
4.27079e-32
3.48711e-33
2.76232e-34
2.12627e-35
1.59283e-36
1.16301e-37
8.2888e-39
5.77436e-40
3.93737e-41
2.63123e-42
1.72543e-43
1.11156e-44
7.04283e-46
4.39343e-47
2.70108e-48
1.63818e-49
9.81016e-51
5.80571e-52
3.39828e-53
2.50269e-54
2.65863e-55
3.31958e-56
4.35468e-57
5.77344e-58
7.65207e-59
1.0121e-59
1.33774e-60
1.7715e-61
2.35735e-62
3.16193e-63
4.28795e-64
5.89658e-65
8.24586e-66
1.1758e-66
1.71401e-67
2.56058e-68
3.9293e-69
6.20722e-70
1.01155e-70
1.70389e-71
2.97213e-72
5.37819e-73
1.01131e-73
1.97929e-74
4.03817e-75
8.60116e-76
1.91536e-76
4.46552e-77
1.09149e-77
2.80077e-78
7.55508e-79
2.14535e-79
6.42177e-80
2.02898e-80
6.77361e-81
2.39001e-81
8.89827e-82
3.47572e-82
1.40557e-82
5.73809e-83
2.26415e-83
8.0116e-84
2.22548e-84
3.84561e-85
2.55596e-86
1.1546e-88
3.00764e-91
6.64726e-94
1.11732e-96
1.36546e-99
1.59502e-102
1.23901e-105
8.32791e-109
3.26553e-112
6.99212e-116
6.02934e-120
4.18414e-26
5.76528e-22
2.80814e-18
3.93852e-15
1.87307e-12
3.54581e-10
2.94084e-08
1.12437e-06
2.02973e-05
0.000179335
0.000832815
0.00229108
0.00453869
0.00720397
0.00972464
0.0115674
0.0123943
0.0121314
0.0109449
0.00915427
0.0071237
0.00516871
0.00350061
0.00221393
0.00130731
0.000720333
0.000369985
0.0001772
8.19735e-05
3.6595e-05
1.5753e-05
6.53289e-06
2.60747e-06
1.00057e-06
3.68742e-07
1.30364e-07
4.41646e-08
1.43218e-08
4.44087e-09
1.31537e-09
3.71821e-10
1.0022e-10
2.57384e-11
6.29423e-12
1.46492e-12
3.24368e-13
6.83139e-14
1.36834e-14
2.60689e-15
4.7249e-16
8.15013e-17
1.33864e-17
2.09496e-18
3.12643e-19
4.45329e-20
6.06069e-21
7.88984e-22
9.83686e-23
1.17614e-23
1.35046e-24
1.49125e-25
1.58602e-26
1.62712e-27
1.61269e-28
1.54659e-29
1.43734e-30
1.29649e-31
1.13673e-32
9.70209e-34
8.07268e-35
6.5572e-36
5.20657e-37
4.04652e-38
3.08207e-39
2.3033e-40
1.69081e-41
1.22052e-42
8.67231e-44
6.07143e-45
4.19192e-46
2.85679e-47
1.92331e-48
1.28018e-49
8.93403e-51
7.21878e-52
6.60396e-53
6.60426e-54
6.99574e-55
7.68785e-56
8.6625e-57
9.94811e-58
1.16122e-58
1.37659e-59
1.65771e-60
2.02964e-61
2.52985e-62
3.21512e-63
4.17299e-64
5.54107e-65
7.54044e-66
1.05345e-66
1.51353e-67
2.24e-68
3.4205e-69
5.39742e-70
8.8142e-71
1.49174e-71
2.62001e-72
4.78143e-73
9.07771e-74
1.79488e-74
3.69983e-75
7.95807e-76
1.78756e-76
4.19587e-77
1.02962e-77
2.64173e-78
7.08406e-79
1.98298e-79
5.77826e-80
1.74348e-80
5.39546e-81
1.68493e-81
5.17307e-82
1.49937e-82
3.84882e-83
7.87725e-84
1.07675e-84
7.04155e-86
6.13419e-88
2.01414e-90
5.85378e-93
1.30809e-95
2.11688e-98
3.2411e-101
3.26241e-104
2.81845e-107
1.41878e-110
3.93166e-114
4.46528e-118
1.21437e-23
7.65289e-20
1.85633e-16
1.48456e-13
4.46631e-11
5.76789e-09
3.45042e-07
9.92538e-06
0.000139556
0.000993824
0.00387981
0.00944872
0.0171473
0.0255752
0.0331087
0.0384109
0.040718
0.0399145
0.0364482
0.0311409
0.0249568
0.0187848
0.0132863
0.00883032
0.0055127
0.00323071
0.00177585
0.000914387
0.000453761
0.000216936
9.98821e-05
4.42671e-05
1.88733e-05
7.73544e-06
3.04548e-06
1.15082e-06
4.17033e-07
1.44801e-07
4.81331e-08
1.53048e-08
4.65139e-09
1.3502e-09
3.74102e-10
9.88829e-11
2.49227e-11
5.98779e-12
1.37102e-12
2.99151e-13
6.22061e-14
1.23297e-14
2.33019e-15
4.20102e-16
7.22935e-17
1.18833e-17
1.8674e-18
2.80811e-19
4.04504e-20
5.58805e-21
7.41244e-22
9.45339e-23
1.16072e-23
1.37398e-24
1.57026e-25
1.73512e-26
1.85645e-27
1.92607e-28
1.94052e-29
1.90128e-30
1.8141e-31
1.68793e-32
1.53357e-33
1.36228e-34
1.18461e-35
1.0096e-36
8.44265e-38
6.93476e-39
5.60087e-40
4.45222e-41
3.48656e-42
2.69217e-43
2.05145e-44
1.54389e-45
1.14843e-46
8.57025e-48
6.75128e-49
5.62291e-50
4.94209e-51
4.55781e-52
4.37876e-53
4.3523e-54
4.45128e-55
4.66632e-56
5.00191e-57
5.47523e-58
6.11741e-59
6.97723e-60
8.12798e-61
9.67888e-62
1.17939e-62
1.47227e-63
1.88519e-64
2.47925e-65
3.35308e-66
4.6697e-67
6.70508e-68
9.9384e-69
1.5224e-69
2.41278e-70
3.9602e-71
6.73786e-72
1.18927e-72
2.17907e-73
4.1468e-74
8.19835e-75
1.68387e-75
3.59169e-76
7.9488e-77
1.82214e-77
4.31411e-78
1.05006e-78
2.60839e-79
6.53816e-80
1.62573e-80
3.90993e-81
8.76424e-82
1.73252e-82
2.77335e-83
3.14035e-84
2.00141e-85
3.61149e-87
1.41186e-89
5.06277e-92
1.41775e-94
2.88901e-97
5.56555e-100
7.02985e-103
7.61105e-106
4.81596e-109
1.69322e-112
2.47986e-116
2.41575e-21
7.40303e-18
9.16236e-15
4.21921e-12
8.07145e-10
7.13845e-08
3.09141e-06
6.71644e-05
0.000738602
0.0042594
0.0140465
0.0303434
0.0504881
0.070772
0.0878255
0.0992804
0.103966
0.10186
0.0938978
0.0816863
0.0671547
0.052191
0.0383366
0.0266012
0.0174242
0.0107654
0.00626834
0.00343626
0.0018102
0.000916882
0.000446537
0.000209076
9.40897e-05
4.06829e-05
1.68933e-05
6.73319e-06
2.57441e-06
9.43669e-07
3.31416e-07
1.11447e-07
3.58627e-08
1.1037e-08
3.24692e-09
9.12672e-10
2.45033e-10
6.28183e-11
1.53756e-11
3.59289e-12
8.01589e-13
1.70781e-13
3.47573e-14
6.76023e-15
1.25727e-15
2.23736e-16
3.81269e-17
6.22724e-18
9.75787e-19
1.46851e-19
2.12497e-20
2.96012e-21
3.97461e-22
5.15082e-23
6.45112e-24
7.81916e-25
9.18431e-26
1.04686e-26
1.15951e-27
1.24967e-28
1.31225e-29
1.34433e-30
1.34525e-31
1.31654e-32
1.26157e-33
1.18501e-34
1.09227e-35
9.88981e-37
8.8048e-38
7.71492e-39
6.65902e-40
5.66661e-41
4.75794e-42
3.9449e-43
3.23214e-44
2.62477e-45
2.17214e-46
1.83572e-47
1.58793e-48
1.40767e-49
1.27919e-50
1.19111e-51
1.13548e-52
1.1071e-53
1.10305e-54
1.12234e-55
1.1658e-56
1.23618e-57
1.33846e-58
1.48051e-59
1.67414e-60
1.93691e-61
2.29492e-62
2.78742e-63
3.47426e-64
4.4484e-65
5.85705e-66
7.93823e-67
1.10854e-67
1.59642e-68
2.37273e-69
3.64209e-70
5.77671e-71
9.47089e-72
1.60523e-72
2.81223e-73
5.0898e-74
9.50704e-75
1.82958e-75
3.61811e-76
7.32377e-77
1.50874e-77
3.13689e-78
6.50444e-79
1.32249e-79
2.57454e-80
4.64075e-81
7.38465e-82
9.67618e-83
9.41708e-84
5.80933e-85
1.65289e-86
1.04868e-88
4.43705e-91
1.49165e-93
3.68226e-96
8.63139e-99
1.32999e-101
1.76241e-104
1.37384e-107
6.02039e-111
1.11973e-114
3.72616e-19
5.6462e-16
3.57091e-13
9.45604e-11
1.14948e-08
6.96623e-07
2.18808e-05
0.000360089
0.0031087
0.0145859
0.0408382
0.0784536
0.119884
0.158114
0.1882
0.207302
0.214336
0.209648
0.194766
0.172128
0.144739
0.11573
0.0879034
0.0633546
0.0432795
0.027994
0.0171282
0.0099043
0.00549225
0.00292207
0.00149209
0.00073138
0.000344161
0.000155462
6.73998e-05
2.80386e-05
1.11887e-05
4.28125e-06
1.57021e-06
5.51771e-07
1.85694e-07
5.98284e-08
1.84472e-08
5.44173e-09
1.53541e-09
4.14304e-10
1.06903e-10
2.63783e-11
6.225e-12
1.40529e-12
3.03576e-13
6.27826e-14
1.2437e-14
2.36145e-15
4.30085e-16
7.51979e-17
1.26339e-17
2.04166e-18
3.17697e-19
4.76557e-20
6.8993e-21
9.65188e-22
1.30642e-22
1.71304e-23
2.17882e-24
2.69157e-25
3.23348e-26
3.78239e-27
4.31349e-28
4.80161e-29
5.22336e-30
5.55925e-31
5.79511e-32
5.92311e-33
5.94183e-34
5.85595e-35
5.67523e-36
5.41332e-37
5.08634e-38
4.71147e-39
4.30577e-40
3.88515e-41
3.46361e-42
3.05282e-43
2.69884e-44
2.39875e-45
2.14731e-46
1.93925e-47
1.76954e-48
1.63359e-49
1.52748e-50
1.44805e-51
1.39293e-52
1.36066e-53
1.35069e-54
1.36351e-55
1.40078e-56
1.46566e-57
1.56318e-58
1.70087e-59
1.88982e-60
2.14619e-61
2.49362e-62
2.96702e-63
3.61864e-64
4.52782e-65
5.81719e-66
7.67961e-67
1.04242e-67
1.45561e-68
2.09161e-69
3.09317e-70
4.70703e-71
7.36712e-72
1.18482e-72
1.9551e-73
3.30276e-74
5.69353e-75
9.97033e-76
1.76245e-76
3.11757e-77
5.45283e-78
9.27846e-79
1.50249e-79
2.24718e-80
2.97978e-81
3.31018e-82
2.84733e-83
1.69773e-84
5.89918e-86
8.29993e-88
4.00998e-90
1.56665e-92
4.54523e-95
1.26145e-97
2.31507e-100
3.67769e-103
3.46942e-106
1.86668e-109
4.36034e-113
4.97044e-17
3.64182e-14
1.15163e-11
1.73122e-09
1.32829e-07
5.50165e-06
0.000125361
0.00156611
0.0106534
0.0408761
0.0977266
0.167568
0.235848
0.29337
0.335529
0.360513
0.368138
0.359351
0.336085
0.301228
0.25848
0.212006
0.165914
0.123671
0.0876652
0.0590169
0.0376902
0.0228249
0.013227
0.00733806
0.00389954
0.00198587
0.000969478
0.0004538
0.000203694
8.76774e-05
3.61881e-05
1.43206e-05
5.43252e-06
1.97516e-06
6.88133e-07
2.2968e-07
7.34303e-08
2.24834e-08
6.59235e-09
1.85092e-09
4.97644e-10
1.28138e-10
3.16041e-11
7.46858e-12
1.6917e-12
3.67448e-13
7.65775e-14
1.5322e-14
2.9455e-15
5.44481e-16
9.68664e-17
1.66015e-17
2.74375e-18
4.37758e-19
6.74988e-20
1.007e-20
1.45528e-21
2.03969e-22
2.77589e-23
3.67266e-24
4.72955e-25
5.93512e-26
7.26629e-27
8.68884e-28
1.01591e-28
1.16266e-29
1.3038e-30
1.43402e-31
1.54846e-32
1.64303e-33
1.71462e-34
1.76129e-35
1.78229e-36
1.77803e-37
1.74996e-38
1.70039e-39
1.63224e-40
1.54886e-41
1.4627e-42
1.37843e-43
1.2978e-44
1.22225e-45
1.15292e-46
1.09061e-47
1.03594e-48
9.89345e-50
9.51187e-51
9.21808e-52
9.01614e-53
8.91145e-54
8.91163e-55
9.02761e-56
9.27502e-57
9.6758e-58
1.02609e-58
1.10738e-59
1.21753e-60
1.36518e-61
1.56258e-62
1.82739e-63
2.1853e-64
2.67415e-65
3.35048e-66
4.29985e-67
5.65349e-68
7.61521e-69
1.05053e-69
1.48313e-70
2.14038e-71
3.15181e-72
4.72369e-73
7.17976e-74
1.10139e-74
1.69412e-75
2.59019e-76
3.89119e-77
5.65674e-78
7.79935e-79
9.93292e-80
1.12845e-80
1.09215e-81
8.47664e-83
4.87645e-84
1.86996e-85
4.08531e-87
3.77452e-89
1.6713e-91
5.56323e-94
1.78786e-96
3.8306e-99
7.16755e-102
8.05967e-105
5.25898e-108
1.53062e-111
5.44678e-15
2.13256e-12
3.20544e-10
2.6649e-08
1.27359e-06
3.58421e-05
0.000591755
0.00562238
0.0302583
0.0955158
0.196379
0.302143
0.39352
0.463528
0.511012
0.53672
0.541871
0.527891
0.496644
0.450761
0.393858
0.330463
0.265563
0.203909
0.149293
0.104052
0.0689444
0.0434411
0.0261314
0.0150164
0.00824933
0.00433506
0.00218038
0.00105009
0.000484439
0.000214132
9.07061e-05
3.68263e-05
1.43309e-05
5.34552e-06
1.91122e-06
6.54977e-07
2.15146e-07
6.77385e-08
2.04434e-08
5.91455e-09
1.64059e-09
4.36396e-10
1.11346e-10
2.72609e-11
6.40695e-12
1.44621e-12
3.13712e-13
6.54388e-14
1.3136e-14
2.53957e-15
4.73264e-16
8.50934e-17
1.47761e-17
2.48049e-18
4.02988e-19
6.34294e-20
9.68309e-21
1.43532e-21
2.06816e-22
2.90004e-23
3.9618e-24
5.27872e-25
6.86718e-26
8.73173e-27
1.08627e-27
1.32352e-28
1.58083e-29
1.85273e-30
2.13251e-31
2.41265e-32
2.68519e-33
2.9422e-34
3.1762e-35
3.38057e-36
3.54987e-37
3.68009e-38
3.76873e-39
3.8149e-40
3.82948e-41
3.82113e-42
3.79308e-43
3.74917e-44
3.69342e-45
3.62992e-46
3.56268e-47
3.49566e-48
3.43268e-49
3.37743e-50
3.33355e-51
3.30467e-52
3.29455e-53
3.30729e-54
3.34747e-55
3.42052e-56
3.53312e-57
3.69366e-58
3.91306e-59
4.20573e-60
4.59093e-61
5.09479e-62
5.75314e-63
6.61551e-64
7.75112e-65
9.25733e-66
1.12722e-66
1.39927e-67
1.77004e-68
2.27982e-69
2.98595e-70
3.96909e-71
5.34016e-72
7.24555e-73
9.86531e-74
1.33925e-74
1.79744e-75
2.35904e-76
2.98521e-77
3.57692e-78
3.96526e-79
3.94839e-80
3.40156e-81
2.41927e-82
1.34114e-83
5.40225e-85
1.44926e-86
2.30778e-88
1.8314e-90
6.86127e-93
2.50744e-95
6.16902e-98
1.33975e-100
1.77323e-103
1.38939e-106
5.01025e-110
3.0757e-13
7.5963e-11
7.35051e-09
3.53761e-07
1.03064e-05
0.000195305
0.00233107
0.0168786
0.0722309
0.189042
0.33732
0.469276
0.569497
0.639029
0.682226
0.702597
0.702383
0.683038
0.64584
0.592544
0.525923
0.450045
0.370053
0.291496
0.219409
0.157491
0.10764
0.0700739
0.043466
0.025705
0.0145041
0.0078144
0.00402299
0.00198033
0.000932646
0.000420443
0.000181507
7.50632e-05
2.97466e-05
1.12986e-05
4.11416e-06
1.43641e-06
4.80938e-07
1.54451e-07
4.75843e-08
1.40671e-08
3.99141e-09
1.08733e-09
2.84488e-10
7.15186e-11
1.72838e-11
4.01753e-12
8.98776e-13
1.93646e-13
4.02117e-14
8.0544e-15
1.55748e-15
2.91012e-16
5.25908e-17
9.20122e-18
1.56012e-18
2.5662e-19
4.09923e-20
6.36574e-21
9.6203e-22
1.41637e-22
2.03361e-23
2.85036e-24
3.90405e-25
5.23041e-26
6.86083e-27
8.81935e-28
1.112e-28
1.37641e-29
1.6739e-30
2.00167e-31
2.35537e-32
2.72928e-33
3.11642e-34
3.50888e-35
3.89818e-36
4.27559e-37
4.63254e-38
4.96109e-39
5.25982e-40
5.53119e-41
5.77285e-42
5.98396e-43
6.16486e-44
6.31702e-45
6.44304e-46
6.54645e-47
6.63169e-48
6.70396e-49
6.76912e-50
6.8337e-51
6.90473e-52
6.98992e-53
7.0977e-54
7.23738e-55
7.41938e-56
7.65576e-57
7.96065e-58
8.35113e-59
8.8481e-60
9.47783e-61
1.02736e-61
1.12781e-62
1.25468e-63
1.41516e-64
1.61865e-65
1.87734e-66
2.207e-67
2.62767e-68
3.16426e-69
3.84645e-70
4.70718e-71
5.77815e-72
7.08046e-73
8.60742e-74
1.02979e-74
1.20022e-75
1.34531e-76
1.42694e-77
1.40358e-78
1.24865e-79
9.74311e-81
6.42675e-82
3.43208e-83
1.4122e-84
4.23411e-86
8.68457e-88
1.13268e-89
8.62446e-92
3.53159e-94
9.84266e-97
2.45105e-99
3.77938e-102
3.52825e-105
1.57019e-108
1.03512e-11
1.65001e-09
1.09916e-07
3.72334e-06
7.15404e-05
0.000898572
0.00773193
0.0427923
0.146637
0.321518
0.50407
0.640858
0.731564
0.788251
0.819797
0.830898
0.823804
0.799556
0.758696
0.701942
0.630891
0.548588
0.45964
0.369732
0.284662
0.209274
0.14665
0.0979357
0.0622126
0.03761
0.0216537
0.0118831
0.00622116
0.00310974
0.00148537
0.000678452
0.000296526
0.000124084
4.97394e-05
1.91077e-05
7.03746e-06
2.48587e-06
8.42447e-07
2.74002e-07
8.5557e-08
2.56567e-08
7.39185e-09
2.04687e-09
5.45014e-10
1.39612e-10
3.4425e-11
8.17569e-12
1.87136e-12
4.13127e-13
8.80302e-14
1.81198e-14
3.60592e-15
6.944e-16
1.29519e-16
2.34207e-17
4.1099e-18
7.00577e-19
1.16119e-19
1.87332e-20
2.94448e-21
4.51359e-22
6.75423e-23
9.87607e-24
1.41238e-24
1.97732e-25
2.71231e-26
3.64848e-27
4.81671e-28
6.24597e-29
7.96141e-30
9.98245e-31
1.23209e-31
1.49795e-32
1.79505e-33
2.1215e-34
2.47429e-35
2.84931e-36
3.24145e-37
3.64481e-38
4.05427e-39
4.46743e-40
4.87897e-41
5.2841e-42
5.67847e-43
6.05843e-44
6.42121e-45
6.76499e-46
7.08905e-47
7.39382e-48
7.68093e-49
7.9532e-50
8.21463e-51
8.4704e-52
8.72685e-53
8.99148e-54
9.27304e-55
9.58154e-56
9.92842e-57
1.03268e-57
1.07918e-58
1.13408e-59
1.19943e-60
1.27761e-61
1.37142e-62
1.48414e-63
1.61956e-64
1.78203e-65
1.97631e-66
2.20736e-67
2.47976e-68
2.7967e-69
3.15825e-70
3.55871e-71
3.98293e-72
4.40178e-73
4.76802e-74
5.01502e-75
5.06272e-76
4.83551e-77
4.29366e-78
3.46993e-79
2.48852e-80
1.5377e-81
7.9173e-83
3.27365e-84
1.0448e-85
2.46858e-87
4.13315e-89
4.68642e-91
3.44113e-93
1.57728e-95
4.45946e-98
7.94467e-101
8.7829e-104
4.81086e-107
2.2831e-10
2.35725e-08
1.1304e-06
2.81001e-05
0.000402071
0.00353024
0.0217218
0.0923519
0.255973
0.47701
0.66789
0.786851
0.855028
0.893129
0.910897
0.911937
0.897662
0.868701
0.825225
0.767285
0.695477
0.61171
0.519662
0.424585
0.332456
0.24879
0.177581
0.120731
0.0779642
0.0478366
0.0279065
0.0154923
0.00819248
0.00413092
0.00198812
0.000914135
0.00040191
0.000169099
6.81333e-05
2.63065e-05
9.73883e-06
3.45877e-06
1.17903e-06
3.85944e-07
1.21373e-07
3.66881e-08
1.06645e-08
2.98256e-09
8.02979e-10
2.08225e-10
5.20407e-11
1.25434e-11
2.91777e-12
6.55502e-13
1.42338e-13
2.98983e-14
6.08022e-15
1.19818e-15
2.29008e-16
4.24914e-17
7.661e-18
1.34342e-18
2.29348e-19
3.81544e-20
6.1911e-21
9.80775e-22
1.51825e-22
2.2987e-23
3.4069e-24
4.94702e-25
7.04354e-26
9.84111e-27
1.35031e-27
1.82085e-28
2.41477e-29
3.15155e-30
4.05042e-31
5.12941e-32
6.40444e-33
7.88829e-34
9.58964e-35
1.15123e-35
1.36545e-36
1.60082e-37
1.85601e-38
2.13011e-39
2.42101e-40
2.72626e-41
3.04311e-42
3.36862e-43
3.69981e-44
4.03371e-45
4.36761e-46
4.69913e-47
5.02635e-48
5.34793e-49
5.66317e-50
5.97218e-51
6.27577e-52
6.57566e-53
6.87436e-54
7.17523e-55
7.48243e-56
7.80096e-57
8.13653e-58
8.49557e-59
8.88511e-60
9.31268e-61
9.78594e-62
1.03125e-62
1.08993e-63
1.15514e-64
1.2271e-65
1.30551e-66
1.38925e-67
1.476e-68
1.56177e-69
1.64036e-70
1.7029e-71
1.73781e-72
1.73145e-73
1.67006e-74
1.54326e-75
1.34908e-76
1.09881e-77
8.18935e-79
5.46862e-80
3.19425e-81
1.58901e-82
6.54086e-84
2.16137e-85
5.5572e-87
1.07692e-88
1.52274e-90
1.51974e-92
1.03431e-94
4.62274e-97
1.29194e-99
2.06514e-102
1.46534e-105
3.5451e-09
2.55483e-07
8.35088e-06
0.000156773
0.00171771
0.0116835
0.0520956
0.17088
0.388803
0.627997
0.801809
0.889946
0.932875
0.954086
0.960201
0.952196
0.930559
0.896038
0.849137
0.789894
0.718385
0.635616
0.544283
0.448897
0.355132
0.268649
0.193891
0.133086
0.0866634
0.0535462
0.0314111
0.0175106
0.00928673
0.00469113
0.00225974
0.0010392
0.000456742
0.000192043
7.73173e-05
2.98305e-05
1.10377e-05
3.91943e-06
1.33652e-06
4.37922e-07
1.37956e-07
4.18075e-08
1.21952e-08
3.42608e-09
9.27568e-10
2.42163e-10
6.10058e-11
1.48401e-11
3.48836e-12
7.92967e-13
1.74455e-13
3.7176e-14
7.68003e-15
1.53943e-15
2.99669e-16
5.67018e-17
1.04381e-17
1.87115e-18
3.26931e-19
5.57255e-20
9.27445e-21
1.50848e-21
2.39984e-22
3.73747e-23
5.7027e-24
8.53163e-25
1.25246e-25
1.80547e-26
2.55754e-27
3.56246e-28
4.88263e-29
6.58871e-30
8.75886e-31
1.14772e-31
1.48321e-32
1.89131e-33
2.38086e-34
2.96014e-35
3.63659e-36
4.41634e-37
5.30372e-38
6.30224e-39
7.41263e-40
8.63351e-41
9.96121e-42
1.13898e-42
1.29112e-43
1.45156e-44
1.61915e-45
1.79263e-46
1.9707e-47
2.15204e-48
2.33539e-49
2.51959e-50
2.70363e-51
2.88668e-52
3.06816e-53
3.2477e-54
3.42518e-55
3.60071e-56
3.77457e-57
3.94717e-58
4.11895e-59
4.29025e-60
4.46114e-61
4.63121e-62
4.79927e-63
4.96299e-64
5.11847e-65
5.25974e-66
5.37819e-67
5.46215e-68
5.49655e-69
5.46319e-70
5.34177e-71
5.11231e-72
4.75907e-73
4.27631e-74
3.67467e-75
2.98624e-76
2.2649e-77
1.57865e-78
9.93432e-80
5.53281e-81
2.66812e-82
1.08828e-83
3.66347e-85
9.92336e-87
2.1073e-88
3.41437e-90
4.09972e-92
3.52882e-94
2.08822e-96
7.99185e-99
1.77186e-101
1.72426e-104
3.66155e-08
1.93809e-06
4.59982e-05
0.000666713
0.00570899
0.0306707
0.108658
0.273267
0.521317
0.748801
0.893379
0.950528
0.973506
0.983352
0.981146
0.964947
0.934969
0.892919
0.84037
0.777974
0.705778
0.624239
0.53523
0.442463
0.351036
0.266328
0.192744
0.13235
0.0861306
0.0531266
0.0310786
0.0172601
0.00911154
0.00457817
0.00219246
0.00100203
0.000437611
0.000182831
7.31519e-05
2.80565e-05
1.03242e-05
3.64787e-06
1.23853e-06
4.04357e-07
1.27028e-07
3.84235e-08
1.11979e-08
3.14625e-09
8.52828e-10
2.23168e-10
5.64166e-11
1.37881e-11
3.26022e-12
7.46405e-13
1.6559e-13
3.56274e-14
7.44029e-15
1.50947e-15
2.97759e-16
5.716e-17
1.06878e-17
1.94819e-18
3.46499e-19
6.01827e-20
1.02167e-20
1.69658e-21
2.75815e-22
4.39321e-23
6.86114e-24
1.05143e-24
1.58213e-25
2.33927e-26
3.40073e-27
4.86398e-28
6.84853e-29
9.49807e-30
1.2982e-30
1.74959e-31
2.32614e-32
3.0524e-33
3.95498e-34
5.0621e-35
6.40283e-36
8.00639e-37
9.90104e-38
1.21122e-38
1.46626e-39
1.75711e-40
2.08511e-41
2.45101e-42
2.85485e-43
3.29596e-44
3.77288e-45
4.2834e-46
4.82456e-47
5.39276e-48
5.98378e-49
6.59294e-50
7.2152e-51
7.84521e-52
8.47757e-53
9.10673e-54
9.72718e-55
1.03335e-55
1.09201e-56
1.14813e-57
1.20113e-58
1.25035e-59
1.29505e-60
1.33436e-61
1.36722e-62
1.39235e-63
1.40819e-64
1.4129e-65
1.40431e-66
1.38008e-67
1.33774e-68
1.27508e-69
1.19052e-70
1.08373e-71
9.56275e-73
8.12262e-74
6.58625e-75
5.04799e-76
3.61512e-77
2.38706e-78
1.43143e-79
7.66517e-81
3.59855e-82
1.4522e-83
4.93402e-85
1.38105e-86
3.11261e-88
5.51154e-90
7.45886e-92
7.46348e-94
5.28534e-96
2.48048e-98
6.85895e-101
8.38373e-104
2.77021e-07
1.12225e-05
0.000202505
0.00222409
0.015166
0.0655714
0.189464
0.388257
0.628564
0.827966
0.946675
0.980418
0.991092
0.994941
0.986624
0.961844
0.921575
0.86936
0.808447
0.740498
0.665855
0.584698
0.498299
0.409655
0.323188
0.243704
0.174927
0.11895
0.0766077
0.0467333
0.0270236
0.0148292
0.00773306
0.00383788
0.00181547
0.000819749
0.000353801
0.000146142
5.78399e-05
2.19571e-05
8.00258e-06
2.80267e-06
9.43951e-07
3.05979e-07
9.55231e-08
2.87412e-08
8.3402e-09
2.33573e-09
6.31743e-10
1.65135e-10
4.17477e-11
1.02151e-11
2.42101e-12
5.56212e-13
1.23971e-13
2.68282e-14
5.64177e-15
1.15387e-15
2.29715e-16
4.45531e-17
8.42542e-18
1.55489e-18
2.80259e-19
4.93777e-20
8.51066e-21
1.43614e-21
2.37444e-22
3.84929e-23
6.123e-24
9.56337e-25
1.4676e-25
2.21427e-26
3.28656e-27
4.80167e-28
6.90911e-29
9.79621e-30
1.36935e-30
1.88799e-31
2.56867e-32
3.45003e-33
4.57634e-34
5.99742e-35
7.76815e-36
9.94782e-37
1.25991e-37
1.57844e-38
1.95664e-39
2.40059e-40
2.91587e-41
3.50737e-42
4.17899e-43
4.93339e-44
5.77175e-45
6.69362e-46
7.69662e-47
8.77646e-48
9.92674e-49
1.1139e-49
1.24028e-50
1.37057e-51
1.50332e-52
1.63692e-53
1.76961e-54
1.89946e-55
2.02441e-56
2.14228e-57
2.25073e-58
2.3473e-59
2.42936e-60
2.49417e-61
2.53883e-62
2.56033e-63
2.5556e-64
2.52167e-65
2.45582e-66
2.3559e-67
2.22076e-68
2.05078e-69
1.84842e-70
1.61884e-71
1.37024e-72
1.11377e-73
8.6284e-75
6.31478e-76
4.32165e-77
2.73365e-78
1.57739e-79
8.18318e-81
3.75666e-82
1.50025e-83
5.11799e-85
1.4628e-86
3.43026e-88
6.44831e-90
9.45883e-92
1.04711e-93
8.36178e-96
4.49832e-98
1.44338e-100
2.06109e-103
1.53576e-06
4.93242e-05
0.000702925
0.00597075
0.033019
0.117085
0.282265
0.496107
0.699071
0.869989
0.974359
0.993085
0.997452
0.998723
0.984764
0.949755
0.896584
0.831474
0.759761
0.684282
0.605754
0.524206
0.440459
0.356907
0.277277
0.205613
0.144443
0.0961463
0.0606123
0.0362023
0.020505
0.0110278
0.00563994
0.00274723
0.00127653
0.00056667
0.000240658
9.79028e-05
3.81965e-05
1.43069e-05
5.14968e-06
1.78282e-06
5.94134e-07
1.90741e-07
5.90341e-08
1.76268e-08
5.08109e-09
1.41502e-09
3.80971e-10
9.92341e-11
2.50257e-11
6.11495e-12
1.44882e-12
3.33113e-13
7.43821e-14
1.61435e-14
3.40829e-15
7.00552e-16
1.40304e-16
2.74022e-17
5.22325e-18
9.72497e-19
1.77001e-19
3.15169e-20
5.49442e-21
9.38505e-22
1.57181e-22
2.58294e-23
4.16749e-24
6.60629e-25
1.02952e-25
1.57819e-26
2.38112e-27
3.53777e-28
5.17879e-29
7.47285e-30
1.06342e-30
1.49303e-31
2.069e-32
2.83105e-33
3.82638e-34
5.11017e-35
6.74575e-36
8.80458e-37
1.13658e-37
1.4514e-38
1.83383e-39
2.2931e-40
2.83844e-41
3.47875e-42
4.22226e-43
5.0761e-44
6.04587e-45
7.13518e-46
8.34521e-47
9.67427e-48
1.11174e-48
1.26662e-49
1.43082e-50
1.6027e-51
1.7802e-52
1.96085e-53
2.14177e-54
2.31969e-55
2.49099e-56
2.6517e-57
2.79762e-58
2.9243e-59
3.02717e-60
3.10164e-61
3.14324e-62
3.1478e-63
3.1117e-64
3.03214e-65
2.90756e-66
2.73806e-67
2.52585e-68
2.27572e-69
1.99534e-70
1.69528e-71
1.38867e-72
1.09022e-73
8.14667e-75
5.74815e-76
3.79476e-77
2.31984e-78
1.29811e-79
6.56417e-81
2.95786e-82
1.16979e-83
3.99427e-85
1.1567e-86
2.78549e-88
5.45432e-90
8.45556e-92
1.0033e-93
8.69987e-96
5.13889e-98
1.82573e-100
2.90027e-103
6.26925e-06
0.000164957
0.0019214
0.0132161
0.0603534
0.179097
0.368952
0.573015
0.741508
0.887152
0.988383
0.997874
0.999397
0.999739
0.979276
0.931515
0.862552
0.78211
0.697893
0.613861
0.530978
0.449065
0.368537
0.291242
0.220178
0.158452
0.107464
0.0690908
0.0421239
0.0243759
0.0134037
0.00701293
0.00349627
0.00166329
0.000756138
0.000328919
0.00013708
5.47983e-05
2.10342e-05
7.76033e-06
2.75434e-06
9.41247e-07
3.0994e-07
9.84153e-08
3.0156e-08
8.92313e-09
2.55151e-09
7.05535e-10
1.88796e-10
4.89249e-11
1.22871e-11
2.99283e-12
7.07547e-13
1.62484e-13
3.62733e-14
7.87832e-15
1.6661e-15
3.4335e-16
6.90068e-17
1.35367e-17
2.59386e-18
4.85878e-19
8.90411e-20
1.59757e-20
2.80837e-21
4.84037e-22
8.18522e-23
1.35892e-23
2.21641e-24
3.5535e-25
5.60361e-26
8.69609e-27
1.32878e-27
2.0002e-28
2.96751e-29
4.34111e-30
6.26448e-31
8.9211e-32
1.2542e-32
1.74133e-33
2.38841e-34
3.23731e-35
4.3375e-36
5.74635e-37
7.52931e-38
9.75994e-39
1.25183e-39
1.58903e-40
1.9966e-41
2.48368e-42
3.05927e-43
3.7318e-44
4.50874e-45
5.39611e-46
6.39789e-47
7.51555e-48
8.74746e-49
1.00883e-49
1.15287e-50
1.30547e-51
1.46475e-52
1.62831e-53
1.79324e-54
1.95616e-55
2.11318e-56
2.26002e-57
2.3921e-58
2.50462e-59
2.59271e-60
2.65166e-61
2.67712e-62
2.66537e-63
2.61367e-64
2.52061e-65
2.38642e-66
2.21337e-67
2.00601e-68
1.7713e-69
1.51847e-70
1.25861e-71
1.00385e-72
7.6616e-74
5.55992e-75
3.80833e-76
2.4418e-77
1.45189e-78
7.92282e-80
3.92228e-81
1.73947e-82
6.81552e-84
2.32383e-85
6.78033e-87
1.66126e-88
3.34368e-90
5.38329e-92
6.69986e-94
6.14903e-96
3.87385e-98
1.47622e-100
2.52303e-103
1.97764e-05
0.000440648
0.00433849
0.0250409
0.0947977
0.240667
0.435023
0.616484
0.762131
0.891628
0.995811
0.999511
0.999894
0.999959
0.971338
0.907773
0.8201
0.722412
0.62494
0.532518
0.446044
0.364923
0.289086
0.219787
0.159173
0.108928
0.0701415
0.0429502
0.0250457
0.0139249
0.00738879
0.00374509
0.00181488
0.000841648
0.000373874
0.000159241
6.50929e-05
2.55603e-05
9.65024e-06
3.50602e-06
1.22671e-06
4.1367e-07
1.34545e-07
4.22368e-08
1.28064e-08
3.75305e-09
1.06379e-09
2.91846e-10
7.75505e-11
1.99739e-11
4.99012e-12
1.21019e-12
2.85114e-13
6.53052e-14
1.45538e-14
3.15827e-15
6.67895e-16
1.37751e-16
2.77299e-17
5.45264e-18
1.0481e-18
1.97089e-19
3.62833e-20
6.544e-21
1.15711e-21
2.00723e-22
3.41812e-23
5.71768e-24
9.40055e-25
1.51997e-25
2.41826e-26
3.78777e-27
5.84372e-28
8.8843e-29
1.33161e-29
1.96849e-30
2.87118e-31
4.13352e-32
5.87575e-33
8.24956e-34
1.14434e-34
1.56876e-35
2.12594e-36
2.84872e-37
3.77526e-38
4.94989e-39
6.42233e-40
8.24713e-41
1.0483e-41
1.31917e-42
1.64359e-43
2.02772e-44
2.47732e-45
2.99739e-46
3.59183e-47
4.26296e-48
5.01111e-49
5.83414e-50
6.72701e-51
7.68136e-52
8.68516e-53
9.72249e-54
1.07734e-54
1.1814e-55
1.28167e-56
1.37509e-57
1.45833e-58
1.52797e-59
1.58056e-60
1.61289e-61
1.62212e-62
1.60603e-63
1.56329e-64
1.49369e-65
1.39835e-66
1.27986e-67
1.14236e-68
9.91414e-70
8.33744e-71
6.76728e-72
5.27732e-73
3.93327e-74
2.78509e-75
1.86088e-76
1.16432e-77
6.76353e-79
3.6131e-80
1.75631e-81
7.67845e-83
2.98065e-84
1.01279e-85
2.96443e-87
7.33849e-89
1.5035e-90
2.48231e-92
3.19064e-94
3.04364e-96
2.00359e-98
8.00862e-101
1.43847e-103
4.85591e-05
0.000946683
0.00813064
0.0406653
0.13074
0.290797
0.474133
0.631964
0.765749
0.893086
0.999436
0.999954
0.999993
0.999998
0.96109
0.878328
0.76917
0.653018
0.542646
0.443315
0.355346
0.277386
0.208678
0.149701
0.101507
0.0637248
0.0382745
0.0220772
0.0122468
0.00653225
0.0033475
0.00164691
0.000777588
0.000352338
0.000153264
6.40357e-05
2.57148e-05
9.93199e-06
3.69228e-06
1.32213e-06
4.56343e-07
1.51932e-07
4.88257e-08
1.51562e-08
4.54754e-09
1.31979e-09
3.70751e-10
1.00881e-10
2.66076e-11
6.80745e-12
1.69071e-12
4.0793e-13
9.569e-14
2.18396e-14
4.85354e-15
1.0511e-15
2.21993e-16
4.57591e-17
9.21279e-18
1.81304e-18
3.49018e-19
6.57698e-20
1.21409e-20
2.19695e-21
3.8996e-22
6.79409e-23
1.16258e-23
1.95501e-24
3.23264e-25
5.25875e-26
8.4207e-27
1.3279e-27
2.06317e-28
3.15972e-29
4.77182e-30
7.10905e-31
1.04517e-31
1.51691e-32
2.17404e-33
3.07782e-34
4.30528e-35
5.95192e-36
8.13413e-37
1.09915e-37
1.46887e-38
1.94207e-39
2.54129e-40
3.29152e-41
4.22021e-42
5.35678e-43
6.73186e-44
8.37631e-45
1.03199e-45
1.25895e-46
1.52075e-47
1.81892e-48
2.15405e-49
2.52556e-50
2.93139e-51
3.36781e-52
3.82916e-53
4.30776e-54
4.79373e-55
5.27513e-56
5.73802e-57
6.16684e-58
6.5448e-59
6.85465e-60
7.07946e-61
7.20373e-62
7.2145e-63
7.10269e-64
6.86429e-65
6.50153e-66
6.02365e-67
5.44722e-68
4.79581e-69
4.09876e-70
3.38916e-71
2.70094e-72
2.06546e-73
1.50812e-74
1.04549e-75
6.83766e-77
4.18889e-78
2.38469e-79
1.25042e-80
5.97979e-82
2.5798e-83
9.91918e-85
3.35303e-86
9.81163e-88
2.44106e-89
5.05367e-91
8.47685e-93
1.1126e-94
1.0887e-96
7.37883e-99
3.0445e-101
5.65112e-104
9.25025e-05
0.00163247
0.0126157
0.0563564
0.161353
0.322311
0.487062
0.627072
0.759108
0.893504
0.999996
0.999998
0.999998
0.999999
0.948377
0.842765
0.709634
0.574708
0.453112
0.349797
0.263788
0.192478
0.134091
0.0879957
0.0537884
0.0302772
0.0166453
0.00899356
0.00476276
0.00245628
0.00122625
0.000590214
0.000273294
0.000121635
5.20301e-05
2.13966e-05
8.46371e-06
3.22237e-06
1.18163e-06
4.1762e-07
1.42355e-07
4.68339e-08
1.48813e-08
4.57004e-09
1.35737e-09
3.90195e-10
1.08638e-10
2.93165e-11
7.67345e-12
1.94958e-12
4.81157e-13
1.15441e-13
2.6946e-14
6.12378e-15
1.35604e-15
2.9281e-16
6.1701e-17
1.26975e-17
2.55382e-18
5.0237e-19
9.67234e-20
1.82396e-20
3.37113e-21
6.11074e-22
1.08704e-22
1.89891e-23
3.25924e-24
5.4996e-25
9.12811e-26
1.49104e-26
2.39809e-27
3.79936e-28
5.93217e-29
9.13174e-30
1.38643e-30
2.07684e-31
3.07056e-32
4.48209e-33
6.46123e-34
9.2012e-35
1.29471e-35
1.80055e-36
2.47531e-37
3.36456e-38
4.52246e-39
6.01394e-40
7.91632e-41
1.03156e-41
1.33075e-42
1.6996e-43
2.14911e-44
2.69052e-45
3.33489e-46
4.09245e-47
4.97194e-48
5.97972e-49
7.11885e-50
8.38808e-51
9.78076e-52
1.12839e-52
1.28774e-53
1.4533e-54
1.62145e-55
1.78774e-56
1.94698e-57
2.09337e-58
2.2207e-59
2.32264e-60
2.39312e-61
2.42671e-62
2.41916e-63
2.36782e-64
2.27213e-65
2.13398e-66
1.95784e-67
1.7508e-68
1.5222e-69
1.28299e-70
1.0449e-71
8.19222e-73
6.15705e-74
4.41487e-75
3.00405e-76
1.92808e-77
1.15944e-78
6.48362e-80
3.34347e-81
1.57524e-82
6.71059e-84
2.55497e-85
8.5803e-87
2.5035e-88
6.23465e-90
1.29719e-91
2.19534e-93
2.91793e-95
2.9008e-97
2.00261e-99
8.43105e-102
1.59782e-104
0.000138877
0.00230689
0.0166234
0.0686186
0.180876
0.332626
0.477686
0.607266
0.744855
0.891009
0.999999
1
0.999998
0.999997
0.933005
0.800656
0.641536
0.488727
0.359181
0.256392
0.177084
0.116733
0.0720655
0.0408604
0.0204296
0.0101191
0.0052128
0.00274268
0.00143544
0.000733775
0.000362828
0.000172753
7.90566e-05
3.4756e-05
1.46821e-05
5.96264e-06
2.32951e-06
8.76151e-07
3.17467e-07
1.10902e-07
3.73778e-08
1.21629e-08
3.82401e-09
1.16246e-09
3.41923e-10
9.73843e-11
2.68771e-11
7.19342e-12
1.86841e-12
4.7133e-13
1.15565e-13
2.75618e-14
6.39892e-15
1.44729e-15
3.19144e-16
6.86641e-17
1.4425e-17
2.96115e-18
5.94411e-19
1.16762e-19
2.24597e-20
4.23344e-21
7.82441e-22
1.41891e-22
2.5262e-23
4.4182e-24
7.59504e-25
1.28398e-25
2.13574e-26
3.49714e-27
5.63967e-28
8.96102e-29
1.40347e-29
2.16752e-30
3.3021e-31
4.96402e-32
7.36599e-33
1.07922e-33
1.56167e-34
2.23242e-35
3.15332e-36
4.40209e-37
6.07474e-38
8.28791e-39
1.11808e-39
1.49208e-40
1.97141e-41
2.57887e-42
3.34011e-43
4.2832e-44
5.43813e-45
6.83585e-46
8.50707e-47
1.04806e-47
1.27813e-48
1.54278e-49
1.84296e-50
2.1784e-51
2.54735e-52
2.94622e-53
3.36938e-54
3.8089e-55
4.25453e-56
4.6937e-57
5.11174e-58
5.49233e-59
5.81815e-60
6.07178e-61
6.23684e-62
6.29922e-63
6.24853e-64
6.0794e-65
5.79266e-66
5.39614e-67
4.90483e-68
4.34047e-69
3.73016e-70
3.10426e-71
2.49362e-72
1.92649e-73
1.42557e-74
1.0058e-75
6.73123e-77
4.24859e-78
2.5129e-79
1.38286e-80
7.02407e-82
3.26394e-83
1.37376e-84
5.17845e-86
1.72601e-87
5.01171e-89
1.24566e-90
2.59425e-92
4.40733e-94
5.89625e-96
5.91364e-98
4.12632e-100
1.75784e-102
3.37203e-105
0.000164243
0.00268289
0.0187416
0.0740486
0.185574
0.322308
0.449835
0.575209
0.723498
0.88528
0.999996
0.999997
0.999998
0.999996
0.914788
0.751585
0.565172
0.396989
0.264711
0.168613
0.101734
0.0567563
0.028319
0.0121564
0.00454442
0.00214411
0.00116158
0.000640934
0.000344232
0.000177798
8.80313e-05
4.17531e-05
1.89775e-05
8.27223e-06
3.46136e-06
1.39161e-06
5.38071e-07
2.0026e-07
7.1804e-08
2.48227e-08
8.28013e-09
2.66716e-09
8.30266e-10
2.49964e-10
7.28397e-11
2.05602e-11
5.6259e-12
1.49349e-12
3.84941e-13
9.64079e-14
2.34798e-14
5.56517e-15
1.2847e-15
2.89068e-16
6.3446e-17
1.35938e-17
2.84533e-18
5.82235e-19
1.16559e-19
2.28443e-20
4.38618e-21
8.25577e-22
1.52429e-22
2.76235e-23
4.9164e-24
8.59841e-25
1.47851e-25
2.50084e-26
4.16312e-27
6.82373e-28
1.10176e-28
1.75304e-29
2.74983e-30
4.25394e-31
6.49222e-32
9.77804e-33
1.45377e-33
2.13424e-34
3.09461e-35
4.43284e-36
6.27426e-37
8.7766e-38
1.21352e-38
1.65876e-39
2.24176e-40
2.99651e-41
3.96639e-42
5.19899e-43
6.74799e-44
8.67252e-45
1.1036e-45
1.39043e-46
1.73429e-47
2.14135e-48
2.61697e-49
3.16512e-50
3.78784e-51
4.48452e-52
5.25122e-53
6.08004e-54
6.95852e-55
7.86919e-56
8.78946e-57
9.69173e-58
1.0544e-58
1.13109e-59
1.19552e-60
1.24403e-61
1.27323e-62
1.28032e-63
1.26342e-64
1.22177e-65
1.15605e-66
1.06843e-67
9.62591e-69
8.43518e-70
7.17159e-71
5.89902e-72
4.67965e-73
3.56757e-74
2.60334e-75
1.81034e-76
1.19371e-77
7.4225e-79
4.32542e-80
2.34611e-81
1.17536e-82
5.39224e-84
2.24354e-85
8.37344e-87
2.76827e-88
7.98874e-90
1.97757e-91
4.11072e-93
6.98494e-95
9.36454e-97
9.4279e-99
6.61203e-101
2.83336e-103
5.46789e-106
0.000149276
0.0025184
0.0177874
0.0697359
0.171385
0.293263
0.405993
0.531443
0.694395
0.876193
1
1
0.999998
1
0.893536
0.695087
0.481148
0.302281
0.174799
0.0930242
0.0444446
0.0178688
0.00548234
0.00103336
0.000485518
0.000334197
0.000209411
0.000123961
6.87904e-05
3.59419e-05
1.77749e-05
8.41348e-06
3.80491e-06
1.64727e-06
6.83836e-07
2.72577e-07
1.04445e-07
3.85127e-08
1.36789e-08
4.68388e-09
1.54754e-09
4.93763e-10
1.52265e-10
4.54193e-11
1.31162e-11
3.66998e-12
9.95783e-13
2.6222e-13
6.70686e-14
1.66754e-14
4.03352e-15
9.49918e-16
2.17984e-16
4.87787e-17
1.06522e-17
2.2718e-18
4.7353e-19
9.65339e-20
1.92606e-20
3.76367e-21
7.20762e-22
1.35359e-22
2.49437e-23
4.51307e-24
8.02166e-25
1.40143e-25
2.4078e-26
4.07024e-27
6.77294e-28
1.10989e-28
1.79191e-29
2.85134e-30
4.47348e-31
6.92237e-32
1.05686e-32
1.59244e-33
2.36873e-34
3.47926e-35
5.04749e-36
7.23394e-37
1.0244e-37
1.4336e-38
1.98296e-39
2.71134e-40
3.665e-41
4.89889e-42
6.48587e-43
8.50471e-44
1.10445e-44
1.42034e-45
1.80871e-46
2.2805e-47
2.84663e-48
3.51734e-49
4.30146e-50
5.20546e-51
6.23243e-52
7.38088e-53
8.6436e-54
1.00065e-54
1.14476e-55
1.29365e-56
1.4434e-57
1.58926e-58
1.72576e-59
1.84691e-60
1.94652e-61
2.01855e-62
2.05761e-63
2.05942e-64
2.02136e-65
1.94289e-66
1.82589e-67
1.67475e-68
1.49627e-69
1.29924e-70
1.09371e-71
8.90089e-73
6.98121e-74
5.25872e-75
3.78961e-76
2.60131e-77
1.69269e-78
1.03854e-79
5.97206e-81
3.19733e-82
1.58187e-83
7.172e-85
2.95179e-86
1.09101e-87
3.57667e-89
1.02498e-90
2.52351e-92
5.22518e-94
8.85753e-96
1.18634e-97
1.19464e-99
8.38812e-102
3.60061e-104
6.96079e-107
9.98347e-05
0.00184142
0.0138283
0.0562928
0.141377
0.247602
0.34731
0.475174
0.656131
0.863336
0.999997
1
1
0.999998
0.86899
0.630519
0.390463
0.208585
0.0959651
0.036727
0.0104933
0.00128712
4.3387e-06
4.22619e-05
5.56781e-05
4.88576e-05
3.40034e-05
2.11793e-05
1.20411e-05
6.34997e-06
3.14147e-06
1.47825e-06
6.61493e-07
2.82312e-07
1.14892e-07
4.47398e-08
1.70005e-08
6.21568e-09
2.18854e-09
7.42785e-10
2.43222e-10
7.69061e-11
2.3503e-11
6.94839e-12
1.989e-12
5.51776e-13
1.48473e-13
3.87849e-14
9.84416e-15
2.4297e-15
5.83634e-16
1.3655e-16
3.11422e-17
6.92861e-18
1.50492e-18
3.19356e-19
6.62588e-20
1.34501e-20
2.67309e-21
5.20476e-22
9.93486e-23
1.86023e-23
3.41878e-24
6.17053e-25
1.09436e-25
1.90811e-26
3.27246e-27
5.52299e-28
9.17697e-29
1.50187e-29
2.42186e-30
3.84955e-31
6.03353e-32
9.32774e-33
1.42285e-33
2.14212e-34
3.1838e-35
4.67271e-36
6.77344e-37
9.69953e-38
1.37237e-38
1.91881e-39
2.65151e-40
3.62157e-41
4.88962e-42
6.52645e-43
8.63031e-44
1.13052e-44
1.46687e-45
1.88505e-46
2.39894e-47
3.02293e-48
3.77129e-49
4.6573e-50
5.69224e-51
6.88414e-52
8.23629e-53
9.74577e-54
1.14017e-54
1.3184e-55
1.50619e-56
1.69931e-57
1.8924e-58
2.07901e-59
2.25177e-60
2.40274e-61
2.52379e-62
2.60717e-63
2.64615e-64
2.63567e-65
2.57303e-66
2.45839e-67
2.29517e-68
2.09007e-69
1.85276e-70
1.59522e-71
1.33071e-72
1.07253e-73
8.32646e-75
6.205e-76
4.42181e-77
3.00049e-78
1.92962e-79
1.16994e-80
6.64853e-82
3.51829e-83
1.72112e-84
7.71964e-86
3.1452e-87
1.15172e-88
3.74417e-90
1.06511e-91
2.60584e-93
5.3676e-95
9.06131e-97
1.20982e-98
1.21553e-100
8.52144e-103
3.6537e-105
7.05574e-108
4.60817e-05
0.000988918
0.00834242
0.0370509
0.0994599
0.187055
0.274195
0.404824
0.606533
0.845997
0.999997
1
1
0.999998
0.840729
0.556897
0.294762
0.121618
0.0360591
0.00556752
8.5945e-08
1.77248e-07
9.64992e-07
4.13468e-06
6.84558e-06
6.70219e-06
4.95291e-06
3.18026e-06
1.83374e-06
9.71142e-07
4.79521e-07
2.24117e-07
9.92329e-08
4.17692e-08
1.67191e-08
6.38885e-09
2.37635e-09
8.4188e-10
2.92003e-10
9.82647e-11
3.1904e-11
1.00013e-11
3.02999e-12
8.88019e-13
2.52017e-13
6.9324e-14
1.85006e-14
4.79439e-15
1.20755e-15
2.95851e-16
7.05671e-17
1.63998e-17
3.7165e-18
8.21899e-19
1.7751e-19
3.74682e-20
7.73484e-21
1.56274e-21
3.09217e-22
5.99594e-23
1.1401e-23
2.12704e-24
3.89592e-25
7.00943e-26
1.23943e-26
2.155e-27
3.68609e-28
6.20547e-29
1.02863e-29
1.67958e-30
2.70249e-31
4.28652e-32
6.7046e-33
1.03444e-33
1.57481e-34
2.36625e-35
3.51006e-36
5.14147e-37
7.43821e-38
1.06301e-38
1.50095e-39
2.09418e-40
2.88752e-41
3.93496e-42
5.30011e-43
7.05624e-44
9.30838e-45
1.21664e-45
1.57536e-46
2.02057e-47
2.56673e-48
3.22874e-49
4.02124e-50
4.95769e-51
6.04929e-52
7.30357e-53
8.72287e-54
1.03027e-54
1.20301e-55
1.3882e-56
1.58242e-57
1.78104e-58
1.97823e-59
2.1671e-60
2.33986e-61
2.48819e-62
2.60375e-63
2.67873e-64
2.70658e-65
2.68266e-66
2.60494e-67
2.47448e-68
2.29574e-69
2.07649e-70
1.82741e-71
1.56125e-72
1.2917e-73
1.03208e-74
7.93951e-76
5.86055e-77
4.13537e-78
2.77785e-79
1.7681e-80
1.06091e-81
5.96656e-83
3.12511e-84
1.51349e-85
6.72276e-87
2.71378e-88
9.85111e-90
3.17664e-91
8.96956e-93
2.17967e-94
4.4627e-96
7.4935e-98
9.95826e-100
9.96479e-102
6.9613e-104
2.9755e-106
5.72919e-109
1.69215e-05
0.000418708
0.00383788
0.0180917
0.0523809
0.105895
0.187439
0.318582
0.542449
0.82305
0.999997
0.999998
1
0.999997
0.807961
0.472661
0.196973
0.0496649
0.00297705
3.25333e-08
1.05923e-08
4.78713e-08
1.75959e-07
5.14894e-07
8.34587e-07
8.39305e-07
6.35512e-07
4.13059e-07
2.39182e-07
1.26523e-07
6.21761e-08
2.88215e-08
1.26205e-08
5.23958e-09
2.06376e-09
7.7457e-10
2.82233e-10
9.77408e-11
3.30604e-11
1.07074e-11
3.44671e-12
1.07159e-12
3.21924e-13
9.35487e-14
2.63243e-14
7.18077e-15
1.9007e-15
4.88651e-16
1.2213e-16
2.97003e-17
7.03373e-18
1.6235e-18
3.65518e-19
8.03314e-20
1.72468e-20
3.6199e-21
7.43278e-22
1.49406e-22
2.94193e-23
5.67832e-24
1.07496e-24
1.99711e-25
3.64326e-26
6.52969e-27
1.15034e-27
1.993e-28
3.39729e-29
5.70024e-30
9.41827e-31
1.53298e-31
2.45895e-32
3.88834e-33
6.06344e-34
9.32718e-35
1.41573e-35
2.12091e-36
3.13675e-37
4.58089e-38
6.6072e-39
9.41359e-40
1.32504e-40
1.84288e-41
2.53278e-42
3.44004e-43
4.61759e-44
6.12576e-45
8.05288e-46
1.04909e-46
1.3542e-47
1.73174e-48
2.19356e-49
2.7517e-50
3.41789e-51
4.20272e-52
5.11467e-53
6.15904e-54
7.33658e-55
8.64222e-56
1.00637e-56
1.15802e-57
1.31619e-58
1.47688e-59
1.63517e-60
1.78526e-61
1.92072e-62
2.03477e-63
2.12072e-64
2.17246e-65
2.18502e-66
2.15517e-67
2.08187e-68
1.96668e-69
1.81389e-70
1.63043e-71
1.42538e-72
1.20929e-73
9.93182e-75
7.87475e-76
6.00953e-77
4.39928e-78
3.07782e-79
2.04946e-80
1.29294e-81
7.68873e-83
4.28554e-84
2.22474e-85
1.06804e-86
4.70367e-88
1.88306e-89
6.78117e-91
2.17004e-92
6.08282e-94
1.46797e-95
2.98586e-97
4.98262e-99
6.58284e-101
6.55118e-103
4.5534e-105
1.93715e-107
3.7136e-110
5.79233e-06
0.000162865
0.00159651
0.00768349
0.0210869
0.0217868
0.0908785
0.215568
0.459299
0.792742
1
0.999999
1
0.999996
0.769266
0.375409
0.102904
0.00438505
2.39869e-08
7.22952e-10
2.89136e-09
9.62886e-09
2.83725e-08
6.36599e-08
9.36683e-08
9.22107e-08
6.96685e-08
4.51542e-08
2.60306e-08
1.36849e-08
6.67381e-09
3.06347e-09
1.3257e-09
5.4278e-10
2.10429e-10
7.76144e-11
2.772e-11
9.39204e-12
3.10036e-12
9.77775e-13
3.03369e-13
9.26129e-14
2.75875e-14
7.94992e-15
2.21837e-15
6.00116e-16
1.57554e-16
4.01839e-17
9.96577e-18
2.40546e-18
5.65563e-19
1.29635e-19
2.89912e-20
6.33063e-21
1.35078e-21
2.81832e-22
5.75395e-23
1.15027e-23
2.25305e-24
4.32662e-25
8.15055e-26
1.50707e-26
2.73668e-27
4.88297e-28
8.56499e-29
1.47761e-29
2.50827e-30
4.19137e-31
6.89734e-32
1.11819e-32
1.78655e-33
2.81402e-34
4.37108e-35
6.69775e-36
1.01267e-36
1.51117e-37
2.22622e-38
3.23834e-39
4.65221e-40
6.6016e-41
9.25453e-42
1.28181e-42
1.75427e-43
2.37247e-44
3.17067e-45
4.18744e-46
5.48058e-47
7.10983e-48
9.14051e-49
1.16434e-49
1.4693e-50
1.83641e-51
2.27287e-52
2.78498e-53
3.3776e-54
4.05336e-55
4.81188e-56
5.64891e-57
6.5555e-58
7.5173e-59
8.51402e-60
9.51927e-61
1.05008e-61
1.14214e-62
1.22401e-63
1.29146e-64
1.34037e-65
1.36707e-66
1.36871e-67
1.34359e-68
1.29144e-69
1.21363e-70
1.11326e-71
9.94978e-73
8.64689e-74
7.29074e-75
5.94945e-76
4.6859e-77
3.55149e-78
2.58157e-79
1.79312e-80
1.18525e-81
7.42184e-83
4.38056e-84
2.42335e-85
1.24864e-86
5.95e-88
2.60124e-89
1.03386e-90
3.69665e-92
1.17468e-93
3.26989e-95
7.83672e-97
1.58298e-98
2.62325e-100
3.44165e-102
3.40153e-104
2.34841e-106
9.92608e-109
1.89017e-111
1.77257e-06
5.59683e-05
0.000580332
0.00283177
0.00747808
0.00644453
0.00182928
0.0994888
0.350231
0.752297
1
1
1
1
0.722088
0.261671
0.0250514
8.34007e-08
5.02889e-11
1.8293e-10
5.64565e-10
1.60687e-09
3.74746e-09
6.84418e-09
8.9748e-09
8.42178e-09
6.2318e-09
3.98152e-09
2.26905e-09
1.18053e-09
5.69897e-10
2.58683e-10
1.10555e-10
4.4631e-11
1.70336e-11
6.17656e-12
2.16317e-12
7.17497e-13
2.31277e-13
7.10773e-14
2.14384e-14
6.29158e-15
1.84239e-15
5.26419e-16
1.45674e-16
3.90826e-17
1.01773e-17
2.57506e-18
6.33677e-19
1.518e-19
3.54304e-20
8.06374e-21
1.79101e-21
3.88503e-22
8.23644e-23
1.70782e-23
3.46576e-24
6.88796e-25
1.3415e-25
2.56191e-26
4.80018e-27
8.82902e-28
1.59499e-28
2.8315e-29
4.9419e-30
8.48377e-31
1.43315e-31
2.38332e-32
3.9033e-33
6.29799e-34
1.00148e-34
1.57e-35
2.4272e-36
3.70159e-37
5.57009e-38
8.27249e-39
1.21285e-39
1.75576e-40
2.51009e-41
3.54443e-42
4.94421e-43
6.81377e-44
9.278e-45
1.24831e-45
1.65958e-46
2.18014e-47
2.8385e-48
3.6638e-49
4.68733e-50
5.94271e-51
7.46484e-52
9.28838e-53
1.14458e-53
1.39648e-54
1.68653e-55
2.01558e-56
2.38298e-57
2.78615e-58
3.22025e-59
3.67785e-60
4.14872e-61
4.61982e-62
5.07544e-63
5.49771e-64
5.86728e-65
6.16443e-66
6.37037e-67
6.46881e-68
6.44757e-69
6.30021e-70
6.02719e-71
5.63677e-72
5.14501e-73
4.575e-74
3.95521e-75
3.31707e-76
2.69202e-77
2.10844e-78
1.5889e-79
1.14828e-80
7.92887e-82
5.20984e-83
3.24282e-84
1.90248e-85
1.04612e-86
5.35771e-88
2.53767e-89
1.10273e-90
4.35622e-92
1.54804e-93
4.8883e-95
1.35189e-96
3.2179e-98
6.45297e-100
1.06108e-101
1.38062e-103
1.35273e-105
9.25764e-108
3.87936e-110
7.31011e-113
4.53283e-07
1.59195e-05
0.00017386
0.000862426
0.00225201
0.00205713
0.000916293
0.000284714
0.204284
0.697157
1
1
0.999999
1
0.661994
0.126928
3.75931e-07
4.52178e-12
1.12275e-11
3.23231e-11
8.68745e-11
1.97336e-10
3.74911e-10
5.74454e-10
6.70309e-10
5.91356e-10
4.23372e-10
2.64504e-10
1.48258e-10
7.60971e-11
3.62959e-11
1.62746e-11
6.86593e-12
2.73274e-12
1.0269e-12
3.6619e-13
1.25807e-13
4.0869e-14
1.28695e-14
3.85614e-15
1.13124e-15
3.21845e-16
9.0354e-17
2.56092e-17
7.02847e-18
1.87014e-18
4.83036e-19
1.21243e-19
2.96032e-20
7.03769e-21
1.63046e-21
3.68411e-22
8.12531e-23
1.75049e-23
3.68645e-24
7.59422e-25
1.53136e-25
3.0246e-26
5.85495e-27
1.11147e-27
2.07033e-28
3.78598e-29
6.8005e-30
1.20044e-30
2.08345e-31
3.55681e-32
5.97529e-33
9.88221e-34
1.60958e-34
2.58282e-35
4.08456e-36
6.36808e-37
9.79075e-38
1.48488e-38
2.22201e-39
3.28163e-40
4.78429e-41
6.88679e-42
9.78959e-43
1.37445e-43
1.90619e-44
2.61169e-45
3.53533e-46
4.72838e-47
6.24852e-48
8.15866e-49
1.05591e-49
1.35505e-50
1.72388e-51
2.17365e-52
2.71587e-53
3.36177e-54
4.12159e-55
5.00369e-56
6.01352e-57
7.15242e-58
8.41636e-59
9.7947e-60
1.1269e-60
1.28121e-61
1.43878e-62
1.59505e-63
1.74464e-64
1.88152e-65
1.99925e-66
2.09138e-67
2.15186e-68
2.17563e-69
2.15907e-70
2.10054e-71
2.00074e-72
1.86293e-73
1.69292e-74
1.4987e-75
1.28991e-76
1.07696e-77
8.7011e-79
6.78422e-80
5.08951e-81
3.66153e-82
2.51689e-83
1.64633e-84
1.02013e-85
5.958e-87
3.26142e-88
1.6628e-89
7.83988e-91
3.39094e-92
1.33311e-93
4.7134e-95
1.48026e-96
4.06926e-98
9.62091e-100
1.91445e-101
3.11992e-103
4.01762e-105
3.89046e-107
2.62931e-109
1.08905e-111
2.03149e-114
8.52471e-08
3.31075e-06
3.8423e-05
0.000196186
0.000523984
0.000555541
0.000341248
0.000173103
0.0200624
0.617575
0.999998
1
1
0.999999
0.579045
1.77885e-06
5.06353e-12
6.31839e-13
1.67555e-12
4.09022e-12
8.62282e-12
1.57957e-11
2.48495e-11
3.25165e-11
3.39037e-11
2.79655e-11
1.92452e-11
1.17042e-11
6.4337e-12
3.25223e-12
1.53112e-12
6.77872e-13
2.8227e-13
1.10778e-13
4.09982e-14
1.43817e-14
4.84855e-15
1.5432e-15
4.7489e-16
1.38783e-16
3.96115e-17
1.09384e-17
2.94914e-18
8.18558e-19
2.2273e-19
5.87755e-20
1.50575e-20
3.74921e-21
9.0825e-22
2.14267e-22
4.92681e-23
1.10507e-23
2.41974e-24
5.17636e-25
1.0826e-25
2.21507e-26
4.43689e-27
8.7058e-28
1.67433e-28
3.15809e-29
5.84525e-30
1.06219e-30
1.89602e-31
3.32609e-32
5.73687e-33
9.73329e-34
1.62505e-34
2.67096e-35
4.32344e-36
6.89457e-37
1.08355e-37
1.67877e-38
2.56487e-39
3.86541e-40
5.74769e-41
8.43463e-42
1.22182e-42
1.74745e-43
2.46794e-44
3.44244e-45
4.74301e-46
6.4557e-47
8.68096e-48
1.15331e-48
1.51387e-49
1.96329e-50
2.52415e-51
3.21838e-52
4.06869e-53
5.09884e-54
6.33267e-55
7.79295e-56
9.49976e-57
1.14685e-57
1.37077e-58
1.62165e-59
1.89822e-60
2.19775e-61
2.51584e-62
2.84626e-63
3.18086e-64
3.50965e-65
3.821e-66
4.10205e-67
4.33931e-68
4.51948e-69
4.63034e-70
4.66193e-71
4.60754e-72
4.46472e-73
4.236e-74
3.92922e-75
3.55738e-76
3.13787e-77
2.69121e-78
2.23924e-79
1.80314e-80
1.40137e-81
1.04802e-82
7.51688e-84
5.15184e-85
3.36024e-86
2.07633e-87
1.20933e-88
6.60174e-90
3.35648e-91
1.57799e-92
6.80432e-94
2.66603e-95
9.38992e-97
2.93557e-98
8.02536e-100
1.88429e-101
3.71632e-103
5.98691e-105
7.59436e-107
7.21188e-109
4.75602e-111
1.91798e-113
3.56103e-116
8.416e-09
3.82803e-07
4.7745e-06
2.5533e-05
7.24192e-05
9.25221e-05
7.64478e-05
4.81054e-05
2.99121e-05
0.461708
0.999999
1
0.999998
1
0.435977
7.12797e-07
1.14559e-12
6.6892e-14
1.37249e-13
2.49534e-13
4.08372e-13
6.0471e-13
7.97205e-13
9.04645e-13
8.50494e-13
6.57033e-13
4.34256e-13
2.56912e-13
1.38453e-13
6.89255e-14
3.20339e-14
1.40076e-14
5.75936e-15
2.22968e-15
8.13048e-16
2.80661e-16
9.28857e-17
2.89737e-17
8.71564e-18
2.48478e-18
6.90122e-19
1.8497e-19
4.80112e-20
1.29624e-20
3.49645e-21
9.15069e-22
2.32521e-22
5.74325e-23
1.38037e-23
3.23132e-24
7.3737e-25
1.64158e-25
3.56814e-26
7.57783e-27
1.57353e-27
3.19685e-28
6.35871e-29
1.23903e-29
2.36656e-30
4.43325e-31
8.14954e-32
1.47087e-32
2.60771e-33
4.54355e-34
7.78361e-35
1.3116e-35
2.17489e-36
3.55026e-37
5.70728e-38
9.0386e-39
1.41066e-39
2.17035e-40
3.29272e-41
4.92742e-42
7.27509e-43
1.06002e-43
1.52457e-44
2.16483e-45
3.03542e-46
4.20342e-47
5.74953e-48
7.76877e-49
1.03704e-49
1.36768e-50
1.78209e-51
2.29413e-52
2.92838e-53
3.70766e-54
4.65515e-55
5.79474e-56
7.14988e-57
8.74233e-58
1.05904e-58
1.27071e-59
1.50975e-60
1.77569e-61
2.06674e-62
2.37964e-63
2.70942e-64
3.04925e-65
3.39046e-66
3.72257e-67
4.0336e-68
4.3105e-69
4.53978e-70
4.70832e-71
4.80439e-72
4.8186e-73
4.74505e-74
4.58218e-75
4.33342e-76
4.0075e-77
3.61813e-78
3.18328e-79
2.72377e-80
2.26155e-81
1.81768e-82
1.41032e-83
1.05319e-84
7.54457e-86
5.16533e-87
3.36602e-88
2.07829e-89
1.20963e-90
6.59889e-92
3.35252e-93
1.57468e-94
6.7816e-96
2.65247e-97
9.31858e-99
2.90261e-100
7.89311e-102
1.839e-103
3.58662e-105
5.68436e-107
7.03913e-109
6.44833e-111
4.02422e-113
1.48394e-115
2.33345e-118
)
;

boundaryField
{
    walls
    {
        type            zeroGradient;
    }
    top
    {
        type            zeroGradient;
    }
    bottom
    {
        type            zeroGradient;
    }
    frontAndBack
    {
        type            empty;
    }
    inlet
    {
        type            uniformFixedValue;
        uniformValue    
        {
            type            constant;
            value           1;
        }
        value           uniform 1;
    }
    outlet
    {
        type            zeroGradient;
    }
}


// ************************************************************************* //
