/*--------------------------------*- C++ -*----------------------------------*\
  =========                 |
  \\      /  F ield         | OpenFOAM: The Open Source CFD Toolbox
   \\    /   O peration     | Website:  https://openfoam.org
    \\  /    A nd           | Version:  12
     \\/     M anipulation  |
\*---------------------------------------------------------------------------*/
FoamFile
{
    format      ascii;
    class       volScalarField;
    location    "375";
    object      T;
}
// * * * * * * * * * * * * * * * * * * * * * * * * * * * * * * * * * * * * * //

dimensions      [];

internalField   nonuniform List<scalar> 
4480
(
2.72148e-07
2.06244e-05
0.00540389
0.0539077
0.150844
0.262238
0.367051
0.457524
0.53255
0.593618
0.642942
0.682694
0.714743
0.740623
0.761544
0.778459
0.792111
0.803085
0.811832
0.818706
0.823996
0.827921
0.830662
0.832357
0.833121
0.833047
0.832209
0.83096
0.829694
0.828406
0.827091
0.825741
0.824347
0.822904
0.821404
0.819841
0.818207
0.816495
0.814693
0.812798
0.8108
0.808686
0.806447
0.804077
0.801562
0.79889
0.796049
0.793031
0.789818
0.786394
0.782754
0.778883
0.774756
0.770366
0.765695
0.760724
0.755444
0.749838
0.743881
0.737565
0.730866
0.723771
0.716261
0.708324
0.699932
0.691082
0.681742
0.671909
0.661547
0.650655
0.639198
0.627161
0.614518
0.601242
0.5873
0.572658
0.557275
0.541106
0.524101
0.506211
0.487386
0.467587
0.446789
0.425094
0.402566
0.379289
0.355392
0.331053
0.306494
0.281974
0.257779
0.234208
0.211552
0.190084
0.170043
0.151619
0.13495
0.120116
0.107143
0.0960083
0.0866494
0.0789747
0.0728747
0.0682376
0.0649544
0.0629333
0.0621067
0.0624371
0.0639233
0.0666059
0.0705702
0.0759502
0.0829309
0.091753
0.102708
0.116139
0.13243
0.15199
0.175239
0.202673
0.235173
0.274573
0.323932
0.390223
0.49963
0.67033
0.799993
0.906562
0.88822
0.736275
0.60435
0.435385
0.305673
0.216593
0.14836
0.0955549
0.0557237
0.0273669
0.00975427
0.00151079
1.21241e-07
0.00082758
0.0429103
0.18831
0.363692
0.51523
0.630956
0.715271
0.775864
0.819526
0.851328
0.87483
0.892477
0.905926
0.9163
0.92439
0.930738
0.93573
0.939649
0.942701
0.945044
0.946786
0.948021
0.948813
0.949217
0.949271
0.949007
0.9483
0.947069
0.945364
0.943234
0.940729
0.937896
0.934779
0.931414
0.927844
0.924098
0.920208
0.916195
0.912082
0.907889
0.90363
0.89931
0.894943
0.890535
0.886084
0.881594
0.877062
0.872483
0.867854
0.863166
0.858418
0.853595
0.848688
0.843692
0.838589
0.833379
0.828042
0.822571
0.816959
0.811185
0.805252
0.799138
0.792839
0.786347
0.779655
0.772746
0.765614
0.758257
0.750666
0.742829
0.734742
0.726395
0.717786
0.708897
0.699729
0.69027
0.680506
0.670439
0.660048
0.649322
0.63826
0.626836
0.615066
0.602957
0.590491
0.57766
0.564466
0.550903
0.536983
0.522722
0.508147
0.4933
0.478243
0.46305
0.447815
0.432657
0.417708
0.403122
0.389074
0.375749
0.36334
0.352054
0.342094
0.333676
0.326999
0.322272
0.319689
0.319451
0.321747
0.32677
0.334705
0.345739
0.360052
0.377806
0.399149
0.424198
0.453045
0.48577
0.522507
0.563568
0.609539
0.661133
0.718924
0.782587
0.84708
0.902002
0.940177
0.918671
0.822185
0.721177
0.613591
0.505727
0.402182
0.305105
0.216812
0.139925
0.0775199
0.0328102
0.00765651
2.69539e-05
0.00897423
0.141239
0.368253
0.565041
0.702266
0.791156
0.847865
0.884509
0.908858
0.925617
0.937602
0.94647
0.953226
0.958481
0.96263
0.965932
0.968567
0.970663
0.972318
0.973605
0.974577
0.975281
0.975753
0.976018
0.976097
0.976006
0.975713
0.975175
0.974397
0.973385
0.972133
0.970645
0.968917
0.966957
0.964764
0.96235
0.959724
0.956896
0.953879
0.950688
0.947336
0.94384
0.940211
0.936462
0.932611
0.928663
0.924631
0.920521
0.916343
0.912104
0.907805
0.903449
0.899038
0.894578
0.89006
0.885491
0.880866
0.876181
0.871436
0.866628
0.861754
0.856807
0.851791
0.846697
0.841522
0.836266
0.830923
0.825489
0.819968
0.814345
0.808629
0.802811
0.796892
0.790862
0.784729
0.778489
0.772133
0.765665
0.759087
0.75239
0.745581
0.738651
0.731609
0.724457
0.717205
0.709859
0.702418
0.694886
0.687281
0.67961
0.671888
0.66414
0.656384
0.648655
0.640993
0.633441
0.626055
0.618906
0.612072
0.605642
0.599723
0.594441
0.589922
0.586322
0.583802
0.582526
0.582678
0.584442
0.587989
0.593492
0.601103
0.610955
0.623144
0.637732
0.654727
0.674101
0.695766
0.719599
0.745451
0.773143
0.802432
0.83289
0.863729
0.893645
0.920635
0.942026
0.95448
0.938597
0.876237
0.806381
0.727735
0.639841
0.543504
0.440775
0.335188
0.232117
0.139025
0.0649483
0.0177521
0.000533655
0.0443435
0.294011
0.552854
0.724684
0.824154
0.88022
0.912579
0.932251
0.94507
0.954062
0.960791
0.966065
0.970306
0.97376
0.976579
0.978881
0.980746
0.982245
0.983434
0.984363
0.98507
0.985588
0.985946
0.986162
0.986253
0.986232
0.986088
0.985811
0.985403
0.984862
0.984184
0.983367
0.982402
0.981281
0.980002
0.978559
0.976943
0.975159
0.973202
0.971078
0.968788
0.966337
0.963735
0.960987
0.958107
0.955099
0.951977
0.948748
0.945425
0.942017
0.938529
0.934975
0.931356
0.927685
0.923966
0.920203
0.916398
0.912561
0.908689
0.904791
0.90086
0.896906
0.892929
0.888924
0.884896
0.880848
0.876772
0.872677
0.868553
0.864405
0.860234
0.856034
0.85181
0.847556
0.843272
0.838961
0.834625
0.830258
0.825858
0.821433
0.816983
0.812512
0.808001
0.803471
0.798926
0.794369
0.789812
0.785261
0.780724
0.776214
0.77175
0.767351
0.763032
0.758827
0.754757
0.750864
0.747181
0.743754
0.740636
0.737886
0.735561
0.733738
0.732489
0.731906
0.732066
0.733074
0.735017
0.737993
0.742092
0.747399
0.753981
0.761897
0.771175
0.781818
0.793797
0.807054
0.821489
0.836968
0.85331
0.870289
0.887586
0.904768
0.921223
0.936145
0.948489
0.956893
0.959442
0.948131
0.906639
0.857411
0.799762
0.731056
0.649129
0.552867
0.44309
0.324125
0.205224
0.10123
0.029115
0.00417686
0.130631
0.471656
0.709481
0.833408
0.894304
0.925273
0.942402
0.953029
0.960515
0.966353
0.971184
0.975259
0.97869
0.981546
0.983891
0.985794
0.987316
0.988515
0.989445
0.990154
0.990682
0.991063
0.991321
0.991481
0.991557
0.991558
0.991482
0.991317
0.991064
0.990724
0.990296
0.989779
0.989167
0.988457
0.987643
0.986716
0.985675
0.984509
0.98322
0.981797
0.980245
0.978557
0.976737
0.974786
0.972709
0.970511
0.968197
0.965773
0.963249
0.960632
0.95793
0.955151
0.952305
0.949401
0.946447
0.943449
0.940411
0.937346
0.934255
0.931145
0.92802
0.924889
0.921752
0.918607
0.915468
0.912328
0.90919
0.906061
0.902937
0.899819
0.896707
0.893606
0.89051
0.887425
0.884345
0.881276
0.878212
0.875152
0.872106
0.869066
0.866035
0.863019
0.860002
0.856998
0.854009
0.851039
0.848091
0.845178
0.842307
0.839486
0.836727
0.834049
0.831464
0.82899
0.826651
0.824473
0.822484
0.820713
0.819199
0.817976
0.817087
0.816581
0.816504
0.816907
0.817847
0.819374
0.821541
0.824402
0.828008
0.832388
0.837582
0.843602
0.850454
0.858119
0.866552
0.875697
0.885458
0.895713
0.906299
0.917009
0.927582
0.937672
0.946843
0.954542
0.96008
0.962536
0.960594
0.951331
0.92293
0.886207
0.842898
0.789964
0.723686
0.640019
0.535553
0.410426
0.271965
0.139032
0.0402453
0.0184213
0.271419
0.641206
0.821835
0.897333
0.930231
0.94648
0.955995
0.962687
0.968155
0.972991
0.977291
0.981019
0.984159
0.986725
0.988776
0.99038
0.991606
0.992524
0.993192
0.993666
0.99399
0.994203
0.994334
0.994405
0.994433
0.994425
0.994385
0.994282
0.994123
0.993904
0.993626
0.993287
0.992884
0.992413
0.991869
0.991249
0.990546
0.989756
0.988876
0.9879
0.986822
0.985641
0.984357
0.982966
0.98147
0.979869
0.978166
0.976368
0.974476
0.972497
0.970438
0.968305
0.966106
0.963847
0.961539
0.959188
0.9568
0.954381
0.951941
0.949489
0.947023
0.944555
0.942086
0.939622
0.937168
0.934723
0.932294
0.929885
0.92749
0.925116
0.922763
0.920432
0.918125
0.915837
0.913574
0.91133
0.909112
0.906917
0.904741
0.902589
0.900463
0.898363
0.896281
0.894216
0.892177
0.890169
0.888192
0.886251
0.884355
0.882512
0.88073
0.879019
0.87739
0.875859
0.874442
0.873156
0.872025
0.871062
0.870297
0.869758
0.869468
0.869464
0.869776
0.870433
0.871476
0.87293
0.874836
0.877218
0.880101
0.883511
0.887451
0.891928
0.89693
0.902435
0.908396
0.914757
0.921432
0.928315
0.935264
0.942107
0.948627
0.954553
0.959551
0.96321
0.965008
0.964259
0.960017
0.950956
0.93129
0.902162
0.867991
0.826316
0.773311
0.703561
0.609904
0.486792
0.335889
0.1767
0.0507837
0.0552118
0.443772
0.775667
0.889844
0.930107
0.947232
0.956451
0.962751
0.967994
0.972886
0.977546
0.981769
0.985369
0.988293
0.990584
0.992326
0.993602
0.994498
0.995089
0.995449
0.995637
0.995709
0.995707
0.995669
0.995617
0.995568
0.995528
0.995502
0.995447
0.995363
0.995247
0.995095
0.994904
0.99467
0.994389
0.994052
0.99366
0.993205
0.992683
0.992093
0.991427
0.990682
0.989857
0.988949
0.987957
0.986877
0.985711
0.98446
0.983128
0.981713
0.980223
0.978662
0.977034
0.975344
0.973601
0.971811
0.969977
0.968111
0.966219
0.964304
0.962375
0.960436
0.958495
0.956555
0.954624
0.952703
0.950794
0.948905
0.947033
0.945186
0.943361
0.941562
0.939785
0.938039
0.936319
0.934624
0.932955
0.931314
0.929701
0.928118
0.926557
0.925028
0.92353
0.922047
0.920592
0.919163
0.917762
0.916393
0.91506
0.913769
0.912521
0.911327
0.910196
0.909129
0.908146
0.907248
0.906458
0.905784
0.905241
0.90485
0.904624
0.904591
0.904766
0.905169
0.905827
0.906759
0.907986
0.909529
0.911403
0.913627
0.916201
0.919133
0.922416
0.926037
0.929965
0.934159
0.938566
0.943113
0.947703
0.952218
0.956512
0.9604
0.963664
0.966037
0.967185
0.966694
0.964037
0.958507
0.949209
0.934418
0.910875
0.88246
0.848177
0.804837
0.747234
0.666097
0.550601
0.394213
0.212924
0.0608179
0.126831
0.612502
0.863024
0.924639
0.945494
0.955397
0.961675
0.966736
0.971535
0.976408
0.981193
0.985437
0.988895
0.991556
0.993518
0.994899
0.995803
0.996318
0.996532
0.996522
0.996363
0.996121
0.995853
0.995597
0.995383
0.995227
0.995138
0.995111
0.995096
0.995085
0.995072
0.995048
0.995008
0.994944
0.994847
0.994711
0.994529
0.994298
0.994014
0.993666
0.993259
0.992784
0.99224
0.991625
0.990936
0.990177
0.989344
0.988437
0.987458
0.986412
0.985297
0.984119
0.982883
0.981593
0.980253
0.978869
0.977448
0.975995
0.974515
0.973017
0.971507
0.969983
0.96846
0.966938
0.965418
0.963912
0.962418
0.960943
0.959483
0.958045
0.956632
0.955244
0.953878
0.952542
0.951227
0.949941
0.948683
0.94745
0.946247
0.945069
0.943916
0.942795
0.941698
0.940628
0.939576
0.938549
0.937548
0.936573
0.935631
0.934726
0.933855
0.93303
0.932256
0.931532
0.930871
0.930284
0.929775
0.929357
0.929038
0.928834
0.928753
0.928816
0.929026
0.929409
0.929975
0.930736
0.93171
0.932902
0.934329
0.935992
0.937899
0.940039
0.942407
0.944987
0.947748
0.950653
0.953652
0.956677
0.959644
0.962455
0.964973
0.967055
0.968507
0.969109
0.968582
0.966591
0.962711
0.956415
0.947065
0.933951
0.915329
0.89069
0.861176
0.824277
0.775846
0.70622
0.60106
0.444987
0.246679
0.0705456
0.242787
0.745678
0.908208
0.940528
0.952974
0.959866
0.964897
0.969473
0.974227
0.979306
0.984313
0.988556
0.991791
0.994117
0.9957
0.996684
0.997172
0.997252
0.997018
0.99656
0.995973
0.995342
0.994733
0.994201
0.99378
0.99349
0.993334
0.993302
0.993325
0.993395
0.993498
0.993621
0.99375
0.993877
0.993986
0.994068
0.994114
0.994114
0.994064
0.993961
0.993796
0.993572
0.993282
0.992925
0.992501
0.99201
0.991449
0.990824
0.990135
0.989381
0.988568
0.987697
0.986773
0.9858
0.98478
0.983721
0.982625
0.981501
0.980351
0.979183
0.978002
0.976811
0.975614
0.974418
0.973228
0.972044
0.970873
0.969715
0.968573
0.967453
0.966352
0.965271
0.964214
0.963177
0.962167
0.961181
0.960219
0.959281
0.958368
0.957479
0.956612
0.955773
0.954958
0.954168
0.95339
0.952636
0.951905
0.951196
0.950515
0.949858
0.949236
0.948644
0.948096
0.947586
0.947128
0.946723
0.94638
0.9461
0.945902
0.945784
0.945763
0.945841
0.946032
0.946345
0.94679
0.947374
0.94811
0.948998
0.950046
0.951254
0.952625
0.954145
0.955808
0.957593
0.959473
0.96141
0.963363
0.965265
0.967044
0.968608
0.969844
0.970624
0.97078
0.970121
0.968417
0.965385
0.960682
0.953897
0.944558
0.932144
0.916122
0.895078
0.868753
0.83603
0.793933
0.733478
0.638934
0.48723
0.277279
0.0801695
0.397995
0.829976
0.92621
0.948156
0.957224
0.962708
0.967121
0.971524
0.976402
0.981796
0.987059
0.991217
0.994136
0.996069
0.997252
0.997814
0.997841
0.99741
0.996629
0.995616
0.99449
0.993364
0.992329
0.991452
0.990776
0.99032
0.990085
0.990043
0.990114
0.990282
0.990527
0.990829
0.991165
0.991518
0.991869
0.992205
0.992509
0.992772
0.992986
0.993143
0.99324
0.99327
0.993233
0.993127
0.992954
0.992715
0.992405
0.99203
0.991591
0.991093
0.990532
0.989918
0.989252
0.988538
0.987782
0.986989
0.986159
0.985302
0.984419
0.983515
0.982599
0.981673
0.980739
0.979804
0.978872
0.977944
0.977026
0.97612
0.975225
0.974347
0.973482
0.97264
0.971814
0.971011
0.970226
0.969461
0.968719
0.967995
0.967295
0.966613
0.965954
0.965316
0.964696
0.964101
0.963516
0.962952
0.962405
0.961875
0.961365
0.960881
0.960419
0.959983
0.959577
0.959207
0.958871
0.958578
0.958326
0.958128
0.957987
0.957904
0.957892
0.957952
0.958093
0.958324
0.958645
0.959065
0.959587
0.960212
0.960947
0.961785
0.962722
0.963751
0.964858
0.966025
0.967223
0.968419
0.969567
0.970613
0.971491
0.972114
0.972387
0.972188
0.971377
0.969785
0.967218
0.963429
0.958145
0.951029
0.941715
0.929787
0.914787
0.896167
0.872844
0.842913
0.805001
0.751169
0.665946
0.520841
0.304374
0.0898718
0.534436
0.877846
0.93766
0.952736
0.959966
0.964669
0.968737
0.973107
0.978199
0.983974
0.989483
0.993459
0.995983
0.997504
0.998282
0.998398
0.997891
0.996842
0.995378
0.993661
0.991854
0.990105
0.988536
0.987235
0.986248
0.9856
0.985281
0.985232
0.985371
0.985669
0.986098
0.986626
0.987221
0.987855
0.988503
0.989143
0.989754
0.990323
0.990842
0.991294
0.991679
0.991993
0.992229
0.992388
0.992471
0.99248
0.992415
0.99228
0.992077
0.99181
0.991482
0.991096
0.99066
0.990172
0.989641
0.989069
0.988464
0.987829
0.987166
0.986484
0.985786
0.985074
0.984355
0.983632
0.982907
0.982185
0.981469
0.980758
0.98006
0.97937
0.978697
0.978038
0.977392
0.976763
0.976149
0.975555
0.974976
0.974415
0.97387
0.97334
0.972828
0.972337
0.971859
0.9714
0.970956
0.970521
0.9701
0.969694
0.969308
0.968934
0.968582
0.968248
0.967936
0.96765
0.967387
0.967159
0.966963
0.966802
0.96668
0.966606
0.966579
0.966603
0.966681
0.966824
0.967024
0.967295
0.967629
0.968032
0.968501
0.969032
0.969619
0.970251
0.97091
0.971583
0.97224
0.972847
0.973364
0.973736
0.973904
0.973796
0.973318
0.972364
0.970807
0.968501
0.965274
0.96092
0.955203
0.947851
0.938555
0.926966
0.91267
0.895131
0.873541
0.846577
0.81143
0.762093
0.684184
0.546382
0.327909
0.0998141
0.656989
0.904879
0.94507
0.956365
0.96199
0.96605
0.969915
0.974327
0.979684
0.985875
0.991625
0.995308
0.997384
0.998507
0.998892
0.998517
0.997368
0.995537
0.993203
0.990589
0.987923
0.985403
0.983184
0.981374
0.980029
0.979167
0.978773
0.978732
0.978971
0.979449
0.98012
0.98094
0.981863
0.982849
0.983863
0.984875
0.985859
0.986796
0.987668
0.988464
0.989177
0.989805
0.990344
0.99079
0.991149
0.99142
0.991607
0.991714
0.991745
0.991703
0.991595
0.991424
0.991196
0.990914
0.990585
0.990213
0.989803
0.98936
0.98889
0.988394
0.98788
0.98735
0.986809
0.986259
0.985708
0.985153
0.9846
0.98405
0.983507
0.982972
0.982446
0.98193
0.981425
0.980932
0.980453
0.979986
0.979534
0.979092
0.978664
0.97825
0.97785
0.977464
0.977089
0.97673
0.976378
0.97604
0.975707
0.975389
0.975082
0.974785
0.974502
0.974235
0.973983
0.973746
0.973531
0.973337
0.973165
0.973018
0.9729
0.972809
0.972751
0.972729
0.972745
0.972797
0.972889
0.97302
0.97319
0.9734
0.973644
0.973916
0.974208
0.974509
0.974804
0.975071
0.975283
0.975413
0.975417
0.975252
0.974853
0.974155
0.973076
0.971518
0.969369
0.966499
0.962757
0.957961
0.951913
0.944379
0.93509
0.923738
0.909939
0.893163
0.872615
0.847005
0.814011
0.768306
0.69565
0.564826
0.348048
0.110147
0.752589
0.921417
0.950131
0.958958
0.963638
0.967109
0.970754
0.975239
0.980882
0.987514
0.993493
0.996786
0.998397
0.999167
0.999168
0.998218
0.996258
0.993424
0.989981
0.986243
0.982517
0.97906
0.976069
0.973669
0.971923
0.970846
0.9704
0.970397
0.970787
0.971512
0.972506
0.973703
0.975044
0.976471
0.977937
0.979402
0.980833
0.982201
0.98349
0.984684
0.985777
0.986761
0.987635
0.988398
0.989055
0.989607
0.990062
0.99042
0.990689
0.990876
0.990986
0.991026
0.990997
0.99091
0.99077
0.990581
0.99035
0.990079
0.989779
0.989446
0.989094
0.98872
0.988332
0.987933
0.987523
0.987111
0.986693
0.986276
0.985861
0.98545
0.985043
0.984644
0.984252
0.983866
0.983491
0.983123
0.982766
0.982418
0.98208
0.981753
0.981433
0.981122
0.980825
0.980535
0.980254
0.979978
0.979711
0.979449
0.979197
0.97895
0.978714
0.978489
0.978271
0.978063
0.977871
0.977692
0.977524
0.977376
0.977243
0.977126
0.977032
0.976958
0.976902
0.976872
0.97686
0.976867
0.976889
0.97693
0.976976
0.977026
0.977068
0.977089
0.977072
0.977003
0.976848
0.976579
0.976159
0.975544
0.974677
0.973496
0.971923
0.969876
0.967247
0.963921
0.959766
0.954618
0.948305
0.94062
0.931327
0.920141
0.906694
0.890468
0.870675
0.846063
0.814385
0.770602
0.701354
0.576428
0.364786
0.12101
0.802843
0.93702
0.953712
0.960815
0.964804
0.968
0.971357
0.975874
0.981807
0.988898
0.995108
0.997923
0.999087
0.999574
0.999173
0.997511
0.994508
0.99039
0.985555
0.980433
0.97543
0.970866
0.966984
0.963929
0.961763
0.960484
0.960037
0.960122
0.960737
0.961797
0.963211
0.96489
0.966753
0.968723
0.970737
0.972745
0.974701
0.976576
0.978349
0.979998
0.981519
0.982904
0.984152
0.985265
0.986247
0.987103
0.98784
0.988464
0.988983
0.989403
0.989734
0.989982
0.990154
0.990257
0.990297
0.99028
0.990217
0.990108
0.989961
0.98978
0.989569
0.989335
0.989081
0.988812
0.988528
0.988236
0.987935
0.98763
0.987322
0.987014
0.986707
0.986401
0.986097
0.9858
0.985508
0.985217
0.984936
0.984657
0.984389
0.984122
0.983866
0.983613
0.983368
0.98313
0.982899
0.982668
0.982442
0.982221
0.982002
0.981789
0.981578
0.981374
0.981175
0.980983
0.980796
0.980616
0.980442
0.980278
0.980123
0.979976
0.979836
0.979707
0.979583
0.979467
0.979356
0.979249
0.97914
0.979025
0.978899
0.978753
0.978577
0.978354
0.978074
0.977711
0.977242
0.976637
0.975861
0.974867
0.973606
0.972019
0.970037
0.967579
0.964552
0.960854
0.956357
0.95092
0.944391
0.936581
0.927274
0.916202
0.903008
0.887178
0.86794
0.844066
0.813369
0.771015
0.704241
0.583655
0.376191
0.129162
0.83552
0.94256
0.9563
0.962113
0.965571
0.968553
0.971897
0.976248
0.982462
0.99002
0.996476
0.998753
0.999527
0.999804
0.99895
0.99637
0.992022
0.986288
0.97974
0.972958
0.966452
0.96062
0.955743
0.951981
0.949394
0.947961
0.947588
0.947842
0.948783
0.950295
0.952254
0.95454
0.957042
0.959667
0.962333
0.964976
0.967544
0.970001
0.972319
0.974479
0.976475
0.978302
0.97996
0.981451
0.982783
0.983963
0.985002
0.985902
0.98668
0.987342
0.987899
0.988358
0.988729
0.989019
0.989238
0.98939
0.989485
0.989529
0.989527
0.989485
0.989407
0.9893
0.989167
0.989012
0.988839
0.988651
0.988451
0.988242
0.988026
0.987803
0.987577
0.987351
0.987123
0.986894
0.986667
0.986441
0.986216
0.985995
0.985775
0.985558
0.985345
0.985137
0.984931
0.984728
0.984528
0.984329
0.984129
0.983933
0.983733
0.983539
0.983342
0.983147
0.982953
0.982762
0.98257
0.982381
0.982192
0.982004
0.981819
0.981631
0.981445
0.981258
0.981064
0.980867
0.980663
0.980448
0.980216
0.979962
0.979679
0.979358
0.978986
0.978553
0.978039
0.977423
0.976679
0.975783
0.974696
0.973379
0.971782
0.96985
0.967521
0.964717
0.961359
0.957344
0.952561
0.946889
0.940179
0.93226
0.922933
0.911936
0.898922
0.883384
0.864558
0.841236
0.81128
0.769989
0.705024
0.587634
0.383576
0.134922
0.858788
0.946758
0.958375
0.962953
0.965965
0.968784
0.972167
0.976558
0.982845
0.990872
0.997609
0.999323
0.999782
0.999921
0.998512
0.994738
0.988678
0.980953
0.972353
0.963629
0.955403
0.94815
0.942189
0.937698
0.934727
0.933218
0.932838
0.933384
0.934809
0.936945
0.939622
0.942681
0.945978
0.949394
0.95283
0.956209
0.959473
0.962581
0.965505
0.968227
0.970741
0.973043
0.975138
0.977032
0.978733
0.980252
0.981602
0.982794
0.983838
0.984746
0.985533
0.986205
0.986774
0.987251
0.987643
0.98796
0.98821
0.988399
0.988535
0.988623
0.988669
0.988678
0.988657
0.988606
0.988532
0.988439
0.988327
0.988202
0.988065
0.987918
0.987762
0.987599
0.987432
0.987261
0.987087
0.986911
0.986733
0.986553
0.986373
0.986194
0.986012
0.985832
0.985652
0.985475
0.985296
0.985114
0.984931
0.984745
0.984558
0.984367
0.984175
0.983981
0.983781
0.983581
0.983377
0.98317
0.982956
0.982739
0.982516
0.982286
0.98205
0.981799
0.98154
0.981264
0.980967
0.980649
0.980302
0.97992
0.979494
0.979014
0.978467
0.977843
0.977121
0.976278
0.975299
0.974146
0.97279
0.97119
0.969302
0.967073
0.964446
0.961348
0.957705
0.953426
0.948405
0.942531
0.935668
0.927656
0.918302
0.907357
0.894472
0.879147
0.860631
0.837727
0.808333
0.767845
0.704202
0.58916
0.387855
0.138708
0.875957
0.949762
0.959559
0.963401
0.966022
0.968682
0.972128
0.976782
0.983006
0.991448
0.99852
0.99968
0.999915
0.999973
0.997848
0.992536
0.984346
0.974226
0.963229
0.952285
0.942135
0.933322
0.926212
0.920998
0.917712
0.916252
0.915951
0.916949
0.919033
0.921975
0.925547
0.929543
0.933783
0.938118
0.942431
0.946636
0.95067
0.954486
0.958061
0.961383
0.964441
0.967241
0.96979
0.972098
0.974179
0.976045
0.977712
0.979195
0.980508
0.981665
0.982678
0.983563
0.98433
0.98499
0.985554
0.986033
0.98643
0.986759
0.987026
0.987236
0.9874
0.987517
0.987597
0.987645
0.987661
0.987652
0.98762
0.987568
0.9875
0.987416
0.987321
0.987213
0.987098
0.986972
0.986842
0.986705
0.986561
0.986415
0.986265
0.986111
0.985952
0.985793
0.98563
0.985464
0.985296
0.985124
0.984947
0.984765
0.984579
0.984386
0.984188
0.983982
0.983773
0.983556
0.983332
0.983099
0.982857
0.982606
0.982341
0.982066
0.981773
0.981464
0.981133
0.980779
0.980397
0.979978
0.979523
0.979019
0.97846
0.977835
0.977129
0.976332
0.975421
0.974382
0.973186
0.971807
0.970213
0.968365
0.966225
0.96374
0.960855
0.957506
0.953619
0.949113
0.943888
0.937844
0.930851
0.922756
0.913375
0.902461
0.889671
0.874507
0.856223
0.83364
0.804684
0.764802
0.702134
0.588803
0.389712
0.140891
0.888871
0.951876
0.96018
0.963481
0.96573
0.968239
0.971748
0.976681
0.983154
0.991734
0.999215
0.999879
0.999975
0.999993
0.996937
0.989674
0.978895
0.965964
0.952233
0.938815
0.926552
0.916057
0.907748
0.901842
0.898354
0.897116
0.897183
0.898845
0.901811
0.905767
0.910423
0.915519
0.920831
0.926189
0.93146
0.936552
0.941395
0.945954
0.950198
0.954128
0.957739
0.961039
0.964042
0.966763
0.969219
0.971429
0.973409
0.975178
0.976755
0.978156
0.979393
0.980483
0.981441
0.982279
0.983007
0.983636
0.98418
0.98464
0.985033
0.985359
0.985631
0.985849
0.986024
0.986158
0.986258
0.986324
0.986363
0.986376
0.986368
0.986341
0.986296
0.986234
0.986162
0.986074
0.985978
0.985872
0.985757
0.985633
0.985502
0.985365
0.985224
0.985073
0.984918
0.98476
0.984594
0.984425
0.984245
0.98406
0.983865
0.983663
0.983451
0.983232
0.983001
0.982763
0.982512
0.98225
0.981974
0.981682
0.981375
0.981047
0.980699
0.980329
0.979927
0.979497
0.979029
0.978518
0.977956
0.97734
0.976656
0.975894
0.975044
0.974088
0.973008
0.971785
0.970398
0.968817
0.967013
0.964952
0.962588
0.959878
0.956769
0.9532
0.949106
0.944403
0.939009
0.93282
0.925715
0.91755
0.908144
0.897251
0.884531
0.869489
0.851384
0.829052
0.800437
0.76103
0.69907
0.586972
0.389678
0.141793
0.898674
0.953319
0.960383
0.963169
0.965093
0.967427
0.971
0.976241
0.98322
0.991788
0.999695
0.999969
0.999994
0.999999
0.995745
0.98606
0.972203
0.956058
0.939289
0.92317
0.908624
0.896326
0.886769
0.880228
0.876712
0.875738
0.876461
0.879138
0.883341
0.88864
0.894646
0.90104
0.907568
0.91404
0.920322
0.926322
0.931982
0.937271
0.942174
0.946691
0.950831
0.954609
0.958043
0.961155
0.963965
0.966501
0.968777
0.970817
0.97264
0.974268
0.975718
0.977007
0.978143
0.97915
0.980034
0.980808
0.981484
0.982072
0.982578
0.983014
0.983382
0.983695
0.983955
0.98417
0.984341
0.984477
0.984576
0.984647
0.984691
0.98471
0.984708
0.984686
0.984648
0.984592
0.984521
0.984438
0.984342
0.984234
0.984116
0.983989
0.983854
0.983709
0.983555
0.983394
0.983224
0.98305
0.982861
0.982664
0.982456
0.982238
0.982009
0.981767
0.981514
0.981246
0.980964
0.980667
0.980351
0.980017
0.979662
0.979282
0.978877
0.978442
0.977972
0.977466
0.976912
0.976309
0.97565
0.974925
0.974125
0.973236
0.97225
0.971147
0.969914
0.968528
0.96697
0.965207
0.963216
0.960961
0.958402
0.955497
0.952193
0.948436
0.944161
0.939295
0.933755
0.927441
0.920246
0.912022
0.902595
0.891714
0.879051
0.864106
0.846144
0.824013
0.795677
0.756641
0.6952
0.583977
0.388162
0.141677
0.90612
0.954201
0.960179
0.962412
0.964096
0.96623
0.969849
0.975418
0.982946
0.991837
0.999958
0.999997
1
1
0.99423
0.981606
0.964179
0.944446
0.924381
0.905378
0.888392
0.874152
0.863275
0.856182
0.852888
0.851766
0.853647
0.857921
0.863922
0.871029
0.878739
0.886666
0.894544
0.902192
0.909493
0.91638
0.922809
0.928777
0.934275
0.939323
0.943937
0.948142
0.951959
0.955418
0.958543
0.961366
0.963907
0.966191
0.968239
0.970073
0.971713
0.973176
0.974478
0.975636
0.976661
0.977566
0.978364
0.979064
0.979676
0.980209
0.980669
0.981064
0.9814
0.981686
0.981922
0.982114
0.982268
0.982389
0.982477
0.982534
0.982568
0.982576
0.982564
0.982531
0.982478
0.982411
0.982328
0.98223
0.982116
0.981994
0.981858
0.981709
0.98155
0.981383
0.981203
0.981014
0.980813
0.980597
0.980369
0.98013
0.979874
0.979606
0.979324
0.979022
0.978706
0.978368
0.978011
0.97763
0.977225
0.976792
0.976326
0.975827
0.975287
0.974702
0.974067
0.973377
0.972623
0.971796
0.970884
0.96988
0.968766
0.967532
0.966157
0.964622
0.962907
0.960985
0.95883
0.956404
0.953671
0.950596
0.947123
0.943203
0.938774
0.933771
0.928108
0.921694
0.914424
0.90615
0.896704
0.885841
0.873223
0.858353
0.840514
0.818559
0.79046
0.751727
0.690667
0.580046
0.385475
0.140757
0.911697
0.954639
0.959663
0.961367
0.962725
0.964609
0.968253
0.974171
0.982324
0.991882
1
0.999999
0.999998
0.999999
0.99236
0.976236
0.954754
0.931122
0.907583
0.885574
0.866007
0.849625
0.837259
0.829702
0.826995
0.826854
0.830436
0.836814
0.845028
0.85424
0.863823
0.873354
0.882573
0.89133
0.899557
0.907212
0.914301
0.920828
0.926814
0.93229
0.937285
0.94183
0.945957
0.949697
0.953081
0.95614
0.958898
0.961381
0.963617
0.965627
0.967425
0.969039
0.970481
0.971768
0.972913
0.973932
0.974835
0.975634
0.976338
0.976954
0.977492
0.977957
0.978361
0.978706
0.978995
0.97924
0.979437
0.979597
0.979719
0.979808
0.979867
0.979896
0.979903
0.979885
0.979845
0.979785
0.979704
0.97961
0.979496
0.979369
0.979225
0.97907
0.978899
0.978717
0.978521
0.978313
0.978089
0.977851
0.977599
0.977332
0.977049
0.976746
0.976429
0.976092
0.975733
0.975354
0.97495
0.974522
0.974063
0.973572
0.973048
0.972481
0.971871
0.971215
0.970499
0.969723
0.968878
0.96795
0.966938
0.965822
0.964592
0.963235
0.96173
0.960062
0.958207
0.956141
0.953836
0.951261
0.948381
0.945155
0.941537
0.93748
0.93292
0.927799
0.922037
0.915541
0.908212
0.899907
0.89045
0.879602
0.867022
0.852229
0.834499
0.812703
0.784824
0.746352
0.685567
0.575357
0.381856
0.139208
0.915755
0.954709
0.958868
0.960004
0.960956
0.962537
0.966169
0.972451
0.981315
0.991725
1
1
0.999998
0.999997
0.990108
0.96988
0.943898
0.916152
0.889082
0.864051
0.841778
0.822936
0.808669
0.800709
0.797482
0.799605
0.806609
0.816587
0.827968
0.839719
0.851249
0.862263
0.872606
0.882231
0.891136
0.899338
0.90687
0.913774
0.920084
0.925843
0.931091
0.935863
0.940198
0.944129
0.947695
0.95092
0.953834
0.956468
0.958842
0.960981
0.962905
0.964634
0.966185
0.967575
0.96882
0.969925
0.970913
0.971789
0.972566
0.97325
0.973849
0.974373
0.974827
0.975219
0.975554
0.975835
0.976066
0.976253
0.976402
0.976512
0.97659
0.976633
0.976648
0.976636
0.976601
0.976541
0.976458
0.976358
0.976237
0.976098
0.975942
0.975768
0.97558
0.975376
0.975158
0.974927
0.974676
0.97441
0.974127
0.973825
0.973508
0.97317
0.972813
0.972433
0.972032
0.971604
0.971154
0.970671
0.970156
0.969608
0.96902
0.96839
0.967709
0.966977
0.966184
0.965326
0.964392
0.963373
0.962262
0.961043
0.959707
0.958236
0.956614
0.954826
0.952846
0.950652
0.948216
0.94551
0.942501
0.939147
0.935404
0.931233
0.926568
0.92135
0.915507
0.908951
0.901578
0.893249
0.883791
0.872965
0.860432
0.845712
0.828088
0.806452
0.778784
0.740555
0.679981
0.570037
0.377485
0.137163
0.918517
0.954463
0.957803
0.958225
0.958585
0.959981
0.963552
0.970203
0.979863
0.991329
0.999997
0.999997
0.999998
0.999996
0.987448
0.962476
0.931612
0.899703
0.869239
0.84136
0.816351
0.794572
0.777392
0.768692
0.765819
0.773019
0.786074
0.801051
0.815875
0.829818
0.842732
0.85463
0.865561
0.875587
0.884774
0.893184
0.900877
0.907909
0.914331
0.920187
0.925527
0.930394
0.934817
0.938836
0.942484
0.945798
0.948798
0.951513
0.953968
0.956187
0.958188
0.959992
0.961615
0.963074
0.964383
0.965554
0.9666
0.96753
0.968358
0.96909
0.969733
0.970296
0.970788
0.971212
0.971572
0.971879
0.972132
0.972336
0.972499
0.972618
0.972701
0.97275
0.972765
0.972751
0.97271
0.972643
0.972549
0.972434
0.972298
0.97214
0.971965
0.971768
0.971555
0.971324
0.971077
0.970814
0.970529
0.970229
0.96991
0.969571
0.969211
0.968832
0.96843
0.968006
0.967557
0.967081
0.966575
0.966038
0.965467
0.964857
0.964207
0.963508
0.96276
0.961956
0.961086
0.960148
0.959129
0.958022
0.956819
0.955506
0.954072
0.952497
0.950771
0.948873
0.946781
0.944474
0.941925
0.939107
0.935982
0.932523
0.928679
0.924408
0.919657
0.914366
0.908463
0.901862
0.894458
0.886123
0.876678
0.865883
0.853404
0.838767
0.821266
0.799796
0.772355
0.734364
0.673962
0.564177
0.372497
0.134725
0.920107
0.953958
0.956525
0.956106
0.955669
0.956926
0.960352
0.967359
0.977901
0.99068
1
1
0.999998
1
0.984352
0.953953
0.917944
0.882073
0.848684
0.818526
0.791117
0.76604
0.743741
0.726519
0.733581
0.757577
0.779333
0.796204
0.811727
0.826074
0.839367
0.851173
0.861943
0.871774
0.880765
0.888994
0.896523
0.903409
0.909709
0.915465
0.920728
0.925527
0.92991
0.933895
0.937527
0.94083
0.943835
0.946561
0.949033
0.951275
0.953298
0.95513
0.956783
0.958271
0.95961
0.960811
0.961885
0.962846
0.963697
0.964454
0.96512
0.965703
0.96621
0.966647
0.967022
0.967335
0.967595
0.967804
0.967966
0.968084
0.968163
0.968203
0.968208
0.968181
0.968125
0.968038
0.967926
0.967789
0.967628
0.967444
0.967239
0.967011
0.966766
0.9665
0.966218
0.965915
0.965593
0.965251
0.964891
0.964507
0.964102
0.963676
0.963226
0.962751
0.96225
0.961719
0.961158
0.960563
0.959933
0.959262
0.958547
0.957782
0.956964
0.956087
0.955144
0.954126
0.95303
0.95184
0.950552
0.949151
0.947624
0.945957
0.944136
0.942142
0.939953
0.937546
0.934901
0.931984
0.928768
0.925216
0.921288
0.916941
0.912123
0.906779
0.900832
0.894205
0.886794
0.878467
0.869045
0.858296
0.845887
0.831346
0.813989
0.792724
0.76553
0.727788
0.667542
0.557835
0.366979
0.131964
0.920545
0.953275
0.955205
0.953939
0.952645
0.95337
0.956545
0.96385
0.975331
0.98975
0.999998
1
1
0.999998
0.980784
0.94421
0.902997
0.863781
0.828526
0.797517
0.769315
0.742734
0.715544
0.731656
0.746749
0.766576
0.784774
0.800116
0.814339
0.827528
0.839717
0.850661
0.860697
0.869909
0.878545
0.886754
0.893822
0.900304
0.906254
0.911714
0.916721
0.921312
0.925512
0.92935
0.932856
0.93606
0.938977
0.941632
0.944054
0.946251
0.948244
0.950049
0.951682
0.953157
0.954484
0.955678
0.956748
0.957703
0.958554
0.959307
0.959967
0.960547
0.961052
0.961482
0.961848
0.962154
0.962401
0.962598
0.962745
0.962848
0.962906
0.962927
0.96291
0.962857
0.962773
0.96266
0.962516
0.962346
0.962152
0.961933
0.961688
0.961425
0.961136
0.96083
0.960502
0.960154
0.959785
0.959397
0.958986
0.958552
0.958095
0.957617
0.957113
0.956584
0.956025
0.955438
0.954816
0.954162
0.953469
0.952735
0.951953
0.951122
0.950235
0.949288
0.948272
0.947181
0.946009
0.944742
0.943372
0.94189
0.940281
0.93853
0.936622
0.934542
0.932266
0.929777
0.927045
0.924048
0.920754
0.917129
0.913137
0.908732
0.903866
0.898483
0.892515
0.885883
0.878481
0.870182
0.860803
0.850125
0.837809
0.823405
0.806223
0.785195
0.758291
0.720837
0.660728
0.551041
0.360978
0.128919
0.919733
0.952461
0.954033
0.951955
0.949462
0.94928
0.952147
0.959611
0.972018
0.988495
0.999998
1
1
0.999999
0.976693
0.933098
0.886975
0.845742
0.810752
0.782144
0.758598
0.750215
0.752334
0.758406
0.769602
0.783547
0.79721
0.809817
0.82178
0.833019
0.843478
0.853059
0.861949
0.870221
0.878027
0.885419
0.891874
0.89829
0.903866
0.908865
0.91347
0.917705
0.921598
0.925174
0.928453
0.931457
0.934205
0.936715
0.939003
0.941089
0.942992
0.944716
0.946279
0.947692
0.948965
0.95011
0.951136
0.952051
0.952866
0.953584
0.954215
0.954765
0.955235
0.955639
0.955974
0.95625
0.956468
0.956631
0.956745
0.956813
0.956838
0.956822
0.956768
0.956678
0.956557
0.956401
0.956216
0.956002
0.955762
0.955495
0.955206
0.954892
0.954555
0.954197
0.953815
0.953414
0.952992
0.952545
0.952078
0.951588
0.951075
0.950536
0.949975
0.949383
0.948764
0.948115
0.947432
0.946714
0.945956
0.945154
0.944306
0.943409
0.942452
0.941434
0.940349
0.939186
0.937937
0.936598
0.935153
0.933596
0.93191
0.930081
0.928099
0.925941
0.923591
0.921026
0.918226
0.915162
0.911805
0.908123
0.904082
0.89964
0.894746
0.889348
0.883379
0.876762
0.869391
0.86114
0.85184
0.841256
0.829076
0.814846
0.797906
0.777176
0.750621
0.713487
0.653521
0.543793
0.354495
0.125599
0.918219
0.950805
0.953039
0.950791
0.946469
0.943898
0.947306
0.954633
0.967768
0.98683
0.999997
0.999998
1
0.999998
0.971955
0.920386
0.870298
0.829616
0.798977
0.782671
0.775512
0.775117
0.778762
0.78422
0.792692
0.802609
0.812703
0.822523
0.83202
0.841073
0.849615
0.85761
0.865144
0.872254
0.878998
0.885349
0.891082
0.896711
0.90167
0.906754
0.910829
0.914593
0.918076
0.921285
0.924238
0.926954
0.929444
0.931732
0.933825
0.935733
0.937476
0.939057
0.940495
0.941795
0.942966
0.944018
0.94496
0.945797
0.946536
0.947187
0.947752
0.948241
0.948655
0.949
0.94928
0.9495
0.949665
0.949776
0.949837
0.949852
0.949824
0.949756
0.949646
0.949504
0.949325
0.949115
0.948873
0.948602
0.948306
0.94798
0.947631
0.947256
0.946859
0.946438
0.945996
0.94553
0.945044
0.944534
0.944003
0.943448
0.942868
0.942265
0.941636
0.94098
0.940294
0.939577
0.938826
0.93804
0.937213
0.936343
0.935428
0.934458
0.933433
0.932344
0.931188
0.929953
0.928633
0.927222
0.925706
0.924074
0.922316
0.920418
0.918365
0.91614
0.913722
0.911094
0.908235
0.905116
0.901712
0.897993
0.893919
0.889456
0.884555
0.879164
0.87322
0.866643
0.859334
0.851173
0.841989
0.831558
0.819572
0.80559
0.788957
0.768604
0.742473
0.705717
0.645897
0.536054
0.347472
0.12197
0.916633
0.947493
0.951495
0.950037
0.946133
0.940672
0.942563
0.949044
0.962317
0.984619
1
0.999999
1
0.999997
0.966375
0.905718
0.853917
0.818593
0.804513
0.79826
0.797282
0.799755
0.802621
0.807677
0.814181
0.821399
0.828819
0.836195
0.843419
0.850399
0.85709
0.863479
0.869583
0.875409
0.88096
0.886201
0.891075
0.895792
0.90009
0.904447
0.908367
0.91175
0.914738
0.917498
0.920043
0.922391
0.924555
0.926543
0.928361
0.930031
0.931549
0.932932
0.934184
0.935318
0.936334
0.937247
0.938055
0.938773
0.939399
0.939942
0.940407
0.940798
0.941119
0.941377
0.941572
0.94171
0.941794
0.941828
0.941811
0.941752
0.941648
0.941506
0.941323
0.941107
0.940855
0.940573
0.940259
0.939914
0.939545
0.939147
0.938725
0.938277
0.937805
0.937311
0.936793
0.936254
0.935692
0.935109
0.934503
0.933873
0.933221
0.932544
0.931839
0.931109
0.93035
0.929559
0.928733
0.927873
0.926971
0.926027
0.925037
0.923993
0.922893
0.921732
0.920499
0.91919
0.917799
0.916313
0.914723
0.913019
0.911193
0.909224
0.907105
0.904816
0.902339
0.899656
0.896747
0.893588
0.890147
0.886404
0.882322
0.877861
0.872978
0.867625
0.861744
0.85525
0.848057
0.840042
0.831038
0.820836
0.809136
0.795496
0.779279
0.759412
0.733802
0.69749
0.637806
0.527735
0.339779
0.117942
0.914866
0.942373
0.948599
0.948799
0.94638
0.942888
0.940038
0.943405
0.955274
0.981684
1
1
1
1
0.959588
0.888587
0.840128
0.823804
0.818422
0.817591
0.819379
0.821075
0.824336
0.828635
0.833557
0.838793
0.84414
0.849483
0.854758
0.859915
0.86493
0.869786
0.874477
0.878993
0.883325
0.887453
0.891376
0.895147
0.898699
0.902228
0.905458
0.90869
0.911242
0.913493
0.915564
0.917474
0.919237
0.920856
0.922343
0.923698
0.924935
0.926057
0.927066
0.927976
0.928786
0.929501
0.930131
0.930677
0.931144
0.931536
0.931859
0.932115
0.932305
0.932439
0.932516
0.932539
0.93251
0.932434
0.932313
0.932151
0.931947
0.931705
0.931425
0.931114
0.930766
0.93039
0.929982
0.929549
0.929086
0.928598
0.928087
0.927548
0.926989
0.926405
0.925798
0.92517
0.924519
0.923848
0.923154
0.922437
0.921699
0.920934
0.920145
0.919329
0.918483
0.917605
0.916697
0.91575
0.914765
0.913734
0.912658
0.91153
0.910345
0.9091
0.907782
0.906392
0.904917
0.90335
0.901679
0.899901
0.897999
0.895958
0.89377
0.891419
0.888887
0.886155
0.883208
0.880019
0.876565
0.872822
0.868756
0.864335
0.85952
0.854255
0.848496
0.842163
0.835168
0.827393
0.818688
0.80884
0.797554
0.784405
0.768752
0.749513
0.724546
0.68875
0.629173
0.518673
0.331167
0.113385
0.912708
0.93529
0.943264
0.945597
0.945224
0.943652
0.942334
0.939796
0.946048
0.97768
1
1
0.999999
1
0.95096
0.868364
0.840062
0.835741
0.835533
0.836869
0.838135
0.840459
0.843423
0.846759
0.850303
0.853947
0.857626
0.8613
0.864945
0.868538
0.872065
0.875515
0.878876
0.882139
0.885299
0.888343
0.891273
0.894103
0.896821
0.899477
0.901969
0.904484
0.906995
0.908669
0.910201
0.91161
0.912908
0.914095
0.915176
0.916157
0.917043
0.917838
0.918548
0.919169
0.919712
0.920179
0.92057
0.920892
0.921146
0.921338
0.921469
0.92154
0.921559
0.921524
0.92144
0.921308
0.92113
0.92091
0.920648
0.920347
0.920012
0.919639
0.919232
0.918796
0.918327
0.917829
0.917305
0.916753
0.916176
0.915573
0.914946
0.914299
0.913627
0.912932
0.912215
0.911478
0.910718
0.909935
0.909134
0.908309
0.907464
0.906591
0.905694
0.904768
0.903814
0.90283
0.901812
0.900757
0.899663
0.898526
0.897339
0.896103
0.89481
0.893457
0.892034
0.890539
0.88896
0.887292
0.885528
0.883657
0.881668
0.879551
0.877292
0.874879
0.872299
0.869537
0.866572
0.863387
0.859962
0.856272
0.852292
0.847992
0.843331
0.838272
0.832758
0.826729
0.820088
0.812734
0.804512
0.795218
0.784554
0.772106
0.757223
0.738802
0.714629
0.679426
0.619862
0.50854
0.321077
0.108104
0.909641
0.925817
0.934126
0.938236
0.939932
0.940221
0.939741
0.938863
0.934508
0.97191
0.999999
1
1
1
0.939083
0.851318
0.849628
0.850301
0.851303
0.85251
0.854305
0.856389
0.8586
0.860869
0.86316
0.86546
0.86776
0.870052
0.872329
0.874586
0.876816
0.879008
0.881162
0.883267
0.885321
0.887315
0.889255
0.891136
0.892956
0.894724
0.896427
0.898161
0.900291
0.901474
0.902432
0.903287
0.904054
0.904742
0.905353
0.905889
0.906358
0.906755
0.907082
0.907348
0.907556
0.907698
0.907785
0.907818
0.907794
0.907721
0.907599
0.90743
0.907215
0.906956
0.906653
0.906313
0.905933
0.905519
0.905067
0.904581
0.904065
0.903516
0.902938
0.902332
0.901697
0.901038
0.900352
0.899642
0.898907
0.89815
0.897369
0.896564
0.89574
0.894892
0.894022
0.89313
0.892216
0.891282
0.890324
0.889344
0.888341
0.88731
0.886253
0.88517
0.884056
0.882911
0.881731
0.880515
0.879258
0.877962
0.876618
0.875226
0.873779
0.872277
0.870709
0.869077
0.867369
0.865583
0.86371
0.861746
0.85968
0.857503
0.855209
0.852787
0.850226
0.847515
0.84464
0.841585
0.838333
0.834866
0.831165
0.827196
0.822931
0.818334
0.813344
0.807909
0.801933
0.795318
0.787902
0.779484
0.769767
0.758331
0.744505
0.727149
0.703959
0.669406
0.609618
0.496609
0.307942
0.101046
0.90318
0.91267
0.918921
0.923084
0.925827
0.927538
0.928383
0.927947
0.927344
0.960641
1
1
0.999998
1
0.918754
0.856583
0.857359
0.858098
0.85913
0.860309
0.861523
0.86272
0.863898
0.865064
0.866218
0.867368
0.868512
0.869646
0.870773
0.871884
0.872982
0.874059
0.875112
0.876144
0.877145
0.878114
0.879058
0.879967
0.880844
0.881698
0.882543
0.883437
0.884711
0.885279
0.885584
0.885796
0.885947
0.886033
0.886067
0.886052
0.885986
0.885869
0.885709
0.8855
0.885247
0.884949
0.884613
0.884233
0.883812
0.883353
0.882858
0.882323
0.881756
0.88115
0.880514
0.879842
0.87914
0.878409
0.877645
0.876853
0.876034
0.875187
0.874313
0.87341
0.872484
0.871533
0.870558
0.869557
0.868533
0.867484
0.866412
0.865318
0.864198
0.863055
0.861887
0.860695
0.85949
0.858272
0.857038
0.855793
0.854531
0.853255
0.851962
0.850651
0.849321
0.847973
0.846606
0.845216
0.843805
0.842371
0.840912
0.839427
0.837913
0.83637
0.834796
0.833187
0.831541
0.829856
0.828127
0.826353
0.824525
0.822642
0.820698
0.818683
0.816593
0.814416
0.812143
0.80976
0.807251
0.804598
0.801779
0.798768
0.795531
0.792025
0.788199
0.783984
0.779291
0.774004
0.767963
0.760963
0.752697
0.742728
0.730363
0.71441
0.692434
0.658567
0.598085
0.481654
0.288129
0.0848232
)
;

boundaryField
{
    walls
    {
        type            zeroGradient;
    }
    top
    {
        type            zeroGradient;
    }
    bottom
    {
        type            zeroGradient;
    }
    frontAndBack
    {
        type            empty;
    }
    inlet
    {
        type            uniformFixedValue;
        uniformValue    
        {
            type            constant;
            value           1;
        }
        value           uniform 1;
    }
    outlet
    {
        type            zeroGradient;
    }
}


// ************************************************************************* //
