/*--------------------------------*- C++ -*----------------------------------*\
  =========                 |
  \\      /  F ield         | OpenFOAM: The Open Source CFD Toolbox
   \\    /   O peration     | Website:  https://openfoam.org
    \\  /    A nd           | Version:  12
     \\/     M anipulation  |
\*---------------------------------------------------------------------------*/
FoamFile
{
    format      ascii;
    class       volScalarField;
    location    "130";
    object      T;
}
// * * * * * * * * * * * * * * * * * * * * * * * * * * * * * * * * * * * * * //

dimensions      [];

internalField   nonuniform List<scalar> 
4480
(
6.94843e-14
2.32477e-11
1.512e-07
4.35476e-05
0.00126787
0.00845876
0.0263825
0.0552182
0.0918811
0.132561
0.174065
0.214158
0.251455
0.285204
0.315078
0.34102
0.363131
0.381602
0.396663
0.408557
0.417528
0.423801
0.427583
0.429065
0.428414
0.425784
0.421309
0.415806
0.410208
0.404481
0.398592
0.392505
0.386182
0.379586
0.372676
0.365409
0.357737
0.349609
0.340968
0.331756
0.321908
0.311351
0.300012
0.287815
0.274683
0.260545
0.245345
0.229053
0.211675
0.193277
0.174004
0.154098
0.133899
0.113852
0.0944695
0.0762861
0.0597974
0.0453909
0.0332964
0.0235619
0.0160623
0.0105379
0.00664922
0.00403395
0.00235306
0.00132011
0.000712652
0.000370471
0.000185614
8.97207e-05
4.18862e-05
1.89086e-05
8.26409e-06
3.50128e-06
1.43986e-06
5.75503e-07
2.23865e-07
8.4864e-08
3.13944e-08
1.13495e-08
4.01531e-09
1.39225e-09
4.73854e-10
2.47841e-10
1.7676e-10
1.34811e-10
1.02756e-10
7.80158e-11
5.93389e-11
4.54233e-11
3.5117e-11
2.75076e-11
2.19017e-11
1.77812e-11
1.47644e-11
1.25746e-11
1.10151e-11
9.95038e-12
9.2929e-12
8.99416e-12
9.04158e-12
9.46053e-12
1.03228e-11
1.17663e-11
1.40306e-11
1.75238e-11
2.29453e-11
3.15151e-11
4.54157e-11
6.86565e-11
1.08815e-10
1.80624e-10
3.13541e-10
5.6806e-10
1.07155e-09
2.09849e-09
4.25281e-09
8.88902e-09
1.91061e-08
4.22292e-08
9.67571e-08
2.33859e-07
6.03948e-07
1.71643e-06
6.04806e-06
2.20913e-05
4.70461e-05
7.04654e-05
3.07832e-05
1.75496e-06
1.13498e-07
4.0078e-09
1.19224e-10
3.49121e-12
9.05567e-14
1.76577e-15
2.53051e-17
2.06497e-19
7.58637e-22
7.23946e-25
7.6975e-14
4.03337e-09
6.76846e-06
0.000801539
0.0116373
0.0478779
0.108965
0.18335
0.26002
0.332244
0.396971
0.453372
0.501723
0.542741
0.577263
0.606115
0.630034
0.649666
0.665565
0.678199
0.687961
0.695175
0.700114
0.702997
0.704009
0.703296
0.700979
0.697047
0.691808
0.685368
0.677831
0.669296
0.659859
0.649603
0.638604
0.626929
0.614631
0.601751
0.588314
0.574339
0.559827
0.544765
0.529123
0.512864
0.495934
0.478264
0.45978
0.440397
0.420031
0.398604
0.376055
0.352353
0.32751
0.301598
0.274768
0.247252
0.219377
0.19156
0.16429
0.13811
0.113566
0.0911613
0.0713013
0.0542478
0.0400903
0.0287452
0.0199792
0.0134533
0.00877382
0.00554156
0.00339023
0.00200974
0.00115501
0.000643942
0.000348531
0.000183286
9.37309e-05
4.6655e-05
2.26247e-05
1.0699e-05
4.93842e-06
2.22707e-06
9.82162e-07
4.45594e-07
2.15571e-07
1.12669e-07
6.34996e-08
3.81173e-08
2.4023e-08
1.57245e-08
1.06218e-08
7.38235e-09
5.27379e-09
3.87272e-09
2.92529e-09
2.27531e-09
1.82481e-09
1.51132e-09
1.2947e-09
1.14919e-09
1.05866e-09
1.01385e-09
1.0109e-09
1.0509e-09
1.14043e-09
1.29317e-09
1.53334e-09
1.90193e-09
2.46812e-09
3.34981e-09
4.75171e-09
7.03666e-09
1.08617e-08
1.74414e-08
2.9067e-08
5.01415e-08
8.92824e-08
1.63662e-07
3.08202e-07
5.95813e-07
1.18399e-06
2.42313e-06
5.09291e-06
1.08763e-05
2.30264e-05
4.4911e-05
7.18327e-05
8.38253e-05
3.71877e-05
3.0278e-06
2.26074e-07
1.40607e-08
7.20754e-10
2.99133e-11
1.02699e-12
2.56433e-14
4.62683e-16
4.82395e-18
2.36123e-20
3.58212e-23
4.13445e-11
2.01179e-07
0.000113292
0.00604663
0.047811
0.134642
0.241628
0.345982
0.437262
0.513397
0.575876
0.627069
0.669144
0.703838
0.73248
0.756103
0.775518
0.791376
0.804208
0.81445
0.822461
0.828532
0.832905
0.835775
0.837296
0.837592
0.836761
0.834694
0.831405
0.826958
0.821417
0.814835
0.807269
0.798766
0.789383
0.779164
0.76816
0.756412
0.743962
0.73084
0.717074
0.702679
0.687665
0.672026
0.655744
0.638792
0.621122
0.602677
0.583383
0.56316
0.541914
0.519549
0.495973
0.471109
0.444906
0.417348
0.388483
0.358422
0.327366
0.295609
0.263542
0.231637
0.200432
0.170493
0.142368
0.116549
0.093422
0.0732396
0.0561003
0.0419514
0.0306051
0.0217721
0.015098
0.0102044
0.00672195
0.00431628
0.00270234
0.00165022
0.000983355
0.000572105
0.000325152
0.000180642
9.81648e-05
5.28219e-05
2.84839e-05
1.55058e-05
8.5831e-06
4.86202e-06
2.83207e-06
1.70124e-06
1.05509e-06
6.75539e-07
4.46259e-07
3.03981e-07
2.13463e-07
1.54556e-07
1.15446e-07
8.9039e-08
7.09832e-08
5.85646e-08
5.007e-08
4.4417e-08
4.09356e-08
3.92409e-08
3.91664e-08
4.07367e-08
4.4179e-08
4.99741e-08
5.89616e-08
7.25318e-08
9.29589e-08
1.23979e-07
1.71792e-07
2.46824e-07
3.66824e-07
5.62379e-07
8.86778e-07
1.4337e-06
2.36904e-06
3.98781e-06
6.81185e-06
1.17378e-05
2.01856e-05
3.40288e-05
5.4715e-05
8.04259e-05
0.000101203
9.74775e-05
4.53701e-05
4.96514e-06
4.54882e-07
3.60751e-08
2.38513e-09
1.25861e-10
5.42917e-12
1.68902e-13
3.79133e-15
4.98819e-17
3.19064e-19
6.75569e-22
3.32586e-09
4.46902e-06
0.00100315
0.0262708
0.124509
0.261622
0.391849
0.497932
0.580058
0.643666
0.694042
0.734901
0.768569
0.796491
0.819649
0.838777
0.854483
0.86727
0.877581
0.885788
0.89221
0.89711
0.900704
0.903172
0.904649
0.905244
0.90504
0.903984
0.902033
0.899225
0.895582
0.89112
0.885855
0.879797
0.872954
0.865342
0.856977
0.847869
0.838041
0.82751
0.816294
0.804409
0.791866
0.778676
0.764838
0.750347
0.735181
0.719314
0.702701
0.685288
0.667004
0.647762
0.627471
0.606024
0.583317
0.559251
0.533736
0.506714
0.478169
0.448137
0.416729
0.384133
0.35063
0.316587
0.282448
0.24872
0.215944
0.184658
0.155366
0.128498
0.104378
0.083207
0.0650512
0.0498485
0.0374244
0.0275181
0.019813
0.013967
0.00963987
0.00651472
0.00431177
0.00279551
0.00177604
0.00111047
0.000687427
0.000422648
0.000258986
0.000158764
9.77471e-05
6.06793e-05
3.81243e-05
2.43274e-05
1.58141e-05
1.04995e-05
7.13535e-06
4.97238e-06
3.55885e-06
2.61986e-06
1.98644e-06
1.55343e-06
1.25463e-06
1.04789e-06
9.06233e-07
8.12426e-07
7.5577e-07
7.30148e-07
7.33005e-07
7.64917e-07
8.29713e-07
9.35173e-07
1.09441e-06
1.32825e-06
1.66915e-06
2.1674e-06
2.90091e-06
3.99046e-06
5.62299e-06
8.08605e-06
1.18161e-05
1.74573e-05
2.59107e-05
3.83004e-05
5.56913e-05
7.82891e-05
0.000103906
0.000125919
0.000132248
0.000109669
5.3482e-05
7.79654e-06
8.49182e-07
7.97164e-08
6.24186e-09
3.90445e-10
2.0032e-11
7.44418e-13
2.01208e-14
3.24052e-16
2.60793e-18
7.23388e-21
1.08366e-07
5.54346e-05
0.00555971
0.0772417
0.24061
0.402682
0.526288
0.614198
0.67792
0.726907
0.766824
0.800417
0.828879
0.852822
0.872718
0.889037
0.902262
0.912852
0.921227
0.927764
0.932786
0.93656
0.939306
0.941197
0.94237
0.942923
0.94293
0.942374
0.941174
0.939355
0.936928
0.933899
0.930267
0.926027
0.921172
0.915696
0.90959
0.902853
0.89548
0.887475
0.878836
0.869573
0.859687
0.849185
0.838069
0.826339
0.81399
0.801009
0.787373
0.773053
0.758003
0.742167
0.725473
0.707838
0.689165
0.669348
0.648271
0.625821
0.601898
0.576412
0.549308
0.520574
0.490253
0.458453
0.425355
0.39123
0.356417
0.321331
0.286444
0.252258
0.219287
0.188015
0.15888
0.132234
0.10833
0.0873062
0.0691895
0.0538973
0.0412571
0.0310279
0.0229229
0.0166356
0.0118596
0.0083182
0.00576082
0.00394579
0.00267776
0.00180424
0.00120975
0.000809197
0.000541421
0.000363379
0.000245353
0.000167149
0.000115226
8.06035e-05
5.73681e-05
4.16472e-05
3.09105e-05
2.3505e-05
1.83486e-05
1.47302e-05
1.21811e-05
1.03911e-05
9.15519e-06
8.33961e-06
7.85995e-06
7.66809e-06
7.7446e-06
8.09555e-06
8.75268e-06
9.77715e-06
1.12664e-05
1.33655e-05
1.62824e-05
2.03083e-05
2.58407e-05
3.34037e-05
4.36522e-05
5.73269e-05
7.51035e-05
9.72384e-05
0.00012291
0.000149269
0.000170544
0.000178036
0.000162408
0.000119886
6.01025e-05
1.17109e-05
1.47501e-06
1.58713e-07
1.42079e-08
1.01679e-09
5.99689e-11
2.57861e-12
8.14698e-14
1.55904e-15
1.52646e-17
5.31429e-20
1.95498e-06
0.000441618
0.0214187
0.169621
0.376702
0.529028
0.626826
0.69171
0.739474
0.778734
0.81314
0.843444
0.86951
0.891298
0.909049
0.923218
0.934329
0.942896
0.949399
0.954245
0.957787
0.960315
0.962062
0.963208
0.963885
0.96419
0.964185
0.963879
0.963126
0.961944
0.960334
0.958295
0.955818
0.952889
0.949495
0.945619
0.941246
0.936361
0.930951
0.925008
0.918523
0.911489
0.903906
0.895773
0.887089
0.877853
0.868065
0.857718
0.846807
0.835311
0.823209
0.810467
0.797039
0.782868
0.767882
0.751998
0.735118
0.717132
0.697926
0.677383
0.655392
0.631844
0.606663
0.5798
0.551247
0.521053
0.489327
0.456248
0.422068
0.387105
0.351746
0.316426
0.281615
0.247791
0.215417
0.184918
0.156655
0.130906
0.107853
0.0875799
0.0700719
0.0552271
0.0428703
0.0327848
0.024756
0.0184737
0.0136376
0.0099712
0.0072306
0.00520822
0.00373289
0.00266726
0.00190394
0.00136075
0.000976038
0.000704361
0.000512702
0.000377389
0.000281625
0.000213594
0.000165035
0.000130196
0.000105086
8.69414e-05
7.38476e-05
6.44856e-05
5.79508e-05
5.36345e-05
5.11413e-05
5.02376e-05
5.0818e-05
5.28855e-05
5.65431e-05
6.19891e-05
6.9515e-05
7.94976e-05
9.23766e-05
0.000108595
0.000128485
0.000152049
0.000178617
0.000206356
0.000231743
0.000249278
0.000251964
0.000233147
0.000190022
0.000128174
6.40651e-05
1.68559e-05
2.41167e-06
2.92116e-07
2.93387e-08
2.35441e-09
1.56297e-10
7.60954e-12
2.74863e-13
6.10516e-15
7.0874e-17
3.00857e-19
2.31428e-05
0.00248589
0.0616078
0.297151
0.504772
0.6233
0.692507
0.739735
0.77808
0.813078
0.845856
0.875219
0.900067
0.920159
0.935874
0.947846
0.956735
0.963153
0.967631
0.970626
0.972522
0.973634
0.97421
0.974446
0.974474
0.974385
0.97423
0.974028
0.973572
0.972864
0.971896
0.970649
0.969104
0.967239
0.96503
0.962451
0.959483
0.956102
0.952289
0.948031
0.943312
0.93812
0.932453
0.926302
0.919668
0.912545
0.904934
0.896836
0.888248
0.879161
0.869567
0.859451
0.848783
0.837529
0.825647
0.813077
0.799746
0.785574
0.770464
0.754307
0.73699
0.718393
0.698397
0.676889
0.653777
0.628983
0.602465
0.574229
0.544321
0.512855
0.480002
0.446003
0.411157
0.37583
0.340425
0.305382
0.271151
0.238174
0.206861
0.177569
0.150585
0.126119
0.104288
0.0851145
0.0686563
0.0547572
0.0432037
0.0337452
0.0261138
0.0200407
0.0152694
0.011565
0.00871983
0.00655522
0.00492201
0.00369818
0.00278613
0.00210914
0.00160789
0.0012372
0.000963022
0.000760006
0.000609413
0.000497502
0.000414248
0.000352372
0.000306617
0.000273197
0.000249413
0.000233364
0.000223731
0.000219637
0.000220526
0.000226068
0.000236072
0.00025039
0.000268785
0.000290764
0.00031534
0.000340756
0.000364175
0.00038149
0.000387427
0.000376264
0.0003434
0.000287722
0.000214105
0.000134622
6.60854e-05
2.16324e-05
3.75168e-06
5.05584e-07
5.62961e-08
5.0026e-09
3.68742e-10
2.00341e-11
8.14546e-13
2.06499e-14
2.79127e-16
1.41844e-18
0.000201648
0.0105878
0.139063
0.435005
0.602979
0.683923
0.73242
0.76975
0.804157
0.838445
0.87165
0.900861
0.924525
0.942672
0.956072
0.965618
0.972108
0.976212
0.978502
0.979469
0.979532
0.97904
0.978274
0.977437
0.976675
0.976074
0.975674
0.975476
0.975234
0.974927
0.974526
0.973998
0.973305
0.972412
0.971277
0.969869
0.968151
0.9661
0.963688
0.960891
0.957697
0.954087
0.950054
0.945591
0.940692
0.93536
0.929593
0.923391
0.916757
0.909693
0.902194
0.894255
0.885867
0.877013
0.867664
0.857788
0.84734
0.83626
0.824479
0.811916
0.798477
0.784052
0.768535
0.751803
0.733732
0.714211
0.693129
0.670395
0.645941
0.619734
0.591783
0.562144
0.530924
0.498299
0.464497
0.429813
0.39459
0.359216
0.324109
0.289696
0.2564
0.224618
0.194698
0.166914
0.14159
0.118873
0.098798
0.0813149
0.0663054
0.0535962
0.0429759
0.0342125
0.0270663
0.0213026
0.0167007
0.0130597
0.0102019
0.00797432
0.00624777
0.00491563
0.00389119
0.00310515
0.00250274
0.00204128
0.00168779
0.00141697
0.00120963
0.00105119
0.000930694
0.000839897
0.000772595
0.000724088
0.000690774
0.000669794
0.000658724
0.000655315
0.000657226
0.000661766
0.000665675
0.000664986
0.000655047
0.000630892
0.000588019
0.000523714
0.000438685
0.000338501
0.000233929
0.000139155
6.72983e-05
2.42994e-05
5.60421e-06
8.33066e-07
1.01993e-07
9.95233e-09
8.07156e-10
4.84645e-11
2.19468e-12
6.27853e-14
9.765e-16
5.87669e-18
0.0014167
0.0358517
0.254813
0.551718
0.665519
0.719819
0.757049
0.790009
0.823602
0.858981
0.893435
0.922415
0.944424
0.960195
0.971012
0.977986
0.98196
0.983611
0.983531
0.982253
0.98025
0.977928
0.975603
0.973515
0.971818
0.970599
0.969883
0.969639
0.96957
0.96964
0.969796
0.969983
0.97014
0.970213
0.970143
0.969879
0.969378
0.968597
0.967503
0.966072
0.964276
0.962105
0.959541
0.956578
0.953212
0.949443
0.94527
0.9407
0.935738
0.930386
0.924651
0.918535
0.912037
0.905153
0.897871
0.890175
0.882037
0.873426
0.864292
0.854581
0.844225
0.833141
0.821235
0.808409
0.79455
0.779537
0.763251
0.74557
0.726377
0.705571
0.683064
0.658796
0.632741
0.604912
0.575376
0.544248
0.511703
0.477974
0.443351
0.408174
0.372818
0.337692
0.303209
0.269776
0.237803
0.207703
0.179757
0.154168
0.131054
0.110455
0.0923374
0.076603
0.0631053
0.0516601
0.0420621
0.0340956
0.0275459
0.0222072
0.0178892
0.01442
0.0116487
0.00944521
0.00769951
0.00632019
0.00523227
0.004375
0.00369971
0.00316768
0.00274835
0.00241764
0.00215661
0.00195027
0.00178665
0.00165597
0.00155
0.00146153
0.00138397
0.001311
0.00123653
0.00115479
0.00106072
0.000950684
0.000823493
0.000681437
0.000530984
0.000382548
0.000248819
0.000141554
6.75291e-05
2.55426e-05
7.12591e-06
1.3196e-06
1.76554e-07
1.88082e-08
1.66799e-09
1.09973e-10
5.50835e-12
1.76532e-13
3.13638e-15
2.22271e-17
0.00779516
0.100234
0.387382
0.627246
0.700922
0.741587
0.773507
0.804883
0.83913
0.876457
0.912407
0.940665
0.960431
0.973495
0.981632
0.986001
0.987376
0.986394
0.983679
0.979842
0.975446
0.970983
0.966837
0.963285
0.960501
0.958565
0.957488
0.957159
0.957264
0.957737
0.958496
0.959458
0.960532
0.961637
0.962692
0.963627
0.964379
0.964894
0.965128
0.965047
0.964621
0.963829
0.962657
0.961096
0.959143
0.9568
0.954066
0.950949
0.947457
0.943601
0.939385
0.934823
0.929921
0.924681
0.919107
0.913194
0.906927
0.900295
0.893266
0.885804
0.877869
0.869401
0.860331
0.850581
0.840061
0.828669
0.816296
0.802824
0.788129
0.772089
0.754578
0.735489
0.714716
0.692183
0.667835
0.641657
0.613679
0.583973
0.552674
0.519966
0.486098
0.451365
0.41611
0.380715
0.345559
0.311144
0.27788
0.24614
0.216243
0.188444
0.162924
0.139787
0.119067
0.100732
0.0846915
0.0708117
0.0589252
0.0488443
0.0403709
0.0333067
0.0274605
0.0226531
0.0187215
0.0155205
0.0129235
0.0108215
0.00912254
0.00774976
0.00663954
0.00573962
0.00500731
0.00440777
0.00391253
0.00349814
0.00314516
0.00283729
0.00256076
0.00230402
0.00205761
0.00181439
0.00156996
0.00132319
0.00107671
0.000836965
0.000613508
0.000417314
0.000258148
0.00014156
6.66424e-05
2.58924e-05
7.92478e-06
1.81557e-06
2.94797e-07
3.41461e-08
3.29726e-09
2.3772e-10
1.31132e-11
4.68757e-13
9.47609e-15
7.89002e-17
0.0256275
0.199285
0.509855
0.667256
0.721659
0.756058
0.785293
0.816291
0.851887
0.891618
0.929068
0.955954
0.972969
0.983213
0.98874
0.990524
0.989155
0.985235
0.97947
0.972617
0.965388
0.958394
0.952107
0.946857
0.94283
0.940101
0.938649
0.938238
0.938562
0.939516
0.940984
0.942841
0.944962
0.947231
0.949538
0.951788
0.953896
0.955794
0.957427
0.958744
0.959716
0.960316
0.960525
0.960335
0.959742
0.95875
0.957362
0.955587
0.953437
0.950925
0.948064
0.944868
0.941352
0.937523
0.933393
0.928966
0.924244
0.919222
0.913884
0.908218
0.902194
0.895773
0.888911
0.881552
0.873627
0.865057
0.855755
0.845616
0.834537
0.822394
0.80907
0.794432
0.778353
0.760715
0.741401
0.720324
0.697407
0.672614
0.645945
0.617447
0.587221
0.555423
0.522262
0.488008
0.452931
0.417468
0.382031
0.347042
0.312913
0.280026
0.248725
0.219294
0.191956
0.166862
0.144093
0.123668
0.10554
0.0896184
0.0757702
0.0638356
0.0536363
0.0449866
0.0377011
0.0316011
0.0265187
0.0223008
0.01881
0.0159255
0.0135424
0.011571
0.00993514
0.00857071
0.00742418
0.00645104
0.00561443
0.00488412
0.00423566
0.00364984
0.00311238
0.00261382
0.00214941
0.0017189
0.00132603
0.00097729
0.000680172
0.000440777
0.000261431
0.000138974
6.45674e-05
2.54545e-05
8.23624e-06
2.11101e-06
4.13749e-07
6.00987e-08
6.30092e-09
4.95515e-10
3.00276e-11
1.19461e-12
2.7432e-14
2.68303e-16
0.0619334
0.307817
0.590398
0.695214
0.736636
0.766197
0.793895
0.825073
0.862378
0.904785
0.943673
0.968493
0.982434
0.989979
0.993078
0.992244
0.987823
0.980456
0.971039
0.960564
0.949955
0.939982
0.931217
0.924038
0.91864
0.915077
0.913286
0.912838
0.913476
0.915052
0.917395
0.920332
0.923693
0.927317
0.93106
0.934797
0.93842
0.94184
0.944984
0.947798
0.950238
0.95228
0.953903
0.955094
0.955857
0.95619
0.956104
0.95561
0.954723
0.953461
0.951841
0.949882
0.947602
0.945018
0.942144
0.938994
0.935577
0.931897
0.927956
0.923743
0.919249
0.914452
0.909322
0.903823
0.897908
0.891517
0.884583
0.877028
0.868762
0.859685
0.849686
0.838647
0.826441
0.812937
0.798003
0.781509
0.763337
0.743376
0.721544
0.697789
0.672093
0.644485
0.615041
0.5839
0.551195
0.517231
0.48233
0.446863
0.411227
0.375834
0.341095
0.307398
0.275098
0.244497
0.215843
0.189315
0.165027
0.143027
0.123305
0.105797
0.0903976
0.0769693
0.0653515
0.055371
0.0468502
0.0396138
0.033494
0.0283345
0.0239925
0.0203401
0.0172646
0.0146681
0.0124665
0.0105888
0.00897555
0.00757812
0.00635736
0.00528294
0.00433246
0.00349064
0.00274836
0.00210139
0.00154872
0.0010906
0.000726203
0.00045161
0.000258445
0.000133742
6.13169e-05
2.4332e-05
8.14444e-06
2.23721e-06
4.90296e-07
8.33534e-08
1.06937e-08
1.00589e-09
6.68853e-11
2.95922e-12
7.71765e-14
8.87734e-16
0.121635
0.406241
0.640439
0.714443
0.74881
0.773977
0.800035
0.831645
0.870829
0.916098
0.956364
0.978471
0.989253
0.994425
0.995287
0.991638
0.983621
0.972065
0.958213
0.943391
0.928796
0.915378
0.903813
0.894516
0.887676
0.883305
0.881274
0.880888
0.882
0.884398
0.887846
0.892107
0.896954
0.902176
0.907585
0.91302
0.918348
0.923456
0.928259
0.93269
0.936704
0.940266
0.943359
0.945972
0.948107
0.949767
0.950971
0.951729
0.95206
0.95199
0.951538
0.95073
0.949583
0.948125
0.946375
0.94435
0.942067
0.939536
0.936771
0.933766
0.930527
0.92704
0.923292
0.91926
0.91491
0.910208
0.905099
0.899528
0.893425
0.886708
0.879287
0.871062
0.861917
0.85173
0.840374
0.82771
0.8136
0.797909
0.780507
0.76128
0.740133
0.717001
0.691863
0.664733
0.635629
0.604704
0.572161
0.538262
0.503327
0.467714
0.431819
0.39605
0.360816
0.326508
0.293486
0.262062
0.232493
0.204976
0.179638
0.156546
0.135708
0.117078
0.100566
0.0860492
0.0733792
0.0623927
0.052919
0.0447877
0.0378334
0.0319007
0.0268462
0.0225408
0.0188703
0.0157358
0.0130527
0.0107503
0.00877102
0.00706873
0.0056077
0.00436087
0.00330802
0.00243361
0.00172452
0.00116776
0.000748597
0.000449344
0.000249327
0.000125989
5.69947e-05
2.26415e-05
7.73284e-06
2.21928e-06
5.22376e-07
9.82735e-08
1.43652e-08
1.57836e-09
1.24754e-10
6.62795e-12
2.0901e-13
2.89243e-15
0.196121
0.515247
0.672271
0.728197
0.757453
0.780528
0.804453
0.836236
0.877342
0.925602
0.967262
0.98611
0.993893
0.997152
0.995872
0.988964
0.976533
0.959827
0.940614
0.920659
0.901467
0.884176
0.869554
0.858033
0.849766
0.844695
0.842608
0.842457
0.844271
0.847755
0.852593
0.85847
0.865089
0.872181
0.879508
0.886873
0.894107
0.901082
0.907699
0.913877
0.919569
0.924739
0.929368
0.93345
0.936989
0.939995
0.942487
0.944484
0.946011
0.947094
0.947761
0.94804
0.947958
0.947542
0.946818
0.945806
0.944534
0.943015
0.941264
0.939291
0.937102
0.934699
0.932075
0.929221
0.926115
0.922735
0.919044
0.915003
0.910558
0.905649
0.900203
0.894137
0.887355
0.879757
0.87122
0.861615
0.850812
0.838661
0.825022
0.809746
0.792703
0.773765
0.752838
0.729851
0.704739
0.677515
0.648265
0.617135
0.584332
0.550128
0.514842
0.478844
0.442529
0.406309
0.370595
0.335779
0.302221
0.270235
0.240081
0.211955
0.185989
0.162254
0.140763
0.121475
0.104307
0.0891435
0.0758413
0.0642438
0.0541866
0.0455044
0.0380372
0.0316343
0.0261573
0.021482
0.0174988
0.0141135
0.011246
0.00882925
0.00680768
0.00513504
0.00377203
0.00268392
0.00183831
0.00120329
0.000746368
0.000434423
0.000234604
0.000116031
5.17877e-05
2.0517e-05
7.08452e-06
2.08996e-06
5.15346e-07
1.03666e-07
1.65411e-08
2.02241e-09
1.80823e-10
1.101e-11
4.0209e-13
6.51018e-15
0.260986
0.568608
0.693602
0.737862
0.763152
0.784672
0.808445
0.838984
0.881954
0.93329
0.976462
0.991675
0.996838
0.99869
0.995177
0.98427
0.966335
0.943346
0.917771
0.891901
0.86756
0.84606
0.828228
0.814482
0.804909
0.799353
0.797478
0.797823
0.800648
0.805553
0.812121
0.819944
0.828644
0.837889
0.847389
0.856904
0.866242
0.875251
0.883817
0.891856
0.899319
0.906168
0.912389
0.917979
0.922948
0.927311
0.931095
0.934319
0.937021
0.93923
0.940978
0.942299
0.943226
0.943788
0.944017
0.94394
0.943583
0.942969
0.942118
0.941044
0.93976
0.938274
0.936588
0.934698
0.932598
0.930272
0.927698
0.924847
0.921684
0.91816
0.914224
0.909809
0.904837
0.899221
0.89286
0.885641
0.877438
0.868118
0.857531
0.845528
0.831953
0.816656
0.799491
0.780334
0.759076
0.7356
0.709906
0.682034
0.652079
0.620213
0.586657
0.551705
0.515696
0.479015
0.442067
0.405277
0.369057
0.333802
0.299868
0.267563
0.237139
0.208783
0.18262
0.158713
0.137067
0.117638
0.100341
0.0850582
0.0716503
0.0599632
0.0498372
0.0411132
0.0336375
0.027266
0.0218667
0.0173207
0.0135222
0.010378
0.0078062
0.00573389
0.00409543
0.00283036
0.00188184
0.00119574
0.000720557
0.00040818
0.000215174
0.000104346
4.59464e-05
1.81039e-05
6.28018e-06
1.88361e-06
4.78639e-07
1.00674e-07
1.70475e-08
2.24394e-09
2.18841e-10
1.47023e-11
5.98388e-13
1.08997e-14
0.318512
0.607932
0.710098
0.744202
0.766233
0.786514
0.810507
0.841251
0.884678
0.939121
0.984061
0.99548
0.998548
0.999473
0.993388
0.977429
0.952669
0.922157
0.889234
0.856744
0.826818
0.800897
0.779834
0.763995
0.753366
0.747651
0.745698
0.746938
0.751238
0.75805
0.766821
0.777027
0.788197
0.799926
0.811874
0.823767
0.835387
0.846571
0.857198
0.867185
0.87648
0.885053
0.892895
0.90001
0.906414
0.912131
0.917192
0.921631
0.925482
0.928784
0.931578
0.933898
0.935784
0.93727
0.938392
0.939181
0.939667
0.939877
0.939835
0.93956
0.939069
0.938375
0.937488
0.936408
0.935138
0.933671
0.931992
0.930084
0.927924
0.925476
0.922701
0.919546
0.915953
0.91185
0.907152
0.901764
0.895575
0.888459
0.880283
0.870896
0.860137
0.847846
0.833856
0.818009
0.800156
0.780115
0.757809
0.733187
0.706257
0.677084
0.645801
0.612607
0.577766
0.541605
0.504495
0.466847
0.429088
0.391656
0.354969
0.319419
0.285354
0.253066
0.222791
0.194697
0.168887
0.145406
0.124243
0.10534
0.088601
0.0739011
0.0610965
0.0500322
0.0405484
0.0324872
0.0256961
0.0200311
0.015358
0.011553
0.00850208
0.00610023
0.00425047
0.00286285
0.00185407
0.00114753
0.000674002
0.000372675
0.000192217
9.15212e-05
3.9757e-05
1.55496e-05
5.39465e-06
1.63249e-06
4.22686e-07
9.15522e-08
1.61388e-08
2.23517e-09
2.31671e-10
1.66932e-11
7.34708e-13
1.45824e-14
0.367686
0.635319
0.719166
0.747678
0.766856
0.786023
0.810403
0.842924
0.885845
0.943051
0.990146
0.997865
0.999434
0.999823
0.990547
0.968193
0.93512
0.895832
0.854662
0.814992
0.779198
0.748796
0.724622
0.706959
0.695656
0.690237
0.688532
0.691137
0.697382
0.706548
0.717932
0.730885
0.744837
0.75931
0.773913
0.788341
0.802361
0.8158
0.82854
0.840506
0.851645
0.861941
0.871392
0.880012
0.887826
0.894866
0.901172
0.906784
0.911745
0.9161
0.91989
0.923164
0.925959
0.928318
0.930277
0.931875
0.933138
0.934103
0.934796
0.935238
0.935455
0.935457
0.935262
0.934877
0.934306
0.93355
0.932604
0.931456
0.930092
0.928487
0.926614
0.924431
0.921895
0.918944
0.915515
0.911522
0.90687
0.901452
0.895142
0.887798
0.879267
0.869383
0.857971
0.844852
0.829852
0.812763
0.79344
0.771771
0.747685
0.721164
0.692253
0.661067
0.627792
0.592681
0.556055
0.518289
0.479802
0.441039
0.402456
0.3645
0.327591
0.292114
0.258395
0.226705
0.197245
0.17015
0.145491
0.12328
0.103476
0.0859938
0.0707165
0.0575009
0.0461875
0.036608
0.0285907
0.0219656
0.0165679
0.0122399
0.00883226
0.00620518
0.00422871
0.00278332
0.00176067
0.00106436
0.000610911
0.000330477
0.000167079
7.81936e-05
3.35113e-05
1.29916e-05
4.49309e-06
1.36435e-06
3.57085e-07
7.87954e-08
1.42652e-08
2.04522e-09
2.21118e-10
1.6736e-11
7.78637e-13
1.64308e-14
0.408649
0.65433
0.724025
0.748534
0.765046
0.783107
0.807915
0.842331
0.886911
0.945018
0.994773
0.999187
0.999828
0.999954
0.986599
0.956245
0.913289
0.86405
0.813904
0.766693
0.724927
0.690132
0.663101
0.644017
0.632558
0.628011
0.627497
0.63205
0.640778
0.65276
0.667134
0.683122
0.700062
0.717416
0.734755
0.751758
0.76818
0.783857
0.798671
0.812558
0.825483
0.837436
0.848428
0.858484
0.86764
0.875939
0.883424
0.890145
0.896154
0.901501
0.906232
0.910398
0.914045
0.917216
0.919954
0.922295
0.924282
0.925938
0.927302
0.928393
0.929242
0.929862
0.930275
0.930491
0.93052
0.930364
0.930026
0.929501
0.92878
0.927848
0.926684
0.925257
0.923536
0.921469
0.919005
0.916075
0.912595
0.908468
0.903583
0.89781
0.891004
0.882996
0.873614
0.862672
0.849972
0.835298
0.818455
0.799287
0.77766
0.753495
0.726761
0.697501
0.665823
0.631921
0.596052
0.558553
0.519818
0.480286
0.44043
0.400731
0.361668
0.323691
0.28721
0.252582
0.220097
0.189977
0.162372
0.137363
0.114966
0.0951396
0.0777952
0.0628035
0.0500067
0.0392258
0.0302699
0.0229416
0.0170438
0.0123837
0.00877676
0.00604904
0.00404
0.00260413
0.00161258
0.000954238
0.000536353
0.000284392
0.000141143
6.49849e-05
2.74785e-05
1.05487e-05
3.62824e-06
1.10118e-06
2.89651e-07
6.46131e-08
1.18967e-08
1.74507e-09
1.94129e-10
1.51985e-11
7.3488e-13
1.61839e-14
0.442064
0.66728
0.725835
0.746597
0.760773
0.777622
0.802862
0.839407
0.887425
0.945403
0.997974
0.99979
0.999965
0.999992
0.981421
0.941262
0.886849
0.826662
0.767061
0.712173
0.664509
0.625536
0.596006
0.576029
0.565092
0.561536
0.56305
0.570462
0.582529
0.598046
0.61594
0.635309
0.655426
0.675727
0.69578
0.715274
0.733981
0.751753
0.768494
0.784155
0.798716
0.812184
0.824583
0.83595
0.846328
0.855775
0.864337
0.872073
0.879038
0.885291
0.890885
0.895873
0.900298
0.904218
0.907668
0.910694
0.913334
0.915624
0.917591
0.919271
0.920684
0.921856
0.922805
0.923546
0.92409
0.924448
0.924621
0.924613
0.924419
0.924029
0.923428
0.922598
0.921511
0.920126
0.918401
0.916278
0.913685
0.910535
0.906729
0.902146
0.896648
0.890072
0.882244
0.872973
0.862054
0.849261
0.834367
0.817181
0.797527
0.775273
0.750333
0.722686
0.692387
0.659565
0.624434
0.587291
0.548502
0.5085
0.467764
0.426802
0.386132
0.346261
0.307665
0.270772
0.235948
0.203491
0.173619
0.146474
0.122121
0.100555
0.0817102
0.065467
0.051665
0.040112
0.0305947
0.0228875
0.0167614
0.01199
0.00835659
0.00565812
0.00370934
0.00234554
0.00142434
0.000826508
0.0004557
0.000237195
0.0001157
5.24471e-05
2.18835e-05
8.31296e-06
2.83882e-06
8.58685e-07
2.26045e-07
5.06883e-08
9.42429e-09
1.4022e-09
1.58895e-10
1.27215e-11
6.31197e-13
1.43054e-14
0.468668
0.675471
0.724697
0.741507
0.753955
0.769386
0.794991
0.833842
0.885632
0.945754
0.999723
0.999981
0.999999
1
0.974864
0.922941
0.855597
0.783739
0.714511
0.652069
0.598736
0.555871
0.524251
0.504028
0.494478
0.490811
0.495675
0.507327
0.523965
0.543973
0.566037
0.589151
0.61258
0.635793
0.658414
0.680186
0.700926
0.720533
0.738937
0.756119
0.77208
0.786844
0.800446
0.812936
0.824366
0.834802
0.844299
0.852921
0.860728
0.867779
0.874133
0.879846
0.884969
0.889551
0.89364
0.897277
0.900503
0.903356
0.905868
0.908069
0.909987
0.911645
0.913065
0.914265
0.915256
0.916052
0.91666
0.917086
0.917326
0.917376
0.917231
0.916872
0.91628
0.915423
0.914262
0.912753
0.910828
0.908412
0.905409
0.90171
0.897178
0.891656
0.884972
0.876929
0.867313
0.855891
0.842418
0.826671
0.808444
0.787568
0.763914
0.73742
0.708096
0.676027
0.641398
0.604473
0.565607
0.525226
0.48382
0.441918
0.400072
0.358835
0.318734
0.280256
0.243826
0.209798
0.17844
0.149938
0.12439
0.101814
0.0821531
0.0652882
0.0510479
0.0392213
0.0295703
0.0218412
0.0157752
0.0111179
0.00762702
0.00507883
0.00327234
0.00203263
0.00121217
0.000690754
0.000374111
0.000191397
9.18528e-05
4.10208e-05
1.68927e-05
6.34724e-06
2.14948e-06
6.46634e-07
1.69838e-07
3.81256e-08
7.12047e-09
1.06776e-09
1.22335e-10
9.93103e-12
5.00821e-13
1.15585e-14
0.48914
0.679924
0.721291
0.734323
0.744484
0.758178
0.78402
0.825368
0.881491
0.946078
0.999999
0.999999
0.999998
0.999999
0.966786
0.901031
0.819475
0.735602
0.65695
0.587353
0.528713
0.482225
0.448864
0.429144
0.422052
0.421579
0.4309
0.447611
0.46935
0.494117
0.520394
0.547123
0.573602
0.59938
0.624176
0.647806
0.67017
0.691207
0.710898
0.729248
0.746284
0.762045
0.776582
0.789952
0.802216
0.813443
0.823694
0.833036
0.841535
0.849253
0.856244
0.862571
0.868285
0.873438
0.878074
0.882241
0.885978
0.889321
0.892308
0.894965
0.897322
0.899402
0.901232
0.902827
0.904201
0.905374
0.906348
0.907134
0.907734
0.908145
0.908364
0.908378
0.908175
0.907725
0.906997
0.905947
0.904516
0.902638
0.900216
0.897146
0.893292
0.888503
0.882597
0.875374
0.866611
0.85607
0.843484
0.828614
0.81123
0.791136
0.768176
0.742261
0.713378
0.681596
0.647077
0.610084
0.570968
0.530167
0.488184
0.445575
0.402926
0.360821
0.31983
0.28048
0.243231
0.208471
0.176497
0.14751
0.121621
0.0988489
0.07913
0.0623308
0.0482597
0.036682
0.0273335
0.0199352
0.0142047
0.00986796
0.00666777
0.00437039
0.00277022
0.00169219
0.0009922
0.000555914
0.000296101
0.000149056
7.04413e-05
3.10126e-05
1.26078e-05
4.68468e-06
1.57198e-06
4.69645e-07
1.22799e-07
2.75126e-08
5.14156e-09
7.73417e-10
8.9094e-11
7.28666e-12
3.70822e-13
8.64607e-15
0.504043
0.68134
0.715852
0.724834
0.732188
0.743765
0.769617
0.813639
0.874722
0.945061
1
1
0.999998
0.999997
0.95707
0.875327
0.77859
0.682855
0.595439
0.519409
0.455942
0.405982
0.370938
0.352545
0.34529
0.351053
0.368464
0.393104
0.421556
0.451603
0.481919
0.511733
0.540586
0.568225
0.59451
0.619364
0.642757
0.66469
0.685179
0.704257
0.72197
0.738369
0.753515
0.76747
0.780307
0.792087
0.802878
0.812752
0.821767
0.82999
0.837478
0.844288
0.850475
0.856088
0.861175
0.865775
0.869935
0.873689
0.877072
0.880112
0.882839
0.885278
0.887452
0.88938
0.89108
0.892564
0.893842
0.894925
0.895819
0.896521
0.897033
0.897342
0.897436
0.897294
0.896888
0.896173
0.895094
0.893584
0.891551
0.888885
0.88545
0.881087
0.87561
0.868807
0.860449
0.850283
0.838029
0.823432
0.806249
0.786267
0.763328
0.737334
0.708268
0.676206
0.641322
0.603893
0.564294
0.522984
0.480496
0.437416
0.394356
0.35193
0.310727
0.271292
0.234096
0.199532
0.167891
0.139366
0.114049
0.0919381
0.0729436
0.0569041
0.0436002
0.0327708
0.0241286
0.0173755
0.0122158
0.00836781
0.00557191
0.00359721
0.00224496
0.00134983
0.000778951
0.000429555
0.000225243
0.000111674
5.20128e-05
2.25884e-05
9.06861e-06
3.33212e-06
1.1074e-06
3.28239e-07
8.53072e-08
1.90339e-08
3.54919e-09
5.33684e-10
6.15572e-11
5.04811e-12
2.57857e-13
6.03778e-15
0.513759
0.680199
0.708403
0.712368
0.715598
0.725916
0.751426
0.798246
0.864974
0.942445
0.999997
0.999997
0.999998
0.999996
0.945611
0.845652
0.733211
0.626431
0.531486
0.450215
0.382646
0.329207
0.291703
0.274932
0.270379
0.28748
0.317053
0.351388
0.386464
0.420758
0.453773
0.485329
0.515336
0.543757
0.570586
0.595837
0.619536
0.641724
0.662441
0.681738
0.699674
0.71631
0.731702
0.745919
0.759027
0.771099
0.782194
0.792378
0.801715
0.810265
0.818086
0.825233
0.831757
0.837707
0.843128
0.848062
0.852547
0.85662
0.860314
0.86366
0.866683
0.869408
0.871861
0.874058
0.876014
0.877751
0.879273
0.880593
0.881718
0.882647
0.883381
0.883913
0.884229
0.884309
0.884123
0.883628
0.882764
0.881463
0.879626
0.877135
0.873847
0.869587
0.864161
0.85734
0.848881
0.83852
0.825965
0.810955
0.793243
0.772623
0.748945
0.722136
0.692205
0.659264
0.623526
0.585311
0.545034
0.503198
0.460373
0.417172
0.374226
0.332159
0.29156
0.252957
0.216803
0.183455
0.153169
0.126096
0.102282
0.0816811
0.0641628
0.0495286
0.0375288
0.0278787
0.0202758
0.0144147
0.00999981
0.00675577
0.00443485
0.00282167
0.00173501
0.00102767
0.000584187
0.00031737
0.000163986
8.01475e-05
3.68189e-05
1.57831e-05
6.26015e-06
2.27492e-06
7.48648e-07
2.20023e-07
5.67775e-08
1.25966e-08
2.33886e-09
3.50659e-10
4.03749e-11
3.3082e-12
1.68934e-13
3.95488e-15
0.518454
0.676965
0.699398
0.697409
0.695038
0.70444
0.729077
0.778702
0.851775
0.938164
1
1
0.999998
1
0.932307
0.811815
0.683797
0.567677
0.467253
0.382792
0.312657
0.256134
0.213563
0.185449
0.201884
0.248734
0.294402
0.332438
0.368843
0.403934
0.437878
0.469237
0.49885
0.526781
0.553092
0.577836
0.601062
0.62282
0.643166
0.662151
0.679836
0.696273
0.711531
0.72566
0.738732
0.750805
0.761946
0.772209
0.781655
0.790342
0.798317
0.805638
0.812352
0.818502
0.824131
0.829279
0.833982
0.838276
0.842188
0.845751
0.848987
0.851923
0.854578
0.856972
0.859124
0.861044
0.862748
0.864243
0.865536
0.866628
0.86752
0.8682
0.868656
0.868865
0.868791
0.868383
0.867581
0.866297
0.864423
0.861825
0.858341
0.853777
0.847921
0.840526
0.831333
0.820072
0.80645
0.790205
0.771115
0.749001
0.72376
0.69537
0.663903
0.629539
0.592562
0.553357
0.512401
0.470245
0.427491
0.384767
0.342706
0.301908
0.262928
0.226242
0.192241
0.161212
0.133339
0.1087
0.0872772
0.068963
0.0535786
0.0408883
0.0306171
0.0224675
0.0161352
0.0113229
0.00775089
0.0051655
0.00334415
0.00209795
0.00127181
0.000742647
0.000416207
0.000222954
0.000113622
5.47909e-05
2.48468e-05
1.05206e-05
4.12479e-06
1.48292e-06
4.8325e-07
1.40779e-07
3.60478e-08
7.94409e-09
1.46663e-09
2.18838e-10
2.50961e-11
2.04918e-12
1.04303e-13
2.43336e-15
0.517993
0.67216
0.689979
0.68196
0.673481
0.679212
0.702287
0.754478
0.834461
0.932027
0.999998
1
1
0.999998
0.917011
0.773528
0.631036
0.50854
0.405984
0.322241
0.253797
0.198787
0.152562
0.184176
0.217402
0.25806
0.297512
0.332833
0.36684
0.399673
0.431251
0.460702
0.488614
0.51506
0.540566
0.565542
0.587582
0.608261
0.627652
0.645804
0.662766
0.67859
0.693323
0.707018
0.719733
0.731523
0.742439
0.752534
0.761867
0.77048
0.778423
0.785744
0.792484
0.798685
0.804383
0.809617
0.814418
0.818818
0.822846
0.826527
0.829883
0.832941
0.83572
0.838234
0.840504
0.842541
0.844354
0.845954
0.847344
0.848525
0.84949
0.85023
0.85072
0.850928
0.850811
0.850306
0.849326
0.84777
0.845506
0.842372
0.83818
0.832717
0.825741
0.816997
0.806216
0.793134
0.777474
0.759013
0.737576
0.713058
0.685435
0.654783
0.621272
0.58518
0.546881
0.506841
0.465593
0.423728
0.381858
0.340596
0.300533
0.262207
0.226089
0.192562
0.161912
0.134325
0.109882
0.0885728
0.0703006
0.0548979
0.042141
0.0317674
0.0234916
0.0170205
0.0120662
0.008357
0.00564507
0.00371192
0.00237083
0.00146729
0.000877508
0.000505532
0.000279557
0.000147795
7.43553e-05
3.541e-05
1.58654e-05
6.64071e-06
2.57531e-06
9.16415e-07
2.958e-07
8.54167e-08
2.1696e-08
4.74628e-09
8.70412e-10
1.29085e-10
1.47198e-11
1.19544e-12
6.05178e-14
1.40358e-15
0.511721
0.666152
0.681511
0.66768
0.650597
0.649925
0.671036
0.725073
0.812107
0.923706
0.999997
1
1
0.999999
0.899482
0.730326
0.575994
0.451979
0.352939
0.277909
0.223575
0.207184
0.213772
0.22977
0.255297
0.286078
0.317415
0.347647
0.377322
0.406229
0.434101
0.460528
0.485806
0.510019
0.533493
0.556324
0.57676
0.597561
0.616015
0.632894
0.648707
0.663512
0.677354
0.690276
0.702321
0.713534
0.723958
0.733639
0.74262
0.750945
0.758658
0.765791
0.772384
0.778473
0.78409
0.789266
0.794032
0.798412
0.802437
0.806125
0.8095
0.812583
0.815387
0.817934
0.820231
0.822295
0.824131
0.825741
0.827126
0.82828
0.829189
0.829826
0.830158
0.830133
0.829685
0.828721
0.827131
0.824778
0.821498
0.817098
0.811366
0.804062
0.794937
0.783738
0.770213
0.754138
0.735298
0.713543
0.688805
0.661097
0.630523
0.597282
0.561674
0.524084
0.484977
0.444879
0.404356
0.363991
0.324361
0.286009
0.24943
0.215048
0.183201
0.154138
0.128012
0.104882
0.0847224
0.0674303
0.0528391
0.0407338
0.0308655
0.0229661
0.0167623
0.0119863
0.00838612
0.00573207
0.00382126
0.00247984
0.00156329
0.000955016
0.000563846
0.000320738
0.00017517
9.14866e-05
4.54839e-05
2.14133e-05
9.48856e-06
3.92968e-06
1.50864e-06
5.31716e-07
1.70078e-07
4.86934e-08
1.22686e-08
2.6634e-09
4.84871e-10
7.14014e-11
8.08584e-12
6.52148e-13
3.27795e-14
7.54418e-16
0.502108
0.655769
0.674089
0.659017
0.628716
0.610835
0.636132
0.690267
0.783407
0.912667
0.999997
0.999998
1
0.999998
0.879242
0.681442
0.520484
0.402812
0.317265
0.274338
0.25662
0.256004
0.265589
0.279415
0.299567
0.323071
0.347696
0.372463
0.397146
0.421431
0.445064
0.467868
0.489943
0.51133
0.532125
0.552178
0.570709
0.589303
0.606015
0.62354
0.637841
0.651268
0.663882
0.675708
0.686778
0.697129
0.70679
0.715806
0.724203
0.732015
0.739281
0.746024
0.752283
0.758083
0.763449
0.76841
0.772989
0.77721
0.781092
0.784658
0.787923
0.790905
0.793614
0.796064
0.798261
0.80021
0.80191
0.803353
0.804527
0.805407
0.805959
0.806137
0.80587
0.805084
0.803669
0.801501
0.798428
0.794279
0.788861
0.781955
0.77334
0.762784
0.750065
0.734975
0.717337
0.69702
0.673927
0.64805
0.619474
0.588366
0.554981
0.519659
0.482808
0.444896
0.406431
0.367942
0.32996
0.292993
0.257508
0.223915
0.192555
0.163687
0.137489
0.114053
0.0933914
0.0754452
0.0600927
0.0471625
0.0364456
0.0277095
0.0207095
0.0152004
0.0109451
0.00772226
0.00533159
0.00359676
0.00236694
0.00151659
0.000944152
0.00056974
0.000332355
0.000186851
0.00010089
5.21118e-05
2.56325e-05
1.19437e-05
5.24031e-06
2.14979e-06
8.17863e-07
2.8576e-07
9.06446e-08
2.57432e-08
6.43533e-09
1.38626e-09
2.50423e-10
3.65893e-11
4.11052e-12
3.28793e-13
1.63831e-14
3.73536e-16
0.492029
0.637489
0.66325
0.653258
0.625702
0.586038
0.601082
0.650777
0.746522
0.898073
1
0.999999
1
0.999997
0.855437
0.625689
0.468007
0.369505
0.328261
0.309254
0.305297
0.311183
0.318489
0.331102
0.347279
0.365493
0.3847
0.404329
0.424076
0.443695
0.463015
0.481941
0.500465
0.518561
0.536187
0.553192
0.56936
0.585309
0.600131
0.61548
0.629589
0.641972
0.653102
0.663545
0.673354
0.682564
0.691201
0.699288
0.706849
0.713916
0.720504
0.726642
0.732351
0.737656
0.742572
0.747125
0.751326
0.755198
0.758749
0.761996
0.764947
0.767609
0.769985
0.772075
0.77387
0.77536
0.776522
0.777327
0.777729
0.777679
0.777103
0.775918
0.774016
0.771278
0.76756
0.762704
0.756534
0.748864
0.739505
0.728263
0.714962
0.699438
0.681565
0.661253
0.638467
0.613231
0.585627
0.555827
0.52408
0.490703
0.45607
0.420599
0.38474
0.348957
0.313708
0.279431
0.246528
0.215352
0.186193
0.159277
0.134756
0.112713
0.0931646
0.0760637
0.0613113
0.0487653
0.0382507
0.0295698
0.0225131
0.0168681
0.0124272
0.00899376
0.00638729
0.00444617
0.00302955
0.0020177
0.00131131
0.00083007
0.000510712
0.000304697
0.000175802
9.7797e-05
5.22719e-05
2.67384e-05
1.30303e-05
6.01795e-06
2.61812e-06
1.0654e-06
4.02181e-07
1.3947e-07
4.39172e-08
1.23819e-08
3.07249e-09
6.56833e-10
1.17707e-10
1.70519e-11
1.8982e-12
1.50355e-13
7.41307e-15
1.66993e-16
0.480776
0.610429
0.645225
0.644946
0.627322
0.60182
0.58092
0.610189
0.698779
0.878617
1
1
1
1
0.826519
0.561409
0.425953
0.382134
0.363924
0.359074
0.362569
0.366235
0.374268
0.385216
0.398035
0.411992
0.426608
0.441589
0.456741
0.471921
0.487026
0.501985
0.516748
0.531262
0.545463
0.559269
0.572647
0.585756
0.598338
0.611079
0.622978
0.63515
0.644968
0.653784
0.66205
0.669829
0.677143
0.684008
0.690444
0.69646
0.702077
0.707306
0.712157
0.716648
0.720784
0.724574
0.728026
0.731142
0.733922
0.736363
0.738457
0.740189
0.741538
0.742483
0.742983
0.742996
0.742464
0.741323
0.739493
0.736883
0.733387
0.728889
0.723259
0.716363
0.708056
0.698199
0.686649
0.673282
0.657985
0.640674
0.621299
0.599844
0.576347
0.55089
0.523612
0.494707
0.464433
0.433097
0.401042
0.368635
0.336255
0.304278
0.27307
0.242967
0.214269
0.187234
0.162066
0.138914
0.117871
0.0989763
0.082218
0.0675385
0.0548418
0.0440009
0.0348655
0.0272706
0.0210433
0.0160098
0.0120009
0.00885675
0.00642982
0.00458758
0.00321349
0.00220737
0.00148495
0.000976909
0.000627465
0.000392749
0.00023907
0.000141189
8.06817e-05
4.44765e-05
2.35701e-05
1.19603e-05
5.78481e-06
2.65287e-06
1.14648e-06
4.63605e-07
1.73952e-07
5.99677e-08
1.87711e-08
5.25984e-09
1.29663e-09
2.75186e-10
4.89111e-11
7.0196e-12
7.73169e-13
6.05257e-14
2.94603e-15
6.52979e-17
0.467013
0.573488
0.614835
0.626129
0.62131
0.608998
0.599241
0.583431
0.636113
0.852128
1
1
0.999999
1
0.789816
0.486673
0.424725
0.415727
0.414014
0.416307
0.418611
0.424222
0.431874
0.440791
0.450508
0.46074
0.471312
0.482108
0.493047
0.504061
0.515094
0.526098
0.537029
0.547841
0.558494
0.568948
0.579195
0.58926
0.599096
0.608874
0.618219
0.627813
0.637504
0.6442
0.650445
0.656289
0.661748
0.666825
0.671523
0.675843
0.679788
0.683352
0.686535
0.689325
0.691717
0.693697
0.695247
0.696349
0.696975
0.697098
0.696679
0.695675
0.694041
0.691715
0.68864
0.684742
0.679946
0.674172
0.667333
0.659341
0.65011
0.639551
0.627585
0.614144
0.59917
0.582626
0.564498
0.544795
0.523561
0.500869
0.476829
0.451588
0.425321
0.398237
0.370572
0.342586
0.314595
0.286892
0.259753
0.233435
0.208177
0.184183
0.161627
0.140642
0.121324
0.10373
0.0878748
0.0737417
0.061281
0.0504162
0.0410492
0.0330659
0.0263411
0.0207437
0.0161416
0.012405
0.00941038
0.00704232
0.0051956
0.00377614
0.00270143
0.00190054
0.00131357
0.00089089
0.000592148
0.000385162
0.000244768
0.000151693
9.14901e-05
5.3574e-05
3.03769e-05
1.6627e-05
8.75487e-06
4.41685e-06
2.1252e-06
9.7005e-07
4.1745e-07
1.68148e-07
6.28574e-08
2.15888e-08
6.73108e-09
1.87769e-09
4.60406e-10
9.70636e-11
1.71069e-11
2.42909e-12
2.64045e-13
2.03531e-14
9.74693e-16
2.12471e-17
0.447319
0.523778
0.565152
0.585465
0.592689
0.592043
0.587577
0.58113
0.558071
0.813986
0.999999
1
1
0.999999
0.739338
0.417596
0.445818
0.453048
0.456046
0.459475
0.4645
0.470405
0.476762
0.483372
0.490144
0.497036
0.504021
0.511077
0.518181
0.525312
0.532442
0.539544
0.546594
0.553561
0.560422
0.567151
0.573738
0.580168
0.586421
0.592506
0.598338
0.604179
0.610645
0.614247
0.617123
0.619556
0.621565
0.623145
0.624282
0.624958
0.625161
0.624864
0.624044
0.622683
0.620752
0.618216
0.615051
0.611221
0.606689
0.60142
0.595377
0.588519
0.580809
0.572207
0.562678
0.552192
0.540718
0.528237
0.514733
0.500203
0.484655
0.468108
0.450598
0.432176
0.412908
0.392883
0.372202
0.350983
0.329361
0.307484
0.285509
0.263602
0.24193
0.220661
0.199958
0.179974
0.160909
0.142886
0.125995
0.110303
0.0958513
0.0826607
0.0707298
0.0600366
0.0505412
0.0421884
0.0349106
0.0286305
0.0232647
0.0187257
0.0149254
0.0117764
0.00919499
0.00710186
0.00542362
0.00409358
0.00305201
0.00224642
0.00163132
0.00116794
0.000823744
0.000571824
0.000390299
0.000261643
0.000172046
0.000110811
6.97947e-05
4.29107e-05
2.56987e-05
1.49566e-05
8.43646e-06
4.59785e-06
2.41261e-06
1.21393e-06
5.82954e-07
2.6574e-07
1.14265e-07
4.60031e-08
1.71906e-08
5.9011e-09
1.83796e-09
5.11684e-10
1.25016e-10
2.62005e-11
4.57528e-12
6.40782e-13
6.82964e-14
5.12582e-15
2.37836e-16
5.12051e-18
0.405476
0.451108
0.481889
0.502467
0.515757
0.523611
0.52692
0.523511
0.519217
0.739431
0.999999
1
0.999998
1
0.65159
0.386818
0.39234
0.397512
0.400821
0.40356
0.406546
0.409867
0.413447
0.417185
0.420996
0.424818
0.428603
0.432313
0.435917
0.439386
0.442698
0.445827
0.448751
0.451453
0.453908
0.456097
0.458003
0.4596
0.460862
0.461758
0.46223
0.462211
0.461156
0.458021
0.45519
0.452007
0.448404
0.444351
0.43984
0.43486
0.429401
0.423455
0.417021
0.410092
0.402664
0.394738
0.386317
0.377402
0.367999
0.358119
0.347775
0.33698
0.325758
0.314129
0.302126
0.289779
0.277129
0.264217
0.25109
0.237803
0.224411
0.210974
0.197556
0.184223
0.171042
0.158081
0.145407
0.133085
0.121176
0.109737
0.0988208
0.0884719
0.0787273
0.0696162
0.061159
0.0533671
0.0462778
0.0398772
0.0341389
0.0290316
0.0245193
0.0205627
0.01712
0.0141481
0.0116031
0.00944151
0.00762096
0.00610067
0.00484219
0.00380969
0.00297031
0.00229427
0.00175501
0.00132907
0.000996047
0.000738387
0.000541189
0.00039196
0.000280347
0.000197888
0.000137746
9.44718e-05
6.37778e-05
4.23355e-05
2.75976e-05
1.76423e-05
1.10425e-05
6.75487e-06
4.02999e-06
2.33938e-06
1.31775e-06
7.18034e-07
3.77125e-07
1.90133e-07
9.15763e-08
4.19025e-08
1.80968e-08
7.32062e-09
2.74888e-09
9.47887e-10
2.96302e-10
8.26566e-11
2.01832e-11
4.21067e-12
7.27554e-13
9.99161e-14
1.02994e-14
7.31518e-16
3.09314e-17
5.59379e-19
)
;

boundaryField
{
    walls
    {
        type            zeroGradient;
    }
    top
    {
        type            zeroGradient;
    }
    bottom
    {
        type            zeroGradient;
    }
    frontAndBack
    {
        type            empty;
    }
    inlet
    {
        type            uniformFixedValue;
        uniformValue    
        {
            type            constant;
            value           1;
        }
        value           uniform 1;
    }
    outlet
    {
        type            zeroGradient;
    }
}


// ************************************************************************* //
