/*--------------------------------*- C++ -*----------------------------------*\
  =========                 |
  \\      /  F ield         | OpenFOAM: The Open Source CFD Toolbox
   \\    /   O peration     | Website:  https://openfoam.org
    \\  /    A nd           | Version:  12
     \\/     M anipulation  |
\*---------------------------------------------------------------------------*/
FoamFile
{
    format      ascii;
    class       volScalarField;
    location    "105";
    object      T;
}
// * * * * * * * * * * * * * * * * * * * * * * * * * * * * * * * * * * * * * //

dimensions      [];

internalField   nonuniform List<scalar> 
4480
(
1.43575e-15
6.3951e-13
6.67818e-09
3.5827e-06
0.000204139
0.00228554
0.00984224
0.0253459
0.0485685
0.0774939
0.109605
0.142645
0.174887
0.205144
0.232674
0.257069
0.278154
0.295909
0.310409
0.321786
0.330201
0.335826
0.338832
0.339383
0.337634
0.33373
0.327804
0.320725
0.313488
0.306048
0.29836
0.290379
0.282055
0.273342
0.26419
0.254549
0.24437
0.233604
0.222207
0.210142
0.197386
0.183929
0.169791
0.15503
0.139746
0.124099
0.108312
0.0926682
0.0775042
0.0631825
0.0500579
0.0384323
0.0285147
0.0203937
0.0140283
0.00926349
0.00586335
0.00355324
0.00206003
0.00114216
0.000605557
0.000307085
0.000149025
6.92589e-05
3.08539e-05
1.31899e-05
5.41746e-06
2.1407e-06
8.14944e-07
2.99336e-07
1.06243e-07
3.64949e-08
1.21519e-08
3.92857e-09
1.23514e-09
3.78285e-10
1.13055e-10
3.30288e-11
9.45e-12
2.653e-12
7.32287e-13
1.99146e-13
5.34754e-14
4.21483e-14
3.93017e-14
3.34379e-14
2.67515e-14
2.06329e-14
1.55741e-14
1.16294e-14
8.66293e-15
6.48094e-15
4.89657e-15
3.75405e-15
2.93295e-15
2.34409e-15
1.92329e-15
1.62527e-15
1.41885e-15
1.28315e-15
1.20519e-15
1.17839e-15
1.20192e-15
1.28121e-15
1.42957e-15
1.67183e-15
2.05122e-15
2.64221e-15
3.57447e-15
5.0787e-15
7.57591e-15
1.18562e-14
1.94452e-14
3.33726e-14
5.98239e-14
1.11769e-13
2.1711e-13
4.37404e-13
9.12284e-13
1.97257e-12
4.46712e-12
1.08102e-11
2.83564e-11
8.32841e-11
3.12196e-10
1.23065e-09
2.65529e-09
3.61106e-09
1.22933e-09
3.61792e-11
1.18863e-12
1.98791e-14
2.81123e-16
3.95112e-18
5.0872e-20
4.92536e-22
3.62446e-24
1.53034e-26
2.97029e-29
1.54835e-32
2.01093e-15
1.45969e-10
4.09164e-07
9.33662e-05
0.00268963
0.0177553
0.0532002
0.106345
0.169262
0.234554
0.2973
0.354854
0.406103
0.450826
0.489263
0.521882
0.549219
0.571819
0.590188
0.604787
0.616015
0.624211
0.629667
0.632618
0.633263
0.631757
0.628223
0.622723
0.61574
0.607376
0.597731
0.586895
0.574955
0.561985
0.548044
0.533184
0.517442
0.500837
0.483378
0.465062
0.445874
0.425791
0.404784
0.382832
0.35992
0.336051
0.311264
0.28564
0.25932
0.232517
0.205524
0.178717
0.152542
0.127498
0.104099
0.0828208
0.064054
0.0480489
0.0348872
0.0244756
0.0165673
0.0108082
0.00679039
0.00410675
0.00239061
0.00133964
0.000722948
0.000375941
0.00018852
9.12447e-05
4.26676e-05
1.92972e-05
8.45052e-06
3.5873e-06
1.47793e-06
5.91634e-07
2.30395e-07
8.73808e-08
3.23131e-08
1.16638e-08
4.1141e-09
1.41956e-09
4.79648e-10
1.83784e-10
8.48674e-11
4.51159e-11
2.60085e-11
1.56696e-11
9.70845e-12
6.15038e-12
3.97762e-12
2.6264e-12
1.77223e-12
1.22385e-12
8.66478e-13
6.30179e-13
4.71796e-13
3.64371e-13
2.90907e-13
2.40591e-13
2.06527e-13
1.84352e-13
1.71409e-13
1.6626e-13
1.68454e-13
1.7847e-13
1.97871e-13
2.29692e-13
2.7921e-13
3.55353e-13
4.73264e-13
6.58984e-13
9.58155e-13
1.45243e-12
2.2911e-12
3.75298e-12
6.3706e-12
1.11851e-11
2.02887e-11
3.80357e-11
7.38927e-11
1.49222e-10
3.12446e-10
6.70447e-10
1.43311e-09
2.7939e-09
4.2911e-09
4.45159e-09
1.52493e-09
6.61139e-11
2.63752e-12
8.48473e-14
2.19445e-15
4.51758e-17
7.86042e-19
9.87594e-21
9.22406e-23
4.99657e-25
1.29326e-27
1.0694e-30
1.33728e-12
9.72845e-09
9.37765e-06
0.000988562
0.0153032
0.0645865
0.145054
0.238166
0.329139
0.410853
0.481361
0.54111
0.591322
0.633327
0.668326
0.697359
0.721302
0.740896
0.756763
0.769425
0.779315
0.786788
0.79214
0.795606
0.797375
0.797592
0.796373
0.793578
0.789233
0.783411
0.776181
0.7676
0.757729
0.746618
0.73432
0.720873
0.706318
0.690682
0.673984
0.65623
0.637418
0.61753
0.596541
0.574409
0.551087
0.526528
0.500678
0.473504
0.44499
0.415161
0.384095
0.35194
0.318931
0.285402
0.251787
0.218606
0.18645
0.15593
0.127634
0.102068
0.079609
0.0604636
0.0446546
0.0320296
0.02229
0.0150386
0.00983132
0.00622574
0.00381864
0.00226891
0.00130629
0.000729075
0.000394697
0.000207399
0.000105859
5.25279e-05
2.53607e-05
1.19242e-05
5.46497e-06
2.44366e-06
1.06704e-06
4.55419e-07
1.90161e-07
8.00331e-08
3.48945e-08
1.59422e-08
7.67687e-09
3.89531e-09
2.07317e-09
1.15041e-09
6.62031e-10
3.93619e-10
2.41267e-10
1.52309e-10
9.90215e-11
6.63319e-11
4.58243e-11
3.26856e-11
2.4104e-11
1.8404e-11
1.45701e-11
1.19774e-11
1.02376e-11
9.10968e-12
8.44767e-12
8.17085e-12
8.24805e-12
8.69234e-12
9.56371e-12
1.0982e-11
1.31525e-11
1.6412e-11
2.13076e-11
2.87323e-11
4.01587e-11
5.80442e-11
8.65436e-11
1.32767e-10
2.09026e-10
3.36816e-10
5.5359e-10
9.22549e-10
1.54055e-09
2.52503e-09
3.93143e-09
5.51673e-09
6.4169e-09
5.36981e-09
1.9211e-09
1.16378e-10
5.84575e-12
2.50455e-13
8.7529e-15
2.38614e-16
5.38884e-18
8.64959e-20
1.02358e-21
7.08659e-24
2.41643e-26
2.80183e-29
1.42248e-10
2.90035e-07
0.000113252
0.00592612
0.0526618
0.153833
0.274744
0.387178
0.481358
0.557729
0.619729
0.670607
0.712712
0.747655
0.776609
0.800492
0.82007
0.835989
0.848809
0.859003
0.866973
0.873049
0.877505
0.880562
0.882391
0.883125
0.882867
0.881544
0.879079
0.87551
0.87086
0.865139
0.858356
0.850511
0.841604
0.831635
0.820604
0.808502
0.795328
0.781071
0.765715
0.749237
0.731604
0.712776
0.692698
0.671307
0.648527
0.624281
0.598484
0.571067
0.541973
0.511177
0.478709
0.444662
0.409216
0.372651
0.335354
0.297817
0.260626
0.224422
0.189873
0.157611
0.128185
0.102014
0.0793483
0.0602586
0.0446388
0.0322324
0.0226731
0.0155303
0.0103561
0.00672225
0.00424767
0.00261325
0.00156578
0.000914034
0.000520099
0.000288625
0.000156301
8.26516e-05
4.27067e-05
2.15775e-05
1.0668e-05
5.21143e-06
2.54774e-06
1.25368e-06
6.24499e-07
3.16565e-07
1.64005e-07
8.7116e-08
4.754e-08
2.66814e-08
1.54082e-08
9.15758e-09
5.60278e-09
3.53013e-09
2.29202e-09
1.53479e-09
1.06101e-09
7.58091e-10
5.60488e-10
4.29309e-10
3.4106e-10
2.81321e-10
2.41144e-10
2.14962e-10
1.99375e-10
1.92442e-10
1.93289e-10
2.01937e-10
2.19275e-10
2.47187e-10
2.88845e-10
3.49199e-10
4.35769e-10
5.59834e-10
7.38181e-10
9.95545e-10
1.36773e-09
1.90473e-09
2.67127e-09
3.73736e-09
5.14407e-09
6.82525e-09
8.48375e-09
9.47929e-09
8.91781e-09
6.28448e-09
2.35075e-09
1.99236e-10
1.2113e-11
6.31481e-13
2.69928e-14
9.01815e-16
2.49844e-17
4.92371e-19
7.17819e-21
6.19592e-23
2.69574e-25
4.13664e-28
6.17904e-09
4.83108e-06
0.000849647
0.0234722
0.128028
0.277346
0.413201
0.518765
0.598424
0.660444
0.710937
0.753201
0.788808
0.818625
0.843317
0.86352
0.879861
0.892927
0.903249
0.9113
0.91748
0.922124
0.925505
0.927836
0.929288
0.929982
0.930007
0.929344
0.927881
0.925643
0.922642
0.918875
0.914335
0.909003
0.902858
0.895877
0.88803
0.879296
0.869641
0.859041
0.84746
0.834868
0.821218
0.806468
0.790559
0.773426
0.754991
0.735164
0.713845
0.690928
0.666302
0.639863
0.61152
0.581214
0.548931
0.514722
0.478716
0.441143
0.402342
0.362761
0.32295
0.28354
0.245209
0.208636
0.174454
0.143204
0.115287
0.0909454
0.0702455
0.0530896
0.0392394
0.0283516
0.0200195
0.0138126
0.00931137
0.00613324
0.00394791
0.00248392
0.00152803
0.000919417
0.000541327
0.000312017
0.000176154
9.77855e-05
5.37872e-05
2.94044e-05
1.60278e-05
8.7404e-06
4.78507e-06
2.63896e-06
1.47094e-06
8.31196e-07
4.77486e-07
2.79528e-07
1.67119e-07
1.02229e-07
6.40925e-08
4.12471e-08
2.72876e-08
1.85838e-08
1.30462e-08
9.45305e-09
7.07802e-09
5.48237e-09
4.3968e-09
3.65364e-09
3.14735e-09
2.81115e-09
2.60313e-09
2.498e-09
2.48208e-09
2.55062e-09
2.70632e-09
2.95889e-09
3.32516e-09
3.82946e-09
4.50386e-09
5.38708e-09
6.52052e-09
7.9377e-09
9.64202e-09
1.15659e-08
1.35097e-08
1.50801e-08
1.56834e-08
1.46634e-08
1.16622e-08
7.17206e-09
2.75705e-09
3.3182e-10
2.36274e-11
1.43978e-12
7.2049e-14
2.82727e-15
9.24463e-17
2.16263e-18
3.77212e-20
3.94879e-22
2.12662e-24
4.15331e-27
1.4915e-07
5.1612e-05
0.00438482
0.0674541
0.240953
0.410199
0.531875
0.615475
0.676916
0.726743
0.769861
0.807523
0.839755
0.866615
0.888457
0.90587
0.919508
0.930014
0.937978
0.943906
0.948234
0.951321
0.953454
0.954855
0.955689
0.956074
0.956085
0.955734
0.954837
0.953413
0.951466
0.948987
0.945962
0.942369
0.938182
0.933371
0.927905
0.921748
0.914865
0.907222
0.898779
0.889494
0.879324
0.868223
0.856134
0.842993
0.82873
0.813258
0.796484
0.778296
0.758574
0.737189
0.714009
0.688902
0.661753
0.632475
0.601022
0.567409
0.53173
0.494174
0.455037
0.414719
0.373734
0.332677
0.29221
0.253015
0.215757
0.181035
0.149342
0.121029
0.0962962
0.0751774
0.0575599
0.0432062
0.0317863
0.0229153
0.0161867
0.0112031
0.00759781
0.00504979
0.00328991
0.00210153
0.00131665
0.000810243
0.00049237
0.000295997
0.000176383
0.000104406
6.15299e-05
3.61902e-05
2.12981e-05
1.25741e-05
7.46717e-06
4.47233e-06
2.70865e-06
1.66309e-06
1.03772e-06
6.59536e-07
4.27887e-07
2.83933e-07
1.93065e-07
1.34747e-07
9.66751e-08
7.13949e-08
5.43322e-08
4.2645e-08
3.45431e-08
2.88854e-08
2.49351e-08
2.22125e-08
2.04036e-08
1.93029e-08
1.87776e-08
1.87435e-08
1.9148e-08
1.99565e-08
2.11397e-08
2.26568e-08
2.4435e-08
2.63417e-08
2.81505e-08
2.95109e-08
2.99432e-08
2.88994e-08
2.59296e-08
2.09533e-08
1.45454e-08
8.03418e-09
3.07976e-09
5.38974e-10
4.39786e-11
3.06029e-12
1.74941e-13
7.86037e-15
2.95695e-16
8.01031e-18
1.6324e-19
2.02435e-21
1.31666e-23
3.18554e-26
2.36882e-06
0.000388809
0.0166859
0.149742
0.372535
0.524906
0.616722
0.67816
0.726772
0.770397
0.810903
0.847039
0.877557
0.902206
0.921471
0.936136
0.947013
0.954851
0.960303
0.963935
0.966219
0.967546
0.968226
0.968498
0.968528
0.968428
0.968259
0.968043
0.967523
0.966699
0.965559
0.96408
0.962236
0.959997
0.95733
0.954199
0.950572
0.946411
0.94168
0.936346
0.93037
0.923712
0.916337
0.908197
0.899247
0.88943
0.878685
0.866941
0.854115
0.840109
0.824815
0.80811
0.789856
0.769906
0.748114
0.72433
0.698419
0.670275
0.639831
0.607076
0.572079
0.534996
0.496088
0.455719
0.414363
0.37258
0.331002
0.290296
0.251127
0.21412
0.179811
0.148626
0.120848
0.0966141
0.0759123
0.0586017
0.0444348
0.0330884
0.0241949
0.0173723
0.0122486
0.00848135
0.00576845
0.0038548
0.00254083
0.00165383
0.00106442
0.00067835
0.000428739
0.00026919
0.000168206
0.000104806
6.5251e-05
4.06809e-05
2.54554e-05
1.60237e-05
1.0171e-05
6.52543e-06
4.24133e-06
2.7991e-06
1.8797e-06
1.287e-06
9.00086e-07
6.44032e-07
4.72123e-07
3.54993e-07
2.7401e-07
2.1723e-07
1.76911e-07
1.47972e-07
1.27032e-07
1.11815e-07
1.00754e-07
9.27491e-08
8.69994e-08
8.28882e-08
7.99024e-08
7.75708e-08
7.54177e-08
7.29366e-08
6.95862e-08
6.48308e-08
5.82379e-08
4.96383e-08
3.93162e-08
2.81355e-08
1.7475e-08
8.86553e-09
3.33474e-09
7.64929e-10
7.90443e-11
6.18384e-12
3.97373e-13
2.01035e-14
8.55024e-16
2.63518e-17
6.16337e-19
8.89241e-21
6.85773e-23
2.01916e-25
2.7788e-05
0.00221302
0.0491473
0.268268
0.493885
0.606088
0.669878
0.71708
0.759782
0.802014
0.842783
0.878602
0.907597
0.929826
0.94623
0.957905
0.965819
0.970794
0.973533
0.974643
0.974646
0.973977
0.972983
0.971921
0.970971
0.970239
0.969775
0.969579
0.969339
0.969028
0.96861
0.96804
0.967272
0.966258
0.964949
0.963299
0.961265
0.958808
0.955891
0.952473
0.948528
0.944017
0.938907
0.933165
0.926749
0.919623
0.911735
0.903027
0.893436
0.882887
0.871286
0.85853
0.8445
0.829063
0.812069
0.793361
0.772779
0.750161
0.725361
0.698259
0.668775
0.636881
0.602629
0.566153
0.527685
0.487566
0.446232
0.404215
0.362116
0.320581
0.280266
0.241797
0.205733
0.172539
0.142554
0.115982
0.0928902
0.0732119
0.0567718
0.0433065
0.032494
0.0239815
0.0174095
0.0124315
0.00875194
0.00608093
0.0041735
0.0028322
0.00190245
0.00126644
0.000836586
0.000549173
0.0003588
0.000233701
0.000152022
9.89485e-05
6.45685e-05
4.2328e-05
2.7934e-05
1.85972e-05
1.2516e-05
8.53225e-06
5.90278e-06
4.15154e-06
2.973e-06
2.17061e-06
1.61744e-06
1.23096e-06
9.57179e-07
7.60439e-07
6.16976e-07
5.10751e-07
4.30809e-07
3.6954e-07
3.21556e-07
2.82956e-07
2.50841e-07
2.22997e-07
1.97707e-07
1.73657e-07
1.49911e-07
1.25962e-07
1.01797e-07
7.79643e-08
5.5531e-08
3.58838e-08
2.03374e-08
9.63774e-09
3.564e-09
9.25434e-10
1.38517e-10
1.20429e-11
8.59931e-13
4.8411e-14
2.29932e-15
7.96085e-17
2.10943e-18
3.49459e-20
3.15438e-22
1.11782e-24
0.00026448
0.010023
0.115759
0.400514
0.58245
0.655063
0.701809
0.742588
0.783905
0.827309
0.86953
0.905026
0.931975
0.951284
0.964517
0.973024
0.977828
0.979757
0.979544
0.97785
0.975271
0.972311
0.96937
0.966744
0.964629
0.963131
0.962282
0.962042
0.962035
0.962215
0.962515
0.962861
0.963177
0.963393
0.963434
0.963235
0.962739
0.961894
0.960654
0.958985
0.956847
0.954215
0.951056
0.947345
0.943054
0.938153
0.932606
0.926378
0.919419
0.911672
0.903072
0.893535
0.882969
0.87126
0.858282
0.843894
0.827935
0.810245
0.790648
0.768979
0.745084
0.718833
0.690135
0.658961
0.625346
0.589412
0.551378
0.51156
0.470375
0.428331
0.386008
0.344029
0.303039
0.263657
0.226455
0.191913
0.160404
0.132175
0.107342
0.0858948
0.0677106
0.0525759
0.0402093
0.0302882
0.0224936
0.016486
0.0119315
0.00853293
0.0060347
0.00422417
0.00292935
0.00201466
0.00137574
0.000933946
0.000631176
0.000425264
0.000286104
0.000192514
0.000129785
8.78164e-05
5.97442e-05
4.09409e-05
2.83087e-05
1.97832e-05
1.39942e-05
1.00336e-05
7.29961e-06
5.39308e-06
4.04847e-06
3.0883e-06
2.39336e-06
1.88295e-06
1.50206e-06
1.21283e-06
9.8894e-07
8.11931e-07
6.68767e-07
5.50198e-07
4.49733e-07
3.62935e-07
2.86977e-07
2.20318e-07
1.62418e-07
1.13427e-07
7.37805e-08
4.3743e-08
2.29781e-08
1.0299e-08
3.74562e-09
1.03317e-09
1.97457e-10
2.28404e-11
1.7965e-12
1.11575e-13
5.86514e-15
2.2606e-16
6.72348e-18
1.2672e-19
1.32729e-21
5.62482e-24
0.00196931
0.0376609
0.222175
0.512043
0.633929
0.68302
0.722364
0.760996
0.803007
0.848741
0.892768
0.927368
0.951567
0.96756
0.977504
0.982796
0.984371
0.983012
0.979499
0.974598
0.96902
0.963379
0.958156
0.953698
0.950222
0.947831
0.946535
0.946199
0.946427
0.947132
0.948213
0.949559
0.951055
0.952594
0.954075
0.955408
0.95651
0.957314
0.957764
0.957812
0.957422
0.956561
0.955203
0.953329
0.95092
0.947958
0.944417
0.940276
0.935505
0.930069
0.923917
0.916996
0.909235
0.900548
0.890838
0.879986
0.867853
0.854297
0.839148
0.822232
0.803377
0.782405
0.759157
0.7335
0.705343
0.674648
0.641448
0.605862
0.568098
0.528469
0.487378
0.445324
0.402871
0.360635
0.319245
0.279318
0.241422
0.206046
0.173578
0.144286
0.118314
0.0956833
0.0763066
0.0600032
0.0465395
0.0356321
0.0269401
0.0201229
0.0148577
0.0108505
0.00784299
0.0056155
0.00398607
0.0028078
0.00196472
0.00136722
0.000947351
0.000654454
0.000451375
0.000311247
0.000214892
0.000148775
0.000103436
7.23212e-05
5.09208e-05
3.61483e-05
2.58995e-05
1.87439e-05
1.37096e-05
1.01362e-05
7.57424e-06
5.71697e-06
4.35412e-06
3.34091e-06
2.57715e-06
1.99316e-06
1.54027e-06
1.18441e-06
9.01774e-07
6.75755e-07
4.94872e-07
3.51175e-07
2.39033e-07
1.5415e-07
9.27704e-08
5.11308e-08
2.52038e-08
1.07827e-08
3.85608e-09
1.10047e-09
2.3711e-10
3.62197e-11
3.6604e-12
2.49187e-13
1.44019e-14
6.13933e-16
2.03623e-17
4.33892e-19
5.24476e-21
2.64941e-23
0.00837253
0.0956339
0.354705
0.582581
0.660092
0.700689
0.736969
0.77505
0.818641
0.867297
0.913156
0.946077
0.96691
0.979451
0.986187
0.988273
0.986416
0.981367
0.974022
0.965339
0.956214
0.94741
0.939515
0.932935
0.927903
0.924515
0.922748
0.922309
0.922818
0.924144
0.926136
0.928635
0.931479
0.934518
0.93761
0.940633
0.943477
0.946054
0.948292
0.950128
0.951522
0.95244
0.952853
0.952746
0.952106
0.950924
0.94919
0.946892
0.944017
0.940545
0.936449
0.931694
0.926235
0.92001
0.912945
0.904952
0.895925
0.885738
0.874248
0.8613
0.84672
0.830328
0.811939
0.791377
0.768476
0.743102
0.715165
0.684626
0.651529
0.615989
0.578228
0.538557
0.497387
0.455216
0.412608
0.370177
0.328548
0.288332
0.250091
0.214312
0.181381
0.15157
0.12503
0.101794
0.081795
0.0649027
0.0508656
0.0393853
0.0301402
0.0228057
0.0170703
0.0126469
0.0092801
0.00674923
0.00486888
0.00348703
0.00248163
0.00175674
0.00123831
0.000870153
0.000610246
0.000427634
0.000299788
0.000210494
0.000148191
0.000104715
7.43315e-05
5.30423e-05
3.80679e-05
2.74832e-05
1.99566e-05
1.45678e-05
1.06804e-05
7.85332e-06
5.78031e-06
4.24808e-06
3.10751e-06
2.2539e-06
1.61342e-06
1.13355e-06
7.76512e-07
5.14604e-07
3.26863e-07
1.96781e-07
1.10786e-07
5.7381e-08
2.68025e-08
1.10199e-08
3.87407e-09
1.1257e-09
2.60235e-10
4.59462e-11
5.94743e-12
5.44628e-13
3.44389e-14
1.61627e-15
5.95129e-17
1.42794e-18
1.98563e-20
1.19424e-22
0.0249556
0.177977
0.46404
0.625869
0.6772
0.713291
0.747651
0.785813
0.831458
0.883396
0.931024
0.961421
0.978492
0.987731
0.991472
0.990286
0.984587
0.975196
0.963268
0.950059
0.93673
0.924231
0.913263
0.904287
0.897543
0.893101
0.89089
0.890386
0.891279
0.893384
0.896484
0.900359
0.90479
0.909568
0.914508
0.919446
0.924241
0.928778
0.932962
0.936721
0.940001
0.942767
0.944992
0.946659
0.947765
0.948303
0.948275
0.947681
0.946522
0.944794
0.942485
0.939581
0.936055
0.931871
0.92698
0.921317
0.914804
0.907343
0.898822
0.889104
0.87804
0.865462
0.85119
0.835032
0.816803
0.796313
0.773401
0.747932
0.719821
0.689042
0.655647
0.619774
0.581659
0.541638
0.500141
0.457681
0.414838
0.372227
0.330479
0.290197
0.251934
0.216161
0.183249
0.153456
0.126911
0.103687
0.083695
0.0667549
0.052622
0.041008
0.0316034
0.0240955
0.0181834
0.0135887
0.0100623
0.00738784
0.00538199
0.00389319
0.00279873
0.00200115
0.00142446
0.00101036
0.000714747
0.000504745
0.000356131
0.000251252
0.000177364
0.000125346
8.87148e-05
6.28881e-05
4.46431e-05
3.17204e-05
2.25393e-05
1.59952e-05
1.13166e-05
7.96359e-06
5.55789e-06
3.83328e-06
2.6015e-06
1.7284e-06
1.11735e-06
6.97816e-07
4.17456e-07
2.36828e-07
1.25898e-07
6.18287e-08
2.75803e-08
1.09541e-08
3.78496e-09
1.10837e-09
2.67293e-10
5.15043e-11
7.69035e-12
8.63811e-13
7.1028e-14
4.16983e-15
1.69953e-16
4.5806e-18
7.3159e-20
5.2399e-22
0.0582858
0.269257
0.540102
0.650773
0.691799
0.7231
0.755208
0.793813
0.841762
0.897229
0.946556
0.973633
0.986839
0.993173
0.994137
0.989405
0.979161
0.964498
0.947029
0.928436
0.910206
0.893491
0.879099
0.86752
0.858982
0.853505
0.850948
0.850471
0.851915
0.855016
0.859483
0.865017
0.871325
0.878136
0.885207
0.892326
0.899316
0.90603
0.912354
0.918202
0.92351
0.928235
0.932352
0.935847
0.938718
0.940969
0.942613
0.943656
0.94411
0.943989
0.943295
0.942031
0.940182
0.937739
0.934671
0.930939
0.926488
0.921245
0.915128
0.908023
0.899812
0.890345
0.879461
0.866981
0.85271
0.836454
0.818008
0.797189
0.773833
0.747811
0.719051
0.68755
0.653384
0.616727
0.577853
0.537135
0.495041
0.452118
0.408968
0.366222
0.32451
0.284427
0.246506
0.211191
0.178799
0.149605
0.123711
0.101102
0.0816662
0.0652108
0.0514851
0.0402015
0.0310553
0.0237424
0.0179719
0.0134755
0.010014
0.00737956
0.005396
0.00391755
0.00282585
0.00202662
0.00144605
0.00102724
0.000726965
0.000512812
0.000360756
0.000253184
0.000177302
0.000123892
8.63618e-05
6.00229e-05
4.15579e-05
2.86281e-05
1.95887e-05
1.32847e-05
8.90566e-06
5.88182e-06
3.8121e-06
2.41308e-06
1.48356e-06
8.80058e-07
4.99847e-07
2.6937e-07
1.36281e-07
6.3927e-08
2.74027e-08
1.05554e-08
3.58462e-09
1.05072e-09
2.59775e-10
5.2866e-11
8.63332e-12
1.10194e-12
1.06918e-13
7.64294e-15
3.8665e-16
1.30071e-17
2.58753e-19
2.26785e-21
0.109802
0.381918
0.589098
0.667193
0.702568
0.731274
0.760571
0.79937
0.849699
0.908856
0.959897
0.982987
0.99252
0.996512
0.994793
0.98593
0.970102
0.948986
0.924881
0.900019
0.876239
0.85488
0.836823
0.822556
0.812251
0.805853
0.80313
0.802846
0.805069
0.809443
0.815583
0.823096
0.831605
0.840764
0.850264
0.859842
0.869277
0.878395
0.887061
0.895167
0.902646
0.909449
0.915551
0.920942
0.925625
0.92961
0.932918
0.935568
0.937583
0.938986
0.939795
0.940024
0.939681
0.938767
0.937272
0.935174
0.932447
0.929036
0.924882
0.919902
0.913997
0.90705
0.898919
0.889446
0.878447
0.865733
0.851093
0.834318
0.815202
0.793556
0.769224
0.742093
0.712117
0.679333
0.643863
0.605934
0.565884
0.524141
0.481232
0.437743
0.394312
0.351581
0.310179
0.270679
0.23355
0.199234
0.168017
0.140062
0.115414
0.0940143
0.0757117
0.0602882
0.0474775
0.0369858
0.0285101
0.0217531
0.0164349
0.0123001
0.00912305
0.00670901
0.00489412
0.00354324
0.0025471
0.00181894
0.00129093
0.000910879
0.000639183
0.000446145
0.000309768
0.00021392
0.000146884
0.000100219
6.78895e-05
4.56034e-05
3.03278e-05
1.99273e-05
1.2904e-05
8.20987e-06
5.11314e-06
3.10372e-06
1.8268e-06
1.03633e-06
5.62678e-07
2.90018e-07
1.40563e-07
6.33621e-08
2.6231e-08
9.8304e-09
3.2815e-09
9.58398e-10
2.40179e-10
5.0576e-11
8.75023e-12
1.21381e-12
1.3133e-13
1.07202e-14
6.31421e-16
2.50728e-17
5.93711e-19
6.22976e-21
0.162667
0.451384
0.620481
0.678692
0.709776
0.736376
0.765386
0.802679
0.85532
0.918267
0.971164
0.989802
0.996126
0.998395
0.993854
0.979903
0.957126
0.928195
0.896331
0.864396
0.83456
0.808303
0.786513
0.769618
0.757703
0.750605
0.747974
0.748129
0.751429
0.757408
0.765566
0.775401
0.78644
0.798255
0.810469
0.822763
0.834875
0.846598
0.857774
0.868285
0.878056
0.887037
0.895202
0.902546
0.909078
0.914817
0.919793
0.924031
0.927571
0.930443
0.932677
0.934302
0.935338
0.935801
0.935697
0.935023
0.933764
0.931893
0.929369
0.926134
0.92211
0.917205
0.911302
0.904263
0.89593
0.886121
0.874637
0.861263
0.845777
0.827953
0.807586
0.784493
0.758534
0.729633
0.697792
0.663107
0.625778
0.586115
0.544534
0.501548
0.457745
0.413768
0.370276
0.327918
0.28729
0.248917
0.213257
0.180638
0.151261
0.125212
0.102462
0.0828913
0.0663011
0.05244
0.0410212
0.0317434
0.0243054
0.0184194
0.0138198
0.0102687
0.00755891
0.00551408
0.00398744
0.00285926
0.0020336
0.00143488
0.00100453
0.000697786
0.000480901
0.000328744
0.000222813
0.000149631
9.94733e-05
6.53834e-05
4.24258e-05
2.71239e-05
1.70451e-05
1.04984e-05
6.31597e-06
3.69653e-06
2.09474e-06
1.14301e-06
5.96728e-07
2.95863e-07
1.38131e-07
6.01352e-08
2.41412e-08
8.82481e-09
2.8963e-09
8.40222e-10
2.11798e-10
4.55298e-11
8.17623e-12
1.19839e-12
1.39501e-13
1.24648e-14
8.1613e-16
3.64862e-17
9.82377e-19
1.18121e-20
0.21496
0.504904
0.643611
0.686398
0.713691
0.738591
0.767833
0.805408
0.858637
0.925409
0.980473
0.994462
0.998221
0.999354
0.991537
0.971152
0.939796
0.901618
0.860973
0.82136
0.785206
0.754025
0.728634
0.709346
0.696116
0.688641
0.685649
0.686613
0.691433
0.699489
0.710132
0.722732
0.736702
0.751523
0.766747
0.782004
0.796994
0.811486
0.825304
0.838325
0.850467
0.861683
0.871952
0.881274
0.889668
0.897161
0.90379
0.909597
0.914622
0.918912
0.92251
0.92545
0.927768
0.929492
0.93064
0.931225
0.931246
0.930694
0.929546
0.927761
0.925285
0.922046
0.917952
0.912883
0.906706
0.899257
0.890347
0.879772
0.867306
0.852712
0.835749
0.816191
0.793838
0.768528
0.740169
0.708746
0.674343
0.637151
0.597479
0.555747
0.512473
0.468261
0.423768
0.379675
0.336648
0.29528
0.256153
0.219724
0.186339
0.156217
0.129456
0.106042
0.0858623
0.0687257
0.0543831
0.042549
0.0329196
0.0251904
0.019068
0.0142806
0.010584
0.00776405
0.00563828
0.00405404
0.00288643
0.00203514
0.00142097
0.000982393
0.000672366
0.0004554
0.000305085
0.000202013
0.000132085
8.5176e-05
5.40891e-05
3.37612e-05
2.0666e-05
1.23724e-05
7.22129e-06
4.09364e-06
2.24406e-06
1.18354e-06
5.9704e-07
2.86133e-07
1.29276e-07
5.45793e-08
2.13185e-08
7.61756e-09
2.45889e-09
7.07053e-10
1.78326e-10
3.87739e-11
7.1282e-12
1.08336e-12
1.32485e-13
1.25943e-14
8.87561e-16
4.31452e-17
1.27384e-18
1.69117e-20
0.262559
0.542295
0.655283
0.690728
0.714507
0.737924
0.767634
0.807418
0.860053
0.930223
0.987927
0.997383
0.999307
0.999783
0.987885
0.95936
0.917626
0.868836
0.818623
0.771037
0.72861
0.692748
0.664101
0.642813
0.628678
0.621241
0.618157
0.620326
0.627053
0.637557
0.651037
0.666721
0.683906
0.701974
0.720408
0.738783
0.75677
0.77411
0.790623
0.806184
0.820708
0.834155
0.846513
0.85779
0.868014
0.877222
0.885462
0.892785
0.899243
0.904891
0.90978
0.91396
0.917473
0.920358
0.922645
0.924359
0.925509
0.926103
0.92613
0.925569
0.924384
0.922516
0.919895
0.916427
0.91199
0.906442
0.899614
0.891307
0.881305
0.869364
0.855234
0.838655
0.819386
0.797208
0.771957
0.743528
0.71191
0.677198
0.639599
0.599443
0.557175
0.513347
0.468587
0.423581
0.379031
0.335586
0.2939
0.254537
0.217953
0.184487
0.154349
0.127627
0.104294
0.0842259
0.0672216
0.053023
0.0413369
0.0318537
0.0242644
0.0182727
0.013605
0.010016
0.00729137
0.00524883
0.00373637
0.00262993
0.00183017
0.00125891
0.0008557
0.000574477
0.000380705
0.000248848
0.000160279
0.000101598
6.32862e-05
3.86684e-05
2.31253e-05
1.35015e-05
7.67248e-06
4.2288e-06
2.2514e-06
1.15239e-06
5.64031e-07
2.62345e-07
1.15142e-07
4.73049e-08
1.80277e-08
6.30801e-09
2.00349e-09
5.70232e-10
1.43365e-10
3.13264e-11
5.83934e-12
9.08364e-13
1.14792e-13
1.13823e-14
8.43999e-16
4.35045e-17
1.37098e-18
1.95319e-20
0.303847
0.568241
0.661432
0.691871
0.712287
0.734279
0.764525
0.806658
0.861348
0.932633
0.993596
0.999003
0.999789
0.999944
0.982817
0.944132
0.890168
0.829622
0.76943
0.713988
0.665684
0.625644
0.594265
0.571491
0.556951
0.550011
0.547747
0.551573
0.560614
0.573911
0.590505
0.609486
0.630032
0.651442
0.673131
0.694636
0.715594
0.735741
0.754885
0.772905
0.789727
0.805316
0.819671
0.832811
0.844774
0.85561
0.865374
0.874127
0.881933
0.888855
0.894951
0.900281
0.904896
0.908843
0.912163
0.914886
0.917042
0.918637
0.919682
0.920162
0.920059
0.919328
0.917917
0.915747
0.912716
0.908695
0.903532
0.897042
0.889013
0.879206
0.86736
0.853201
0.83646
0.816873
0.794224
0.768345
0.739149
0.706649
0.670973
0.632374
0.591235
0.548049
0.503419
0.458022
0.412572
0.367761
0.324287
0.28279
0.243812
0.207785
0.175012
0.145665
0.119794
0.0973362
0.0781365
0.0619674
0.0485508
0.0375799
0.028737
0.02171
0.0162035
0.0119477
0.00870296
0.00626229
0.00445076
0.00312391
0.00216486
0.00148079
0.00099933
0.000665042
0.000436139
0.000281626
0.000178876
0.000111614
6.83179e-05
4.09471e-05
2.39816e-05
1.36909e-05
7.597e-06
4.08384e-06
2.1186e-06
1.05602e-06
5.03218e-07
2.27929e-07
9.74924e-08
3.90885e-08
1.4568e-08
4.99946e-09
1.56316e-09
4.39986e-10
1.09987e-10
2.40419e-11
4.51311e-12
7.11987e-13
9.1899e-14
9.3719e-15
7.19384e-16
3.86096e-17
1.27314e-18
1.90537e-20
0.338457
0.585949
0.66377
0.689576
0.70702
0.727489
0.758277
0.803046
0.86197
0.933103
0.997517
0.999742
0.999957
0.99999
0.976174
0.925067
0.857103
0.784034
0.713966
0.651256
0.59782
0.554315
0.520832
0.497147
0.482748
0.476148
0.475352
0.481563
0.493624
0.510318
0.530477
0.553041
0.577094
0.60187
0.626753
0.651259
0.675025
0.697788
0.719365
0.739645
0.758565
0.776105
0.792274
0.807105
0.820644
0.832958
0.844104
0.854157
0.863185
0.871261
0.878454
0.884828
0.890437
0.895342
0.899585
0.903209
0.906246
0.908719
0.910638
0.912007
0.912812
0.913029
0.912612
0.911497
0.909593
0.906792
0.902946
0.897885
0.891403
0.88326
0.873192
0.860916
0.846138
0.828567
0.807943
0.784055
0.75676
0.726012
0.691882
0.654566
0.614396
0.57183
0.527445
0.481909
0.435946
0.390281
0.345637
0.302706
0.262093
0.224295
0.189681
0.158488
0.130821
0.106663
0.0858949
0.0683138
0.0536546
0.041614
0.03187
0.0240996
0.0179925
0.0132614
0.00964837
0.00692825
0.00490924
0.0034318
0.00236598
0.00160811
0.00107702
0.000710352
0.000461059
0.000294231
0.000184423
0.000113394
6.82923e-05
4.02166e-05
2.31106e-05
1.29288e-05
7.0221e-06
3.69118e-06
1.87105e-06
9.10811e-07
4.23786e-07
1.87458e-07
7.8353e-08
3.07323e-08
1.12236e-08
3.78289e-09
1.16502e-09
3.24135e-10
8.04222e-11
1.75293e-11
3.29769e-12
5.24118e-13
6.85175e-14
7.11377e-15
5.58613e-16
3.08027e-17
1.04731e-18
1.62058e-20
0.366507
0.597275
0.662471
0.683388
0.69862
0.717331
0.748581
0.796196
0.859766
0.933533
0.999661
0.999976
0.999999
1
0.967763
0.901804
0.818297
0.732492
0.653272
0.584388
0.526857
0.480692
0.44571
0.421657
0.407963
0.400197
0.401877
0.411593
0.427728
0.448682
0.473017
0.499518
0.527202
0.555291
0.583184
0.610428
0.636686
0.661729
0.685397
0.707603
0.728303
0.747495
0.7652
0.781463
0.796343
0.809914
0.822245
0.833414
0.843499
0.852576
0.860719
0.867998
0.874475
0.880212
0.88526
0.889665
0.893464
0.896688
0.899354
0.901474
0.903041
0.904039
0.904432
0.904167
0.903162
0.901314
0.898489
0.894521
0.889202
0.882294
0.873531
0.862611
0.849227
0.833066
0.813837
0.791299
0.765272
0.735676
0.702543
0.666044
0.626481
0.584298
0.540064
0.494448
0.448184
0.402027
0.356716
0.312975
0.271448
0.232671
0.19705
0.164858
0.136228
0.11117
0.0895811
0.07127
0.0559777
0.0434007
0.0332131
0.0250843
0.0186948
0.0137469
0.00997188
0.0071342
0.00503268
0.00349951
0.00239774
0.00161805
0.00107482
0.000702353
0.000451142
0.000284586
0.000176112
0.00010678
6.33404e-05
3.66957e-05
2.07222e-05
1.13801e-05
6.06192e-06
3.12264e-06
1.55018e-06
7.38744e-07
3.36444e-07
1.45693e-07
5.96448e-08
2.29341e-08
8.22171e-09
2.72502e-09
8.27129e-10
2.27429e-10
5.59429e-11
1.21313e-11
2.27921e-12
3.63208e-13
4.77979e-14
5.01489e-15
3.99373e-16
2.24039e-17
7.76918e-19
1.22835e-20
0.388309
0.603633
0.658364
0.6746
0.686967
0.703537
0.735085
0.785779
0.854683
0.93393
0.999999
0.999999
0.999998
0.999999
0.957404
0.874053
0.77384
0.675818
0.588899
0.515416
0.45499
0.406866
0.370752
0.346729
0.334254
0.328351
0.333143
0.346863
0.367461
0.39293
0.421534
0.451896
0.482981
0.514028
0.544495
0.573985
0.602229
0.62904
0.654306
0.677968
0.700009
0.720444
0.739311
0.756666
0.772577
0.787122
0.800379
0.812428
0.823355
0.83324
0.842153
0.850173
0.857366
0.863792
0.869507
0.874562
0.878997
0.882845
0.886133
0.88887
0.891059
0.892687
0.893727
0.894128
0.893812
0.892686
0.890609
0.887417
0.882899
0.876812
0.868874
0.858775
0.84619
0.830788
0.812261
0.790345
0.76485
0.735688
0.702878
0.666594
0.627141
0.584976
0.540678
0.494934
0.448497
0.402147
0.356633
0.312695
0.270989
0.232059
0.196317
0.164038
0.135357
0.11028
0.0887012
0.0704242
0.0551844
0.0426733
0.0325598
0.024509
0.0181979
0.0133253
0.00962058
0.0068467
0.00480154
0.00331699
0.00225624
0.00151038
0.000994464
0.000643564
0.000409019
0.000255056
0.000155879
9.32506e-05
5.45242e-05
3.11078e-05
1.72841e-05
9.33166e-06
4.88319e-06
2.46957e-06
1.20304e-06
5.62411e-07
2.51241e-07
1.06732e-07
4.28827e-08
1.61941e-08
5.70766e-09
1.8625e-09
5.57558e-10
1.51519e-10
3.69248e-11
7.95433e-12
1.48884e-12
2.37072e-13
3.12672e-14
3.29714e-15
2.64595e-16
1.49907e-17
5.25925e-19
8.42133e-21
0.404198
0.605988
0.651746
0.662973
0.671858
0.68582
0.717381
0.771369
0.846376
0.932683
1
1
0.999998
0.999997
0.944947
0.841592
0.724078
0.615284
0.522918
0.446807
0.384646
0.334876
0.297418
0.273541
0.258982
0.257196
0.268303
0.288874
0.315773
0.346573
0.379513
0.413352
0.44721
0.480481
0.512749
0.543723
0.573213
0.6011
0.627315
0.651834
0.674666
0.69584
0.71541
0.733437
0.750002
0.765178
0.779048
0.791702
0.803215
0.813672
0.823147
0.831714
0.839443
0.846393
0.852625
0.858182
0.863113
0.867452
0.871225
0.874444
0.877116
0.879229
0.880754
0.881641
0.881816
0.881171
0.879565
0.876823
0.872725
0.867008
0.859378
0.849504
0.837046
0.821663
0.803044
0.780924
0.755123
0.725571
0.692321
0.655574
0.615679
0.573129
0.528544
0.482639
0.436194
0.390006
0.344824
0.30138
0.260311
0.222137
0.187242
0.155864
0.128108
0.103949
0.0832543
0.0658076
0.0513291
0.0395002
0.0299858
0.0224509
0.0165755
0.0120647
0.008655
0.00611777
0.00425931
0.00291967
0.00196955
0.0013068
0.000852278
0.00054597
0.000343248
0.00021158
0.000127728
7.5421e-05
4.34963e-05
2.44593e-05
1.33856e-05
7.11369e-06
3.66218e-06
1.82118e-06
8.72073e-07
4.00657e-07
1.75886e-07
7.3437e-08
2.90091e-08
1.07769e-08
3.73974e-09
1.20283e-09
3.55398e-10
9.54799e-11
2.30455e-11
4.92693e-12
9.17205e-13
1.45583e-13
1.91818e-14
2.02495e-15
1.62985e-16
9.2758e-18
3.27257e-19
5.27235e-21
0.414409
0.604992
0.642647
0.647701
0.651496
0.663896
0.695028
0.752458
0.834416
0.929479
0.999997
0.999997
0.999998
0.999996
0.93026
0.804247
0.669616
0.552662
0.457924
0.381408
0.318387
0.266599
0.226392
0.201892
0.187072
0.1937
0.215347
0.245267
0.279166
0.314828
0.35107
0.387138
0.422501
0.456783
0.489724
0.521148
0.550944
0.57905
0.605437
0.630106
0.653088
0.674428
0.694176
0.712404
0.729188
0.74461
0.758746
0.771678
0.783487
0.794253
0.804048
0.812944
0.821007
0.828296
0.834869
0.840771
0.846046
0.850727
0.854841
0.858401
0.861405
0.863841
0.865677
0.866851
0.867277
0.866841
0.865379
0.862693
0.858544
0.852643
0.844676
0.834297
0.821153
0.804908
0.785262
0.761986
0.73494
0.704113
0.669631
0.631763
0.590937
0.547709
0.502755
0.456829
0.410729
0.365253
0.32113
0.279051
0.239597
0.203223
0.17024
0.140821
0.115005
0.092711
0.0737648
0.0579162
0.0448658
0.0342865
0.0258431
0.0192085
0.0140757
0.0101664
0.00723533
0.00507225
0.00350127
0.00237874
0.00158981
0.00104465
0.000674425
0.000427473
0.000265778
0.000161932
9.65752e-05
5.63062e-05
3.20459e-05
1.77745e-05
9.5898e-06
5.02213e-06
2.54672e-06
1.24711e-06
5.8791e-07
2.65876e-07
1.14891e-07
4.72256e-08
1.83712e-08
6.72431e-09
2.30057e-09
7.30159e-10
2.13112e-10
5.6627e-11
1.3537e-11
2.8708e-12
5.30981e-13
8.38728e-14
1.10152e-14
1.1608e-15
9.33897e-17
5.31804e-18
1.87847e-19
3.03024e-21
0.418999
0.601247
0.631627
0.629384
0.626293
0.637538
0.667575
0.728448
0.818221
0.924234
1
1
0.999998
1
0.913213
0.761834
0.611359
0.49029
0.397053
0.322426
0.259085
0.204364
0.157827
0.120292
0.12158
0.15421
0.192156
0.227483
0.263989
0.301356
0.339232
0.375439
0.410517
0.444258
0.476519
0.507204
0.536251
0.563633
0.589349
0.613414
0.635866
0.656746
0.676119
0.694039
0.710587
0.725831
0.739853
0.752722
0.764515
0.775305
0.785156
0.794141
0.802318
0.809742
0.816466
0.822533
0.827981
0.832842
0.83713
0.840858
0.844014
0.846574
0.848487
0.849678
0.850038
0.849417
0.84763
0.844443
0.839583
0.832736
0.823567
0.81172
0.796858
0.778671
0.756913
0.731421
0.702159
0.669213
0.632821
0.593369
0.551379
0.507492
0.462438
0.416997
0.37196
0.328093
0.286065
0.24648
0.209819
0.176425
0.146503
0.120123
0.0972364
0.0776941
0.0612684
0.0476767
0.0366038
0.0277217
0.0207065
0.0152506
0.0110729
0.00792332
0.00558589
0.00387849
0.00265119
0.0017833
0.00117975
0.000767129
0.000489969
0.000307149
0.000188811
0.000113701
6.69993e-05
3.85819e-05
2.16807e-05
1.18692e-05
6.31864e-06
3.26411e-06
1.63236e-06
7.88155e-07
3.66301e-07
1.63308e-07
6.95726e-08
2.81983e-08
1.08193e-08
3.90752e-09
1.31984e-09
4.13835e-10
1.19426e-10
3.14053e-11
7.43778e-12
1.5644e-12
2.87315e-13
4.5117e-14
5.89709e-15
6.19118e-16
4.96658e-17
2.82174e-18
9.94697e-20
1.60099e-21
0.41772
0.595395
0.620077
0.610485
0.599904
0.606598
0.634671
0.698686
0.796978
0.916718
0.999998
1
1
0.999998
0.893623
0.714067
0.550574
0.431207
0.344016
0.273649
0.211139
0.154975
0.100227
0.115085
0.135428
0.166704
0.201322
0.235367
0.270353
0.305876
0.341388
0.37547
0.408481
0.440282
0.471343
0.502048
0.529352
0.555095
0.579314
0.602031
0.623276
0.643095
0.661531
0.678641
0.694488
0.709139
0.722655
0.735103
0.746555
0.757068
0.766703
0.77552
0.783572
0.790909
0.797571
0.803598
0.809017
0.813847
0.818095
0.821752
0.824788
0.827157
0.828779
0.829538
0.829293
0.827852
0.824982
0.820415
0.813845
0.804943
0.793369
0.778802
0.760947
0.739576
0.714553
0.685847
0.65356
0.617936
0.579359
0.538341
0.495508
0.451571
0.407281
0.363404
0.320669
0.279746
0.241206
0.205506
0.172975
0.143809
0.118077
0.0957303
0.0766261
0.0605459
0.0472181
0.0363397
0.027595
0.0206718
0.0152735
0.0111279
0.00799261
0.00565773
0.00394577
0.00271016
0.00183251
0.00121921
0.000797727
0.00051298
0.000323976
0.000200793
0.000122015
7.26217e-05
4.22875e-05
2.40597e-05
1.33557e-05
7.22155e-06
3.79646e-06
1.93646e-06
9.56105e-07
4.55742e-07
2.09101e-07
9.20354e-08
3.87135e-08
1.54955e-08
5.87294e-09
2.096e-09
6.999e-10
2.17073e-10
6.20022e-11
1.61489e-11
3.7909e-12
7.90951e-13
1.44212e-13
2.24991e-14
2.92385e-15
3.05392e-16
2.43851e-17
1.37942e-18
4.84151e-20
7.75538e-22
0.409761
0.587856
0.609648
0.593028
0.571956
0.570727
0.596299
0.662553
0.769549
0.906524
0.999997
1
1
0.999998
0.871182
0.660459
0.489087
0.379388
0.303211
0.240396
0.18505
0.159344
0.155392
0.161875
0.179235
0.204533
0.233288
0.263269
0.294342
0.325885
0.357265
0.387728
0.417397
0.446211
0.474439
0.50211
0.527031
0.552458
0.575099
0.595845
0.615286
0.633478
0.650464
0.666288
0.680995
0.694641
0.707276
0.718954
0.72973
0.739656
0.748787
0.757159
0.764819
0.771803
0.77814
0.783849
0.788943
0.793417
0.797255
0.800412
0.802827
0.804409
0.805027
0.804527
0.802704
0.799328
0.794127
0.786805
0.777055
0.764571
0.749069
0.73031
0.708124
0.682434
0.653272
0.620795
0.58529
0.547171
0.506969
0.465301
0.422854
0.380342
0.338474
0.297919
0.259276
0.223049
0.189645
0.15933
0.132251
0.108437
0.0878172
0.0702331
0.0554639
0.0432439
0.0332831
0.0252839
0.0189544
0.0140199
0.0102296
0.00736115
0.00522271
0.0036524
0.00251676
0.00170814
0.00114138
0.000750491
0.000485317
0.000308458
0.00019255
0.000117956
7.08476e-05
4.16791e-05
2.39882e-05
1.34897e-05
7.40111e-06
3.95525e-06
2.05512e-06
1.03607e-06
5.05611e-07
2.38226e-07
1.0805e-07
4.70199e-08
1.95578e-08
7.74268e-09
2.90328e-09
1.02545e-09
3.39008e-10
1.04139e-10
2.94752e-11
7.61103e-12
1.7722e-12
3.66945e-13
6.64267e-14
1.02938e-14
1.32922e-15
1.3799e-16
1.09531e-17
6.15955e-19
2.14879e-20
3.41939e-22
0.397938
0.575058
0.600303
0.582373
0.545334
0.522992
0.553465
0.61977
0.734333
0.893001
0.999997
0.999998
1
0.999998
0.845284
0.600185
0.429724
0.340054
0.28003
0.239983
0.216733
0.209137
0.212236
0.220034
0.235565
0.25625
0.279805
0.304933
0.331058
0.357598
0.384064
0.410083
0.435638
0.460672
0.48522
0.509041
0.531146
0.553373
0.573402
0.59434
0.611496
0.627586
0.642672
0.656777
0.669935
0.682184
0.693559
0.704105
0.713854
0.722843
0.731106
0.738667
0.745552
0.751771
0.757327
0.762214
0.766404
0.769856
0.772505
0.774264
0.775015
0.774611
0.772872
0.769592
0.764534
0.757444
0.748058
0.736112
0.721365
0.703613
0.682713
0.658596
0.631287
0.600922
0.567743
0.532108
0.494474
0.455386
0.415449
0.375302
0.335591
0.296933
0.259892
0.224953
0.192506
0.162835
0.136141
0.112487
0.0918414
0.0740863
0.0590408
0.0464764
0.0361348
0.0277446
0.0210343
0.015744
0.0116322
0.00848181
0.00610245
0.00433116
0.0030316
0.00209204
0.00142282
0.000953322
0.000628989
0.000408449
0.000260903
0.000163827
0.000101051
6.1177e-05
3.6319e-05
2.11217e-05
1.20191e-05
6.68338e-06
3.62637e-06
1.91687e-06
9.85281e-07
4.91453e-07
2.37332e-07
1.10676e-07
4.96934e-08
2.14121e-08
8.82083e-09
3.45945e-09
1.28546e-09
4.5006e-10
1.47536e-10
4.49551e-11
1.26253e-11
3.2358e-12
7.48041e-13
1.53811e-13
2.76548e-14
4.25676e-15
5.45968e-16
5.62927e-17
4.43719e-18
2.47729e-19
8.57656e-21
1.35364e-22
0.38553
0.55313
0.586547
0.57502
0.54156
0.492864
0.510509
0.571214
0.689067
0.875126
1
0.999999
1
0.999997
0.81484
0.531963
0.377332
0.31985
0.294035
0.276053
0.269165
0.271377
0.274832
0.284325
0.298355
0.315461
0.334512
0.354773
0.375771
0.397115
0.418511
0.439763
0.460788
0.481499
0.5018
0.52147
0.540217
0.558736
0.575947
0.593707
0.609994
0.624284
0.6371
0.649066
0.660233
0.670627
0.680269
0.689175
0.697354
0.704826
0.711585
0.717631
0.722948
0.727514
0.731283
0.734207
0.736203
0.737184
0.737027
0.735596
0.732729
0.728245
0.721946
0.71363
0.703089
0.69013
0.674584
0.656319
0.635256
0.61139
0.584787
0.555606
0.524089
0.490574
0.455473
0.419266
0.382475
0.345651
0.309343
0.274072
0.240316
0.208485
0.178907
0.151825
0.127387
0.105655
0.0866335
0.0702224
0.0562619
0.0445513
0.0348633
0.0269584
0.0205962
0.0155451
0.0115894
0.00853329
0.00620427
0.00445351
0.0031554
0.00220619
0.00152176
0.00103521
0.000694284
0.000458876
0.000298747
0.000191488
0.00012077
7.48979e-05
4.56415e-05
2.73069e-05
1.60253e-05
9.21541e-06
5.18674e-06
2.85352e-06
1.5323e-06
8.01815e-07
4.08112e-07
2.01636e-07
9.64798e-08
4.45925e-08
1.98506e-08
8.48272e-09
3.46678e-09
1.3493e-09
4.97717e-10
1.73041e-10
5.63458e-11
1.70584e-11
4.76089e-12
1.21279e-12
2.78684e-13
5.69557e-14
1.01768e-14
1.55623e-15
1.98212e-16
2.02839e-17
1.58594e-18
8.77763e-20
3.01039e-21
4.70042e-23
0.371661
0.521009
0.564086
0.56434
0.543104
0.511852
0.485965
0.521286
0.630472
0.851292
1
1
1
1
0.777877
0.45406
0.340771
0.334348
0.328841
0.327223
0.330186
0.332687
0.339536
0.349602
0.361958
0.375888
0.390877
0.406568
0.422704
0.439084
0.455552
0.471993
0.488317
0.504434
0.520244
0.535627
0.550518
0.565079
0.578985
0.592977
0.605917
0.618818
0.629164
0.638319
0.646715
0.654384
0.661324
0.667518
0.672949
0.677583
0.681391
0.68432
0.686312
0.687302
0.687202
0.685915
0.683334
0.679337
0.673791
0.666561
0.657508
0.646497
0.633406
0.618137
0.600617
0.580816
0.558749
0.534493
0.508182
0.480017
0.450258
0.419227
0.387293
0.354864
0.322369
0.290241
0.258903
0.228746
0.200116
0.173304
0.148535
0.125963
0.105672
0.0876783
0.071938
0.0583554
0.0468158
0.0371434
0.0291414
0.0226068
0.0173391
0.0131471
0.00985371
0.00729935
0.00534347
0.00386502
0.00276182
0.00194925
0.00135855
0.000934786
0.000634825
0.000425366
0.000281115
0.000183164
0.000117607
7.43778e-05
4.63035e-05
2.83574e-05
1.70718e-05
1.00949e-05
5.85775e-06
3.33211e-06
1.85595e-06
1.0109e-06
5.37671e-07
2.78793e-07
1.40674e-07
6.89316e-08
3.27261e-08
1.50147e-08
6.63765e-09
2.81804e-09
1.1447e-09
4.42988e-10
1.62534e-10
5.62259e-11
1.82218e-11
5.4916e-12
1.52592e-12
3.86998e-13
8.8522e-14
1.80032e-14
3.19934e-15
4.86219e-16
6.14847e-17
6.23967e-18
4.83225e-19
2.64624e-20
8.97103e-22
1.38014e-23
0.354668
0.477314
0.52702
0.540932
0.535212
0.520147
0.507973
0.488325
0.553556
0.818846
1
1
0.999999
1
0.730988
0.364718
0.338034
0.35755
0.366436
0.371975
0.376667
0.38351
0.391964
0.401544
0.411902
0.4228
0.43407
0.445593
0.457274
0.469029
0.480785
0.492475
0.504035
0.515399
0.526503
0.537282
0.547706
0.557776
0.567406
0.576743
0.585309
0.593597
0.600521
0.605248
0.609155
0.612236
0.614463
0.61579
0.61617
0.615548
0.613867
0.61106
0.60706
0.601789
0.595176
0.587147
0.577627
0.566556
0.553877
0.539553
0.523565
0.505915
0.486641
0.465808
0.443521
0.419922
0.39519
0.369542
0.343226
0.316516
0.289706
0.263096
0.236987
0.211665
0.187395
0.164412
0.142908
0.123032
0.104887
0.0885263
0.0739573
0.0611457
0.0500202
0.0404805
0.0324035
0.0256515
0.0200929
0.0155736
0.0119432
0.00906134
0.0068009
0.00504888
0.00370706
0.00269163
0.00193237
0.00137148
0.000962128
0.000667018
0.000456884
0.000309123
0.000206532
0.00013622
8.86616e-05
5.6924e-05
3.60349e-05
2.24801e-05
1.38124e-05
8.35328e-06
4.96877e-06
2.90462e-06
1.66718e-06
9.38607e-07
5.17719e-07
2.79417e-07
1.47345e-07
7.57935e-08
3.79623e-08
1.84759e-08
8.71744e-09
3.97714e-09
1.74935e-09
7.39362e-10
2.99139e-10
1.15362e-10
4.21979e-11
1.45586e-11
4.70685e-12
1.41538e-12
3.9242e-13
9.92907e-14
2.26498e-14
4.59088e-15
8.12285e-16
1.22739e-16
1.5404e-17
1.54807e-18
1.18438e-19
6.39423e-21
2.13591e-22
3.23731e-24
0.330284
0.41841
0.467279
0.49153
0.500151
0.499228
0.493604
0.485538
0.457798
0.772128
0.999999
1
1
0.999999
0.666538
0.276108
0.331762
0.349234
0.358041
0.365935
0.373292
0.380699
0.388227
0.39585
0.403523
0.411208
0.418863
0.426449
0.433925
0.441252
0.448386
0.455281
0.461897
0.468184
0.474099
0.479594
0.484635
0.489175
0.493157
0.496535
0.499108
0.500851
0.500063
0.498142
0.4956
0.492204
0.487898
0.48265
0.476433
0.469221
0.460997
0.45174
0.441441
0.4301
0.417723
0.404323
0.389934
0.374599
0.358376
0.341342
0.32359
0.305231
0.286389
0.267205
0.247834
0.22844
0.20919
0.190254
0.171799
0.153984
0.136954
0.120836
0.105737
0.0917399
0.0789012
0.0672522
0.0567979
0.0475196
0.0393771
0.0323122
0.0262522
0.0211138
0.0168074
0.0132403
0.0103202
0.00795801
0.00607579
0.00459319
0.00343792
0.00254745
0.00186851
0.00135649
0.000974578
0.000692845
0.000487317
0.000339058
0.000233317
0.000158759
0.000106797
7.10064e-05
4.66479e-05
3.02712e-05
1.9397e-05
1.22681e-05
7.65527e-06
4.71056e-06
2.85671e-06
1.70634e-06
1.00315e-06
5.79984e-07
3.29478e-07
1.83721e-07
1.00443e-07
5.37723e-08
2.8148e-08
1.43842e-08
7.16282e-09
3.46858e-09
1.6296e-09
7.40871e-10
3.24973e-10
1.37068e-10
5.53799e-11
2.13406e-11
7.80426e-12
2.69307e-12
8.7113e-13
2.62129e-13
7.27205e-14
1.84051e-14
4.19696e-15
8.49434e-16
1.49825e-16
2.25145e-17
2.8008e-18
2.77762e-19
2.08509e-20
1.0972e-21
3.55676e-23
5.33663e-25
0.27906
0.331788
0.367802
0.392025
0.407693
0.416909
0.42069
0.416421
0.411099
0.680811
0.999999
1
0.999998
1
0.553978
0.215739
0.223809
0.231522
0.235387
0.237649
0.24003
0.242937
0.246303
0.249954
0.253728
0.257504
0.261189
0.26471
0.268011
0.271042
0.273763
0.276136
0.278128
0.279709
0.280848
0.281518
0.281693
0.281338
0.280416
0.27887
0.276589
0.273328
0.267275
0.260494
0.25454
0.248222
0.241452
0.234225
0.226558
0.218476
0.210007
0.201186
0.192053
0.182649
0.173024
0.163227
0.153317
0.143349
0.133386
0.12349
0.113725
0.104153
0.0948359
0.0858318
0.0771953
0.0689744
0.0612114
0.0539408
0.0471886
0.0409722
0.0353
0.0301715
0.0255777
0.0215022
0.0179215
0.0148065
0.0121239
0.00983708
0.00790779
0.00629706
0.00496648
0.00387902
0.00299979
0.00229663
0.00174043
0.00130533
0.000970057
0.00071437
0.000521249
0.000376803
0.00026982
0.000191369
0.000134414
9.34835e-05
6.43686e-05
4.38724e-05
2.95944e-05
1.97533e-05
1.30433e-05
8.51826e-06
5.50057e-06
3.51098e-06
2.21444e-06
1.37959e-06
8.48598e-07
5.1512e-07
3.08414e-07
1.82018e-07
1.05815e-07
6.05481e-08
3.40715e-08
1.88362e-08
1.02193e-08
5.43417e-09
2.82822e-09
1.43835e-09
7.1352e-10
3.44546e-10
1.61578e-10
7.33962e-11
3.21976e-11
1.35943e-11
5.50295e-12
2.12624e-12
7.8019e-13
2.70281e-13
8.78043e-14
2.65384e-14
7.39403e-15
1.87846e-15
4.29528e-16
8.70235e-17
1.53249e-17
2.29017e-18
2.81661e-19
2.73741e-20
1.98702e-21
9.89909e-23
2.92812e-24
3.7e-26
)
;

boundaryField
{
    walls
    {
        type            zeroGradient;
    }
    top
    {
        type            zeroGradient;
    }
    bottom
    {
        type            zeroGradient;
    }
    frontAndBack
    {
        type            empty;
    }
    inlet
    {
        type            uniformFixedValue;
        uniformValue    
        {
            type            constant;
            value           1;
        }
        value           uniform 1;
    }
    outlet
    {
        type            zeroGradient;
    }
}


// ************************************************************************* //
