/*--------------------------------*- C++ -*----------------------------------*\
  =========                 |
  \\      /  F ield         | OpenFOAM: The Open Source CFD Toolbox
   \\    /   O peration     | Website:  https://openfoam.org
    \\  /    A nd           | Version:  12
     \\/     M anipulation  |
\*---------------------------------------------------------------------------*/
FoamFile
{
    format      ascii;
    class       volScalarField;
    location    "95";
    object      T;
}
// * * * * * * * * * * * * * * * * * * * * * * * * * * * * * * * * * * * * * //

dimensions      [];

internalField   nonuniform List<scalar> 
4480
(
2.1091e-16
1.07288e-13
1.37654e-09
9.67527e-07
7.5025e-05
0.00110141
0.00567654
0.0164262
0.0340798
0.0575448
0.0848575
0.113967
0.143137
0.17106
0.196844
0.219932
0.24002
0.256984
0.270818
0.281593
0.289425
0.294453
0.296827
0.296696
0.294208
0.289505
0.282722
0.274748
0.266597
0.258222
0.249578
0.240622
0.231308
0.221597
0.21145
0.200832
0.189716
0.178086
0.165938
0.15329
0.140187
0.126707
0.112968
0.0991381
0.0854287
0.0720945
0.0594175
0.0476835
0.0371506
0.0280175
0.0203956
0.0142939
0.00962155
0.00620793
0.00383291
0.00226167
0.00127425
0.000685116
0.000351451
0.000172032
8.03836e-05
3.58777e-05
1.53093e-05
6.25197e-06
2.44644e-06
9.18528e-07
3.31366e-07
1.1504e-07
3.8494e-08
1.24354e-08
3.88483e-09
1.17564e-09
3.45244e-10
9.85609e-11
2.74035e-11
7.43449e-12
1.97192e-12
5.1239e-13
1.30709e-13
3.28064e-14
8.11978e-15
1.98642e-15
4.8144e-16
4.90224e-16
5.03849e-16
4.4559e-16
3.6089e-16
2.76994e-16
2.05731e-16
1.50013e-16
1.08519e-16
7.85091e-17
5.71721e-17
4.21385e-17
3.15854e-17
2.41798e-17
1.89781e-17
1.53251e-17
1.27733e-17
1.10209e-17
9.86966e-18
9.1962e-18
8.93441e-18
9.06782e-18
9.62998e-18
1.07156e-17
1.25068e-17
1.53232e-17
1.97165e-17
2.66476e-17
3.7823e-17
5.63521e-17
8.80561e-17
1.44144e-16
2.46819e-16
4.41303e-16
8.22281e-16
1.59363e-15
3.20849e-15
6.72501e-15
1.48406e-14
3.52239e-14
9.13002e-14
2.67394e-13
1.01425e-12
4.09163e-12
8.83233e-12
1.14544e-11
3.51461e-12
7.79952e-14
1.90412e-15
2.30131e-17
2.3654e-19
2.43194e-21
2.33139e-23
1.68338e-25
9.39329e-28
3.01964e-30
4.50593e-33
1.83253e-36
3.30549e-16
2.78176e-11
9.73655e-08
2.95219e-05
0.00117087
0.0100294
0.0352218
0.0778141
0.132452
0.192427
0.25244
0.309134
0.360724
0.406466
0.446237
0.480265
0.50894
0.532717
0.552058
0.567394
0.579116
0.587558
0.593008
0.595704
0.59584
0.593567
0.589001
0.582252
0.573917
0.564097
0.552885
0.540373
0.526642
0.511764
0.495796
0.47879
0.460781
0.441797
0.421853
0.400964
0.379142
0.356405
0.332782
0.308329
0.283134
0.257332
0.231119
0.204755
0.178574
0.152978
0.128419
0.105374
0.0842953
0.0655727
0.0494768
0.0361256
0.0254711
0.0173101
0.011322
0.00711897
0.00429962
0.00249326
0.00138792
0.000741793
0.000380802
0.000187879
8.9159e-05
4.07349e-05
1.79369e-05
7.6208e-06
3.12787e-06
1.24175e-06
4.77424e-07
1.77999e-07
6.44352e-08
2.26761e-08
7.76764e-09
2.59305e-09
8.44604e-10
2.68728e-10
8.3614e-11
2.54705e-11
7.60412e-12
2.79137e-12
1.32451e-12
7.25672e-13
4.22423e-13
2.52675e-13
1.53759e-13
9.49785e-14
5.9572e-14
3.7989e-14
2.46761e-14
1.63618e-14
1.11003e-14
7.72361e-15
5.52498e-15
4.07277e-15
3.10098e-15
2.44409e-15
1.99825e-15
1.69798e-15
1.50223e-15
1.38592e-15
1.33514e-15
1.34455e-15
1.41663e-15
1.56247e-15
1.80451e-15
2.18211e-15
2.76187e-15
3.65627e-15
5.05764e-15
7.30067e-15
1.09803e-14
1.71775e-14
2.79043e-14
4.70043e-14
8.20525e-14
1.48586e-13
2.80069e-13
5.51606e-13
1.13281e-12
2.39783e-12
5.08006e-12
9.80449e-12
1.46879e-11
1.44004e-11
4.42449e-12
1.46477e-13
4.45726e-15
1.07744e-16
2.07394e-18
3.16213e-20
4.12771e-22
3.886e-24
2.76004e-26
1.13999e-28
2.26934e-31
1.46303e-34
2.43926e-13
2.12065e-09
2.57802e-06
0.000365202
0.00781327
0.0418
0.107378
0.191441
0.279234
0.361702
0.435043
0.498455
0.552451
0.597999
0.636148
0.667889
0.69411
0.71558
0.732964
0.746822
0.757623
0.765753
0.771529
0.775205
0.776979
0.777004
0.775393
0.771981
0.766798
0.759914
0.751395
0.741297
0.729681
0.716593
0.702083
0.686189
0.668944
0.650373
0.63049
0.609299
0.586798
0.562973
0.53781
0.511295
0.483422
0.454205
0.423687
0.39196
0.359177
0.325569
0.291459
0.257264
0.223491
0.190715
0.15955
0.130592
0.104369
0.0812856
0.0615799
0.0453013
0.0323126
0.0223186
0.0149122
0.00963084
0.00600907
0.00362126
0.00210772
0.00118509
0.00064393
0.000338312
0.000171979
8.46573e-05
4.03884e-05
1.86921e-05
8.4003e-06
3.66947e-06
1.55965e-06
6.45665e-07
2.60608e-07
1.02661e-07
3.95085e-08
1.48685e-08
5.47705e-09
2.06315e-09
8.2561e-10
3.54592e-10
1.63312e-10
7.99404e-11
4.11226e-11
2.20208e-11
1.21965e-11
6.96108e-12
4.0868e-12
2.4667e-12
1.53104e-12
9.77972e-13
6.4361e-13
4.36979e-13
3.06538e-13
2.22517e-13
1.67405e-13
1.30722e-13
1.06099e-13
8.96199e-14
7.88679e-14
7.23736e-14
6.92978e-14
6.92611e-14
7.22645e-14
7.86921e-14
8.93864e-14
1.05821e-13
1.3041e-13
1.67048e-13
2.22019e-13
3.05559e-13
4.34543e-13
6.37169e-13
9.612e-13
1.48841e-12
2.35868e-12
3.80324e-12
6.16568e-12
9.83572e-12
1.49126e-11
2.03019e-11
2.26456e-11
1.7734e-11
5.67182e-12
2.66844e-13
1.03531e-14
3.40229e-16
9.03435e-18
1.85531e-19
3.18417e-21
3.86608e-23
3.5025e-25
1.85747e-27
4.88545e-30
4.42385e-33
2.95671e-11
7.24865e-08
3.59392e-05
0.00254552
0.0310737
0.111425
0.222126
0.333991
0.432509
0.514775
0.582617
0.638686
0.685192
0.723783
0.755725
0.782037
0.803578
0.821075
0.835153
0.846341
0.855085
0.861751
0.866639
0.869991
0.871994
0.872793
0.872494
0.871007
0.868215
0.864147
0.858815
0.852217
0.844348
0.835195
0.824739
0.812967
0.79986
0.785392
0.769546
0.752288
0.733586
0.713399
0.691677
0.668368
0.643413
0.616754
0.58834
0.558138
0.526144
0.492402
0.457018
0.420183
0.382187
0.343429
0.30442
0.265768
0.22815
0.192271
0.15881
0.128357
0.101367
0.0781073
0.0586496
0.0428684
0.0304721
0.0210494
0.0141225
0.00919928
0.0058169
0.00357039
0.0021276
0.00123123
0.000692204
0.000378267
0.000201043
0.00010399
5.23863e-05
2.57216e-05
1.23189e-05
5.75953e-06
2.63089e-06
1.1751e-06
5.13643e-07
2.22681e-07
9.74225e-08
4.33186e-08
1.9701e-08
9.20945e-09
4.4386e-09
2.20846e-09
1.13438e-09
6.01081e-10
3.28278e-10
1.84672e-10
1.0698e-10
6.38276e-11
3.92414e-11
2.48801e-11
1.6284e-11
1.10144e-11
7.70827e-12
5.58814e-12
4.2013e-12
3.2791e-12
2.65933e-12
2.24254e-12
1.96733e-12
1.79592e-12
1.70588e-12
1.68543e-12
1.73092e-12
1.84589e-12
2.04126e-12
2.33674e-12
2.76339e-12
3.3678e-12
4.21812e-12
5.41224e-12
7.08735e-12
9.42733e-12
1.26561e-11
1.6986e-11
2.24638e-11
2.86546e-11
3.41973e-11
3.65185e-11
3.24993e-11
2.12316e-11
7.08336e-12
4.76439e-13
2.25615e-14
9.14059e-16
3.013e-17
7.69417e-19
1.64092e-20
2.47292e-22
2.78418e-24
1.85333e-26
6.25131e-29
7.51887e-32
1.46909e-09
1.38548e-06
0.000310603
0.01164
0.0857856
0.220143
0.357439
0.470706
0.558596
0.627631
0.683779
0.730571
0.769814
0.802555
0.829595
0.851678
0.869517
0.883769
0.895026
0.903807
0.910554
0.91563
0.919335
0.921903
0.923515
0.924306
0.924371
0.923689
0.922122
0.91969
0.916396
0.912224
0.907151
0.901137
0.894143
0.886119
0.877011
0.866769
0.855334
0.842647
0.828643
0.813256
0.796409
0.778023
0.758006
0.736264
0.712697
0.687201
0.659682
0.630061
0.598289
0.564365
0.528353
0.490402
0.450771
0.409832
0.368078
0.32612
0.284659
0.244445
0.206235
0.170724
0.138498
0.109978
0.0853955
0.0647788
0.047969
0.0346532
0.02441
0.0167603
0.011215
0.00731272
0.00464674
0.00287787
0.00173765
0.00102321
0.000587848
0.000329662
0.000180555
9.66358e-05
5.05731e-05
2.5896e-05
1.29827e-05
6.40587e-06
3.14268e-06
1.53865e-06
7.547e-07
3.72291e-07
1.85392e-07
9.35196e-08
4.7934e-08
2.50288e-08
1.33418e-08
7.27316e-09
4.06058e-09
2.32465e-09
1.36629e-09
8.25357e-10
5.13047e-10
3.2855e-10
2.1701e-10
1.4801e-10
1.04352e-10
7.6126e-11
5.7511e-11
4.50232e-11
3.65408e-11
3.07507e-11
2.68299e-11
2.426e-11
2.2716e-11
2.20019e-11
2.20098e-11
2.26972e-11
2.40721e-11
2.61836e-11
2.91124e-11
3.29562e-11
3.78015e-11
4.36666e-11
5.03978e-11
5.74987e-11
6.39079e-11
6.78391e-11
6.69401e-11
5.90852e-11
4.39465e-11
2.4846e-11
8.5075e-12
8.34508e-13
4.65476e-14
2.22462e-15
8.6792e-17
2.63381e-18
6.70447e-20
1.21194e-21
1.64743e-23
1.34032e-25
5.63168e-28
8.66435e-31
4.06418e-08
1.69882e-05
0.00184114
0.0382761
0.179964
0.350135
0.48329
0.57738
0.646512
0.702
0.749545
0.790805
0.825982
0.85523
0.878985
0.897908
0.912725
0.924141
0.932799
0.939252
0.943972
0.947348
0.949694
0.951248
0.952189
0.952645
0.952695
0.952352
0.951419
0.949914
0.947836
0.94517
0.941893
0.93797
0.933356
0.928002
0.921854
0.914846
0.906917
0.897996
0.888008
0.876873
0.864505
0.850812
0.835693
0.819035
0.800719
0.780613
0.758584
0.734491
0.708203
0.679603
0.648605
0.615172
0.579334
0.541213
0.501036
0.459154
0.416045
0.372313
0.32866
0.285851
0.244675
0.205879
0.170121
0.137915
0.109596
0.0853069
0.0649972
0.04845
0.0353187
0.0251707
0.0175341
0.011938
0.00794405
0.00516728
0.00328601
0.0020435
0.00124312
0.000740034
0.000431291
0.000246192
0.000137714
7.56441e-05
4.10889e-05
2.21203e-05
1.18304e-05
6.30149e-06
3.35163e-06
1.78489e-06
9.54343e-07
5.13709e-07
2.79133e-07
1.53498e-07
8.56342e-08
4.85776e-08
2.80795e-08
1.65714e-08
1.00032e-08
6.18661e-09
3.92633e-09
2.56069e-09
1.7184e-09
1.1879e-09
8.4672e-10
6.22762e-10
4.72873e-10
3.70774e-10
3.00179e-10
2.50831e-10
2.16163e-10
1.91899e-10
1.75217e-10
1.64215e-10
1.57578e-10
1.54348e-10
1.53758e-10
1.55087e-10
1.57531e-10
1.60067e-10
1.61327e-10
1.59543e-10
1.52654e-10
1.38748e-10
1.16903e-10
8.82559e-11
5.67402e-11
2.86067e-11
9.76256e-12
1.43811e-12
9.22558e-14
5.06804e-15
2.27743e-16
7.98728e-18
2.36134e-19
4.98915e-21
7.99251e-23
7.7637e-25
3.96677e-27
7.60417e-30
7.4107e-07
0.000146897
0.00801949
0.0962324
0.304439
0.473186
0.578849
0.648653
0.702711
0.750569
0.794731
0.834026
0.867173
0.89393
0.914837
0.930751
0.942558
0.951074
0.957007
0.960972
0.963481
0.964958
0.965737
0.966077
0.966156
0.966094
0.965954
0.965761
0.965236
0.964383
0.963186
0.961621
0.959657
0.957257
0.954379
0.950972
0.946989
0.942373
0.937063
0.930997
0.924104
0.91631
0.907535
0.897688
0.886676
0.874386
0.860701
0.84549
0.828611
0.809905
0.789211
0.766364
0.741201
0.713576
0.68338
0.650551
0.615097
0.577123
0.536842
0.49459
0.450839
0.406181
0.361315
0.317009
0.27406
0.233234
0.195221
0.160583
0.129715
0.102832
0.079961
0.0609601
0.0455491
0.0333484
0.0239199
0.0168074
0.0115692
0.00780185
0.00515529
0.00333855
0.00211947
0.00131946
0.000805799
0.000483026
0.000285693
0.000166974
9.65845e-05
5.53876e-05
3.15466e-05
1.788e-05
1.01051e-05
5.707e-06
3.22801e-06
1.8328e-06
1.04704e-06
6.03248e-07
3.51333e-07
2.07307e-07
1.24203e-07
7.57127e-08
4.70511e-08
2.98616e-08
1.93864e-08
1.28924e-08
8.79319e-09
6.15667e-09
4.42823e-09
3.27312e-09
2.48638e-09
1.94051e-09
1.55492e-09
1.2778e-09
1.07525e-09
9.24631e-10
8.10445e-10
7.21784e-10
6.50666e-10
5.9097e-10
5.37752e-10
4.86883e-10
4.34921e-10
3.79269e-10
3.1861e-10
2.53497e-10
1.86838e-10
1.23789e-10
7.06191e-11
3.25034e-11
1.08788e-11
2.14531e-12
1.77836e-13
1.10336e-14
5.60832e-16
2.23105e-17
7.51549e-19
1.82112e-20
3.37463e-22
3.84223e-24
2.34365e-26
5.50061e-29
1.00028e-05
0.000960287
0.0269389
0.193014
0.433348
0.56676
0.640305
0.692624
0.739229
0.785144
0.829423
0.868306
0.899774
0.923891
0.94169
0.954359
0.962956
0.968371
0.971369
0.972608
0.972656
0.971982
0.970964
0.969877
0.968914
0.968187
0.967748
0.967593
0.967387
0.967099
0.966689
0.966111
0.965315
0.964248
0.962856
0.961085
0.958883
0.956198
0.952978
0.949163
0.944701
0.939524
0.933567
0.926755
0.919006
0.91023
0.900321
0.889162
0.876622
0.862557
0.846802
0.829185
0.809523
0.787627
0.763316
0.736428
0.706835
0.674464
0.639316
0.601489
0.561196
0.51877
0.474685
0.429532
0.384003
0.338868
0.294917
0.252921
0.213576
0.177459
0.144997
0.11644
0.0918595
0.0711661
0.0541279
0.0404093
0.0296074
0.0212889
0.0150228
0.0104045
0.00707339
0.00472123
0.00309461
0.0019923
0.00126406
0.000791433
0.000489532
0.000299498
0.000181476
0.000109061
6.51019e-05
3.86632e-05
2.28837e-05
1.35228e-05
7.99376e-06
4.73634e-06
2.81858e-06
1.68818e-06
1.0198e-06
6.2261e-07
3.84937e-07
2.41472e-07
1.53962e-07
9.99377e-08
6.61332e-08
4.46668e-08
3.08185e-08
2.17342e-08
1.56707e-08
1.15501e-08
8.69764e-09
6.68513e-09
5.23706e-09
4.17338e-09
3.37459e-09
2.76015e-09
2.27491e-09
1.88063e-09
1.55066e-09
1.26668e-09
1.01663e-09
7.93657e-10
5.95188e-10
4.22123e-10
2.77522e-10
1.64728e-10
8.51442e-11
3.64164e-11
1.19707e-11
2.69924e-12
3.36696e-13
2.32861e-14
1.32129e-15
5.8828e-17
2.22709e-18
6.1038e-20
1.29023e-21
1.69825e-23
1.22035e-25
3.46791e-28
0.000109931
0.00500478
0.0721098
0.318287
0.537703
0.624991
0.676434
0.720606
0.765455
0.812611
0.858462
0.896989
0.92623
0.947176
0.961531
0.970766
0.975991
0.978108
0.977909
0.976116
0.973374
0.970232
0.967121
0.964363
0.962165
0.960641
0.959819
0.95965
0.959728
0.959998
0.960387
0.960817
0.961204
0.961474
0.961546
0.961349
0.960823
0.959906
0.958543
0.956689
0.954286
0.951291
0.947646
0.943295
0.938175
0.932215
0.925331
0.917432
0.908409
0.898136
0.886474
0.873263
0.858328
0.84148
0.822516
0.801238
0.777446
0.750971
0.721679
0.689496
0.654427
0.616577
0.576167
0.53355
0.489205
0.44373
0.397825
0.352252
0.307797
0.265223
0.225218
0.188355
0.155063
0.125602
0.100065
0.078385
0.0603597
0.0456834
0.0339804
0.0248397
0.0178454
0.0126012
0.008747
0.00596976
0.00401274
0.00266013
0.0017406
0.00112515
0.000719218
0.000455092
0.000285379
0.000177565
0.000109768
6.75131e-05
4.1376e-05
2.53074e-05
1.54743e-05
9.47525e-06
5.82062e-06
3.5936e-06
2.23388e-06
1.40065e-06
8.87322e-07
5.68853e-07
3.6958e-07
2.43637e-07
1.6313e-07
1.11016e-07
7.68193e-08
5.405e-08
3.86546e-08
2.80757e-08
2.06837e-08
1.5428e-08
1.16238e-08
8.81952e-09
6.71426e-09
5.10573e-09
3.85722e-09
2.87618e-09
2.10026e-09
1.48772e-09
1.01046e-09
6.48734e-10
3.86692e-10
2.09136e-10
9.95775e-11
4.01001e-11
1.29462e-11
3.11762e-12
5.07707e-13
4.81506e-14
3.01937e-15
1.48964e-16
6.27341e-18
1.92489e-19
4.59416e-21
6.92119e-23
5.80571e-25
1.98434e-27
0.000945964
0.0217309
0.156733
0.441731
0.602645
0.656851
0.698628
0.740484
0.786197
0.835914
0.883714
0.921253
0.947497
0.964837
0.975622
0.981371
0.983097
0.981649
0.977873
0.972603
0.966614
0.960574
0.955007
0.950288
0.94665
0.944198
0.942938
0.942715
0.943095
0.94398
0.945256
0.946803
0.948496
0.950218
0.951861
0.95333
0.954536
0.955407
0.95588
0.955903
0.955429
0.954411
0.95281
0.950584
0.947689
0.944075
0.939679
0.934434
0.928258
0.921057
0.912711
0.903095
0.892055
0.879419
0.865002
0.848598
0.82999
0.80897
0.785333
0.758901
0.72955
0.697211
0.661904
0.623758
0.583019
0.540062
0.495391
0.449624
0.403467
0.357689
0.313066
0.270348
0.230204
0.193188
0.159709
0.130016
0.104195
0.0821818
0.0637835
0.0487074
0.0365945
0.0270504
0.0196741
0.0140809
0.00992527
0.00689837
0.00473043
0.0032025
0.00214204
0.00141664
0.000927162
0.000601068
0.000386369
0.000246527
0.000156321
9.86296e-05
6.2002e-05
3.88885e-05
2.43716e-05
1.52842e-05
9.60639e-06
6.06029e-06
3.84317e-06
2.45338e-06
1.57866e-06
1.02509e-06
6.72378e-07
4.45816e-07
2.98942e-07
2.02748e-07
1.39046e-07
9.63599e-08
6.74039e-08
4.75132e-08
3.3677e-08
2.39347e-08
1.69975e-08
1.20105e-08
8.40087e-09
5.78102e-09
3.88507e-09
2.52733e-09
1.57455e-09
9.27348e-10
5.08132e-10
2.5392e-10
1.12846e-10
4.32043e-11
1.36939e-11
3.4208e-12
6.34821e-13
8.17452e-14
6.76322e-15
3.66942e-16
1.70583e-17
5.81569e-19
1.55563e-20
2.66362e-22
2.59247e-24
1.06194e-26
0.0045666
0.0625352
0.279668
0.532898
0.63412
0.675318
0.714187
0.755773
0.803258
0.856116
0.905867
0.941561
0.964142
0.977734
0.985039
0.987314
0.985316
0.97986
0.971918
0.962535
0.952692
0.943224
0.934773
0.92778
0.922493
0.919011
0.917298
0.917029
0.917781
0.919404
0.92173
0.924581
0.927782
0.931167
0.934585
0.937903
0.941006
0.943801
0.946211
0.94817
0.949633
0.950557
0.950907
0.950654
0.949768
0.948217
0.945964
0.942962
0.939157
0.93448
0.928846
0.922154
0.914286
0.905096
0.894422
0.882079
0.867867
0.851567
0.832952
0.811804
0.787917
0.76112
0.731294
0.698395
0.662472
0.623687
0.582329
0.538809
0.493673
0.447565
0.401215
0.355395
0.310875
0.268383
0.228559
0.191923
0.158844
0.129539
0.104065
0.0823395
0.0641587
0.0492291
0.0371963
0.0276766
0.0202863
0.0146617
0.010453
0.00735508
0.00511042
0.00350836
0.00238133
0.00159923
0.00106346
0.000700829
0.000458121
0.000297339
0.000191813
0.000123121
7.87258e-05
5.02058e-05
3.19721e-05
2.03566e-05
1.29744e-05
8.28769e-06
5.31154e-06
3.41889e-06
2.21205e-06
1.43958e-06
9.42729e-07
6.21309e-07
4.12012e-07
2.74754e-07
1.84065e-07
1.23695e-07
8.32169e-08
5.59019e-08
3.73759e-08
2.47731e-08
1.61999e-08
1.03919e-08
6.49454e-09
3.92216e-09
2.26664e-09
1.23888e-09
6.31393e-10
2.94919e-10
1.23619e-10
4.53247e-11
1.40983e-11
3.58983e-12
7.18789e-13
1.08384e-13
1.17814e-14
8.88247e-16
4.53158e-17
1.70717e-18
5.09071e-20
9.85956e-22
1.10925e-23
5.43713e-26
0.0151439
0.128665
0.395882
0.591056
0.651463
0.688329
0.72583
0.76761
0.817265
0.873628
0.92526
0.958201
0.976699
0.986709
0.990769
0.989495
0.983323
0.973135
0.96019
0.945867
0.931441
0.917955
0.906179
0.896612
0.889513
0.884948
0.882829
0.882571
0.883827
0.886381
0.889994
0.894417
0.899407
0.904738
0.910207
0.915637
0.920879
0.92581
0.930333
0.934373
0.937874
0.940797
0.943114
0.944798
0.945839
0.946214
0.945907
0.944895
0.943145
0.940615
0.93725
0.932977
0.927707
0.921331
0.913715
0.904705
0.894123
0.881767
0.867421
0.850852
0.831827
0.810118
0.785525
0.757888
0.727115
0.693192
0.656215
0.616399
0.57409
0.52976
0.484004
0.43751
0.391032
0.345351
0.301225
0.259351
0.220326
0.184611
0.152523
0.12422
0.0997119
0.0788761
0.0614832
0.0472254
0.0357453
0.0266808
0.0196445
0.0142724
0.0102362
0.0072503
0.00507424
0.0035109
0.00240304
0.00162809
0.00109265
0.000726938
0.000479817
0.000314477
0.000204846
0.000132738
8.56465e-05
5.50799e-05
3.53396e-05
2.26424e-05
1.44996e-05
9.28771e-06
5.95489e-06
3.82365e-06
2.45956e-06
1.58506e-06
1.02318e-06
6.61208e-07
4.27364e-07
2.75892e-07
1.77565e-07
1.13662e-07
7.21449e-08
4.52412e-08
2.7904e-08
1.68383e-08
9.87823e-09
5.59184e-09
3.02737e-09
1.55105e-09
7.4265e-10
3.27366e-10
1.30511e-10
4.60797e-11
1.4063e-11
3.60962e-12
7.5626e-13
1.25326e-13
1.59126e-14
1.5012e-15
1.02354e-16
4.92398e-18
1.63081e-19
3.56162e-21
4.62195e-23
2.7105e-25
0.0386869
0.210337
0.484915
0.622074
0.665836
0.69892
0.734246
0.776433
0.828503
0.888648
0.9421
0.971437
0.985744
0.992605
0.993658
0.988533
0.977405
0.961451
0.942436
0.922216
0.90243
0.884349
0.868859
0.856498
0.847503
0.841888
0.839483
0.839357
0.841318
0.845068
0.850274
0.856601
0.863724
0.871343
0.879192
0.887042
0.894704
0.902022
0.908879
0.915185
0.920879
0.925915
0.93027
0.933929
0.936885
0.939136
0.940682
0.941515
0.941624
0.940993
0.939592
0.937376
0.934282
0.930234
0.925132
0.91885
0.911242
0.902133
0.89133
0.878606
0.863732
0.846459
0.826547
0.803769
0.777935
0.748912
0.716643
0.681173
0.642663
0.601404
0.55782
0.512463
0.465992
0.419144
0.372704
0.327448
0.284114
0.243348
0.205681
0.171499
0.141034
0.114368
0.0914436
0.0720836
0.0560151
0.0429309
0.0324572
0.0242121
0.017826
0.0129573
0.00930209
0.00659826
0.00462656
0.00320837
0.00220164
0.00149586
0.00100691
0.000671949
0.000444856
0.000292383
0.000190922
0.00012395
8.00654e-05
5.1494e-05
3.29963e-05
2.1078e-05
1.34294e-05
8.53706e-06
5.41577e-06
3.42852e-06
2.16535e-06
1.36358e-06
8.55402e-07
5.33873e-07
3.30924e-07
2.0327e-07
1.23386e-07
7.37603e-08
4.32475e-08
2.47486e-08
1.37426e-08
7.35424e-09
3.76231e-09
1.82263e-09
8.26872e-10
3.46734e-10
1.32363e-10
4.51992e-11
1.35346e-11
3.47645e-12
7.47926e-13
1.31431e-13
1.83804e-14
1.99161e-15
1.62608e-16
9.69988e-18
4.06585e-19
1.12775e-20
1.84634e-22
1.33389e-24
0.0790518
0.317974
0.545248
0.640186
0.676829
0.708
0.74026
0.782545
0.837135
0.901257
0.956556
0.981571
0.991898
0.996221
0.994368
0.984746
0.967508
0.944469
0.918161
0.891055
0.865188
0.842041
0.822581
0.807336
0.796487
0.789958
0.78748
0.787685
0.790627
0.795898
0.803059
0.811667
0.8213
0.831574
0.842149
0.852741
0.863111
0.873075
0.882493
0.891258
0.899302
0.906581
0.913071
0.918767
0.923671
0.927793
0.931149
0.933749
0.935601
0.93671
0.937066
0.936651
0.935429
0.933351
0.930346
0.926318
0.921156
0.914711
0.906817
0.897275
0.885862
0.87234
0.856452
0.837941
0.816559
0.792094
0.76438
0.733331
0.698953
0.661373
0.620847
0.577771
0.532671
0.486193
0.43907
0.392087
0.346044
0.301698
0.259737
0.22073
0.185111
0.153161
0.125008
0.100634
0.0798906
0.0625607
0.048329
0.0368365
0.0277072
0.0205707
0.0150788
0.0109163
0.00780769
0.00551918
0.00385751
0.00266693
0.0018247
0.00123613
0.000829565
0.000551804
0.000364001
0.000238253
0.000154818
9.99246e-05
6.40901e-05
4.08648e-05
2.59108e-05
1.63407e-05
1.02503e-05
6.39475e-06
3.96622e-06
2.44417e-06
1.49518e-06
9.06809e-07
5.44355e-07
3.22761e-07
1.88532e-07
1.08147e-07
6.06899e-08
3.3169e-08
1.75607e-08
8.95002e-09
4.35915e-09
2.01173e-09
8.71e-10
3.49756e-10
1.28554e-10
4.26058e-11
1.25205e-11
3.20269e-12
6.98968e-13
1.27397e-13
1.89552e-14
2.24636e-15
2.06283e-16
1.42027e-17
7.01735e-19
2.32739e-20
4.59116e-22
4.01155e-24
0.124476
0.392975
0.58416
0.651981
0.684516
0.713785
0.745626
0.78617
0.843232
0.911452
0.968762
0.988953
0.995804
0.998262
0.993347
0.978171
0.953302
0.921653
0.886794
0.851908
0.819409
0.79093
0.767439
0.749396
0.736878
0.729692
0.727436
0.728261
0.73253
0.739709
0.749226
0.760515
0.773041
0.786329
0.799961
0.813589
0.826931
0.839771
0.851942
0.863329
0.873859
0.883487
0.892194
0.899981
0.906863
0.912863
0.91801
0.922327
0.925845
0.928583
0.930554
0.931759
0.932189
0.931815
0.930594
0.92846
0.925327
0.921079
0.915576
0.908647
0.900092
0.889684
0.877172
0.86229
0.844763
0.824328
0.80075
0.773843
0.743499
0.709703
0.672569
0.632341
0.589405
0.544289
0.497641
0.450206
0.402781
0.356184
0.311193
0.268516
0.228744
0.192334
0.159586
0.130647
0.105514
0.0840615
0.0660708
0.0512361
0.0392051
0.0296058
0.0220677
0.0162396
0.0118016
0.00847179
0.00600904
0.00421283
0.00292033
0.00200233
0.00135847
0.000912305
0.000606701
0.000399685
0.00026093
0.000168866
0.000108366
6.89732e-05
4.35476e-05
2.72749e-05
1.6945e-05
1.04397e-05
6.37548e-06
3.85679e-06
2.30898e-06
1.36633e-06
7.97876e-07
4.58877e-07
2.59282e-07
1.43509e-07
7.75313e-08
4.07148e-08
2.0681e-08
1.01029e-08
4.71503e-09
2.0861e-09
8.67242e-10
3.35336e-10
1.19211e-10
3.84573e-11
1.10953e-11
2.81724e-12
6.18639e-13
1.15269e-13
1.78488e-14
2.24387e-15
2.22879e-16
1.69098e-17
9.35976e-19
3.5247e-20
7.97394e-22
8.04769e-24
0.172383
0.453364
0.612333
0.659745
0.688881
0.716392
0.748367
0.789142
0.846821
0.919187
0.978845
0.994001
0.998073
0.9993
0.990828
0.968608
0.934287
0.892421
0.847867
0.804544
0.765153
0.731353
0.704014
0.683458
0.669614
0.662138
0.659625
0.66149
0.667591
0.677215
0.689621
0.704092
0.719966
0.736661
0.753683
0.770625
0.787165
0.80306
0.818131
0.832253
0.845352
0.857389
0.868353
0.878254
0.887119
0.894984
0.90189
0.907882
0.912998
0.917278
0.920753
0.92344
0.925351
0.92648
0.926805
0.926286
0.92486
0.922439
0.91891
0.914128
0.907916
0.900068
0.890348
0.878487
0.864206
0.847214
0.827227
0.803996
0.777323
0.74709
0.713284
0.676021
0.635561
0.592312
0.546826
0.499778
0.451937
0.404128
0.357185
0.311901
0.268986
0.229036
0.192501
0.159674
0.130691
0.10553
0.084071
0.0660782
0.0512431
0.0392114
0.0296102
0.0220691
0.0162374
0.0117956
0.0084623
0.00599685
0.00419883
0.00290548
0.00198747
0.00134429
0.000899307
0.000595175
0.000389767
0.000252619
0.000162066
0.000102925
6.47073e-05
4.0267e-05
2.47981e-05
1.5108e-05
9.10088e-06
5.41667e-06
3.18222e-06
1.84304e-06
1.05068e-06
5.88441e-07
3.23011e-07
1.73302e-07
9.05784e-08
4.59404e-08
2.25083e-08
1.05969e-08
4.76497e-09
2.03207e-09
8.15331e-10
3.04982e-10
1.05261e-10
3.31335e-11
9.38977e-12
2.36161e-12
5.1888e-13
9.78699e-14
1.55401e-14
2.03099e-15
2.12665e-16
1.724e-17
1.03229e-18
4.25044e-20
1.06049e-21
1.18827e-23
0.217691
0.496183
0.62575
0.664129
0.689952
0.715816
0.748199
0.791321
0.848345
0.924398
0.986919
0.997165
0.999249
0.999765
0.986854
0.955698
0.909904
0.856282
0.80117
0.749132
0.702975
0.664201
0.633461
0.610868
0.596169
0.588858
0.586393
0.589744
0.59811
0.610596
0.626284
0.644294
0.66383
0.684198
0.704823
0.725244
0.745104
0.764134
0.782151
0.799033
0.814705
0.829138
0.842333
0.854313
0.865117
0.874795
0.883403
0.890998
0.897636
0.903368
0.908239
0.91229
0.915543
0.918011
0.919693
0.920568
0.920592
0.919705
0.917815
0.914799
0.91051
0.904753
0.897313
0.887931
0.876322
0.862185
0.845209
0.825097
0.801589
0.774485
0.743682
0.709185
0.671149
0.629874
0.585824
0.539599
0.491927
0.443621
0.395534
0.348515
0.303358
0.260761
0.221293
0.185366
0.153237
0.124985
0.100576
0.0798473
0.0625392
0.0483266
0.036846
0.0277205
0.0205811
0.0150815
0.0109093
0.00779085
0.00549395
0.0038262
0.00263211
0.00178882
0.0012012
0.000797097
0.000522754
0.000338847
0.00021709
0.000137464
8.60201e-05
5.31846e-05
3.24795e-05
1.95827e-05
1.16497e-05
6.83264e-06
3.94691e-06
2.24273e-06
1.25163e-06
6.84769e-07
3.6645e-07
1.91309e-07
9.71311e-08
4.77863e-08
2.26849e-08
1.03406e-08
4.50077e-09
1.85857e-09
7.22833e-10
2.62582e-10
8.82653e-11
2.71671e-11
7.56702e-12
1.88258e-12
4.12277e-13
7.81829e-14
1.26006e-14
1.68843e-15
1.8312e-16
1.55289e-17
9.81651e-19
4.30187e-20
1.15007e-21
1.38802e-23
0.257978
0.526026
0.632481
0.665273
0.687724
0.711964
0.744851
0.790488
0.849737
0.927003
0.993061
0.99892
0.999772
0.999939
0.981334
0.938995
0.879638
0.81297
0.746889
0.686377
0.634039
0.590989
0.557531
0.533521
0.518526
0.511868
0.510446
0.515772
0.526846
0.542566
0.561831
0.583599
0.606939
0.631062
0.655319
0.679206
0.702333
0.724429
0.745299
0.764833
0.782967
0.799683
0.814995
0.828942
0.841575
0.852961
0.863164
0.872257
0.880309
0.887386
0.893543
0.898832
0.903294
0.906955
0.909828
0.911909
0.913178
0.913583
0.91306
0.911502
0.908782
0.904723
0.899124
0.891737
0.88228
0.870442
0.855897
0.838314
0.81739
0.792864
0.76456
0.732406
0.696473
0.656977
0.614306
0.569003
0.521752
0.473349
0.424657
0.376556
0.329898
0.285454
0.243878
0.205678
0.171198
0.140604
0.113927
0.0910675
0.0718106
0.0558602
0.042866
0.0324519
0.0242388
0.0178631
0.0129903
0.00932248
0.006603
0.00461622
0.00318572
0.00217039
0.00145983
0.00096944
0.000635614
0.000411443
0.000262925
0.000165844
0.000103234
6.33968e-05
3.83935e-05
2.29172e-05
1.34737e-05
7.79589e-06
4.43447e-06
2.47665e-06
1.35605e-06
7.26567e-07
3.80133e-07
1.93712e-07
9.58637e-08
4.5914e-08
2.11989e-08
9.39253e-09
3.97279e-09
1.59468e-09
6.03377e-10
2.13564e-10
7.01054e-11
2.11377e-11
5.79074e-12
1.42393e-12
3.09997e-13
5.88231e-14
9.55391e-15
1.29977e-15
1.44208e-16
1.26022e-17
8.26576e-19
3.78118e-20
1.06053e-21
1.34802e-23
0.292319
0.546437
0.634945
0.6628
0.682159
0.704669
0.738088
0.786559
0.850398
0.927506
0.99731
0.999721
0.999953
0.999989
0.974089
0.918043
0.843107
0.762548
0.685726
0.617606
0.560165
0.513852
0.478514
0.453773
0.439065
0.432857
0.433168
0.44124
0.455761
0.475338
0.498629
0.524421
0.551673
0.579524
0.607291
0.634453
0.660622
0.685531
0.709002
0.730935
0.751286
0.770052
0.787263
0.802972
0.817243
0.83016
0.841795
0.852233
0.861553
0.869832
0.877139
0.883535
0.889065
0.893777
0.897688
0.90081
0.903134
0.904631
0.905239
0.904878
0.903426
0.900729
0.89659
0.89077
0.882985
0.872924
0.86024
0.844583
0.825614
0.803031
0.776605
0.746213
0.711865
0.673722
0.632123
0.587573
0.54073
0.49238
0.443392
0.394671
0.347106
0.301516
0.258613
0.218965
0.182978
0.150874
0.122729
0.0984815
0.0779497
0.0608574
0.0468648
0.0355974
0.0266712
0.0197121
0.0143716
0.0103368
0.00733472
0.00513478
0.00354657
0.00241685
0.00162496
0.00107787
0.000705334
0.000455278
0.000289828
0.000181924
0.000112563
6.86267e-05
4.12069e-05
2.43537e-05
1.41567e-05
8.08663e-06
4.53437e-06
2.4926e-06
1.34127e-06
7.05224e-07
3.61561e-07
1.80311e-07
8.72215e-08
4.07923e-08
1.83766e-08
7.94019e-09
3.27461e-09
1.28188e-09
4.73331e-10
1.63693e-10
5.25969e-11
1.55608e-11
4.19593e-12
1.01939e-12
2.20232e-13
4.16762e-14
6.78669e-15
9.30903e-16
1.0472e-16
9.3296e-18
6.27006e-19
2.95207e-20
8.55313e-22
1.12607e-23
0.320458
0.559561
0.633475
0.656177
0.673167
0.693702
0.727577
0.779117
0.847995
0.927966
0.999633
0.999974
0.999999
1
0.964908
0.892425
0.80014
0.705499
0.618972
0.544822
0.483826
0.435463
0.399095
0.374251
0.360367
0.353029
0.356109
0.368068
0.387094
0.411368
0.439246
0.469338
0.500529
0.531947
0.562931
0.592995
0.621787
0.64908
0.674724
0.698649
0.720833
0.741294
0.760076
0.777247
0.792884
0.80708
0.819921
0.831497
0.841897
0.851202
0.859491
0.86683
0.873278
0.878882
0.883676
0.887677
0.890886
0.893282
0.894817
0.895418
0.894973
0.893333
0.890305
0.885653
0.879088
0.870288
0.858894
0.844537
0.826847
0.805496
0.780229
0.750886
0.717452
0.680067
0.63905
0.594897
0.548266
0.499947
0.450822
0.40182
0.35385
0.30776
0.26429
0.224036
0.187427
0.154715
0.125986
0.101195
0.0801697
0.0626411
0.0482716
0.0366863
0.0274976
0.0203267
0.0148192
0.0106554
0.00755616
0.00528466
0.00364508
0.00247942
0.0016631
0.00109994
0.000717202
0.000460956
0.000291959
0.00018218
0.000111954
6.77234e-05
4.03055e-05
2.35847e-05
1.35579e-05
7.64975e-06
4.23169e-06
2.29208e-06
1.21377e-06
6.27293e-07
3.15751e-07
1.54432e-07
7.31932e-08
3.35119e-08
1.477e-08
6.24109e-09
2.51674e-09
9.63497e-10
3.48119e-10
1.17914e-10
3.71611e-11
1.08039e-11
2.86972e-12
6.88781e-13
1.47506e-13
2.77735e-14
4.51821e-15
6.21729e-16
7.04599e-17
6.34961e-18
4.33263e-19
2.07785e-20
6.14809e-22
8.28095e-24
0.342469
0.56704
0.628992
0.646743
0.66062
0.678779
0.712944
0.767805
0.842472
0.928391
0.999999
0.999999
0.999998
0.999999
0.953587
0.861805
0.750818
0.642798
0.548585
0.470727
0.408083
0.358876
0.322089
0.297538
0.284854
0.279574
0.286031
0.302316
0.326141
0.355235
0.387631
0.42177
0.456485
0.490935
0.524529
0.556847
0.587616
0.616659
0.643876
0.669231
0.692729
0.714408
0.734331
0.752574
0.769227
0.784386
0.798144
0.810596
0.821838
0.831956
0.841025
0.849124
0.856313
0.862642
0.86815
0.872862
0.876783
0.879894
0.882157
0.883494
0.883799
0.882918
0.880659
0.876772
0.870957
0.862881
0.852161
0.838413
0.82125
0.800331
0.775391
0.746271
0.712963
0.675619
0.634581
0.590368
0.543665
0.495293
0.446151
0.397185
0.349316
0.303395
0.260157
0.220189
0.183909
0.151557
0.1232
0.0987802
0.0781118
0.0609156
0.0468479
0.0355295
0.0265716
0.0195962
0.0142508
0.0102191
0.00722567
0.00503751
0.00346256
0.0023463
0.00156721
0.00103171
0.000669272
0.000427715
0.000269208
0.000166821
0.000101733
6.10242e-05
3.59841e-05
2.0844e-05
1.18509e-05
6.60699e-06
3.60783e-06
1.92713e-06
1.00541e-06
5.11431e-07
2.53146e-07
1.21647e-07
5.6603e-08
2.54266e-08
1.09893e-08
4.55209e-09
1.79929e-09
6.7529e-10
2.39295e-10
7.95555e-11
2.46362e-11
7.04842e-12
1.84582e-12
4.37761e-13
9.28716e-14
1.73723e-14
2.81622e-15
3.87382e-16
4.40227e-17
3.99006e-18
2.74577e-19
1.3311e-20
3.98833e-22
5.4455e-24
0.35853
0.569992
0.621801
0.634212
0.644306
0.659599
0.693748
0.752162
0.833452
0.927035
1
1
0.999998
0.999997
0.93996
0.825918
0.695511
0.575979
0.477234
0.398682
0.33644
0.287259
0.250039
0.225726
0.210884
0.209907
0.222896
0.246229
0.276482
0.310948
0.34764
0.385152
0.422497
0.459004
0.494222
0.527849
0.559698
0.589662
0.61769
0.643778
0.667959
0.690284
0.71083
0.729679
0.746929
0.762673
0.777007
0.790034
0.80184
0.812516
0.822139
0.830784
0.838514
0.845381
0.851425
0.856664
0.861109
0.864741
0.867513
0.869345
0.87012
0.869674
0.867792
0.864209
0.858606
0.850619
0.839853
0.825907
0.808395
0.786979
0.761419
0.73159
0.697533
0.659461
0.617778
0.573064
0.526057
0.477619
0.428678
0.380183
0.333043
0.288081
0.24599
0.207305
0.172391
0.141437
0.114461
0.09136
0.071917
0.0558288
0.0427387
0.032263
0.0240158
0.0176272
0.012757
0.00910273
0.0064037
0.0044411
0.00303606
0.00204567
0.00135832
0.000888636
0.000572668
0.000363428
0.000227051
0.000139589
8.44092e-05
5.01772e-05
2.93037e-05
1.68002e-05
9.44721e-06
5.20547e-06
2.80727e-06
1.47981e-06
7.61314e-07
3.81604e-07
1.85993e-07
8.79508e-08
4.02473e-08
1.77717e-08
7.54726e-09
3.07118e-09
1.19246e-09
4.39682e-10
1.53124e-10
5.00618e-11
1.52586e-11
4.30172e-12
1.11166e-12
2.60611e-13
5.47594e-14
1.01667e-14
1.63956e-15
2.2488e-16
2.55414e-17
2.31874e-18
1.60135e-19
7.80336e-21
2.35286e-22
3.2344e-24
0.368772
0.569173
0.611921
0.617705
0.622287
0.635859
0.669512
0.731636
0.82047
0.923557
0.999997
0.999997
0.999998
0.999996
0.923878
0.784549
0.634895
0.507209
0.408331
0.332625
0.272647
0.223619
0.184719
0.159498
0.144769
0.152225
0.175555
0.207923
0.244804
0.283726
0.323291
0.362597
0.401019
0.43813
0.473643
0.507377
0.539223
0.569132
0.597093
0.623125
0.647277
0.669616
0.690212
0.709154
0.726532
0.742447
0.756986
0.770241
0.782303
0.793256
0.803175
0.812129
0.820179
0.827371
0.833741
0.839304
0.844059
0.847975
0.850996
0.853022
0.85391
0.853469
0.85146
0.847577
0.841472
0.832765
0.821041
0.8059
0.786982
0.763991
0.736751
0.705227
0.669554
0.630054
0.587231
0.541759
0.494445
0.446192
0.397942
0.350621
0.30509
0.262098
0.222248
0.185979
0.153557
0.125085
0.100503
0.0796467
0.0622501
0.0479818
0.036472
0.0273386
0.0202073
0.0147278
0.0105839
0.00749901
0.00523813
0.0036068
0.00244787
0.00163722
0.00107894
0.000700435
0.000447815
0.000281873
0.000174611
0.000106406
6.37549e-05
3.75373e-05
2.1703e-05
1.23125e-05
6.84787e-06
3.72994e-06
1.98739e-06
1.03447e-06
5.25237e-07
2.59685e-07
1.24781e-07
5.8144e-08
2.62077e-08
1.13945e-08
4.7634e-09
1.90778e-09
7.29043e-10
2.64601e-10
9.07344e-11
2.92229e-11
8.78053e-12
2.44247e-12
6.23473e-13
1.44564e-13
3.0087e-14
5.5418e-15
8.88125e-16
1.2126e-16
1.37327e-17
1.24504e-18
8.59864e-20
4.19462e-21
1.26692e-22
1.74475e-24
0.373177
0.565259
0.599948
0.597858
0.595002
0.607315
0.639749
0.705577
0.802893
0.917868
1
1
0.999998
1
0.905195
0.737472
0.569999
0.4394
0.346036
0.276895
0.220514
0.170932
0.127204
0.0900577
0.0912929
0.122433
0.160765
0.197685
0.236413
0.276335
0.316906
0.355694
0.393217
0.429221
0.463543
0.496081
0.526777
0.555612
0.582597
0.607762
0.631161
0.652851
0.67291
0.691408
0.708437
0.72408
0.738425
0.751552
0.763541
0.77447
0.784401
0.793401
0.801517
0.808787
0.815232
0.820853
0.825628
0.829507
0.832393
0.834161
0.834626
0.833552
0.830654
0.825593
0.817995
0.807458
0.793589
0.776023
0.754465
0.728722
0.698741
0.664628
0.626671
0.585338
0.541262
0.495211
0.448058
0.400718
0.354103
0.309068
0.266369
0.226625
0.190299
0.157685
0.128917
0.103981
0.0827306
0.0649264
0.0502575
0.0383695
0.028891
0.0214544
0.0157119
0.0113469
0.00808045
0.00567379
0.00392778
0.00268044
0.00180297
0.00119514
0.000780551
0.000502148
0.000318114
0.000198382
0.000121736
7.34726e-05
4.35909e-05
2.54072e-05
1.45381e-05
8.16015e-06
4.48878e-06
2.4174e-06
1.27305e-06
6.547e-07
3.28306e-07
1.60256e-07
7.59995e-08
3.49401e-08
1.55341e-08
6.66035e-09
2.74534e-09
1.08406e-09
4.08453e-10
1.46185e-10
4.94451e-11
1.57141e-11
4.66167e-12
1.28116e-12
3.23378e-13
7.42145e-14
1.53043e-14
2.79633e-15
4.45085e-16
6.04288e-17
6.8131e-18
6.15596e-19
4.24084e-20
2.06491e-21
6.22682e-23
8.5598e-25
0.371431
0.558958
0.587373
0.577316
0.566403
0.573811
0.604082
0.673272
0.779839
0.909715
0.999998
1
1
0.999998
0.883706
0.68435
0.502289
0.376374
0.295189
0.235977
0.184197
0.134829
0.0859041
0.097646
0.11433
0.144005
0.178582
0.213558
0.250029
0.287338
0.324761
0.360708
0.395505
0.428976
0.461592
0.493738
0.522263
0.549083
0.574247
0.597784
0.619737
0.64016
0.659109
0.676649
0.692852
0.707793
0.721539
0.734161
0.745731
0.756303
0.765932
0.774663
0.782528
0.789541
0.795698
0.800971
0.805299
0.808585
0.810694
0.811436
0.810575
0.80783
0.802871
0.795332
0.784841
0.771028
0.753561
0.732181
0.706732
0.677192
0.643691
0.606536
0.566193
0.523286
0.478566
0.432867
0.387063
0.342024
0.298559
0.257379
0.219067
0.184057
0.152623
0.124887
0.100829
0.080313
0.0631138
0.0489301
0.0374218
0.0282331
0.0210118
0.015425
0.0111692
0.00797688
0.00561857
0.00390268
0.00267298
0.00180496
0.00120145
0.000788187
0.000509489
0.000324418
0.000203424
0.000125565
7.6263e-05
4.55544e-05
2.6747e-05
1.54265e-05
8.7336e-06
4.84949e-06
2.63857e-06
1.40525e-06
7.317e-07
3.71984e-07
1.84362e-07
8.89266e-08
4.16653e-08
1.89218e-08
8.30891e-09
3.51828e-09
1.43214e-09
5.58479e-10
2.07822e-10
7.34716e-11
2.45536e-11
7.71271e-12
2.26242e-12
6.15155e-13
1.53712e-13
3.49468e-14
7.1447e-15
1.29527e-15
2.04724e-16
2.76228e-17
3.09734e-18
2.78514e-19
1.91045e-20
9.26518e-22
2.7829e-23
3.80883e-25
0.362642
0.55072
0.575995
0.558234
0.536052
0.534973
0.56249
0.634045
0.75007
0.898659
0.999997
1
1
0.999998
0.859068
0.62462
0.433901
0.323114
0.261014
0.214254
0.170523
0.14796
0.144164
0.149026
0.164698
0.189185
0.217952
0.24852
0.280542
0.313239
0.34586
0.377555
0.408417
0.43836
0.467648
0.496299
0.522059
0.548266
0.571558
0.592858
0.612774
0.631368
0.648688
0.664783
0.679704
0.693504
0.706235
0.717947
0.728686
0.73849
0.747391
0.755394
0.762503
0.768692
0.773911
0.778079
0.78108
0.782756
0.782909
0.781292
0.777626
0.771595
0.762863
0.751101
0.735996
0.717292
0.694809
0.668475
0.63835
0.60464
0.567704
0.528043
0.486291
0.443178
0.399496
0.356054
0.313639
0.272969
0.234664
0.199215
0.166976
0.138155
0.112822
0.0909252
0.072308
0.0567363
0.0439318
0.0335674
0.0253087
0.0188289
0.013822
0.0100112
0.00715412
0.00504371
0.0035078
0.00240639
0.00162814
0.0010863
0.000714589
0.000463368
0.000296107
0.000186423
0.000115593
7.0563e-05
4.23881e-05
2.50444e-05
1.45453e-05
8.29856e-06
4.64752e-06
2.5528e-06
1.37396e-06
7.23825e-07
3.72798e-07
1.87459e-07
9.18915e-08
4.3837e-08
2.03131e-08
9.1232e-09
3.96195e-09
1.65916e-09
6.67976e-10
2.57656e-10
9.48513e-11
3.31798e-11
1.09743e-11
3.41279e-12
9.91443e-13
2.67083e-13
6.61506e-14
1.49144e-14
3.02531e-15
5.44438e-16
8.54601e-17
1.14566e-17
1.27683e-18
1.1415e-19
7.78626e-21
3.75524e-22
1.1215e-23
1.52546e-25
0.349761
0.536823
0.565758
0.546374
0.506935
0.483276
0.516056
0.587588
0.711849
0.883993
0.999997
0.999998
1
0.999998
0.830615
0.557338
0.36817
0.285976
0.248202
0.22234
0.205051
0.199661
0.203087
0.210517
0.225618
0.246158
0.269897
0.295464
0.322201
0.349452
0.376671
0.403441
0.429725
0.455452
0.480647
0.50506
0.527673
0.550363
0.570771
0.592016
0.609405
0.625667
0.640862
0.655011
0.668139
0.680277
0.691445
0.70167
0.710956
0.719302
0.726697
0.733101
0.738464
0.7427
0.745696
0.74731
0.747362
0.745642
0.741907
0.735896
0.727333
0.715946
0.701482
0.683737
0.66257
0.63793
0.609874
0.578578
0.54435
0.507617
0.468923
0.428896
0.388227
0.347632
0.307814
0.269429
0.233056
0.199169
0.168126
0.140156
0.115367
0.093752
0.0752071
0.0595481
0.0465335
0.0358849
0.0273175
0.0205279
0.0152272
0.0111494
0.00805808
0.00574827
0.00404712
0.00281208
0.00192816
0.0013045
0.00087071
0.000573273
0.00037224
0.000238321
0.000150407
9.35411e-05
5.73084e-05
3.45732e-05
2.0529e-05
1.19915e-05
6.88658e-06
3.88567e-06
2.15244e-06
1.16958e-06
6.22803e-07
3.24655e-07
1.65471e-07
8.23492e-08
3.99557e-08
1.88687e-08
8.65606e-09
3.84934e-09
1.65538e-09
6.86579e-10
2.73807e-10
1.04636e-10
3.81712e-11
1.32347e-11
4.33988e-12
1.3384e-12
3.85702e-13
1.03103e-13
2.53472e-14
5.67413e-15
1.14307e-15
2.04341e-16
3.18666e-17
4.2445e-18
4.70003e-19
4.1745e-20
2.82854e-21
1.35481e-22
4.01698e-24
5.42154e-26
0.336226
0.513264
0.550669
0.538184
0.502298
0.449978
0.469435
0.534834
0.662714
0.864608
1
0.999999
1
0.999997
0.797143
0.481048
0.310807
0.272217
0.266368
0.258849
0.256926
0.261094
0.265654
0.275694
0.290067
0.3075
0.326919
0.347594
0.369036
0.390835
0.412676
0.43435
0.455767
0.47683
0.497437
0.517359
0.536291
0.554936
0.572189
0.58988
0.605958
0.619959
0.632407
0.643882
0.654407
0.663982
0.672592
0.680209
0.68679
0.692291
0.696629
0.699719
0.701443
0.70167
0.700236
0.696968
0.691668
0.684138
0.674171
0.661583
0.646211
0.627937
0.606702
0.582523
0.555501
0.525838
0.493827
0.45986
0.424408
0.388011
0.351247
0.314711
0.278983
0.244606
0.212054
0.181719
0.153895
0.128774
0.106448
0.0869121
0.0700809
0.055801
0.0438694
0.03405
0.0260896
0.0197322
0.0147382
0.0108715
0.00791949
0.00569719
0.00404727
0.0028391
0.00196646
0.00134476
0.000907847
0.000604976
0.000397885
0.000258225
0.000165337
0.000104417
6.50258e-05
3.99184e-05
2.4148e-05
1.43889e-05
8.44135e-06
4.87306e-06
2.76655e-06
1.54357e-06
8.45737e-07
4.54666e-07
2.39597e-07
1.23632e-07
6.23905e-08
3.07506e-08
1.478e-08
6.91591e-09
3.14446e-09
1.38625e-09
5.91143e-10
2.43185e-10
9.62192e-11
3.64912e-11
1.32144e-11
4.54943e-12
1.48174e-12
4.5399e-13
1.30014e-13
3.45447e-14
8.44287e-15
1.87916e-15
3.76408e-16
6.69003e-17
1.0371e-17
1.37273e-18
1.50989e-19
1.3314e-20
8.95119e-22
4.2518e-23
1.24933e-24
1.66889e-26
0.321076
0.478872
0.52616
0.52649
0.503633
0.470017
0.442446
0.480531
0.599102
0.838759
1
1
1
1
0.756481
0.393782
0.272213
0.287329
0.297034
0.303514
0.310148
0.315509
0.324134
0.335389
0.348609
0.363216
0.378761
0.394916
0.411439
0.428132
0.444839
0.461442
0.47785
0.493965
0.509682
0.524869
0.53945
0.553571
0.566877
0.580064
0.591963
0.603232
0.611979
0.619373
0.625715
0.630984
0.635126
0.638069
0.639735
0.640027
0.638847
0.636078
0.631595
0.625276
0.61699
0.606616
0.59405
0.579205
0.562029
0.542512
0.520695
0.496677
0.470621
0.44276
0.413387
0.382854
0.351562
0.319946
0.288457
0.257542
0.227627
0.199099
0.172286
0.147454
0.12479
0.104407
0.0863415
0.0705637
0.0569833
0.0454635
0.0358324
0.0278959
0.0214494
0.0162877
0.0122134
0.00904281
0.0066153
0.00478199
0.00341561
0.00241052
0.00168081
0.00115787
0.000787964
0.000529682
0.000351673
0.00023058
0.000149277
9.54068e-05
6.01845e-05
3.74632e-05
2.30048e-05
1.39311e-05
8.31666e-06
4.89245e-06
2.83473e-06
1.61687e-06
9.07308e-07
5.00558e-07
2.71295e-07
1.44327e-07
7.52925e-08
3.84754e-08
1.92363e-08
9.39668e-09
4.478e-09
2.07833e-09
9.37642e-10
4.10323e-10
1.73757e-10
7.10097e-11
2.79215e-11
1.05275e-11
3.79144e-12
1.29861e-12
4.20917e-13
1.2838e-13
3.66071e-14
9.68617e-15
2.35771e-15
5.22606e-16
1.04232e-16
1.84394e-17
2.84364e-18
3.74147e-19
4.08676e-20
3.5746e-21
2.38111e-22
1.11948e-23
3.25292e-25
4.2837e-27
0.302492
0.432103
0.485956
0.501065
0.494934
0.478744
0.465685
0.444494
0.515582
0.803572
1
1
0.999999
1
0.70487
0.293534
0.266205
0.300238
0.317423
0.327618
0.336419
0.345869
0.356099
0.366967
0.378301
0.389947
0.401782
0.413708
0.425638
0.437491
0.449192
0.460671
0.471856
0.482672
0.493042
0.502889
0.512159
0.520829
0.528777
0.536102
0.542259
0.547425
0.549944
0.551164
0.551182
0.549955
0.547428
0.543537
0.53822
0.531415
0.523066
0.51312
0.501539
0.488295
0.473386
0.456832
0.438679
0.41901
0.397942
0.37563
0.352264
0.328069
0.303304
0.278247
0.253193
0.228443
0.204292
0.181018
0.158871
0.138068
0.118779
0.101129
0.0851905
0.0709904
0.0585077
0.0476822
0.0384204
0.0306032
0.0240945
0.0187485
0.0144166
0.0109539
0.00822328
0.00609884
0.00446825
0.00323352
0.00231337
0.00163645
0.00114453
0.000791401
0.000540981
0.000365553
0.000244153
0.000161166
0.000105131
6.77601e-05
4.3145e-05
2.71343e-05
1.68517e-05
1.03323e-05
6.25257e-06
3.73325e-06
2.19847e-06
1.27638e-06
7.30235e-07
4.11467e-07
2.28211e-07
1.24502e-07
6.67609e-08
3.51564e-08
1.81639e-08
9.19743e-09
4.55886e-09
2.20898e-09
1.04476e-09
4.81495e-10
2.15821e-10
9.38847e-11
3.95416e-11
1.60805e-11
6.29527e-12
2.36432e-12
8.48576e-13
2.89773e-13
9.36768e-14
2.85054e-14
8.11123e-15
2.142e-15
5.20351e-16
1.15089e-16
2.28947e-17
4.03707e-18
6.19926e-19
8.11062e-20
8.79352e-21
7.6181e-22
5.01442e-23
2.32502e-24
6.66005e-26
8.64603e-28
0.275853
0.368977
0.421442
0.447589
0.456907
0.455945
0.449902
0.441211
0.411574
0.752905
0.999999
1
1
0.999999
0.633891
0.193512
0.248244
0.268446
0.280294
0.290771
0.299569
0.307849
0.315972
0.324031
0.332024
0.339916
0.347661
0.355208
0.362503
0.369495
0.37613
0.38235
0.388103
0.393331
0.397977
0.401983
0.405299
0.407864
0.409601
0.410437
0.410125
0.408463
0.402868
0.397216
0.391039
0.383875
0.375674
0.366436
0.356174
0.344909
0.332679
0.31953
0.305523
0.290738
0.275267
0.259215
0.242708
0.225883
0.208885
0.191871
0.175002
0.158439
0.142337
0.126844
0.112094
0.0982019
0.085262
0.0733447
0.0624949
0.0527323
0.0440522
0.036427
0.0298099
0.0241382
0.0193366
0.0153225
0.0120085
0.00930699
0.00713248
0.00540429
0.00404819
0.00299754
0.00219389
0.00158696
0.00113443
0.000801317
0.000559959
0.000387168
0.000264852
0.00017924
0.000119995
7.94582e-05
5.20385e-05
3.37029e-05
2.15829e-05
1.36642e-05
8.55107e-06
5.28849e-06
3.23165e-06
1.95069e-06
1.16279e-06
6.84269e-07
3.97377e-07
2.27643e-07
1.28581e-07
7.15726e-08
3.92379e-08
2.11722e-08
1.12357e-08
5.85936e-09
2.99985e-09
1.50622e-09
7.40796e-10
3.56411e-10
1.67491e-10
7.67515e-11
3.42304e-11
1.48266e-11
6.22198e-12
2.5229e-12
9.85439e-13
3.69497e-13
1.32478e-13
4.52164e-14
1.46168e-14
4.44933e-15
1.2668e-15
3.3476e-16
8.13683e-17
1.80003e-17
3.57905e-18
6.30089e-19
9.6439e-20
1.25463e-20
1.34819e-21
1.15256e-22
7.44441e-24
3.36525e-25
9.35986e-27
1.20383e-28
0.221479
0.276945
0.315204
0.341041
0.357778
0.367628
0.371661
0.367065
0.361345
0.653867
0.999999
1
0.999998
1
0.510194
0.137677
0.145326
0.152769
0.156556
0.158651
0.16073
0.163263
0.166224
0.169454
0.172795
0.176127
0.179353
0.182398
0.185201
0.187708
0.189878
0.191668
0.193044
0.193976
0.194434
0.19439
0.193823
0.192702
0.190996
0.188659
0.18559
0.181554
0.174766
0.167879
0.161804
0.155462
0.148802
0.141846
0.134634
0.127213
0.119632
0.111944
0.104204
0.0964699
0.0887988
0.0812483
0.0738748
0.0667314
0.0598679
0.0533296
0.0471554
0.0413772
0.0360199
0.0310998
0.0266256
0.0225972
0.0190075
0.0158421
0.0130804
0.0106971
0.00866303
0.00694627
0.00551371
0.00433192
0.00336826
0.00259156
0.00197288
0.00148584
0.00110697
0.000815732
0.000594523
0.000428508
0.000305406
0.00021522
0.000149945
0.000103271
7.04166e-05
4.75434e-05
3.1782e-05
2.10332e-05
1.3779e-05
8.93449e-06
5.73339e-06
3.6407e-06
2.28734e-06
1.42161e-06
8.73888e-07
5.31221e-07
3.19259e-07
1.8965e-07
1.11323e-07
6.45505e-08
3.69614e-08
2.08909e-08
1.16502e-08
6.40693e-09
3.47268e-09
1.85395e-09
9.74157e-10
5.03392e-10
2.5558e-10
1.27362e-10
6.22212e-11
2.97609e-11
1.39162e-11
6.35084e-12
2.82332e-12
1.22006e-12
5.11268e-13
2.07196e-13
8.09545e-14
3.03885e-14
1.09159e-14
3.73532e-15
1.21132e-15
3.70055e-16
1.05773e-16
2.80623e-17
6.84663e-18
1.51944e-18
3.02754e-19
5.33203e-20
8.14277e-21
1.05284e-21
1.11792e-22
9.36198e-24
5.84586e-25
2.50197e-26
6.35211e-28
6.88638e-30
)
;

boundaryField
{
    walls
    {
        type            zeroGradient;
    }
    top
    {
        type            zeroGradient;
    }
    bottom
    {
        type            zeroGradient;
    }
    frontAndBack
    {
        type            empty;
    }
    inlet
    {
        type            uniformFixedValue;
        uniformValue    
        {
            type            constant;
            value           1;
        }
        value           uniform 1;
    }
    outlet
    {
        type            zeroGradient;
    }
}


// ************************************************************************* //
