/*--------------------------------*- C++ -*----------------------------------*\
  =========                 |
  \\      /  F ield         | OpenFOAM: The Open Source CFD Toolbox
   \\    /   O peration     | Website:  https://openfoam.org
    \\  /    A nd           | Version:  12
     \\/     M anipulation  |
\*---------------------------------------------------------------------------*/
FoamFile
{
    format      ascii;
    class       volScalarField;
    location    "335";
    object      T;
}
// * * * * * * * * * * * * * * * * * * * * * * * * * * * * * * * * * * * * * //

dimensions      [];

internalField   nonuniform List<scalar> 
4480
(
7.35476e-08
6.57461e-06
0.00258025
0.0347094
0.112679
0.211918
0.311121
0.400269
0.476361
0.539661
0.591668
0.63416
0.668806
0.69704
0.720039
0.738748
0.753921
0.766161
0.775938
0.783629
0.789539
0.793907
0.796928
0.798754
0.799511
0.799304
0.798216
0.796651
0.795066
0.793453
0.791804
0.790112
0.788365
0.786556
0.784676
0.782717
0.780668
0.77852
0.77626
0.773881
0.771373
0.768719
0.765908
0.762931
0.759772
0.756414
0.752843
0.749049
0.745008
0.740703
0.736122
0.731248
0.726054
0.720526
0.714643
0.708381
0.701728
0.69466
0.68715
0.679184
0.670732
0.661778
0.652295
0.642265
0.631654
0.620448
0.608609
0.596119
0.582929
0.56902
0.554336
0.538834
0.522456
0.505143
0.486829
0.467449
0.446949
0.425293
0.402473
0.378527
0.353547
0.327688
0.301171
0.27441
0.247772
0.22163
0.196365
0.172338
0.149866
0.129205
0.110535
0.0939552
0.0794823
0.0670624
0.0565818
0.0478822
0.0407783
0.0350724
0.0305687
0.0270835
0.024453
0.0225387
0.0212284
0.0204391
0.0201142
0.0202238
0.0207645
0.0217579
0.0232529
0.0253277
0.0280936
0.0317008
0.0363452
0.0422772
0.0498086
0.0593216
0.0712688
0.0861734
0.104625
0.127337
0.155432
0.191031
0.237681
0.30326
0.416618
0.602105
0.750651
0.879233
0.856102
0.667775
0.514123
0.333947
0.207961
0.130019
0.0772148
0.0419769
0.0198462
0.00738814
0.00176893
0.000146139
3.48185e-08
0.000312379
0.0248634
0.139846
0.300564
0.450768
0.571339
0.662337
0.729509
0.778963
0.815634
0.843151
0.864088
0.880225
0.892797
0.902681
0.91049
0.916666
0.921534
0.925339
0.928262
0.930436
0.931973
0.932949
0.933434
0.933473
0.933106
0.932204
0.930693
0.928633
0.92608
0.923089
0.919715
0.916008
0.912009
0.907766
0.903314
0.898686
0.893908
0.889007
0.884002
0.878911
0.873738
0.868499
0.863199
0.857835
0.852411
0.846922
0.841363
0.835727
0.830005
0.824192
0.818271
0.812231
0.806062
0.799748
0.79328
0.786641
0.779817
0.772799
0.765564
0.758111
0.750416
0.742471
0.734265
0.725788
0.717019
0.707948
0.698567
0.688864
0.678819
0.668421
0.657651
0.646497
0.63493
0.622937
0.610491
0.597565
0.584142
0.570188
0.555675
0.540587
0.524889
0.508598
0.491728
0.47428
0.456275
0.437757
0.418782
0.399437
0.37983
0.360093
0.340382
0.320872
0.301753
0.283219
0.265474
0.248705
0.233097
0.218815
0.206002
0.194777
0.18524
0.177472
0.171542
0.167509
0.16544
0.165407
0.167507
0.171862
0.178631
0.188011
0.200244
0.215609
0.234423
0.257027
0.283771
0.315015
0.351132
0.392571
0.440004
0.49445
0.557115
0.629073
0.710251
0.794362
0.867583
0.919821
0.893849
0.767922
0.639054
0.50824
0.385427
0.277099
0.185895
0.113486
0.060417
0.0259298
0.00761988
0.000985248
8.44288e-06
0.00402282
0.0961901
0.300023
0.49742
0.644213
0.743539
0.809008
0.852435
0.881934
0.90263
0.917674
0.928961
0.937657
0.944482
0.94991
0.954253
0.957732
0.960509
0.962706
0.964416
0.96571
0.966648
0.967274
0.967624
0.967724
0.967597
0.967204
0.966498
0.965489
0.964185
0.962585
0.960694
0.958511
0.956047
0.953304
0.950296
0.947034
0.943534
0.939809
0.935878
0.931757
0.927462
0.92301
0.918414
0.913692
0.908852
0.903907
0.898863
0.893732
0.888519
0.883226
0.877855
0.872406
0.866885
0.861283
0.855605
0.849843
0.843995
0.838058
0.832026
0.825898
0.819664
0.813325
0.806873
0.800303
0.793613
0.786796
0.779845
0.772764
0.765534
0.758163
0.75064
0.742961
0.735115
0.727104
0.71892
0.71055
0.701992
0.693243
0.684286
0.675121
0.665732
0.656117
0.646271
0.636196
0.625887
0.615336
0.60454
0.59351
0.582251
0.570781
0.559132
0.547336
0.535448
0.523537
0.511685
0.499993
0.488585
0.477603
0.467202
0.457559
0.448872
0.44134
0.435185
0.430629
0.427896
0.427219
0.428825
0.432932
0.43975
0.449473
0.462277
0.478301
0.497651
0.520378
0.546485
0.575907
0.608522
0.644166
0.682615
0.723536
0.76631
0.809792
0.852101
0.890395
0.92098
0.939404
0.920035
0.836951
0.742861
0.638769
0.526973
0.412035
0.300286
0.199001
0.115251
0.0543533
0.0181003
0.00288136
0.000194654
0.0233821
0.225328
0.480273
0.665615
0.779086
0.845648
0.885277
0.909993
0.926443
0.938181
0.947076
0.954109
0.959798
0.964447
0.968253
0.971364
0.973887
0.975918
0.977531
0.978791
0.979752
0.980456
0.980942
0.981236
0.981359
0.98133
0.981134
0.980759
0.980209
0.979483
0.978579
0.977492
0.976217
0.974744
0.973072
0.971196
0.969109
0.966814
0.96431
0.961603
0.958696
0.955597
0.952316
0.948861
0.945245
0.941478
0.937573
0.933538
0.92939
0.925135
0.920783
0.916345
0.911827
0.907238
0.902584
0.89787
0.893097
0.888276
0.883402
0.878485
0.873519
0.868511
0.863463
0.858369
0.853233
0.848057
0.842836
0.837573
0.832263
0.826906
0.821505
0.816052
0.810551
0.804995
0.799385
0.79372
0.788001
0.782221
0.776378
0.770476
0.764515
0.758496
0.752396
0.746237
0.740018
0.733742
0.727417
0.721047
0.714637
0.708201
0.701754
0.695315
0.688904
0.682556
0.676299
0.670185
0.664258
0.658584
0.653237
0.648305
0.643882
0.640082
0.637029
0.634865
0.633728
0.633783
0.635185
0.638096
0.642669
0.649049
0.657353
0.667678
0.680079
0.694564
0.711094
0.729575
0.749852
0.771707
0.794859
0.818951
0.843504
0.867879
0.891207
0.912372
0.929979
0.942252
0.946735
0.932943
0.877955
0.810544
0.730741
0.636606
0.528493
0.410355
0.290171
0.179419
0.0904146
0.0323185
0.00564439
0.00177312
0.0796549
0.391833
0.645086
0.78773
0.861444
0.900329
0.922444
0.936457
0.946466
0.954341
0.960886
0.966415
0.971073
0.974952
0.978138
0.980723
0.982793
0.984425
0.985693
0.986663
0.987386
0.987909
0.988266
0.988487
0.988592
0.988595
0.988491
0.988265
0.98792
0.987457
0.986875
0.986174
0.985347
0.98439
0.983297
0.98206
0.980675
0.979133
0.977435
0.975571
0.973546
0.971354
0.969002
0.966488
0.963821
0.961008
0.958053
0.954967
0.951758
0.948436
0.94501
0.941491
0.937888
0.934212
0.930473
0.926676
0.922827
0.91894
0.915017
0.911064
0.907087
0.903093
0.899086
0.895062
0.891035
0.886999
0.882958
0.878917
0.874873
0.870827
0.866779
0.862733
0.858684
0.854636
0.850584
0.846534
0.842479
0.838418
0.83436
0.830297
0.826233
0.822172
0.818097
0.814022
0.809951
0.805886
0.801832
0.797803
0.793805
0.78985
0.78595
0.782128
0.778398
0.774784
0.771315
0.768024
0.764948
0.762125
0.759608
0.757446
0.755701
0.754441
0.753738
0.753667
0.754316
0.755768
0.758107
0.76142
0.76579
0.771276
0.777942
0.785816
0.794912
0.805208
0.816645
0.829135
0.84254
0.856681
0.87132
0.886163
0.900841
0.91488
0.927691
0.938543
0.946537
0.950487
0.948705
0.937363
0.900302
0.8505
0.790062
0.714867
0.621129
0.507871
0.37948
0.248079
0.131751
0.049257
0.00893109
0.00904047
0.187329
0.563882
0.771236
0.863866
0.906011
0.927441
0.940222
0.949296
0.956738
0.96332
0.969172
0.974242
0.978507
0.981993
0.984779
0.986959
0.98863
0.989886
0.990806
0.991463
0.991917
0.992222
0.992412
0.992518
0.992562
0.992555
0.9925
0.99236
0.99214
0.991841
0.991459
0.990994
0.990442
0.989798
0.989056
0.988214
0.987263
0.986198
0.985016
0.98371
0.982275
0.98071
0.979014
0.977186
0.975226
0.973138
0.970924
0.968592
0.966145
0.963592
0.960941
0.958199
0.955376
0.952479
0.949521
0.946509
0.94345
0.940351
0.937224
0.934078
0.930912
0.92774
0.924563
0.921386
0.918218
0.915056
0.911908
0.908779
0.905662
0.902566
0.899488
0.896433
0.8934
0.890385
0.887394
0.884421
0.881473
0.878546
0.875638
0.872752
0.869892
0.867057
0.864237
0.861432
0.858653
0.855905
0.853189
0.850512
0.847883
0.845315
0.842815
0.840397
0.838076
0.835873
0.833807
0.831902
0.830187
0.828685
0.827433
0.82647
0.825829
0.82556
0.825707
0.826314
0.827436
0.829117
0.831412
0.834363
0.838009
0.842388
0.847514
0.853398
0.86003
0.867379
0.875387
0.883976
0.893027
0.902396
0.911889
0.921274
0.930257
0.938478
0.945498
0.950777
0.953643
0.953212
0.948259
0.937023
0.911674
0.872833
0.82583
0.766577
0.689071
0.587636
0.4605
0.316333
0.175828
0.0679857
0.012527
0.0310184
0.339044
0.71139
0.852703
0.905217
0.928202
0.940745
0.949354
0.956515
0.963187
0.969531
0.975272
0.98016
0.984129
0.987238
0.989603
0.991342
0.992572
0.993395
0.993909
0.994194
0.994321
0.994347
0.99432
0.994269
0.994216
0.994169
0.994134
0.994057
0.993938
0.993775
0.993561
0.993292
0.992964
0.99257
0.992103
0.99156
0.990934
0.990218
0.989411
0.988506
0.987498
0.986386
0.985167
0.983841
0.982403
0.980857
0.979203
0.977448
0.975591
0.973639
0.971601
0.969478
0.96728
0.965016
0.962693
0.960316
0.9579
0.955449
0.95297
0.950472
0.947961
0.945446
0.942929
0.940421
0.937923
0.935438
0.932973
0.930528
0.928109
0.925715
0.92335
0.92101
0.918703
0.916425
0.914176
0.911956
0.909765
0.907608
0.905482
0.903382
0.901317
0.899288
0.897275
0.895292
0.89334
0.89142
0.889537
0.887697
0.885906
0.884169
0.882496
0.880901
0.879388
0.877977
0.876677
0.875513
0.874498
0.873652
0.873004
0.872574
0.872394
0.87249
0.872891
0.873632
0.874741
0.87625
0.878188
0.880578
0.883447
0.886802
0.890654
0.894996
0.899812
0.905065
0.9107
0.916646
0.922808
0.929056
0.935232
0.941142
0.946544
0.951151
0.954613
0.956498
0.956274
0.953259
0.946536
0.93489
0.915914
0.884879
0.846477
0.798679
0.735355
0.648151
0.528892
0.379807
0.220068
0.0876553
0.0163523
0.0806734
0.507449
0.815458
0.897244
0.925673
0.939266
0.947881
0.954808
0.961359
0.967996
0.9745
0.980262
0.984952
0.988559
0.991221
0.993101
0.994342
0.99507
0.995399
0.995435
0.995274
0.995
0.994687
0.994382
0.994126
0.993939
0.99383
0.993796
0.993771
0.993748
0.993718
0.993672
0.9936
0.993494
0.993342
0.993137
0.99287
0.992537
0.992131
0.991643
0.991074
0.990416
0.989668
0.988828
0.987892
0.986865
0.985742
0.984526
0.983218
0.981825
0.980345
0.978786
0.977154
0.975455
0.973693
0.971877
0.970015
0.968112
0.966178
0.964219
0.962244
0.960254
0.958262
0.956271
0.954283
0.95231
0.950351
0.948414
0.946495
0.944602
0.942737
0.940903
0.939094
0.937321
0.935574
0.93386
0.932178
0.930527
0.928911
0.927324
0.925767
0.924249
0.922759
0.921301
0.919864
0.918458
0.917083
0.915741
0.914438
0.913182
0.911969
0.910813
0.909721
0.908696
0.907751
0.9069
0.906152
0.905522
0.905023
0.904675
0.90449
0.904496
0.9047
0.905134
0.905815
0.906758
0.907991
0.909521
0.911373
0.913548
0.916059
0.918896
0.922051
0.925505
0.929219
0.933144
0.937214
0.941341
0.945414
0.949302
0.95283
0.955806
0.95798
0.959067
0.958708
0.95647
0.951807
0.944024
0.932239
0.915396
0.890967
0.858024
0.817727
0.764967
0.691009
0.582863
0.435299
0.262156
0.10753
0.0204054
0.17303
0.657773
0.873973
0.918751
0.935931
0.945408
0.952304
0.958559
0.965038
0.971946
0.978744
0.984498
0.988882
0.992032
0.994181
0.99553
0.996224
0.996385
0.996138
0.995604
0.9949
0.994134
0.993393
0.992743
0.992228
0.991872
0.99168
0.991639
0.991664
0.991744
0.991863
0.992003
0.992149
0.992287
0.992401
0.992476
0.992502
0.992469
0.992368
0.992196
0.991944
0.991612
0.991194
0.990688
0.990095
0.989414
0.988645
0.987791
0.986854
0.985836
0.984741
0.983573
0.982337
0.981039
0.979683
0.978279
0.976827
0.97534
0.973821
0.972279
0.970721
0.969151
0.967573
0.965997
0.964427
0.962866
0.96132
0.95979
0.958279
0.956794
0.955334
0.953898
0.952492
0.95111
0.949761
0.948441
0.947151
0.945891
0.944659
0.943459
0.942285
0.941146
0.940036
0.938956
0.937894
0.936858
0.935852
0.934875
0.933931
0.93302
0.932153
0.931325
0.930552
0.929832
0.929177
0.928593
0.928089
0.927671
0.927359
0.927155
0.92708
0.927138
0.927348
0.927723
0.928276
0.929019
0.929967
0.931125
0.932502
0.934101
0.935926
0.93796
0.940196
0.942607
0.94516
0.947804
0.950486
0.953119
0.955609
0.957835
0.959651
0.960888
0.961332
0.960737
0.958806
0.955177
0.949406
0.940943
0.929117
0.913135
0.892129
0.864103
0.8286
0.782942
0.719532
0.622849
0.48108
0.300312
0.127029
0.0247242
0.312917
0.766509
0.898886
0.929299
0.941787
0.949316
0.955355
0.961365
0.968007
0.975336
0.982472
0.988108
0.992062
0.994679
0.996289
0.997078
0.997171
0.996679
0.995741
0.994506
0.993127
0.991744
0.990471
0.989391
0.988558
0.987996
0.987706
0.987653
0.987739
0.987943
0.98824
0.988605
0.989012
0.989436
0.989856
0.990253
0.990609
0.99091
0.991145
0.991307
0.99139
0.991387
0.991296
0.991115
0.990847
0.990492
0.990047
0.989516
0.988904
0.988214
0.987445
0.986607
0.985704
0.984739
0.983721
0.982655
0.981543
0.980397
0.979219
0.978015
0.976795
0.975563
0.974322
0.97308
0.971841
0.970609
0.969388
0.968182
0.966991
0.965821
0.964669
0.963544
0.96244
0.961364
0.960311
0.959284
0.958285
0.957309
0.956363
0.955439
0.954544
0.953676
0.952832
0.952017
0.951217
0.950442
0.949688
0.948958
0.948253
0.94758
0.946937
0.946329
0.945759
0.945236
0.944759
0.944337
0.943973
0.943678
0.94346
0.943321
0.943277
0.943331
0.943494
0.943778
0.944187
0.944731
0.945414
0.946242
0.94722
0.948343
0.949607
0.951001
0.952509
0.954108
0.955761
0.957424
0.95904
0.960537
0.961827
0.962802
0.963336
0.963271
0.962429
0.960594
0.957514
0.952878
0.946324
0.937397
0.925561
0.910166
0.890477
0.865689
0.834367
0.79327
0.737385
0.650688
0.516786
0.333422
0.145744
0.0293678
0.448271
0.831508
0.914781
0.935614
0.945558
0.952007
0.957568
0.963529
0.970457
0.978297
0.985763
0.991148
0.994564
0.996622
0.99769
0.997896
0.997308
0.996034
0.994239
0.992127
0.9899
0.987743
0.985809
0.984203
0.982986
0.982186
0.981792
0.981731
0.9819
0.982267
0.982793
0.98344
0.98417
0.984946
0.985737
0.986516
0.987258
0.987945
0.988565
0.989101
0.989551
0.989907
0.990164
0.990323
0.990384
0.990348
0.990219
0.989998
0.98969
0.989299
0.98883
0.988288
0.987679
0.987007
0.986278
0.985499
0.984676
0.983817
0.982922
0.982003
0.981064
0.980109
0.979144
0.978175
0.977204
0.976237
0.975278
0.974326
0.973391
0.972468
0.971565
0.970679
0.969812
0.968967
0.968139
0.967339
0.966556
0.965797
0.965059
0.964341
0.963646
0.962976
0.962324
0.961697
0.961086
0.96049
0.959911
0.959352
0.958818
0.9583
0.957812
0.957347
0.956911
0.95651
0.95614
0.955816
0.955535
0.955302
0.955122
0.955005
0.954953
0.954971
0.955064
0.955244
0.955505
0.955862
0.956309
0.956852
0.957488
0.958214
0.95902
0.959894
0.960816
0.961763
0.962702
0.963586
0.964366
0.96497
0.96532
0.965323
0.96486
0.963793
0.961963
0.959182
0.95523
0.949841
0.942705
0.933442
0.921592
0.906598
0.887804
0.864439
0.835439
0.798634
0.747722
0.668786
0.543069
0.361012
0.163431
0.0344088
0.577637
0.868994
0.925031
0.94061
0.94834
0.953902
0.959183
0.965195
0.972481
0.980879
0.988666
0.993653
0.99646
0.99798
0.998527
0.998101
0.996702
0.994451
0.991573
0.988349
0.985059
0.981949
0.979211
0.976976
0.975316
0.974252
0.973765
0.973714
0.974007
0.974596
0.975423
0.976432
0.977569
0.978782
0.980028
0.981271
0.982477
0.983623
0.984686
0.985654
0.986516
0.987269
0.987909
0.988431
0.988843
0.989142
0.989334
0.989423
0.989415
0.989315
0.989129
0.988863
0.988524
0.988118
0.987651
0.987129
0.986559
0.985947
0.985301
0.984624
0.983923
0.983203
0.982469
0.981725
0.98098
0.98023
0.979484
0.978743
0.97801
0.977288
0.976579
0.975883
0.975201
0.974536
0.973887
0.973256
0.972643
0.972044
0.971463
0.9709
0.970356
0.96983
0.969318
0.968827
0.968346
0.967882
0.967426
0.966988
0.966565
0.966156
0.965766
0.965396
0.965047
0.964719
0.96442
0.964148
0.963907
0.963701
0.963533
0.963404
0.96332
0.963285
0.963302
0.963371
0.963495
0.963676
0.963913
0.964206
0.964551
0.964939
0.965359
0.965801
0.966241
0.966655
0.967007
0.967261
0.967362
0.967253
0.966852
0.966075
0.964817
0.962953
0.960341
0.956816
0.952184
0.946211
0.938629
0.929105
0.917228
0.902504
0.884327
0.861954
0.834333
0.799378
0.751864
0.679462
0.561164
0.383148
0.179985
0.0399317
0.68588
0.892053
0.932018
0.944177
0.950603
0.955355
0.960332
0.966441
0.974112
0.983105
0.991198
0.995653
0.997831
0.998874
0.998918
0.997764
0.995352
0.991854
0.987603
0.982988
0.978389
0.974124
0.970432
0.967472
0.965318
0.963988
0.963438
0.963433
0.963913
0.964806
0.96603
0.967506
0.969159
0.970918
0.972724
0.974527
0.976287
0.97797
0.979552
0.981016
0.982351
0.98355
0.984611
0.985533
0.98632
0.986973
0.987505
0.987914
0.988209
0.988401
0.988495
0.9885
0.988418
0.988262
0.988038
0.987753
0.987414
0.987026
0.9866
0.986134
0.985643
0.985126
0.984591
0.984042
0.983482
0.982918
0.982349
0.981781
0.981217
0.980658
0.980106
0.979564
0.979032
0.978508
0.977999
0.977499
0.977014
0.976541
0.976081
0.975636
0.975201
0.974778
0.974372
0.973977
0.973592
0.973216
0.972851
0.972493
0.972148
0.971811
0.971487
0.971178
0.97088
0.970596
0.970333
0.970087
0.969858
0.969655
0.969474
0.969317
0.96919
0.969092
0.969022
0.968986
0.968978
0.969
0.969046
0.96912
0.969207
0.969304
0.969398
0.969472
0.969503
0.969472
0.96934
0.969069
0.968609
0.967906
0.966888
0.965473
0.963564
0.961056
0.957813
0.953689
0.948515
0.942077
0.934137
0.924394
0.912479
0.89793
0.880178
0.858505
0.831872
0.798255
0.752724
0.683768
0.571148
0.398925
0.195106
0.0460323
0.746753
0.913824
0.936957
0.946731
0.952205
0.956576
0.961156
0.967308
0.975371
0.984983
0.993384
0.997192
0.998766
0.999424
0.998953
0.996906
0.993198
0.988111
0.982139
0.975817
0.969643
0.964015
0.959228
0.95546
0.952789
0.951212
0.95066
0.950764
0.951521
0.952826
0.954569
0.956639
0.958934
0.961363
0.963846
0.96632
0.96873
0.971039
0.973221
0.975249
0.977116
0.978815
0.980342
0.981701
0.982895
0.983931
0.984817
0.985561
0.986173
0.986661
0.987036
0.987306
0.987481
0.987568
0.987577
0.987513
0.987391
0.987211
0.986983
0.986713
0.986406
0.986071
0.98571
0.985331
0.984934
0.984527
0.984111
0.98369
0.983266
0.982843
0.982421
0.982003
0.981588
0.981182
0.980783
0.980387
0.980004
0.979625
0.979259
0.978897
0.978547
0.978204
0.977871
0.977547
0.977232
0.976919
0.976611
0.976311
0.976015
0.975726
0.975441
0.975164
0.974896
0.974636
0.974384
0.974143
0.973911
0.973692
0.973486
0.973292
0.973111
0.972944
0.972788
0.972644
0.97251
0.972384
0.972259
0.972132
0.971995
0.971836
0.971643
0.971397
0.971081
0.970666
0.97012
0.969405
0.968476
0.967274
0.965737
0.963788
0.961342
0.958295
0.954531
0.949921
0.944299
0.937481
0.929248
0.91932
0.907352
0.892907
0.875447
0.854268
0.828349
0.795698
0.751581
0.685053
0.576532
0.408947
0.205646
0.0507522
0.786912
0.92151
0.940523
0.948517
0.953258
0.957336
0.961897
0.96782
0.976262
0.986505
0.995236
0.998314
0.99936
0.999735
0.99869
0.995502
0.990128
0.983045
0.974959
0.966592
0.958568
0.951381
0.945371
0.940737
0.93755
0.935783
0.935321
0.935633
0.936791
0.938652
0.941066
0.943882
0.946965
0.9502
0.953486
0.956742
0.959907
0.962934
0.965789
0.968449
0.970906
0.973152
0.975188
0.977017
0.978647
0.980088
0.981351
0.982443
0.98338
0.984173
0.984833
0.985371
0.985799
0.986125
0.98636
0.986514
0.986595
0.986611
0.98657
0.98648
0.986345
0.986173
0.98597
0.985739
0.985487
0.985217
0.984932
0.984636
0.984333
0.984022
0.983708
0.983395
0.98308
0.982766
0.982453
0.982144
0.981836
0.981534
0.981235
0.98094
0.980651
0.980368
0.980089
0.979815
0.979545
0.979276
0.979007
0.978742
0.978475
0.978214
0.977951
0.977691
0.977432
0.977179
0.976925
0.976675
0.976426
0.97618
0.975938
0.975695
0.975455
0.975215
0.974971
0.974724
0.97447
0.974204
0.973921
0.973612
0.97327
0.972882
0.972435
0.971912
0.971289
0.970541
0.969634
0.968536
0.9672
0.965573
0.963594
0.961194
0.958293
0.954796
0.950601
0.945579
0.939586
0.932455
0.923975
0.91388
0.901848
0.887458
0.870189
0.849361
0.823958
0.792008
0.748895
0.684064
0.578493
0.414578
0.212494
0.0541241
0.815831
0.927328
0.943384
0.949676
0.953805
0.957656
0.962268
0.968244
0.976785
0.987661
0.996768
0.999084
0.999706
0.999893
0.998154
0.993486
0.985996
0.976454
0.965841
0.955083
0.944947
0.936015
0.928677
0.92315
0.919493
0.917634
0.917164
0.917833
0.919586
0.922215
0.92551
0.929276
0.933337
0.937544
0.941776
0.945939
0.949961
0.95379
0.957393
0.960746
0.963841
0.966675
0.969252
0.971579
0.973668
0.975531
0.977182
0.978637
0.979907
0.981009
0.981958
0.982764
0.983442
0.984004
0.984461
0.984824
0.985101
0.985304
0.98544
0.985517
0.985541
0.98552
0.985461
0.985365
0.985241
0.985095
0.984925
0.984739
0.984539
0.984327
0.984106
0.983877
0.983643
0.983404
0.983163
0.98292
0.982676
0.98243
0.982185
0.981942
0.981696
0.981452
0.98121
0.980972
0.980731
0.980488
0.980245
0.979997
0.979749
0.979496
0.979242
0.978986
0.978724
0.978461
0.978194
0.977924
0.977646
0.977365
0.977078
0.976782
0.976479
0.97616
0.975831
0.975483
0.97511
0.974712
0.974278
0.973803
0.973275
0.97268
0.972003
0.971231
0.970335
0.969291
0.968074
0.96664
0.964949
0.962952
0.960593
0.957804
0.954515
0.950636
0.946073
0.940709
0.934407
0.927009
0.918315
0.908072
0.895965
0.881594
0.864447
0.843863
0.818834
0.787388
0.744977
0.681314
0.577842
0.41683
0.216374
0.0563145
0.837353
0.931488
0.945017
0.950295
0.953887
0.957523
0.962219
0.968551
0.977005
0.988441
0.998
0.999568
0.999885
0.999964
0.997335
0.990764
0.980642
0.968146
0.954583
0.941098
0.928602
0.917761
0.909019
0.902609
0.898569
0.896771
0.896398
0.897622
0.900183
0.9038
0.908194
0.91311
0.918327
0.923663
0.928973
0.934151
0.939119
0.943819
0.948222
0.952313
0.95608
0.959528
0.962665
0.965505
0.968062
0.970355
0.9724
0.974218
0.975823
0.977235
0.978468
0.979541
0.980468
0.981261
0.981934
0.982501
0.982966
0.983347
0.983649
0.983883
0.984058
0.984175
0.984246
0.984277
0.98427
0.984232
0.984166
0.984075
0.983966
0.983837
0.983695
0.983538
0.983372
0.983194
0.983012
0.982821
0.982624
0.982423
0.982218
0.982009
0.981796
0.981582
0.981364
0.981143
0.980919
0.980692
0.980458
0.980219
0.979975
0.979722
0.979463
0.979196
0.978923
0.978642
0.978352
0.978051
0.977739
0.977416
0.977077
0.976724
0.976351
0.975957
0.975538
0.975088
0.974605
0.974077
0.973505
0.972871
0.97217
0.971385
0.970501
0.969501
0.96836
0.967056
0.965556
0.963825
0.961824
0.959504
0.956815
0.953694
0.950071
0.945866
0.94099
0.935334
0.928766
0.92114
0.912261
0.90188
0.889693
0.875311
0.858239
0.837825
0.813063
0.781977
0.740046
0.677157
0.575161
0.416454
0.217883
0.0575098
0.853646
0.934416
0.945877
0.950413
0.953496
0.956923
0.961706
0.968416
0.977205
0.988829
0.998939
0.999836
0.999966
0.999991
0.996208
0.987224
0.973905
0.957947
0.941024
0.924506
0.909426
0.896532
0.886329
0.879078
0.874795
0.873271
0.873349
0.875386
0.879027
0.883886
0.889607
0.89587
0.902402
0.908992
0.915476
0.921742
0.927703
0.933314
0.938541
0.943379
0.947825
0.951889
0.955585
0.958934
0.961955
0.964673
0.967105
0.969277
0.97121
0.972925
0.974437
0.975767
0.976932
0.977947
0.978828
0.979584
0.980235
0.980782
0.981244
0.981624
0.981937
0.982183
0.982375
0.982518
0.982618
0.982676
0.982702
0.982696
0.982665
0.982609
0.982533
0.982437
0.982327
0.982199
0.982062
0.981913
0.981753
0.981584
0.981406
0.981221
0.981031
0.980831
0.980625
0.980417
0.980199
0.979976
0.979742
0.9795
0.979248
0.978986
0.978712
0.978429
0.978131
0.977825
0.977503
0.977166
0.976813
0.97644
0.976047
0.975629
0.975186
0.974714
0.974204
0.973657
0.973064
0.972416
0.971706
0.970927
0.970062
0.9691
0.968026
0.966819
0.965457
0.963913
0.962162
0.960168
0.957892
0.955292
0.952313
0.9489
0.944989
0.940504
0.935362
0.929453
0.922664
0.914842
0.905795
0.895288
0.883019
0.868609
0.851576
0.831278
0.806709
0.775874
0.73425
0.671848
0.570859
0.41401
0.217514
0.0578911
0.866073
0.936415
0.946164
0.949995
0.952633
0.955824
0.960692
0.967821
0.977297
0.988903
0.999588
0.999958
0.999992
0.999998
0.994731
0.982754
0.965639
0.945725
0.925074
0.905252
0.887389
0.872303
0.860587
0.852571
0.848258
0.847058
0.847938
0.851217
0.856371
0.862871
0.870243
0.878094
0.886112
0.894065
0.901787
0.909165
0.916127
0.922634
0.928666
0.934225
0.939321
0.943971
0.948198
0.952028
0.955485
0.958604
0.961402
0.963909
0.966148
0.968144
0.96992
0.971496
0.972884
0.974111
0.975185
0.976123
0.97694
0.977648
0.978253
0.978772
0.979208
0.979573
0.979875
0.98012
0.980312
0.980459
0.980562
0.980631
0.980667
0.980672
0.98065
0.980606
0.980541
0.980456
0.980352
0.980234
0.9801
0.979952
0.979793
0.979623
0.979443
0.979251
0.979049
0.978838
0.978618
0.97839
0.978146
0.977892
0.977624
0.977345
0.977051
0.97674
0.976416
0.976074
0.975714
0.975335
0.974932
0.974506
0.974053
0.97357
0.973054
0.9725
0.971903
0.971258
0.970554
0.969788
0.968951
0.96803
0.967015
0.965886
0.964635
0.963237
0.961673
0.959916
0.957941
0.955708
0.953189
0.950338
0.947106
0.943442
0.939283
0.934558
0.929185
0.923068
0.916086
0.908089
0.898899
0.888273
0.875923
0.861469
0.844454
0.824239
0.799808
0.769144
0.727703
0.665565
0.565241
0.409925
0.21566
0.05762
0.875542
0.937643
0.945896
0.94897
0.95128
0.954196
0.959129
0.966705
0.976927
0.98897
0.999943
0.999996
1
1
0.992857
0.977246
0.955729
0.931405
0.906719
0.88338
0.862555
0.845122
0.831815
0.823138
0.819102
0.81772
0.820015
0.825244
0.832591
0.841298
0.850748
0.86047
0.870137
0.879525
0.888491
0.896953
0.904856
0.912192
0.918954
0.925163
0.930839
0.936012
0.940709
0.944965
0.94881
0.952281
0.955406
0.958213
0.960729
0.96298
0.964992
0.966785
0.968378
0.969792
0.971042
0.972144
0.973113
0.973961
0.9747
0.97534
0.975891
0.976362
0.97676
0.977094
0.977368
0.977588
0.977762
0.977894
0.977985
0.97804
0.978065
0.97806
0.978029
0.977974
0.977894
0.977798
0.977682
0.977547
0.977395
0.977232
0.977052
0.976858
0.976651
0.976434
0.976202
0.975959
0.9757
0.975425
0.975133
0.974828
0.974502
0.974161
0.973801
0.973418
0.973015
0.972586
0.972131
0.971646
0.971131
0.970579
0.969987
0.969351
0.968664
0.967919
0.96711
0.966231
0.96527
0.964216
0.963055
0.961776
0.960358
0.958786
0.957036
0.955084
0.952904
0.950463
0.947729
0.944657
0.941203
0.937322
0.932949
0.928018
0.922451
0.916155
0.909006
0.900862
0.891542
0.880805
0.868371
0.853875
0.836862
0.816699
0.792374
0.761829
0.720477
0.65844
0.558532
0.404521
0.212635
0.0568347
0.882649
0.938258
0.945199
0.94755
0.949415
0.951992
0.956962
0.965015
0.976087
0.989031
1
0.999999
0.999998
0.999999
0.990542
0.970607
0.944094
0.914986
0.886057
0.85907
0.835127
0.815118
0.800029
0.790805
0.787487
0.787305
0.791671
0.799461
0.809501
0.820769
0.8325
0.844174
0.855473
0.866213
0.876307
0.885706
0.894411
0.902429
0.909787
0.916518
0.922659
0.928248
0.933324
0.937924
0.942085
0.945847
0.949237
0.952289
0.955036
0.957504
0.959712
0.96169
0.963457
0.965032
0.966431
0.967675
0.968775
0.969745
0.970599
0.971344
0.971993
0.972551
0.973033
0.973443
0.973784
0.97407
0.974299
0.974481
0.974617
0.974711
0.974769
0.974791
0.974786
0.97475
0.974688
0.974601
0.97449
0.974362
0.97421
0.974042
0.973854
0.973653
0.973432
0.973198
0.972947
0.972681
0.972396
0.972093
0.971773
0.971434
0.971074
0.970692
0.970289
0.969861
0.969407
0.968926
0.968413
0.967868
0.967285
0.96666
0.965993
0.96527
0.964493
0.963655
0.962741
0.96175
0.960671
0.959486
0.958192
0.956766
0.955195
0.953461
0.951541
0.949414
0.94705
0.944423
0.941495
0.938232
0.934589
0.930519
0.925963
0.92086
0.915128
0.908677
0.901388
0.893113
0.883675
0.87284
0.860327
0.845785
0.828765
0.808653
0.78441
0.753946
0.712618
0.650566
0.55089
0.398046
0.208685
0.0556502
0.887821
0.938365
0.94412
0.945695
0.947009
0.949173
0.954129
0.962682
0.97472
0.98882
1
1
0.999998
0.999997
0.987754
0.962751
0.930698
0.896553
0.86333
0.832694
0.805506
0.782555
0.765201
0.75551
0.751563
0.754136
0.762662
0.774823
0.788707
0.803057
0.817151
0.830623
0.843286
0.855078
0.865995
0.876055
0.885299
0.893774
0.901524
0.908598
0.915047
0.920911
0.92624
0.931073
0.935456
0.93942
0.943001
0.946238
0.949154
0.95178
0.954142
0.956262
0.958164
0.959866
0.961387
0.962739
0.963943
0.965011
0.965955
0.966784
0.967509
0.968141
0.968687
0.969155
0.969553
0.969886
0.970156
0.970373
0.970543
0.970664
0.970746
0.970787
0.970792
0.970765
0.970709
0.970624
0.970511
0.970375
0.970216
0.970035
0.969832
0.96961
0.969369
0.969108
0.968831
0.968537
0.968219
0.967882
0.967525
0.967144
0.966742
0.966316
0.965864
0.965384
0.964876
0.964334
0.963762
0.963149
0.962495
0.961797
0.961047
0.960243
0.959374
0.958438
0.957423
0.956325
0.955127
0.953821
0.952397
0.950835
0.949123
0.947239
0.945165
0.942879
0.940353
0.937559
0.934464
0.931035
0.927231
0.923001
0.91829
0.913044
0.907175
0.900593
0.893181
0.884793
0.87525
0.864321
0.851735
0.837151
0.820135
0.800069
0.775899
0.745496
0.704146
0.641997
0.542438
0.390684
0.203999
0.0541582
0.891328
0.938038
0.942669
0.943273
0.943781
0.945694
0.950569
0.959631
0.972756
0.988284
0.999997
0.999997
0.999998
0.999996
0.984461
0.953599
0.915545
0.876316
0.838989
0.804943
0.774502
0.748063
0.727246
0.716684
0.713184
0.721916
0.737766
0.755972
0.774017
0.791016
0.806779
0.821318
0.834688
0.846961
0.858215
0.868522
0.877956
0.886583
0.894464
0.901655
0.908212
0.914189
0.919623
0.92456
0.929042
0.933113
0.936799
0.940133
0.943148
0.945871
0.948326
0.950539
0.952528
0.954314
0.955916
0.957347
0.958623
0.959758
0.960764
0.961654
0.962433
0.963113
0.963706
0.964214
0.964644
0.965009
0.965307
0.965545
0.965732
0.965866
0.965955
0.966002
0.966009
0.96598
0.965917
0.965824
0.965697
0.965545
0.965368
0.965164
0.964939
0.964687
0.964416
0.964124
0.963812
0.963479
0.963121
0.962742
0.962341
0.961913
0.96146
0.960983
0.960475
0.959939
0.959371
0.958769
0.958127
0.957445
0.956718
0.95594
0.955109
0.954217
0.953258
0.952227
0.951111
0.949906
0.948596
0.947174
0.945626
0.943938
0.942095
0.940074
0.937861
0.935432
0.932761
0.929823
0.926585
0.923015
0.919069
0.914709
0.909875
0.904504
0.89852
0.891829
0.884311
0.875822
0.866179
0.855171
0.842523
0.82791
0.810906
0.790899
0.766814
0.736461
0.695068
0.63277
0.533257
0.382567
0.198722
0.0524299
0.893322
0.937354
0.940927
0.940384
0.939807
0.941532
0.946214
0.955769
0.9701
0.987409
1
1
0.999998
1
0.980629
0.943068
0.898698
0.854652
0.813821
0.777091
0.74384
0.713507
0.686618
0.665844
0.674402
0.703338
0.729659
0.750139
0.769017
0.78649
0.802705
0.817122
0.830285
0.842312
0.853319
0.863398
0.872624
0.881068
0.888795
0.895857
0.902315
0.908206
0.913586
0.91848
0.92294
0.926995
0.930683
0.934029
0.937063
0.939813
0.942294
0.944539
0.946563
0.948386
0.950023
0.95149
0.9528
0.953971
0.955008
0.955927
0.956733
0.957439
0.95805
0.958575
0.959023
0.959395
0.959701
0.959945
0.960132
0.960264
0.960349
0.960386
0.960381
0.960336
0.960256
0.960138
0.95999
0.959812
0.959604
0.959369
0.959108
0.95882
0.95851
0.958175
0.957819
0.957439
0.957035
0.956606
0.956152
0.955671
0.955161
0.954626
0.954058
0.953458
0.952824
0.952151
0.951438
0.950681
0.949878
0.94902
0.948104
0.947123
0.946072
0.944943
0.943729
0.942417
0.941002
0.939467
0.937805
0.935999
0.934032
0.931888
0.929551
0.926997
0.924202
0.921138
0.917782
0.914092
0.910035
0.905564
0.900625
0.895155
0.889074
0.88229
0.874678
0.866099
0.856375
0.845295
0.832599
0.817975
0.801006
0.781077
0.757095
0.726814
0.685368
0.62289
0.523394
0.373783
0.192954
0.050517
0.893826
0.93642
0.939124
0.937424
0.935676
0.93668
0.941025
0.951001
0.96662
0.986154
0.999998
1
1
0.999998
0.976213
0.931031
0.880285
0.832203
0.789194
0.751549
0.717467
0.685443
0.65286
0.672232
0.690397
0.714314
0.736334
0.754952
0.772243
0.788302
0.803162
0.81652
0.828779
0.840044
0.850608
0.860658
0.869315
0.877257
0.884551
0.891247
0.897387
0.903018
0.908171
0.91288
0.917183
0.921112
0.924691
0.927948
0.930916
0.93361
0.936051
0.938262
0.940261
0.942064
0.943686
0.945144
0.946448
0.947611
0.948645
0.949559
0.950359
0.951059
0.951666
0.952182
0.95262
0.952983
0.953274
0.953503
0.953671
0.953784
0.953844
0.953858
0.953825
0.95375
0.953637
0.953487
0.953301
0.953083
0.952836
0.952558
0.95225
0.951918
0.951556
0.951172
0.950761
0.950326
0.949864
0.949377
0.948861
0.948318
0.947743
0.947142
0.946505
0.945836
0.945128
0.944382
0.94359
0.942755
0.941867
0.940925
0.93992
0.938849
0.937704
0.936479
0.935164
0.933752
0.932233
0.930593
0.92882
0.926905
0.924828
0.922574
0.920125
0.917463
0.91456
0.911396
0.907936
0.904152
0.900004
0.895444
0.890422
0.884868
0.878704
0.871834
0.864141
0.855484
0.84569
0.834559
0.821836
0.807234
0.790336
0.770532
0.746685
0.716494
0.675009
0.612357
0.512863
0.364384
0.186757
0.0484533
0.892706
0.935304
0.937521
0.934711
0.931325
0.931091
0.935023
0.945237
0.962133
0.984457
0.999998
1
1
0.999999
0.971148
0.917307
0.860564
0.810102
0.767547
0.732956
0.704636
0.694611
0.697216
0.704557
0.71807
0.734927
0.75148
0.766788
0.781334
0.795018
0.807768
0.819459
0.830316
0.840425
0.84997
0.859015
0.866918
0.874776
0.881606
0.887733
0.893376
0.898567
0.90334
0.907724
0.911743
0.915426
0.918794
0.921869
0.924673
0.927227
0.929555
0.931664
0.933574
0.935299
0.936854
0.938249
0.939498
0.940611
0.9416
0.942469
0.943232
0.943894
0.94446
0.944943
0.945341
0.945667
0.945922
0.946111
0.946238
0.94631
0.946329
0.946298
0.946222
0.946101
0.945942
0.945742
0.945506
0.945235
0.944933
0.944598
0.944235
0.943842
0.943422
0.942975
0.942499
0.941998
0.941469
0.940911
0.940324
0.93971
0.939064
0.938384
0.937673
0.936922
0.936135
0.935306
0.934431
0.933509
0.932533
0.931498
0.930401
0.929238
0.927995
0.926672
0.925261
0.923748
0.922125
0.920385
0.918511
0.916495
0.914319
0.911966
0.909424
0.906668
0.903678
0.900426
0.896889
0.893028
0.888805
0.884173
0.879078
0.873454
0.867217
0.860274
0.852508
0.843785
0.833938
0.822778
0.810074
0.795534
0.778766
0.759137
0.735493
0.705441
0.663948
0.601129
0.501657
0.354376
0.180153
0.0462541
0.89067
0.933083
0.936156
0.933111
0.927221
0.923719
0.928401
0.938461
0.956377
0.982207
0.999997
0.999998
1
0.999998
0.965285
0.901611
0.840057
0.790392
0.753282
0.733682
0.725124
0.724711
0.729158
0.735781
0.746042
0.758061
0.770312
0.782248
0.793804
0.804832
0.815246
0.825002
0.834201
0.842888
0.851133
0.858901
0.865916
0.872806
0.878878
0.885103
0.890094
0.894705
0.898971
0.902901
0.906518
0.909844
0.912893
0.915693
0.918253
0.920587
0.922716
0.924648
0.926402
0.927987
0.929413
0.930694
0.931837
0.932853
0.933748
0.934534
0.935216
0.935803
0.936297
0.936708
0.93704
0.937298
0.937488
0.937612
0.937677
0.937684
0.93764
0.937547
0.937403
0.937219
0.936992
0.936726
0.936422
0.936083
0.935713
0.935307
0.934872
0.934405
0.93391
0.933386
0.932834
0.932252
0.931643
0.931004
0.930337
0.929637
0.928903
0.928138
0.927337
0.926499
0.925619
0.924697
0.923728
0.922711
0.921637
0.920506
0.919313
0.918046
0.916708
0.915284
0.913773
0.91216
0.910441
0.908604
0.906638
0.904528
0.902263
0.899827
0.897203
0.894371
0.891306
0.887987
0.884383
0.880457
0.87617
0.871478
0.866317
0.860625
0.854321
0.847312
0.839488
0.830719
0.820851
0.809712
0.797084
0.782687
0.766132
0.746771
0.723402
0.693559
0.652109
0.589156
0.489731
0.343727
0.173121
0.0439136
0.888538
0.928704
0.934057
0.932071
0.926745
0.919257
0.921887
0.930842
0.948992
0.979224
1
0.999999
1
0.999997
0.958379
0.883505
0.819939
0.776973
0.760036
0.752568
0.751459
0.754507
0.758017
0.76417
0.772073
0.780845
0.789869
0.798847
0.807646
0.816155
0.824317
0.832115
0.839569
0.846687
0.853472
0.85988
0.865842
0.871612
0.876871
0.882204
0.887003
0.891142
0.894799
0.898176
0.90129
0.904161
0.906807
0.909236
0.911458
0.913496
0.915349
0.917035
0.91856
0.919939
0.921174
0.922281
0.923261
0.924129
0.924885
0.925539
0.926097
0.926565
0.926947
0.927252
0.92748
0.927639
0.927732
0.927764
0.927734
0.927652
0.927517
0.927335
0.927104
0.926832
0.926517
0.926165
0.925774
0.925345
0.924886
0.924391
0.923866
0.923308
0.92272
0.922103
0.921454
0.920776
0.920069
0.919333
0.918564
0.917764
0.916931
0.916063
0.915157
0.914214
0.91323
0.912202
0.911126
0.910002
0.90882
0.907582
0.906282
0.904912
0.903467
0.901944
0.90033
0.89862
0.896807
0.894878
0.892823
0.890629
0.888288
0.885774
0.88308
0.88018
0.877051
0.873668
0.870002
0.866017
0.861666
0.856908
0.851686
0.845931
0.839566
0.832508
0.824656
0.815885
0.806062
0.795026
0.782568
0.768428
0.752211
0.733239
0.710266
0.680734
0.639402
0.576362
0.477006
0.332345
0.165587
0.0414017
0.886162
0.921967
0.930182
0.930398
0.92708
0.922288
0.918375
0.923132
0.939448
0.975258
1
1
1
1
0.94998
0.862364
0.803039
0.783312
0.776889
0.775958
0.778181
0.780285
0.784276
0.78952
0.795518
0.801897
0.808414
0.814929
0.821362
0.827655
0.833777
0.839707
0.845437
0.850956
0.856251
0.861299
0.866095
0.870708
0.875053
0.87937
0.883321
0.887273
0.890393
0.893145
0.895675
0.898008
0.900161
0.902136
0.903949
0.905601
0.907107
0.908472
0.909699
0.910803
0.911786
0.912652
0.913413
0.914072
0.914634
0.915105
0.915491
0.915794
0.916018
0.916173
0.916259
0.91628
0.916237
0.916137
0.915982
0.915777
0.915521
0.915219
0.914871
0.914482
0.91405
0.913583
0.913076
0.912535
0.911959
0.911349
0.910709
0.910033
0.909329
0.908593
0.907824
0.907026
0.906197
0.905337
0.904446
0.903521
0.902565
0.901572
0.900543
0.899475
0.898366
0.897213
0.896016
0.894769
0.893469
0.892111
0.890694
0.889211
0.887656
0.886026
0.884307
0.8825
0.88059
0.878571
0.876427
0.874154
0.871731
0.869142
0.866372
0.8634
0.860201
0.856747
0.853011
0.848954
0.844535
0.839712
0.834427
0.828623
0.822234
0.815171
0.807357
0.798682
0.789021
0.778227
0.766111
0.752408
0.736711
0.718317
0.695907
0.666826
0.625717
0.562639
0.463352
0.320062
0.157405
0.0386765
0.883262
0.912657
0.923113
0.926144
0.925569
0.923388
0.921577
0.918177
0.926943
0.96985
1
1
0.999999
1
0.939303
0.837417
0.802917
0.797774
0.797587
0.799257
0.800838
0.803693
0.807321
0.8114
0.815729
0.820179
0.824672
0.829159
0.833612
0.838001
0.842312
0.846529
0.850638
0.854628
0.858492
0.862214
0.865797
0.869258
0.872583
0.875831
0.878878
0.881953
0.885023
0.887066
0.888937
0.890657
0.892239
0.893685
0.895003
0.896197
0.897275
0.89824
0.899101
0.899854
0.900512
0.901075
0.901547
0.901933
0.902238
0.902466
0.902619
0.9027
0.902717
0.902667
0.902558
0.90239
0.902166
0.90189
0.901562
0.901186
0.900766
0.9003
0.899792
0.899245
0.898658
0.898032
0.897372
0.896675
0.895945
0.89518
0.894383
0.893556
0.892695
0.891802
0.890877
0.889923
0.888937
0.887918
0.886871
0.885791
0.88468
0.883532
0.88235
0.88113
0.879871
0.878572
0.87723
0.875841
0.874402
0.87291
0.871358
0.869746
0.868065
0.866312
0.864476
0.862553
0.86053
0.8584
0.856152
0.853772
0.851245
0.848557
0.845687
0.842616
0.839323
0.835781
0.83196
0.827828
0.823351
0.818487
0.813192
0.807416
0.801095
0.794171
0.786562
0.778183
0.768915
0.758628
0.747128
0.734149
0.719253
0.701704
0.680098
0.651665
0.610912
0.547843
0.44855
0.306529
0.148229
0.0356915
0.879136
0.900199
0.911059
0.916422
0.918602
0.91892
0.918234
0.917031
0.911309
0.962059
0.999999
1
1
1
0.924602
0.81633
0.814487
0.81537
0.816621
0.818117
0.820323
0.822877
0.825585
0.828361
0.831165
0.83398
0.836795
0.8396
0.842387
0.845149
0.847878
0.850561
0.853197
0.855774
0.858288
0.860728
0.863101
0.865403
0.86763
0.869793
0.871876
0.873996
0.876603
0.878046
0.879215
0.880257
0.881191
0.882027
0.88277
0.883421
0.883988
0.884467
0.884862
0.885181
0.885426
0.885593
0.885691
0.885723
0.885686
0.885586
0.885426
0.885208
0.884933
0.884602
0.884217
0.883785
0.883304
0.882776
0.882202
0.881585
0.880927
0.880227
0.879488
0.878713
0.877899
0.877051
0.876168
0.875251
0.8743
0.873319
0.872305
0.871258
0.870183
0.869075
0.867938
0.86677
0.865572
0.864346
0.863088
0.861802
0.860485
0.859133
0.857748
0.856329
0.854873
0.853378
0.851841
0.85026
0.84863
0.84695
0.845214
0.843419
0.841556
0.839624
0.837611
0.835516
0.833324
0.831031
0.828623
0.826093
0.823426
0.820606
0.817623
0.814458
0.811093
0.807509
0.803683
0.79959
0.795201
0.790486
0.785414
0.779937
0.774012
0.767587
0.760584
0.752933
0.744515
0.735202
0.724788
0.712987
0.699329
0.683018
0.662554
0.635037
0.594812
0.531752
0.432196
0.290976
0.137041
0.032077
0.870441
0.882818
0.890984
0.896422
0.899997
0.902215
0.903294
0.902692
0.90187
0.946839
1
1
0.999998
1
0.899437
0.822494
0.823467
0.824394
0.825661
0.827103
0.828586
0.830051
0.831495
0.832925
0.834341
0.835752
0.837156
0.838548
0.83993
0.841293
0.842639
0.843959
0.845248
0.846511
0.847735
0.84892
0.850072
0.851181
0.852251
0.853291
0.854317
0.855404
0.85695
0.857625
0.857983
0.858228
0.858395
0.858483
0.858506
0.858468
0.858365
0.858199
0.857978
0.857697
0.85736
0.856966
0.856524
0.856026
0.855476
0.854878
0.854233
0.853536
0.852798
0.852011
0.851184
0.850312
0.849399
0.848447
0.847453
0.846422
0.845354
0.84425
0.84311
0.841932
0.840723
0.83948
0.838205
0.836895
0.835555
0.834182
0.832778
0.831345
0.829879
0.828381
0.826851
0.82529
0.823711
0.822116
0.8205
0.818869
0.817216
0.815544
0.81385
0.812133
0.810391
0.808625
0.806833
0.805011
0.803159
0.801275
0.799357
0.797401
0.795405
0.793366
0.791281
0.789144
0.786952
0.784702
0.782385
0.779996
0.777527
0.774971
0.772319
0.769559
0.76668
0.763666
0.760503
0.75717
0.753644
0.7499
0.745906
0.741625
0.737012
0.73201
0.726552
0.720547
0.71388
0.706397
0.697875
0.688
0.676252
0.66176
0.642925
0.616699
0.577215
0.514108
0.413732
0.272168
0.121582
0.0249782
)
;

boundaryField
{
    walls
    {
        type            zeroGradient;
    }
    top
    {
        type            zeroGradient;
    }
    bottom
    {
        type            zeroGradient;
    }
    frontAndBack
    {
        type            empty;
    }
    inlet
    {
        type            uniformFixedValue;
        uniformValue    
        {
            type            constant;
            value           1;
        }
        value           uniform 1;
    }
    outlet
    {
        type            zeroGradient;
    }
}


// ************************************************************************* //
