/*--------------------------------*- C++ -*----------------------------------*\
  =========                 |
  \\      /  F ield         | OpenFOAM: The Open Source CFD Toolbox
   \\    /   O peration     | Website:  https://openfoam.org
    \\  /    A nd           | Version:  12
     \\/     M anipulation  |
\*---------------------------------------------------------------------------*/
FoamFile
{
    format      ascii;
    class       volScalarField;
    location    "330";
    object      T;
}
// * * * * * * * * * * * * * * * * * * * * * * * * * * * * * * * * * * * * * //

dimensions      [];

internalField   nonuniform List<scalar> 
4480
(
6.14424e-08
5.61381e-06
0.00232371
0.0325987
0.108092
0.205583
0.303874
0.392703
0.468828
0.532348
0.584658
0.62748
0.662448
0.690981
0.714247
0.733189
0.748562
0.760969
0.770883
0.778682
0.784674
0.7891
0.792157
0.793998
0.794753
0.794526
0.793402
0.791792
0.790161
0.788501
0.786806
0.785064
0.783267
0.781406
0.779471
0.777455
0.775347
0.773136
0.770811
0.768363
0.765782
0.763051
0.760159
0.757095
0.753843
0.750387
0.746712
0.742807
0.738648
0.734216
0.729501
0.724484
0.719137
0.713447
0.707391
0.700945
0.694095
0.686819
0.679087
0.670885
0.662182
0.652961
0.643194
0.632862
0.621929
0.61038
0.598174
0.585291
0.571679
0.557313
0.542133
0.526091
0.509124
0.491167
0.472152
0.452018
0.430719
0.408233
0.384581
0.359835
0.334131
0.307673
0.280733
0.253772
0.227192
0.201385
0.176733
0.15358
0.132208
0.112827
0.0955582
0.0804413
0.067436
0.0564363
0.0472867
0.0397984
0.0337668
0.0289859
0.0252603
0.0224136
0.0202935
0.0187754
0.0177617
0.0171827
0.0169935
0.0171737
0.0177262
0.0186769
0.0200759
0.0220008
0.0245603
0.0279004
0.0322121
0.0377407
0.0447937
0.0537511
0.0650678
0.0792747
0.0969779
0.118915
0.146238
0.181099
0.227104
0.292239
0.405642
0.592569
0.743478
0.875123
0.851258
0.657737
0.501347
0.320428
0.195791
0.119984
0.069647
0.0368551
0.016858
0.00601113
0.00135506
0.000102621
2.93534e-08
0.000272721
0.022978
0.133969
0.292415
0.442146
0.563178
0.65497
0.72298
0.773196
0.810522
0.83859
0.859982
0.876495
0.889377
0.899515
0.907532
0.913877
0.918881
0.922793
0.9258
0.928036
0.929616
0.930619
0.931115
0.931151
0.930769
0.929838
0.928288
0.926177
0.923564
0.920505
0.917055
0.913264
0.909177
0.904839
0.900288
0.895557
0.890672
0.88566
0.880542
0.875333
0.87004
0.864679
0.859252
0.85376
0.848204
0.84258
0.836881
0.831103
0.825234
0.819269
0.813192
0.806991
0.800655
0.794167
0.78752
0.780695
0.773676
0.766457
0.759013
0.751341
0.743418
0.735236
0.726782
0.718046
0.709006
0.699651
0.689973
0.679957
0.669583
0.658836
0.647699
0.636154
0.624171
0.611734
0.598814
0.58538
0.571415
0.556881
0.541752
0.52601
0.509621
0.492607
0.474991
0.456783
0.438016
0.418751
0.399059
0.379049
0.358849
0.33861
0.318507
0.298731
0.279482
0.260958
0.243361
0.226872
0.211659
0.197867
0.185614
0.174993
0.166075
0.158913
0.153551
0.150027
0.14839
0.148697
0.15104
0.155536
0.162347
0.171676
0.183778
0.198953
0.21754
0.239912
0.26646
0.297586
0.333714
0.375353
0.423236
0.47846
0.542325
0.616
0.699487
0.786355
0.862281
0.916683
0.890046
0.759682
0.626855
0.493068
0.368819
0.260778
0.171452
0.102122
0.052721
0.0217376
0.00604059
0.000718512
7.19973e-06
0.0035928
0.0908997
0.29119
0.48825
0.636118
0.736776
0.803417
0.847778
0.877999
0.899255
0.914739
0.926376
0.935355
0.94241
0.948025
0.952521
0.956125
0.959003
0.961279
0.963052
0.964394
0.965366
0.966015
0.966377
0.966481
0.966348
0.96594
0.965209
0.964167
0.96282
0.961169
0.95922
0.956971
0.954434
0.951611
0.948518
0.945165
0.941568
0.937742
0.933705
0.929473
0.925064
0.920494
0.915777
0.910931
0.905963
0.900888
0.895711
0.890444
0.885091
0.879656
0.874139
0.868542
0.862869
0.857111
0.851274
0.845349
0.839333
0.833225
0.827017
0.820708
0.814287
0.807757
0.801109
0.794336
0.787437
0.780404
0.773232
0.765921
0.758454
0.750838
0.74306
0.735117
0.726996
0.718698
0.710215
0.701532
0.692647
0.683553
0.674232
0.664684
0.654891
0.644847
0.634547
0.623992
0.613173
0.602083
0.590718
0.57909
0.567204
0.555083
0.54276
0.530274
0.517688
0.505078
0.492537
0.480177
0.468133
0.456557
0.445616
0.435498
0.426406
0.418545
0.412141
0.407418
0.4046
0.403916
0.405595
0.40985
0.416895
0.426926
0.440125
0.456642
0.476595
0.50005
0.527027
0.557474
0.591287
0.628307
0.668318
0.710978
0.755646
0.801118
0.845417
0.885556
0.91766
0.937082
0.917179
0.830846
0.733057
0.625225
0.510214
0.393317
0.281511
0.182349
0.102591
0.0465854
0.0147253
0.00216938
0.000169379
0.0213398
0.21659
0.470391
0.657289
0.7726
0.840607
0.881264
0.906705
0.923683
0.935824
0.945039
0.952332
0.958235
0.963062
0.967014
0.970246
0.972867
0.974977
0.976653
0.977963
0.978961
0.979693
0.980198
0.980504
0.980632
0.980601
0.980397
0.980007
0.979436
0.978683
0.977745
0.976619
0.975298
0.973774
0.972044
0.970104
0.967947
0.965578
0.962995
0.960202
0.957206
0.954012
0.950633
0.947075
0.943354
0.939476
0.935458
0.931308
0.92704
0.922664
0.918186
0.913621
0.908973
0.904252
0.899463
0.894612
0.889699
0.884735
0.879717
0.874652
0.869535
0.864376
0.859171
0.853919
0.848621
0.843281
0.837892
0.832458
0.826974
0.821439
0.815856
0.810217
0.804526
0.798776
0.792966
0.787096
0.781167
0.775171
0.769105
0.762973
0.756775
0.750512
0.744157
0.737733
0.73124
0.724678
0.718055
0.711372
0.704638
0.69786
0.691057
0.684247
0.677449
0.670699
0.664026
0.657484
0.65112
0.645005
0.639217
0.633849
0.629004
0.624804
0.621382
0.61889
0.617478
0.617321
0.618587
0.621446
0.626064
0.632593
0.64116
0.651868
0.664777
0.679896
0.697184
0.716545
0.73781
0.760753
0.785073
0.810389
0.836193
0.861807
0.886317
0.908553
0.927059
0.939992
0.94481
0.93062
0.87347
0.803197
0.719907
0.621869
0.510124
0.389727
0.269764
0.162242
0.078834
0.0268151
0.00435901
0.0015744
0.0741415
0.381176
0.635996
0.78111
0.856615
0.896637
0.91948
0.933992
0.944376
0.952554
0.959353
0.965099
0.96994
0.973971
0.977282
0.979969
0.98212
0.983817
0.985135
0.986144
0.986896
0.987441
0.987812
0.988043
0.988152
0.988155
0.988047
0.987812
0.987453
0.986972
0.986367
0.985638
0.984779
0.983786
0.982651
0.981368
0.979932
0.978335
0.976576
0.974648
0.972553
0.970287
0.967857
0.965261
0.962508
0.959605
0.956557
0.953374
0.950065
0.946641
0.94311
0.939483
0.93577
0.931982
0.928129
0.924216
0.920249
0.916243
0.912198
0.908123
0.904021
0.899902
0.895768
0.891615
0.887459
0.883292
0.879118
0.874943
0.870763
0.866581
0.862394
0.858209
0.854018
0.849827
0.84563
0.841433
0.837229
0.833016
0.828804
0.824586
0.820363
0.81614
0.811901
0.807657
0.803415
0.799175
0.794944
0.790732
0.786548
0.782403
0.77831
0.774289
0.770358
0.76654
0.762864
0.759365
0.75608
0.75305
0.750331
0.747972
0.74604
0.744607
0.743749
0.743548
0.744097
0.745484
0.747803
0.751146
0.755602
0.761238
0.768121
0.776284
0.785741
0.796472
0.808412
0.821468
0.835494
0.850299
0.865631
0.881179
0.896555
0.911261
0.924683
0.936063
0.944468
0.948672
0.946924
0.935239
0.896774
0.844913
0.781727
0.702864
0.60476
0.48746
0.35704
0.227253
0.116473
0.041502
0.0070366
0.00818489
0.177369
0.553181
0.763906
0.85893
0.902414
0.924607
0.937873
0.947302
0.955038
0.961882
0.967964
0.973234
0.977667
0.981289
0.984185
0.986451
0.988188
0.989495
0.990452
0.991136
0.99161
0.991928
0.992127
0.992239
0.992285
0.992278
0.992221
0.992076
0.991847
0.991535
0.991138
0.990654
0.99008
0.98941
0.988639
0.987764
0.986775
0.98567
0.984443
0.983088
0.9816
0.979978
0.978222
0.97633
0.974301
0.972141
0.969852
0.967442
0.964914
0.962277
0.959538
0.956708
0.953793
0.950804
0.94775
0.944642
0.941484
0.938286
0.935059
0.931811
0.928543
0.925268
0.921987
0.918706
0.915433
0.912166
0.908913
0.905677
0.902454
0.899251
0.896066
0.892904
0.889763
0.88664
0.88354
0.880458
0.8774
0.874364
0.871345
0.868348
0.865376
0.862429
0.859496
0.856577
0.853684
0.85082
0.847989
0.845195
0.84245
0.839765
0.837148
0.834614
0.832178
0.829861
0.827684
0.82567
0.82385
0.822249
0.820903
0.819855
0.81914
0.818807
0.818906
0.819482
0.820594
0.822287
0.824622
0.827643
0.831391
0.835908
0.84121
0.847309
0.854194
0.861836
0.870171
0.879118
0.888554
0.898327
0.908234
0.918031
0.927413
0.936006
0.943353
0.948897
0.95194
0.951567
0.946504
0.934908
0.908625
0.868269
0.819258
0.757045
0.675296
0.568826
0.43761
0.292948
0.157225
0.0579969
0.0100295
0.0286012
0.325651
0.702182
0.847217
0.901511
0.925365
0.938405
0.947359
0.954807
0.961744
0.968339
0.974306
0.979386
0.98351
0.986741
0.989199
0.991006
0.992286
0.993144
0.993681
0.993981
0.994117
0.994148
0.994122
0.994072
0.994018
0.99397
0.993934
0.993853
0.99373
0.993559
0.993335
0.993055
0.992713
0.992302
0.991816
0.99125
0.990598
0.989853
0.989014
0.988073
0.987026
0.985872
0.984606
0.98323
0.98174
0.980137
0.978424
0.976606
0.974684
0.972664
0.970555
0.96836
0.966087
0.963747
0.961346
0.958889
0.956392
0.95386
0.951298
0.948717
0.946122
0.943521
0.94092
0.938327
0.935744
0.933174
0.930624
0.928095
0.925592
0.923113
0.920665
0.918241
0.915851
0.91349
0.911158
0.908855
0.906583
0.904343
0.902136
0.899954
0.897809
0.895699
0.893605
0.891542
0.889509
0.88751
0.885547
0.883628
0.881759
0.879945
0.878197
0.876528
0.874943
0.873463
0.872096
0.870869
0.869796
0.868898
0.868203
0.867733
0.867522
0.867598
0.86799
0.868733
0.86986
0.871403
0.873393
0.875854
0.878816
0.882285
0.886273
0.890775
0.895774
0.901231
0.907089
0.913275
0.91969
0.926197
0.932635
0.938799
0.94444
0.94926
0.952897
0.954904
0.95473
0.951665
0.944751
0.932716
0.913043
0.880836
0.84094
0.790931
0.72399
0.631565
0.506751
0.354979
0.198692
0.075555
0.0132679
0.0756592
0.493136
0.808434
0.893156
0.922716
0.936862
0.945827
0.953033
0.959845
0.966745
0.973505
0.979493
0.984366
0.988114
0.99088
0.992834
0.994125
0.994885
0.995232
0.995276
0.995115
0.994837
0.994518
0.994207
0.993945
0.993753
0.993642
0.993607
0.993581
0.993556
0.993523
0.993473
0.993396
0.993283
0.993123
0.992908
0.992628
0.992279
0.991854
0.991345
0.990752
0.990067
0.989288
0.988414
0.987441
0.986374
0.985209
0.983946
0.98259
0.981145
0.979612
0.977996
0.976306
0.974546
0.972722
0.970842
0.968915
0.966946
0.964944
0.962918
0.960875
0.958815
0.956755
0.954695
0.952638
0.950595
0.948568
0.946562
0.944576
0.942615
0.940684
0.938784
0.936909
0.93507
0.933259
0.931481
0.929736
0.928022
0.926344
0.924696
0.923078
0.921499
0.91995
0.918433
0.916938
0.915474
0.914042
0.912643
0.911286
0.909975
0.908709
0.907501
0.90636
0.905287
0.904297
0.903404
0.902616
0.901951
0.901421
0.901048
0.900844
0.900837
0.901037
0.901475
0.902168
0.903136
0.904403
0.905981
0.907894
0.910144
0.912744
0.915685
0.918958
0.922544
0.926403
0.930483
0.934718
0.939015
0.943258
0.947314
0.951
0.954117
0.956407
0.957574
0.957248
0.95498
0.950199
0.942177
0.929987
0.91252
0.887171
0.853019
0.811068
0.755436
0.676639
0.562164
0.409995
0.238649
0.0935164
0.0167469
0.164845
0.64518
0.868837
0.915498
0.933389
0.943255
0.950429
0.956935
0.963672
0.970852
0.977917
0.983895
0.98845
0.991723
0.993956
0.995359
0.996083
0.996258
0.99601
0.995465
0.994745
0.993961
0.993202
0.992535
0.992007
0.991642
0.991444
0.991403
0.991428
0.991509
0.99163
0.991772
0.99192
0.992059
0.992173
0.992246
0.99227
0.992231
0.992121
0.991939
0.991673
0.991325
0.990887
0.990359
0.989741
0.989031
0.988231
0.987343
0.986369
0.985311
0.984175
0.982962
0.98168
0.980334
0.978928
0.977472
0.975968
0.974428
0.972854
0.971257
0.969643
0.968017
0.966383
0.964751
0.963125
0.961507
0.959906
0.958321
0.956756
0.955217
0.953703
0.952215
0.950756
0.949323
0.947923
0.946553
0.945214
0.943905
0.942626
0.941379
0.940159
0.938975
0.93782
0.936697
0.93559
0.934513
0.933465
0.932446
0.931463
0.930512
0.929607
0.928743
0.927935
0.927182
0.926496
0.925883
0.925354
0.924914
0.924583
0.924364
0.924279
0.924332
0.924543
0.924925
0.925493
0.926257
0.927236
0.928432
0.929858
0.931514
0.933406
0.935517
0.937839
0.940345
0.943
0.945752
0.948545
0.95129
0.95389
0.956219
0.958127
0.959438
0.959932
0.959353
0.957395
0.95368
0.947745
0.939011
0.92677
0.91019
0.888389
0.859348
0.82252
0.774607
0.706989
0.603816
0.456021
0.275329
0.11135
0.020498
0.302236
0.757122
0.894793
0.926486
0.939487
0.947322
0.953605
0.959855
0.966759
0.974376
0.981791
0.987646
0.991754
0.994473
0.996146
0.996969
0.997073
0.996573
0.995613
0.994348
0.992933
0.991515
0.990208
0.989099
0.988245
0.987667
0.987369
0.987315
0.987403
0.987612
0.987916
0.98829
0.988706
0.98914
0.98957
0.989975
0.990337
0.990643
0.990881
0.991043
0.991123
0.991114
0.991014
0.990822
0.990539
0.990166
0.9897
0.989146
0.988508
0.987789
0.986989
0.986118
0.985179
0.984176
0.983119
0.982013
0.980859
0.97967
0.978449
0.9772
0.975936
0.974658
0.973372
0.972084
0.970799
0.969522
0.968256
0.967006
0.965771
0.964558
0.963362
0.962195
0.961051
0.959934
0.958841
0.957775
0.956737
0.955724
0.95474
0.95378
0.95285
0.951947
0.951068
0.950221
0.949388
0.94858
0.947795
0.947034
0.9463
0.945598
0.944927
0.944292
0.943697
0.94315
0.942651
0.942209
0.941827
0.941517
0.941286
0.941138
0.941088
0.94114
0.941305
0.941597
0.942018
0.942579
0.943286
0.944143
0.945157
0.946322
0.947635
0.949084
0.950653
0.952317
0.954039
0.955774
0.957462
0.959028
0.960383
0.961414
0.961992
0.961953
0.961113
0.959248
0.956098
0.951336
0.944585
0.935362
0.923102
0.907127
0.88669
0.861001
0.828556
0.785613
0.726144
0.633202
0.492415
0.307566
0.128669
0.0245732
0.436948
0.824569
0.911362
0.933061
0.943413
0.950122
0.955907
0.962105
0.969307
0.977453
0.985211
0.990805
0.994353
0.996492
0.997602
0.997822
0.997224
0.995919
0.994077
0.991909
0.989623
0.98741
0.985424
0.983776
0.982526
0.981704
0.9813
0.981237
0.981411
0.981787
0.982327
0.982991
0.983739
0.984535
0.985346
0.986144
0.986903
0.987607
0.988241
0.988788
0.989246
0.989608
0.989867
0.990025
0.990081
0.990038
0.989898
0.989664
0.98934
0.988931
0.98844
0.987874
0.98724
0.98654
0.985781
0.984971
0.984116
0.983223
0.982293
0.98134
0.980364
0.979373
0.978372
0.977366
0.976359
0.975356
0.974361
0.973373
0.972403
0.971444
0.970507
0.969588
0.968688
0.96781
0.966951
0.966119
0.965307
0.964518
0.963751
0.963004
0.962281
0.961585
0.960906
0.960253
0.959618
0.958997
0.958394
0.957812
0.957254
0.956715
0.956205
0.95572
0.955265
0.954846
0.95446
0.954121
0.953827
0.953582
0.953393
0.953269
0.953213
0.95323
0.953324
0.953509
0.953779
0.954148
0.954612
0.955175
0.955837
0.956591
0.957431
0.958342
0.959303
0.960292
0.961275
0.962202
0.963023
0.963663
0.964045
0.964068
0.963612
0.962535
0.960671
0.957825
0.953769
0.948226
0.940867
0.931289
0.919008
0.903443
0.883933
0.859715
0.829676
0.791298
0.737285
0.652539
0.519587
0.334797
0.145237
0.0290385
0.566816
0.863608
0.922039
0.938262
0.946308
0.952095
0.957587
0.963838
0.971411
0.980137
0.988227
0.993407
0.996323
0.997901
0.998473
0.998041
0.996607
0.994297
0.991343
0.988032
0.984654
0.981462
0.978651
0.976357
0.974652
0.97356
0.97306
0.973008
0.973309
0.973913
0.974761
0.975797
0.976964
0.978208
0.979487
0.980762
0.981999
0.983173
0.984263
0.985255
0.986137
0.986907
0.987561
0.988093
0.988511
0.988813
0.989005
0.989091
0.989076
0.988967
0.988768
0.988488
0.988132
0.987707
0.987219
0.986674
0.986081
0.985444
0.984771
0.984066
0.983338
0.98259
0.981827
0.981054
0.980279
0.979501
0.978726
0.977957
0.977196
0.976446
0.975709
0.974986
0.974279
0.973587
0.972914
0.972257
0.971621
0.970998
0.970394
0.969809
0.969243
0.968696
0.968163
0.967652
0.967151
0.966668
0.966193
0.965737
0.965296
0.96487
0.964464
0.964078
0.963713
0.963371
0.963059
0.962775
0.962524
0.962308
0.962132
0.961997
0.961908
0.961871
0.961888
0.961959
0.962088
0.962277
0.962523
0.962829
0.963189
0.963595
0.964035
0.964498
0.964961
0.965398
0.965772
0.966047
0.966165
0.966067
0.96567
0.964885
0.963606
0.961703
0.959029
0.955413
0.950652
0.9445
0.936674
0.926819
0.914503
0.899213
0.880341
0.857151
0.828536
0.7921
0.741777
0.66409
0.538596
0.356978
0.160935
0.033973
0.676503
0.887649
0.929316
0.941976
0.948663
0.953607
0.958782
0.965134
0.973106
0.982451
0.990857
0.995485
0.997747
0.99883
0.998881
0.997699
0.995223
0.991632
0.987268
0.982529
0.977807
0.973428
0.969639
0.9666
0.964389
0.963024
0.962459
0.962454
0.962947
0.963863
0.96512
0.966635
0.96833
0.970136
0.97199
0.97384
0.975646
0.977372
0.978995
0.980496
0.981866
0.983094
0.984181
0.985124
0.985929
0.986596
0.987137
0.987553
0.987851
0.988043
0.988133
0.988132
0.988041
0.987875
0.987638
0.987338
0.986982
0.986576
0.986132
0.985646
0.985134
0.984596
0.984038
0.983468
0.982884
0.982298
0.981706
0.981116
0.98053
0.979949
0.979375
0.978812
0.978259
0.977715
0.977185
0.976666
0.976161
0.975669
0.975192
0.974728
0.974276
0.973837
0.973414
0.973003
0.972603
0.972211
0.97183
0.971458
0.971098
0.970747
0.97041
0.970088
0.969778
0.969482
0.969207
0.968951
0.968713
0.968501
0.968313
0.968149
0.968017
0.967915
0.967842
0.967805
0.967798
0.967822
0.967873
0.967952
0.968045
0.96815
0.968252
0.968334
0.968374
0.968351
0.968223
0.967954
0.967491
0.966779
0.965742
0.964298
0.962345
0.959775
0.956448
0.952211
0.946887
0.940251
0.932049
0.921961
0.909598
0.894486
0.876054
0.853588
0.825993
0.790953
0.742768
0.66884
0.549276
0.373058
0.175454
0.0394678
0.73878
0.910353
0.934459
0.944635
0.95033
0.954878
0.95964
0.966036
0.974416
0.984402
0.993128
0.997083
0.998718
0.999402
0.998921
0.99682
0.993012
0.987789
0.981657
0.975167
0.968828
0.963051
0.958137
0.95427
0.951528
0.94991
0.949343
0.94945
0.950227
0.951566
0.953355
0.95548
0.957836
0.960328
0.962877
0.965416
0.967889
0.970259
0.972497
0.974578
0.976494
0.978236
0.979802
0.981194
0.982417
0.983478
0.984385
0.985145
0.985769
0.986266
0.986646
0.986919
0.987093
0.987177
0.98718
0.987109
0.986977
0.986786
0.986546
0.986263
0.985941
0.98559
0.985214
0.984818
0.984404
0.98398
0.983547
0.983108
0.982667
0.982227
0.981789
0.981353
0.980922
0.9805
0.980084
0.979673
0.979275
0.978881
0.9785
0.978123
0.97776
0.977403
0.977057
0.976719
0.976392
0.976066
0.975746
0.975434
0.975125
0.974824
0.974528
0.97424
0.973961
0.97369
0.973428
0.973177
0.972936
0.972708
0.972495
0.972293
0.972105
0.971933
0.971771
0.971624
0.971486
0.971357
0.971231
0.971101
0.970963
0.970803
0.970609
0.97036
0.97004
0.969619
0.969064
0.968335
0.967386
0.966158
0.964584
0.962588
0.96008
0.956953
0.953087
0.948346
0.942558
0.935524
0.927013
0.916726
0.904302
0.889294
0.871163
0.84921
0.822351
0.788312
0.741634
0.670343
0.555085
0.383311
0.185618
0.0437423
0.779946
0.918364
0.938173
0.946494
0.951427
0.955668
0.960411
0.966568
0.975342
0.985984
0.995052
0.998249
0.999336
0.999725
0.998653
0.995379
0.98986
0.982587
0.974285
0.965695
0.957458
0.950081
0.943913
0.939157
0.935887
0.934074
0.9336
0.93392
0.935109
0.937019
0.939496
0.942386
0.94555
0.94887
0.952243
0.955585
0.958833
0.96194
0.964869
0.967599
0.97012
0.972424
0.974512
0.976388
0.97806
0.979537
0.980831
0.981949
0.982908
0.983719
0.984392
0.984941
0.985375
0.985706
0.985943
0.986096
0.986174
0.986185
0.986138
0.98604
0.985896
0.985715
0.985501
0.985259
0.984995
0.984712
0.984414
0.984106
0.98379
0.983466
0.983139
0.982813
0.982485
0.982158
0.981833
0.981511
0.981191
0.980877
0.980566
0.98026
0.979959
0.979665
0.979375
0.97909
0.978809
0.978529
0.978249
0.977974
0.977697
0.977425
0.977151
0.976881
0.976612
0.976349
0.976085
0.975825
0.975567
0.975312
0.975061
0.974809
0.974561
0.974313
0.97406
0.973806
0.973544
0.973271
0.97298
0.972664
0.972313
0.971916
0.971458
0.970923
0.970286
0.96952
0.968592
0.967467
0.966097
0.964429
0.9624
0.959937
0.956959
0.953367
0.949055
0.943888
0.937713
0.930352
0.921578
0.911112
0.898614
0.883658
0.865727
0.844138
0.817809
0.784488
0.738865
0.669405
0.557262
0.389091
0.192233
0.046804
0.809638
0.924426
0.941151
0.9477
0.951997
0.956002
0.960797
0.967009
0.975886
0.987185
0.996644
0.999049
0.999694
0.999889
0.998103
0.993309
0.985617
0.97582
0.964923
0.95388
0.943476
0.934309
0.926779
0.921108
0.917356
0.915449
0.914967
0.915654
0.917453
0.920151
0.923533
0.927398
0.931565
0.935882
0.940226
0.944498
0.948625
0.952555
0.956251
0.959693
0.962868
0.965777
0.96842
0.970808
0.97295
0.97486
0.976554
0.978045
0.979346
0.980474
0.981446
0.98227
0.982963
0.983536
0.984001
0.98437
0.984651
0.984855
0.98499
0.985065
0.985085
0.985059
0.984994
0.984891
0.98476
0.984605
0.984427
0.984231
0.984023
0.983801
0.98357
0.983331
0.983087
0.982839
0.982588
0.982335
0.982082
0.981826
0.981571
0.981318
0.981062
0.980809
0.980558
0.98031
0.98006
0.979808
0.979555
0.979298
0.97904
0.978778
0.978514
0.978247
0.977975
0.977703
0.977426
0.977145
0.976857
0.976566
0.976268
0.975962
0.975649
0.975319
0.974979
0.97462
0.974235
0.973825
0.973379
0.97289
0.972347
0.971736
0.971041
0.970247
0.969328
0.968256
0.967007
0.965535
0.963799
0.961749
0.959327
0.956464
0.953085
0.949099
0.944406
0.938883
0.932386
0.924743
0.915742
0.905114
0.892533
0.877594
0.859789
0.838454
0.812507
0.779694
0.734792
0.666579
0.556667
0.391414
0.195974
0.0487918
0.831762
0.928761
0.942852
0.948345
0.952083
0.955864
0.960746
0.967329
0.976114
0.987996
0.997923
0.999551
0.999881
0.999963
0.997262
0.990513
0.980119
0.967289
0.953364
0.939524
0.926699
0.915575
0.906606
0.90003
0.895886
0.894042
0.893661
0.894917
0.897546
0.901257
0.905766
0.910811
0.916164
0.921639
0.927088
0.932401
0.937498
0.942321
0.94684
0.951037
0.954902
0.95844
0.961659
0.964573
0.967197
0.969548
0.971646
0.97351
0.975156
0.976603
0.977866
0.978965
0.979913
0.980725
0.981413
0.981991
0.982465
0.982853
0.98316
0.983396
0.983572
0.983689
0.983759
0.983787
0.983776
0.983733
0.983662
0.983566
0.98345
0.983315
0.983166
0.983002
0.982829
0.982643
0.982453
0.982254
0.982049
0.98184
0.981628
0.981411
0.98119
0.980967
0.980741
0.980512
0.98028
0.980044
0.979801
0.979553
0.979299
0.979037
0.978769
0.978492
0.978209
0.977917
0.977616
0.977304
0.976981
0.976646
0.976296
0.97593
0.975544
0.975137
0.974704
0.97424
0.973741
0.973197
0.972607
0.971954
0.971232
0.970424
0.969515
0.968486
0.967313
0.965973
0.964431
0.962653
0.960597
0.958214
0.955452
0.952246
0.948523
0.944201
0.939183
0.933357
0.926581
0.918697
0.909497
0.898718
0.886048
0.871094
0.853368
0.83221
0.806533
0.774073
0.729647
0.662245
0.553915
0.391043
0.197411
0.0498697
0.848524
0.931811
0.943748
0.948469
0.951677
0.955241
0.960213
0.967188
0.976323
0.988399
0.998898
0.99983
0.999964
0.99999
0.996104
0.986877
0.973201
0.956817
0.939445
0.922492
0.907019
0.89379
0.883325
0.875888
0.871496
0.869935
0.870016
0.872108
0.875843
0.880829
0.8867
0.893125
0.899827
0.906587
0.91324
0.919668
0.925784
0.931542
0.936905
0.941868
0.94643
0.9506
0.954393
0.957828
0.960928
0.963716
0.966211
0.968439
0.970421
0.972179
0.973729
0.975093
0.976286
0.977326
0.978227
0.979001
0.979666
0.980225
0.980697
0.981084
0.981402
0.981652
0.981846
0.98199
0.982089
0.982147
0.98217
0.982161
0.982127
0.982067
0.981986
0.981885
0.98177
0.981637
0.981493
0.981338
0.981172
0.980996
0.980812
0.98062
0.980423
0.980215
0.980002
0.979786
0.97956
0.97933
0.979087
0.978836
0.978574
0.978303
0.978019
0.977726
0.977418
0.9771
0.976767
0.976417
0.976052
0.975665
0.975259
0.974826
0.974368
0.97388
0.973352
0.972788
0.972175
0.971506
0.970774
0.969971
0.96908
0.968088
0.966982
0.96574
0.964338
0.962751
0.960951
0.958901
0.956562
0.95389
0.950829
0.947323
0.943303
0.938691
0.933398
0.927309
0.920299
0.912205
0.902823
0.891906
0.879145
0.86416
0.846476
0.825439
0.799953
0.767727
0.723584
0.656677
0.549441
0.388548
0.197017
0.0502007
0.861319
0.933894
0.944048
0.948035
0.95078
0.954099
0.95916
0.96657
0.976418
0.988475
0.999573
0.999956
0.999992
0.999998
0.994587
0.982287
0.964713
0.944269
0.923072
0.902731
0.884405
0.868932
0.856917
0.848699
0.844278
0.84305
0.843956
0.847322
0.85261
0.859277
0.86684
0.874893
0.883118
0.891276
0.899197
0.906765
0.913907
0.920583
0.926772
0.932475
0.937703
0.942474
0.946811
0.95074
0.954287
0.957486
0.960357
0.962928
0.965225
0.967272
0.969093
0.970709
0.972132
0.973389
0.97449
0.97545
0.976286
0.977011
0.97763
0.978159
0.978605
0.978978
0.979285
0.979534
0.979728
0.979877
0.979981
0.980049
0.980084
0.980087
0.980063
0.980016
0.979948
0.979858
0.97975
0.979627
0.979488
0.979335
0.979169
0.978993
0.978807
0.978608
0.978399
0.97818
0.977952
0.977717
0.977464
0.977201
0.976924
0.976635
0.97633
0.976008
0.975673
0.975318
0.974945
0.974553
0.974136
0.973695
0.973226
0.972726
0.972191
0.971618
0.971001
0.970335
0.969608
0.968817
0.967953
0.967003
0.965956
0.964793
0.963504
0.962064
0.960454
0.958647
0.956615
0.95432
0.951731
0.948801
0.94548
0.941715
0.93744
0.93258
0.927048
0.920739
0.913524
0.905241
0.895702
0.884654
0.871803
0.856772
0.839109
0.818158
0.792804
0.760723
0.716721
0.650064
0.543569
0.38437
0.195176
0.0499326
0.871072
0.935175
0.94377
0.946971
0.949374
0.952407
0.957536
0.965411
0.976034
0.988544
0.999941
0.999996
1
1
0.992662
0.97663
0.954537
0.929568
0.904233
0.880287
0.858926
0.841049
0.827408
0.818517
0.814383
0.812971
0.815329
0.820693
0.828229
0.837159
0.846851
0.856822
0.866736
0.876364
0.88556
0.894238
0.902345
0.90987
0.916806
0.923176
0.928998
0.934305
0.939124
0.94349
0.947434
0.950996
0.954201
0.95708
0.959661
0.961971
0.964033
0.965872
0.967506
0.968955
0.970237
0.971366
0.972359
0.973227
0.973983
0.974639
0.975202
0.975683
0.97609
0.976431
0.976711
0.976935
0.977111
0.977245
0.977337
0.977392
0.977416
0.977409
0.977376
0.977318
0.977235
0.977135
0.977014
0.976875
0.976718
0.976549
0.976363
0.976162
0.975948
0.975724
0.975484
0.975232
0.974965
0.97468
0.974378
0.974062
0.973725
0.973371
0.972999
0.972602
0.972185
0.97174
0.97127
0.970768
0.970235
0.969663
0.96905
0.968392
0.967682
0.966912
0.966076
0.965168
0.964175
0.963087
0.96189
0.960571
0.959109
0.95749
0.955689
0.953681
0.951438
0.948929
0.94612
0.942963
0.939414
0.935426
0.93093
0.925857
0.920121
0.913622
0.906228
0.897785
0.888102
0.87693
0.863988
0.848913
0.831254
0.810358
0.785099
0.753103
0.709135
0.642547
0.536538
0.378839
0.192195
0.0491923
0.878395
0.935817
0.943046
0.945495
0.947436
0.950117
0.955284
0.963655
0.975161
0.988608
1
0.999999
0.999998
0.999999
0.990284
0.969811
0.942591
0.912713
0.883028
0.855344
0.830791
0.81028
0.794819
0.785373
0.781979
0.781799
0.786281
0.794271
0.804566
0.81612
0.828147
0.840117
0.851702
0.862715
0.873065
0.882703
0.89163
0.899854
0.9074
0.914305
0.920603
0.926337
0.931543
0.936262
0.94053
0.944389
0.947868
0.950998
0.953816
0.956347
0.958612
0.960641
0.962453
0.964068
0.965502
0.966777
0.967905
0.968899
0.969773
0.970536
0.9712
0.971772
0.972265
0.972685
0.973033
0.973325
0.973559
0.973744
0.973882
0.973978
0.974036
0.974058
0.974052
0.974014
0.973949
0.973859
0.973744
0.973611
0.973454
0.973281
0.973087
0.972879
0.972651
0.972409
0.97215
0.971876
0.97158
0.971268
0.970936
0.970586
0.970214
0.969818
0.9694
0.968958
0.968488
0.967989
0.967457
0.966894
0.96629
0.965642
0.964951
0.964204
0.9634
0.962532
0.961588
0.960564
0.959449
0.958226
0.956891
0.955421
0.953802
0.952016
0.950039
0.947851
0.945421
0.94272
0.939712
0.936359
0.932617
0.928434
0.92375
0.918496
0.912586
0.905921
0.898374
0.889785
0.879971
0.868691
0.855662
0.84054
0.822877
0.802032
0.776841
0.744882
0.700871
0.634225
0.528518
0.372212
0.188315
0.0480862
0.883723
0.93593
0.941925
0.943567
0.944935
0.947186
0.95234
0.961231
0.973742
0.988389
1
1
0.999998
0.999997
0.987421
0.961743
0.928836
0.893793
0.859705
0.828285
0.800414
0.776897
0.759127
0.749209
0.745176
0.747824
0.756569
0.769036
0.783266
0.797974
0.81242
0.826229
0.839209
0.851298
0.86249
0.872806
0.882284
0.890974
0.898922
0.906177
0.912791
0.918806
0.924272
0.929229
0.933724
0.937791
0.941464
0.944784
0.947775
0.95047
0.952891
0.955066
0.957016
0.958762
0.960322
0.961708
0.962942
0.964037
0.965004
0.965854
0.966597
0.967244
0.967803
0.968283
0.96869
0.96903
0.969307
0.969528
0.969701
0.969825
0.969909
0.96995
0.969954
0.969926
0.969867
0.969779
0.969663
0.969523
0.969358
0.969172
0.968963
0.968733
0.968485
0.968216
0.96793
0.967626
0.967298
0.96695
0.96658
0.966186
0.965771
0.965329
0.964861
0.964364
0.963838
0.963277
0.962684
0.962049
0.96137
0.960648
0.959871
0.959039
0.958139
0.957171
0.956121
0.954986
0.953749
0.952401
0.950931
0.949321
0.947557
0.945617
0.943482
0.941131
0.938535
0.935664
0.932485
0.928963
0.925055
0.920707
0.915861
0.910456
0.904399
0.897592
0.889908
0.881192
0.871258
0.859873
0.846767
0.831604
0.813948
0.793147
0.768009
0.736058
0.69195
0.625154
0.519638
0.364677
0.183722
0.0466997
0.887335
0.935591
0.940417
0.941048
0.941579
0.94357
0.948639
0.958061
0.971701
0.987833
0.999997
0.999997
0.999998
0.999996
0.984038
0.952345
0.91328
0.873022
0.834731
0.799823
0.768628
0.741552
0.720251
0.709455
0.705892
0.714849
0.73109
0.74974
0.768226
0.785642
0.801794
0.816693
0.830395
0.842975
0.854511
0.865078
0.874749
0.883595
0.891677
0.89905
0.905775
0.911905
0.917477
0.922541
0.927139
0.931313
0.935094
0.938514
0.941606
0.944399
0.946918
0.949187
0.951227
0.953059
0.954701
0.956169
0.957478
0.958641
0.959673
0.960584
0.961383
0.96208
0.962688
0.963208
0.963649
0.964022
0.964327
0.964571
0.964762
0.964899
0.964991
0.965039
0.965045
0.965015
0.96495
0.964854
0.964724
0.964567
0.964385
0.964174
0.963942
0.963683
0.963404
0.963102
0.96278
0.962436
0.962066
0.961675
0.96126
0.960818
0.960349
0.959854
0.959329
0.958773
0.958185
0.95756
0.956895
0.956188
0.955434
0.954628
0.953767
0.952843
0.95185
0.950783
0.949628
0.948383
0.94703
0.945562
0.943965
0.942225
0.940326
0.938247
0.935971
0.933474
0.930729
0.927712
0.924387
0.920721
0.916666
0.912184
0.907207
0.901669
0.895485
0.888555
0.88075
0.871919
0.861873
0.850399
0.837228
0.822038
0.804399
0.783652
0.758572
0.726612
0.682374
0.615372
0.509986
0.356374
0.178559
0.0450988
0.889385
0.93488
0.938606
0.938044
0.937447
0.939243
0.944112
0.954047
0.968942
0.986924
1
1
0.999998
1
0.980102
0.94153
0.895985
0.850789
0.808912
0.771263
0.737204
0.706161
0.678672
0.657455
0.666243
0.695857
0.7228
0.743772
0.763107
0.781005
0.797616
0.812388
0.825878
0.838204
0.849486
0.859817
0.869275
0.877932
0.885854
0.893097
0.899718
0.90576
0.911277
0.916296
0.92087
0.925029
0.928812
0.932244
0.935355
0.938176
0.940721
0.943023
0.945099
0.946968
0.948647
0.950152
0.951496
0.952696
0.953759
0.954701
0.955528
0.956251
0.956878
0.957416
0.957875
0.958257
0.958571
0.958821
0.959012
0.959148
0.959235
0.959273
0.959267
0.959222
0.959139
0.959018
0.958865
0.958682
0.958468
0.958226
0.957958
0.957661
0.957342
0.956997
0.956629
0.956237
0.955819
0.955375
0.954906
0.954407
0.95388
0.953325
0.952737
0.952115
0.951457
0.950759
0.95002
0.949234
0.948401
0.947511
0.946562
0.945545
0.944457
0.943289
0.942032
0.940676
0.939215
0.937631
0.935917
0.934056
0.932032
0.929827
0.927424
0.9248
0.92193
0.918785
0.91534
0.911551
0.907381
0.902781
0.897692
0.892043
0.88575
0.878712
0.870798
0.861861
0.851723
0.840171
0.826951
0.811755
0.794154
0.773477
0.748468
0.716511
0.672126
0.604885
0.499611
0.347395
0.172926
0.0433321
0.889897
0.933909
0.936731
0.934966
0.933151
0.934197
0.938717
0.949092
0.965327
0.985621
0.999998
1
1
0.999998
0.975566
0.92917
0.877084
0.827754
0.783654
0.745082
0.710193
0.677443
0.644171
0.664008
0.68261
0.707089
0.729631
0.748695
0.766403
0.782852
0.798075
0.811762
0.824323
0.835868
0.846695
0.856997
0.865871
0.874014
0.881492
0.888357
0.894654
0.900428
0.905712
0.910541
0.914954
0.918984
0.922655
0.925995
0.92904
0.931802
0.934306
0.936573
0.938623
0.940473
0.942137
0.943631
0.944969
0.946162
0.947222
0.94816
0.94898
0.949698
0.950321
0.95085
0.951299
0.951672
0.951971
0.952205
0.952378
0.952494
0.952556
0.95257
0.952537
0.95246
0.952344
0.95219
0.951999
0.951775
0.951521
0.951235
0.950918
0.950575
0.950203
0.949806
0.949382
0.948932
0.948454
0.947951
0.947417
0.946854
0.946258
0.945634
0.944974
0.944279
0.943545
0.94277
0.941948
0.941081
0.94016
0.939182
0.93814
0.93703
0.935844
0.934577
0.933217
0.931758
0.93019
0.928498
0.926673
0.924701
0.922565
0.920249
0.917733
0.915
0.912022
0.908775
0.905223
0.901335
0.897069
0.892372
0.887189
0.881444
0.875052
0.867913
0.859901
0.850873
0.840655
0.829049
0.815805
0.800636
0.78311
0.762547
0.737632
0.705689
0.661163
0.59369
0.48853
0.337794
0.166886
0.0414315
0.88873
0.932747
0.935062
0.932145
0.928625
0.928384
0.932476
0.943101
0.960666
0.983859
0.999998
1
1
0.999999
0.970363
0.915077
0.856842
0.805078
0.761457
0.726033
0.697069
0.686842
0.689537
0.697071
0.710914
0.728173
0.745123
0.7608
0.775699
0.789716
0.802778
0.814757
0.825882
0.836243
0.846026
0.855297
0.863399
0.871455
0.878458
0.884739
0.890526
0.895849
0.900744
0.905239
0.909362
0.913138
0.916592
0.919746
0.922622
0.925242
0.92763
0.929792
0.931752
0.933521
0.935116
0.936547
0.937829
0.93897
0.939984
0.940877
0.941659
0.942339
0.94292
0.943415
0.943824
0.944159
0.944421
0.944615
0.944747
0.944821
0.944841
0.94481
0.944732
0.944608
0.944445
0.94424
0.943997
0.943719
0.943408
0.943063
0.942689
0.942284
0.94185
0.941388
0.940896
0.940377
0.93983
0.939251
0.938644
0.938006
0.937336
0.93663
0.935891
0.935111
0.934293
0.933432
0.932523
0.931565
0.930552
0.929479
0.928341
0.927136
0.92585
0.924481
0.923023
0.921462
0.919788
0.917995
0.916067
0.913994
0.911759
0.909344
0.906736
0.903908
0.900841
0.897504
0.893871
0.889901
0.885551
0.880771
0.875501
0.869671
0.86319
0.85596
0.84786
0.838755
0.828477
0.816842
0.803623
0.788524
0.771129
0.750725
0.725967
0.694076
0.649435
0.581742
0.476734
0.327582
0.160463
0.0394124
0.886617
0.930443
0.933642
0.930479
0.924355
0.920715
0.925588
0.936057
0.954687
0.981522
0.999997
0.999998
1
0.999998
0.964341
0.898961
0.835795
0.78486
0.746836
0.726781
0.718043
0.717642
0.722213
0.729008
0.739523
0.751834
0.764383
0.77661
0.788448
0.799747
0.810417
0.820415
0.829843
0.838747
0.847198
0.855161
0.862352
0.869416
0.875642
0.882025
0.887144
0.891872
0.896246
0.900277
0.903986
0.907398
0.910526
0.913397
0.916022
0.918417
0.920601
0.922582
0.924382
0.926008
0.927471
0.928785
0.929958
0.931
0.931919
0.932726
0.933426
0.934029
0.934537
0.93496
0.935301
0.935567
0.935763
0.935891
0.935958
0.935966
0.935921
0.935826
0.935679
0.935491
0.935258
0.934984
0.934672
0.934322
0.933941
0.933523
0.933073
0.932591
0.932079
0.931537
0.930964
0.930362
0.92973
0.929066
0.928373
0.927646
0.926884
0.926088
0.925255
0.924384
0.923469
0.92251
0.921504
0.920447
0.919333
0.91816
0.916924
0.915613
0.914229
0.912758
0.9112
0.909538
0.907768
0.90588
0.903859
0.901693
0.89937
0.896872
0.894181
0.891277
0.888131
0.884721
0.881014
0.876969
0.872544
0.867689
0.862337
0.856421
0.849855
0.842541
0.834371
0.825211
0.814911
0.803303
0.790168
0.775222
0.75804
0.737883
0.713343
0.681567
0.636859
0.568984
0.464179
0.316728
0.153641
0.0372714
0.884404
0.925909
0.93146
0.929397
0.923857
0.916066
0.918808
0.928135
0.947014
0.978424
1
0.999999
1
0.999997
0.957247
0.88037
0.81515
0.771098
0.753753
0.746119
0.744997
0.748132
0.751739
0.758049
0.766149
0.775139
0.784385
0.793585
0.802601
0.811321
0.819686
0.827678
0.835319
0.842616
0.849571
0.856141
0.862254
0.868171
0.873564
0.879032
0.883954
0.8882
0.89195
0.895414
0.898608
0.901553
0.904267
0.906759
0.909038
0.911129
0.91303
0.91476
0.916325
0.917741
0.919008
0.920145
0.921151
0.922043
0.922819
0.923491
0.924065
0.924546
0.924939
0.925253
0.925488
0.925652
0.925749
0.925782
0.925753
0.925669
0.925531
0.925345
0.925107
0.924827
0.924503
0.92414
0.923736
0.923294
0.92282
0.922307
0.921764
0.921186
0.920576
0.919936
0.919262
0.918558
0.917824
0.917058
0.916258
0.915425
0.914558
0.913655
0.912713
0.911732
0.91071
0.909641
0.908524
0.907358
0.906134
0.904852
0.903508
0.902092
0.900602
0.899033
0.897372
0.895614
0.893752
0.891773
0.889665
0.887416
0.885015
0.882439
0.879674
0.876697
0.873481
0.869998
0.866217
0.862098
0.857591
0.852652
0.847218
0.841219
0.834574
0.827198
0.81899
0.809827
0.799578
0.788083
0.775134
0.760454
0.743608
0.723813
0.699604
0.668036
0.623334
0.555333
0.450781
0.305146
0.146357
0.0349837
0.881938
0.918937
0.927442
0.927659
0.924206
0.919219
0.915147
0.920116
0.937099
0.974305
1
1
1
1
0.948619
0.858663
0.797809
0.777591
0.771015
0.770067
0.772353
0.774516
0.778611
0.783988
0.790137
0.796676
0.803355
0.810033
0.816627
0.823079
0.829354
0.835435
0.841309
0.846968
0.852397
0.857573
0.862492
0.867223
0.871679
0.876107
0.88016
0.884215
0.887415
0.890238
0.892834
0.895229
0.897437
0.899465
0.901325
0.90302
0.904567
0.905967
0.907227
0.908361
0.909371
0.910261
0.911043
0.91172
0.912298
0.912783
0.91318
0.913492
0.913723
0.913884
0.913973
0.913994
0.913951
0.913848
0.913689
0.913478
0.913214
0.912903
0.912543
0.912142
0.911695
0.911211
0.910686
0.910126
0.909528
0.908896
0.90823
0.907529
0.906797
0.90603
0.905231
0.904401
0.903538
0.902643
0.901715
0.900753
0.899758
0.898725
0.897656
0.896548
0.895397
0.894202
0.892963
0.891673
0.890331
0.88893
0.88747
0.885943
0.884345
0.88267
0.880906
0.879053
0.877095
0.875025
0.872828
0.870496
0.86801
0.865351
0.862502
0.859442
0.85614
0.85257
0.8487
0.844488
0.839891
0.834863
0.829347
0.823281
0.816598
0.809211
0.801041
0.791981
0.781908
0.770675
0.758087
0.743856
0.727524
0.708271
0.684553
0.653328
0.608735
0.540672
0.436408
0.292674
0.13848
0.0325153
0.878928
0.909304
0.920119
0.92325
0.922644
0.92037
0.918485
0.914959
0.924106
0.968689
1
1
0.999999
1
0.937652
0.83305
0.797678
0.79241
0.79222
0.793934
0.795557
0.798487
0.802207
0.80639
0.810828
0.81539
0.819997
0.824598
0.829164
0.833664
0.838085
0.842409
0.846624
0.850716
0.854679
0.858497
0.862173
0.865723
0.869133
0.872466
0.875593
0.878748
0.881899
0.883996
0.885915
0.887681
0.889305
0.89079
0.892143
0.893369
0.894477
0.895468
0.896352
0.897126
0.897802
0.898381
0.898866
0.899264
0.899577
0.899811
0.899969
0.900052
0.900068
0.900017
0.899904
0.89973
0.899498
0.899212
0.898872
0.898482
0.898047
0.897564
0.897037
0.896469
0.895859
0.895209
0.894523
0.893799
0.89304
0.892244
0.891415
0.890554
0.889658
0.88873
0.887767
0.886775
0.88575
0.884692
0.883605
0.882484
0.881333
0.880144
0.878921
0.87766
0.87636
0.87502
0.873637
0.872207
0.870728
0.869194
0.867601
0.865946
0.864222
0.862424
0.860541
0.858568
0.856491
0.854304
0.851992
0.849542
0.846938
0.844162
0.841194
0.838013
0.834594
0.830911
0.82693
0.822619
0.817942
0.812855
0.807313
0.801266
0.794651
0.787408
0.779458
0.770717
0.761064
0.750366
0.738419
0.724925
0.709385
0.690936
0.667942
0.637252
0.592905
0.524843
0.420834
0.278977
0.129704
0.029831
0.874646
0.896412
0.907641
0.913185
0.915434
0.915753
0.915036
0.913784
0.907864
0.960599
0.999999
1
1
1
0.922552
0.811392
0.809534
0.810445
0.811728
0.813262
0.815525
0.818143
0.82092
0.823767
0.826642
0.82953
0.832416
0.835293
0.838151
0.840984
0.843783
0.846536
0.849239
0.851883
0.854462
0.856965
0.8594
0.861762
0.864047
0.866266
0.868404
0.87058
0.873254
0.874736
0.875935
0.877004
0.877963
0.878821
0.879583
0.880251
0.880832
0.881323
0.881728
0.882054
0.882305
0.882475
0.882574
0.882605
0.882563
0.882458
0.882291
0.882063
0.881776
0.881432
0.881032
0.880583
0.880083
0.879534
0.878938
0.878296
0.877613
0.876885
0.876118
0.875312
0.874466
0.873586
0.872669
0.871717
0.87073
0.869711
0.868659
0.867574
0.86646
0.865313
0.864136
0.862928
0.861689
0.860423
0.859125
0.857798
0.85644
0.855047
0.853621
0.852161
0.850663
0.849126
0.847545
0.845919
0.844244
0.842517
0.840731
0.838884
0.836965
0.834974
0.832898
0.830734
0.828468
0.826094
0.823599
0.820972
0.818199
0.815265
0.812155
0.808852
0.805336
0.801588
0.797584
0.793297
0.7887
0.783761
0.778448
0.772715
0.766519
0.759806
0.752501
0.744531
0.735773
0.726091
0.715262
0.702961
0.688649
0.671393
0.649458
0.61957
0.575648
0.507605
0.403644
0.263316
0.119105
0.0266228
0.865621
0.878414
0.886857
0.892479
0.896173
0.898464
0.899575
0.898949
0.898094
0.944793
1
1
0.999998
1
0.896702
0.817667
0.818667
0.819621
0.820921
0.822398
0.823918
0.825421
0.826902
0.828368
0.829822
0.831269
0.832709
0.834137
0.835555
0.836953
0.838334
0.839687
0.84101
0.842305
0.84356
0.844775
0.845956
0.847093
0.848189
0.849255
0.850306
0.851419
0.853001
0.85369
0.854054
0.854302
0.85447
0.854557
0.854576
0.854533
0.854423
0.854247
0.854016
0.853722
0.85337
0.85296
0.852499
0.851982
0.851411
0.850789
0.850119
0.849397
0.848631
0.847814
0.846956
0.846051
0.845105
0.844118
0.843088
0.84202
0.840913
0.839769
0.838588
0.837369
0.836116
0.83483
0.83351
0.832155
0.830769
0.829348
0.827897
0.826414
0.824899
0.82335
0.821769
0.820155
0.818523
0.816873
0.815203
0.813516
0.811807
0.810077
0.808324
0.806547
0.804743
0.802913
0.801055
0.799165
0.797243
0.795287
0.793294
0.79126
0.789182
0.787058
0.784885
0.782656
0.780368
0.778016
0.775594
0.773095
0.77051
0.767833
0.765055
0.762162
0.759144
0.755985
0.75267
0.749179
0.745486
0.741568
0.737392
0.73292
0.728106
0.722893
0.717209
0.710961
0.704026
0.696235
0.687343
0.676991
0.66458
0.6491
0.628713
0.60001
0.556736
0.488679
0.384275
0.244517
0.104669
0.0204777
)
;

boundaryField
{
    walls
    {
        type            zeroGradient;
    }
    top
    {
        type            zeroGradient;
    }
    bottom
    {
        type            zeroGradient;
    }
    frontAndBack
    {
        type            empty;
    }
    inlet
    {
        type            uniformFixedValue;
        uniformValue    
        {
            type            constant;
            value           1;
        }
        value           uniform 1;
    }
    outlet
    {
        type            zeroGradient;
    }
}


// ************************************************************************* //
