/*--------------------------------*- C++ -*----------------------------------*\
  =========                 |
  \\      /  F ield         | OpenFOAM: The Open Source CFD Toolbox
   \\    /   O peration     | Website:  https://openfoam.org
    \\  /    A nd           | Version:  12
     \\/     M anipulation  |
\*---------------------------------------------------------------------------*/
FoamFile
{
    format      ascii;
    class       volScalarField;
    location    "350";
    object      T;
}
// * * * * * * * * * * * * * * * * * * * * * * * * * * * * * * * * * * * * * //

dimensions      [];

internalField   nonuniform List<scalar> 
4480
(
1.23287e-07
1.03391e-05
0.00347137
0.0414387
0.126715
0.23089
0.332536
0.422425
0.498273
0.560826
0.611873
0.653356
0.687029
0.714371
0.736576
0.754596
0.769183
0.780933
0.790311
0.797686
0.803355
0.807553
0.810466
0.812243
0.813006
0.812854
0.811868
0.81043
0.808974
0.807491
0.805978
0.804423
0.802819
0.801158
0.799431
0.797632
0.79575
0.793778
0.791703
0.789519
0.787218
0.784782
0.782202
0.77947
0.776571
0.77349
0.770214
0.766733
0.763026
0.759077
0.754876
0.750407
0.745644
0.740575
0.735181
0.72944
0.72334
0.716862
0.709979
0.702678
0.694934
0.686732
0.678047
0.668864
0.659154
0.648906
0.638086
0.626684
0.614657
0.601996
0.588655
0.574607
0.559808
0.544213
0.527769
0.510419
0.492105
0.472768
0.452362
0.430856
0.408251
0.384587
0.359951
0.334613
0.308809
0.282811
0.256933
0.231513
0.206899
0.183421
0.161375
0.141004
0.122486
0.105929
0.0913688
0.0787761
0.0680672
0.059115
0.0517655
0.0458499
0.0411982
0.0376498
0.0350615
0.0333146
0.0323168
0.0320065
0.0323535
0.0333599
0.035062
0.0375324
0.0408825
0.0452674
0.0508902
0.0580091
0.06694
0.0780623
0.091813
0.108681
0.129201
0.154005
0.184128
0.221586
0.269744
0.336148
0.448713
0.629257
0.770692
0.890518
0.869387
0.695754
0.550331
0.373398
0.244672
0.161375
0.101869
0.0595365
0.0307741
0.0128787
0.00364047
0.000386198
5.69131e-08
0.000460267
0.031024
0.157769
0.324701
0.475885
0.594857
0.683402
0.748077
0.795292
0.830058
0.855991
0.875621
0.890685
0.902377
0.91154
0.91876
0.924459
0.928943
0.932444
0.935132
0.937131
0.938546
0.939448
0.939901
0.939946
0.939622
0.938799
0.937402
0.935484
0.933101
0.930304
0.927147
0.923675
0.91993
0.915955
0.911786
0.907453
0.90298
0.898394
0.893714
0.888955
0.884124
0.879234
0.874291
0.869293
0.864244
0.859139
0.853974
0.848743
0.843436
0.838052
0.832573
0.82699
0.821294
0.815468
0.809508
0.803394
0.797117
0.790667
0.784023
0.777185
0.77013
0.762853
0.755342
0.74759
0.739579
0.731298
0.722745
0.713907
0.70477
0.695326
0.685562
0.675468
0.665024
0.654223
0.643044
0.631467
0.619483
0.607064
0.594188
0.580842
0.566995
0.552655
0.537828
0.522498
0.506665
0.490342
0.473546
0.456323
0.438728
0.420839
0.40276
0.384615
0.36655
0.348724
0.331322
0.314529
0.298541
0.283554
0.269758
0.25733
0.246439
0.237236
0.229865
0.224451
0.221121
0.219997
0.221211
0.224904
0.231239
0.240398
0.252591
0.268047
0.287011
0.309736
0.336467
0.367441
0.402896
0.443136
0.488666
0.540309
0.599042
0.6657
0.740063
0.816302
0.881996
0.928329
0.904188
0.7905
0.67286
0.550929
0.433156
0.325362
0.230222
0.150064
0.0867559
0.041499
0.0142133
0.00233111
1.33458e-05
0.00554633
0.112582
0.326164
0.523972
0.667347
0.762702
0.824752
0.865494
0.892934
0.912045
0.925849
0.936153
0.944057
0.950241
0.955145
0.959061
0.962194
0.964692
0.966665
0.968202
0.969363
0.970205
0.970768
0.971083
0.971175
0.971063
0.970711
0.970074
0.96916
0.967975
0.966516
0.96479
0.962791
0.960532
0.958012
0.955245
0.952241
0.949013
0.945574
0.941942
0.938131
0.934159
0.930039
0.925785
0.921414
0.916934
0.912357
0.90769
0.902944
0.898124
0.893232
0.888271
0.883241
0.878149
0.872985
0.867756
0.862454
0.857077
0.851623
0.846087
0.840468
0.834756
0.828954
0.823054
0.817052
0.810946
0.80473
0.798399
0.791956
0.785384
0.778693
0.771872
0.76492
0.757826
0.750596
0.743223
0.735699
0.728022
0.720193
0.712199
0.704044
0.695716
0.687219
0.67855
0.669717
0.660719
0.651552
0.642214
0.63272
0.623073
0.613289
0.603393
0.593407
0.583375
0.573346
0.563382
0.55356
0.543977
0.534742
0.52598
0.51784
0.51049
0.504103
0.49888
0.495026
0.492751
0.492277
0.493827
0.497608
0.503822
0.512653
0.524258
0.538758
0.556232
0.576704
0.60015
0.62648
0.655557
0.687206
0.721213
0.757271
0.794839
0.832924
0.869902
0.903304
0.929889
0.945694
0.927766
0.853486
0.769533
0.675857
0.573447
0.465096
0.355288
0.250033
0.156431
0.0816991
0.0313737
0.00621915
0.000290074
0.0302665
0.251392
0.508831
0.689288
0.797349
0.859755
0.896467
0.919139
0.934109
0.944723
0.952729
0.959038
0.964131
0.968287
0.971687
0.974464
0.976716
0.978527
0.979966
0.981089
0.981945
0.982572
0.983006
0.983268
0.983378
0.983351
0.983177
0.982842
0.982351
0.981701
0.98089
0.979914
0.978766
0.977438
0.975927
0.974228
0.972334
0.970248
0.967967
0.965497
0.962842
0.960006
0.957001
0.953834
0.950517
0.947058
0.943471
0.939763
0.935949
0.932038
0.928036
0.923957
0.919803
0.915587
0.911312
0.906984
0.902604
0.898182
0.893715
0.889212
0.884667
0.880088
0.875476
0.870825
0.866141
0.861426
0.856672
0.851886
0.847062
0.8422
0.837303
0.832365
0.82739
0.822371
0.817309
0.812205
0.807061
0.80187
0.796631
0.791348
0.786024
0.780661
0.775237
0.769775
0.764276
0.758744
0.753191
0.74762
0.742039
0.736463
0.730908
0.725394
0.71994
0.714581
0.709341
0.704268
0.6994
0.694794
0.690515
0.686634
0.683229
0.680396
0.678233
0.676858
0.676381
0.676939
0.678657
0.681665
0.686091
0.69205
0.69964
0.708939
0.719992
0.732802
0.747337
0.763517
0.781211
0.80024
0.82037
0.841303
0.862635
0.883819
0.904107
0.922517
0.937806
0.948372
0.951984
0.939234
0.890049
0.830388
0.75996
0.67645
0.578826
0.468462
0.350159
0.232983
0.129485
0.0530077
0.011338
0.0024912
0.0974023
0.422886
0.670901
0.806305
0.874907
0.910589
0.930668
0.943291
0.952261
0.959296
0.965134
0.970063
0.974215
0.977672
0.98051
0.982814
0.984658
0.986111
0.98724
0.988102
0.988745
0.989209
0.989525
0.989721
0.989813
0.989816
0.989724
0.989522
0.989216
0.988803
0.988285
0.98766
0.986921
0.986066
0.985088
0.983979
0.982735
0.981348
0.979818
0.978135
0.976304
0.974318
0.972183
0.9699
0.967474
0.964912
0.962218
0.959402
0.956472
0.953437
0.950306
0.947089
0.943794
0.940432
0.937013
0.933541
0.930022
0.92647
0.922885
0.919276
0.915646
0.912004
0.908352
0.904687
0.901022
0.897353
0.893681
0.890013
0.886346
0.882681
0.879017
0.875359
0.871702
0.868051
0.8644
0.860755
0.857111
0.853465
0.849828
0.846191
0.842559
0.838935
0.835305
0.831681
0.828068
0.824468
0.820887
0.817336
0.813824
0.810362
0.806961
0.803642
0.800421
0.797318
0.79436
0.791578
0.789006
0.786676
0.784638
0.782931
0.78161
0.780735
0.780364
0.780562
0.781402
0.782949
0.785275
0.788449
0.792539
0.79759
0.803653
0.810749
0.818888
0.828049
0.83818
0.849208
0.861016
0.873452
0.886312
0.899344
0.912226
0.924542
0.935769
0.94525
0.952173
0.955462
0.953586
0.943122
0.909808
0.865614
0.812501
0.7469
0.664867
0.563486
0.443083
0.310695
0.181516
0.0774102
0.0169678
0.012004
0.218102
0.594541
0.791799
0.877604
0.915992
0.935296
0.946731
0.954822
0.961448
0.967309
0.97252
0.977037
0.980838
0.983944
0.986427
0.988369
0.989856
0.990973
0.991789
0.99237
0.99277
0.993037
0.993202
0.993294
0.99333
0.993323
0.993274
0.99315
0.992955
0.992689
0.99235
0.991937
0.991447
0.990874
0.990214
0.989464
0.988615
0.987664
0.986606
0.985436
0.984148
0.982741
0.981214
0.979566
0.977796
0.975907
0.973903
0.97179
0.969569
0.967251
0.964841
0.962349
0.959781
0.957145
0.954452
0.95171
0.948924
0.946103
0.943257
0.940394
0.937514
0.93463
0.931742
0.928857
0.925981
0.923112
0.920259
0.917425
0.914604
0.911805
0.909025
0.906268
0.903533
0.900818
0.898127
0.895455
0.892809
0.890185
0.887581
0.884999
0.882445
0.879916
0.877405
0.874909
0.872441
0.870004
0.8676
0.865235
0.862917
0.860658
0.858465
0.856352
0.854331
0.852421
0.85064
0.849009
0.847556
0.846299
0.845271
0.844509
0.844039
0.843907
0.844149
0.844804
0.84592
0.847531
0.849687
0.852422
0.855766
0.859752
0.864391
0.869689
0.875636
0.882206
0.889344
0.896983
0.905019
0.913325
0.92173
0.930028
0.937957
0.945197
0.95135
0.955931
0.958329
0.957743
0.953073
0.942759
0.919881
0.885215
0.843664
0.792034
0.72535
0.637534
0.523327
0.384418
0.234649
0.103252
0.0227704
0.0390634
0.378989
0.737359
0.867957
0.915485
0.936058
0.947229
0.954883
0.96125
0.967187
0.972836
0.977951
0.982307
0.985845
0.988617
0.990725
0.992273
0.993365
0.994092
0.994542
0.994787
0.99489
0.994904
0.994872
0.99482
0.994768
0.994724
0.994693
0.994625
0.99452
0.994377
0.994189
0.993952
0.993663
0.993316
0.992903
0.992422
0.991867
0.991232
0.990514
0.989708
0.988808
0.987815
0.986724
0.985536
0.984245
0.982855
0.981367
0.979785
0.97811
0.976347
0.974505
0.972585
0.970595
0.968544
0.966439
0.964285
0.962094
0.959872
0.957624
0.955359
0.953082
0.950802
0.948521
0.94625
0.943988
0.941739
0.93951
0.937301
0.935117
0.932956
0.930825
0.928716
0.92664
0.924592
0.922572
0.920579
0.918616
0.916684
0.914783
0.912907
0.911064
0.909256
0.907464
0.905701
0.903968
0.902265
0.900598
0.898971
0.89739
0.89586
0.89439
0.892992
0.89167
0.890442
0.889316
0.888315
0.887449
0.886737
0.886205
0.88587
0.885761
0.8859
0.886313
0.88703
0.888076
0.889478
0.891261
0.893445
0.896052
0.899088
0.90256
0.906463
0.910782
0.915481
0.920511
0.925811
0.931293
0.936842
0.942318
0.947545
0.952306
0.956342
0.959338
0.9609
0.960548
0.957664
0.95143
0.940784
0.923635
0.895838
0.861635
0.819607
0.765225
0.691337
0.588026
0.450081
0.285963
0.129408
0.0286625
0.096751
0.548891
0.834994
0.90856
0.933861
0.945926
0.953573
0.959728
0.965556
0.971464
0.977259
0.982395
0.986577
0.989794
0.992168
0.993842
0.994943
0.995583
0.995864
0.99588
0.995718
0.995456
0.99516
0.994875
0.994635
0.994461
0.99436
0.994329
0.994308
0.99429
0.994267
0.994231
0.994172
0.994084
0.993955
0.993779
0.993548
0.993257
0.992902
0.992472
0.991971
0.991388
0.990725
0.989978
0.989144
0.988227
0.987224
0.986135
0.984963
0.983713
0.982383
0.980981
0.979512
0.977981
0.976392
0.974753
0.973072
0.971354
0.969606
0.967836
0.966052
0.964253
0.962453
0.960654
0.958859
0.957077
0.955309
0.953562
0.951831
0.950126
0.948447
0.946796
0.94517
0.943577
0.942008
0.940471
0.938964
0.937486
0.936041
0.934623
0.933234
0.931881
0.930554
0.929258
0.927981
0.926733
0.925514
0.924326
0.923174
0.922066
0.920996
0.91998
0.919022
0.918125
0.917301
0.916562
0.915916
0.915378
0.914958
0.914674
0.914537
0.914571
0.914783
0.915201
0.915839
0.916711
0.917841
0.919235
0.920914
0.92288
0.925143
0.927693
0.930522
0.933612
0.93693
0.94043
0.944052
0.947718
0.951327
0.954763
0.957866
0.960462
0.962327
0.9632
0.962757
0.960605
0.956253
0.949085
0.938342
0.92313
0.901229
0.87177
0.835961
0.790233
0.728082
0.636955
0.505193
0.333054
0.154957
0.0346743
0.198373
0.693372
0.888154
0.927753
0.942969
0.951375
0.957499
0.96306
0.968826
0.97498
0.98104
0.986171
0.990081
0.992891
0.994807
0.996005
0.996613
0.99674
0.996497
0.995992
0.995334
0.994622
0.993933
0.99333
0.992853
0.992523
0.992345
0.992308
0.992333
0.992409
0.992521
0.992655
0.992795
0.992929
0.993042
0.99312
0.993156
0.993137
0.993058
0.992916
0.9927
0.992413
0.992048
0.991605
0.991082
0.99048
0.989797
0.989038
0.988203
0.987294
0.986316
0.985269
0.984162
0.982998
0.98178
0.980518
0.979213
0.977875
0.976508
0.975119
0.973716
0.972302
0.970881
0.969461
0.968047
0.96664
0.965249
0.963872
0.962513
0.961178
0.959866
0.958576
0.957314
0.956074
0.954865
0.953683
0.952528
0.951402
0.950302
0.949231
0.948184
0.94717
0.946182
0.945223
0.944279
0.943361
0.94247
0.941605
0.940771
0.939966
0.939202
0.938473
0.937795
0.937164
0.936591
0.936084
0.935649
0.93529
0.935027
0.934861
0.934811
0.93488
0.935085
0.935436
0.935947
0.936626
0.937489
0.938537
0.93978
0.941218
0.942856
0.944677
0.946676
0.948827
0.951101
0.95345
0.955828
0.958155
0.960347
0.962294
0.963864
0.964904
0.965219
0.964585
0.962733
0.959336
0.953996
0.946232
0.935475
0.921056
0.902228
0.877145
0.845395
0.805332
0.751886
0.671837
0.548924
0.374278
0.179213
0.0408799
0.344981
0.792629
0.910195
0.937088
0.948159
0.954841
0.960208
0.965554
0.971468
0.977998
0.984362
0.989389
0.992917
0.995252
0.996685
0.997381
0.997445
0.996976
0.9961
0.994954
0.993676
0.992395
0.991217
0.990218
0.989448
0.988928
0.98866
0.988611
0.988692
0.988881
0.989158
0.989498
0.989877
0.990273
0.990666
0.991039
0.991375
0.991662
0.991889
0.992051
0.99214
0.992153
0.992084
0.991936
0.991708
0.991401
0.991012
0.990547
0.990006
0.989396
0.988713
0.987968
0.987163
0.986301
0.985391
0.984438
0.983442
0.982415
0.981359
0.980278
0.979184
0.978077
0.976963
0.975847
0.974734
0.973627
0.972531
0.971448
0.970379
0.96933
0.968296
0.967287
0.966299
0.965335
0.964393
0.963474
0.962581
0.96171
0.960866
0.960042
0.959245
0.958472
0.957721
0.956998
0.956287
0.9556
0.954933
0.954286
0.953663
0.953069
0.952502
0.951966
0.951465
0.951006
0.950589
0.950221
0.949905
0.949652
0.949467
0.949352
0.949324
0.949381
0.949536
0.9498
0.950174
0.950667
0.951285
0.95203
0.952908
0.953913
0.955043
0.956286
0.957628
0.959047
0.960511
0.961979
0.963399
0.964707
0.965823
0.966647
0.967067
0.966939
0.966099
0.964351
0.961468
0.957167
0.951131
0.942963
0.932215
0.918342
0.900703
0.878525
0.85046
0.814073
0.766556
0.695324
0.581764
0.408798
0.201737
0.0473699
0.481548
0.850692
0.92424
0.942684
0.951504
0.95723
0.962174
0.967478
0.973648
0.980636
0.987296
0.9921
0.995148
0.996986
0.997933
0.998101
0.997545
0.99636
0.994697
0.992743
0.990684
0.988691
0.986902
0.985419
0.984294
0.983554
0.98319
0.983134
0.983291
0.98363
0.984118
0.984717
0.985393
0.986113
0.986847
0.98757
0.98826
0.988901
0.989481
0.989985
0.99041
0.99075
0.991
0.99116
0.991232
0.991216
0.991114
0.99093
0.990666
0.990327
0.989916
0.989439
0.988902
0.988307
0.98766
0.986966
0.986234
0.985467
0.984668
0.983847
0.983007
0.982152
0.981288
0.980421
0.979551
0.978685
0.977827
0.976974
0.976136
0.975309
0.974501
0.973709
0.972933
0.972177
0.971437
0.970722
0.970024
0.969347
0.968689
0.968048
0.967429
0.966834
0.966254
0.965697
0.965156
0.964627
0.964114
0.963619
0.963146
0.962689
0.962258
0.961848
0.961464
0.961112
0.960787
0.960504
0.960259
0.960056
0.959901
0.959803
0.959762
0.959784
0.959871
0.960036
0.960273
0.960595
0.960996
0.961481
0.962049
0.962694
0.96341
0.964183
0.964996
0.965829
0.96665
0.967417
0.968086
0.968591
0.968863
0.968814
0.968338
0.967309
0.96558
0.962981
0.959313
0.954338
0.947784
0.939326
0.928583
0.915088
0.898261
0.877363
0.851386
0.818682
0.775018
0.710172
0.605036
0.436492
0.222312
0.0542419
0.608898
0.883866
0.933311
0.947113
0.953972
0.958912
0.963608
0.968959
0.975449
0.982937
0.989885
0.994335
0.99684
0.998197
0.998677
0.99827
0.99697
0.994888
0.992227
0.989247
0.986207
0.983334
0.980803
0.978739
0.977204
0.976221
0.975771
0.975724
0.975995
0.976539
0.977304
0.978237
0.979289
0.980411
0.981565
0.982715
0.983833
0.984895
0.985883
0.986783
0.987586
0.98829
0.988891
0.989383
0.989776
0.990065
0.990256
0.990354
0.990363
0.990289
0.990136
0.98991
0.989617
0.989263
0.988854
0.988394
0.987891
0.987349
0.986776
0.986173
0.98555
0.984908
0.984254
0.98359
0.982925
0.982256
0.981589
0.980927
0.980272
0.979627
0.978994
0.978372
0.977763
0.977169
0.97659
0.976027
0.975481
0.974947
0.974429
0.973928
0.973443
0.972976
0.97252
0.972084
0.971657
0.971245
0.970841
0.970453
0.970079
0.969717
0.969372
0.969045
0.968737
0.968448
0.968184
0.967945
0.967733
0.967553
0.967406
0.967293
0.967221
0.967192
0.967209
0.967271
0.967383
0.967544
0.967753
0.968012
0.968315
0.968655
0.969022
0.969405
0.969785
0.970136
0.970429
0.97063
0.970689
0.970552
0.970148
0.969398
0.968206
0.966458
0.964024
0.960754
0.956474
0.950975
0.944025
0.935345
0.924595
0.911358
0.895096
0.875093
0.850361
0.819295
0.7784
0.718713
0.620398
0.457778
0.240901
0.0616008
0.712587
0.904217
0.939499
0.950277
0.95598
0.960203
0.964629
0.970068
0.976901
0.984921
0.992143
0.99612
0.998064
0.998995
0.99902
0.997947
0.995716
0.992484
0.988557
0.984293
0.980044
0.976102
0.972691
0.969954
0.967964
0.966734
0.966225
0.966221
0.966665
0.96749
0.968622
0.969986
0.971514
0.973141
0.974811
0.976479
0.978108
0.979665
0.98113
0.982487
0.983726
0.984839
0.985826
0.986686
0.987422
0.988036
0.988538
0.988928
0.989214
0.989406
0.989508
0.989528
0.989469
0.989343
0.989155
0.98891
0.988616
0.988277
0.987904
0.987493
0.98706
0.986602
0.986128
0.985641
0.985143
0.984642
0.984135
0.98363
0.983127
0.982629
0.982137
0.981654
0.98118
0.980713
0.980259
0.979814
0.979381
0.978959
0.97855
0.978154
0.977766
0.97739
0.977029
0.976678
0.976336
0.976002
0.975678
0.975361
0.975054
0.974755
0.974468
0.974194
0.97393
0.973678
0.973446
0.973228
0.973025
0.972846
0.972685
0.972545
0.972433
0.972345
0.972281
0.972248
0.972239
0.972255
0.972292
0.972352
0.972422
0.9725
0.972571
0.972623
0.972634
0.972586
0.972442
0.97217
0.971723
0.971053
0.970092
0.968767
0.966987
0.964657
0.961653
0.957842
0.953072
0.947156
0.939891
0.931027
0.920259
0.907197
0.891328
0.871958
0.84812
0.818249
0.779006
0.722008
0.628479
0.472216
0.257276
0.0695571
0.769339
0.92342
0.943875
0.952542
0.957402
0.961287
0.965362
0.970839
0.978023
0.986595
0.994094
0.997493
0.998898
0.999486
0.999042
0.997149
0.993724
0.989026
0.983509
0.977668
0.971962
0.966761
0.962335
0.958852
0.956383
0.954924
0.954413
0.954509
0.955209
0.956415
0.958026
0.95994
0.962062
0.964307
0.966603
0.968891
0.97112
0.973255
0.975274
0.977151
0.97888
0.980454
0.981871
0.983132
0.984242
0.985207
0.986035
0.986732
0.987308
0.987771
0.988129
0.988392
0.988567
0.988662
0.988685
0.988642
0.988545
0.988395
0.988202
0.987969
0.987702
0.987409
0.987093
0.986759
0.986409
0.98605
0.985681
0.985308
0.984932
0.984557
0.984182
0.98381
0.983441
0.98308
0.982725
0.982372
0.982032
0.981694
0.981368
0.981045
0.980734
0.980428
0.980132
0.979843
0.979563
0.979284
0.979011
0.978744
0.97848
0.978223
0.977969
0.977723
0.977484
0.977253
0.977029
0.976814
0.976607
0.976411
0.976227
0.976053
0.97589
0.975739
0.975597
0.975466
0.975342
0.975223
0.975106
0.974983
0.974851
0.974698
0.974511
0.974274
0.973972
0.973578
0.973061
0.972389
0.97152
0.970399
0.96897
0.967162
0.964896
0.962079
0.958603
0.954351
0.949178
0.942921
0.9354
0.926382
0.915584
0.902634
0.887037
0.868116
0.844926
0.815929
0.777892
0.722827
0.632731
0.481305
0.268568
0.0756273
0.806568
0.930213
0.947036
0.954126
0.958337
0.961961
0.966019
0.971293
0.978817
0.987953
0.995747
0.998495
0.999429
0.999763
0.998795
0.995851
0.990888
0.984346
0.976876
0.969144
0.961728
0.955083
0.949526
0.94524
0.942292
0.940657
0.94023
0.940517
0.941588
0.943308
0.94554
0.948144
0.950994
0.953985
0.957023
0.960035
0.962961
0.965761
0.968402
0.970862
0.973136
0.975215
0.9771
0.978795
0.980307
0.981645
0.982819
0.983835
0.98471
0.985452
0.986072
0.98658
0.986985
0.987299
0.987529
0.987684
0.987772
0.9878
0.987777
0.987707
0.987596
0.987452
0.987278
0.987079
0.98686
0.986624
0.986375
0.986114
0.985848
0.985573
0.985295
0.985018
0.984739
0.98446
0.984182
0.983907
0.983634
0.983365
0.983098
0.982835
0.982578
0.982326
0.982077
0.981832
0.981591
0.981351
0.981111
0.980875
0.980636
0.980403
0.980168
0.979935
0.979704
0.979477
0.979249
0.979026
0.978803
0.978581
0.978364
0.978144
0.977928
0.97771
0.977488
0.977262
0.97703
0.976785
0.976524
0.976238
0.975921
0.97556
0.975144
0.974658
0.974079
0.973384
0.972542
0.971525
0.970287
0.968782
0.966954
0.964737
0.962059
0.958832
0.954964
0.950339
0.944831
0.938297
0.930561
0.921408
0.910571
0.897687
0.882275
0.863673
0.840954
0.812601
0.775451
0.721771
0.634138
0.48637
0.275884
0.079938
0.833257
0.935358
0.949571
0.955153
0.95882
0.962244
0.966349
0.97167
0.979282
0.988984
0.997115
0.999183
0.999737
0.999905
0.998298
0.993988
0.987072
0.978259
0.968453
0.958509
0.949138
0.940877
0.934089
0.928975
0.925591
0.92387
0.923434
0.924053
0.925673
0.928103
0.931151
0.934634
0.938389
0.942279
0.946193
0.950043
0.953763
0.957304
0.960636
0.963738
0.966602
0.969224
0.971609
0.973764
0.975698
0.977425
0.978957
0.980308
0.981488
0.982514
0.983399
0.984153
0.984789
0.985318
0.98575
0.986096
0.986364
0.986562
0.9867
0.986782
0.986816
0.986809
0.986766
0.986689
0.986586
0.986462
0.986317
0.986156
0.985982
0.985797
0.985603
0.985401
0.985195
0.984984
0.98477
0.984555
0.984338
0.984118
0.9839
0.983683
0.983463
0.983245
0.983029
0.982816
0.982601
0.982383
0.982165
0.981943
0.98172
0.981493
0.981265
0.981035
0.980799
0.980564
0.980323
0.98008
0.97983
0.979576
0.979317
0.979049
0.978775
0.978485
0.978186
0.977869
0.977528
0.977164
0.976767
0.976331
0.975845
0.975298
0.974675
0.973964
0.973139
0.972176
0.971055
0.969734
0.968176
0.966336
0.964162
0.961592
0.958562
0.954987
0.950784
0.945848
0.940061
0.933291
0.925373
0.916103
0.905218
0.89237
0.877078
0.858701
0.836327
0.808449
0.771948
0.719261
0.633378
0.488368
0.280059
0.0827471
0.853052
0.939038
0.951018
0.955701
0.958891
0.962124
0.966303
0.971943
0.979477
0.989679
0.998214
0.999614
0.999897
0.999968
0.997541
0.991475
0.982128
0.970585
0.95805
0.945583
0.934026
0.923995
0.915905
0.909971
0.90623
0.904564
0.904218
0.905349
0.907717
0.911062
0.915127
0.919674
0.9245
0.929436
0.934348
0.939138
0.943733
0.948081
0.952154
0.955938
0.959423
0.962613
0.965516
0.968145
0.970512
0.972636
0.974531
0.976216
0.977706
0.979016
0.980163
0.981162
0.982026
0.982767
0.983398
0.98393
0.984369
0.984731
0.98502
0.985245
0.985417
0.985535
0.985611
0.98565
0.985653
0.985627
0.985576
0.985501
0.985409
0.985299
0.985177
0.985039
0.984894
0.984737
0.984577
0.984408
0.984232
0.984053
0.983871
0.983684
0.983493
0.983301
0.983106
0.982907
0.982706
0.982502
0.982291
0.982076
0.981856
0.981628
0.981395
0.981154
0.980908
0.980653
0.980392
0.98012
0.979838
0.979546
0.979239
0.978919
0.978581
0.978224
0.977842
0.977434
0.976994
0.976512
0.975989
0.97541
0.974769
0.97405
0.97324
0.972323
0.971276
0.97008
0.968703
0.967113
0.965274
0.96314
0.960667
0.957794
0.954458
0.950586
0.946097
0.940896
0.934871
0.927902
0.91983
0.910453
0.899518
0.886677
0.871464
0.853245
0.83112
0.803597
0.767576
0.715586
0.630936
0.487997
0.281753
0.0843117
0.867998
0.941627
0.951778
0.955803
0.958541
0.961588
0.965845
0.971821
0.979656
0.990025
0.999052
0.999854
0.999969
0.999992
0.996501
0.988207
0.975907
0.961163
0.945518
0.930242
0.916289
0.904353
0.894906
0.888189
0.88422
0.882807
0.882876
0.88476
0.888128
0.892624
0.897918
0.903714
0.909758
0.915856
0.921856
0.927654
0.933169
0.938361
0.943197
0.947673
0.951787
0.955547
0.958968
0.962067
0.964863
0.967379
0.969632
0.971645
0.973436
0.975027
0.97643
0.977666
0.978749
0.979695
0.980515
0.981222
0.981831
0.982344
0.98278
0.983139
0.983437
0.983673
0.983859
0.983999
0.9841
0.984162
0.984194
0.984196
0.984174
0.98413
0.984067
0.983985
0.98389
0.983779
0.983658
0.983526
0.983384
0.983233
0.983075
0.982908
0.982738
0.982557
0.982373
0.982184
0.981988
0.981787
0.981575
0.981356
0.981128
0.980891
0.980643
0.980387
0.980117
0.97984
0.979549
0.979244
0.978924
0.978586
0.97823
0.977851
0.977449
0.97702
0.976557
0.97606
0.975521
0.974931
0.974284
0.973574
0.972785
0.971906
0.970925
0.969821
0.968575
0.967161
0.965557
0.963729
0.96164
0.959252
0.956514
0.953374
0.949774
0.945645
0.940913
0.935483
0.929261
0.922123
0.913915
0.904445
0.893458
0.880612
0.865444
0.847333
0.825392
0.798134
0.762462
0.71096
0.627149
0.485765
0.281491
0.0848673
0.879378
0.943395
0.952031
0.955429
0.957771
0.960608
0.964941
0.97129
0.979737
0.990091
0.999632
0.999962
0.999993
0.999998
0.995138
0.984081
0.968273
0.94987
0.930774
0.912435
0.895898
0.881925
0.871068
0.863637
0.859637
0.858522
0.859333
0.862367
0.867138
0.873154
0.879979
0.887247
0.89467
0.902032
0.90918
0.916009
0.922453
0.928475
0.934058
0.939203
0.943919
0.948222
0.952134
0.955679
0.958879
0.961766
0.964357
0.966679
0.968753
0.970604
0.972251
0.973713
0.975002
0.976142
0.977141
0.978015
0.978776
0.979438
0.980004
0.98049
0.980901
0.981246
0.981532
0.981766
0.981949
0.982093
0.982195
0.982264
0.982304
0.982315
0.982301
0.982266
0.982212
0.982138
0.982047
0.981943
0.981825
0.981692
0.981549
0.981396
0.981234
0.981061
0.980878
0.980686
0.980487
0.98028
0.980059
0.979828
0.979585
0.979331
0.979064
0.978783
0.978489
0.978178
0.977851
0.977507
0.977142
0.976756
0.976345
0.975907
0.975439
0.974936
0.974394
0.973809
0.973169
0.972473
0.971712
0.970874
0.969949
0.968921
0.96778
0.966504
0.965075
0.963469
0.961661
0.959615
0.957305
0.954688
0.951717
0.948347
0.944518
0.940168
0.935226
0.929609
0.923219
0.915934
0.907615
0.89806
0.887023
0.874155
0.859013
0.840981
0.819177
0.792122
0.756708
0.705531
0.622273
0.482058
0.279689
0.0846174
0.888037
0.944479
0.951788
0.954514
0.956565
0.959158
0.963548
0.970295
0.979406
0.99015
0.999949
0.999997
1
1
0.993408
0.978996
0.959119
0.936636
0.913801
0.892198
0.872908
0.856748
0.844405
0.836354
0.832606
0.831319
0.833441
0.838282
0.845086
0.853152
0.861905
0.87091
0.879864
0.888558
0.896862
0.904697
0.912014
0.918807
0.925067
0.930814
0.936069
0.940858
0.945205
0.949145
0.952704
0.955918
0.958812
0.961412
0.963742
0.965828
0.967693
0.969355
0.970834
0.972146
0.973308
0.974333
0.975234
0.976024
0.976713
0.977311
0.977827
0.978268
0.978642
0.978958
0.979217
0.979426
0.979592
0.97972
0.97981
0.979866
0.979895
0.979894
0.979871
0.979824
0.979755
0.97967
0.979566
0.979446
0.979309
0.979161
0.978999
0.978822
0.978634
0.978437
0.978225
0.978004
0.977768
0.977517
0.977252
0.976974
0.976677
0.976367
0.97604
0.975691
0.975325
0.974936
0.974523
0.974083
0.973616
0.973116
0.972579
0.972002
0.971379
0.970703
0.969969
0.969171
0.968298
0.967341
0.966285
0.965121
0.963829
0.962396
0.960799
0.959016
0.957022
0.954787
0.952281
0.94946
0.946284
0.942713
0.938687
0.934148
0.929029
0.923253
0.916721
0.909318
0.900902
0.891271
0.880182
0.867294
0.852162
0.83418
0.812489
0.785599
0.750381
0.699412
0.616494
0.477166
0.27667
0.0837319
0.894531
0.94502
0.951166
0.953249
0.954904
0.957194
0.961616
0.968788
0.978656
0.990205
1
0.999999
0.999998
0.999999
0.991272
0.972866
0.948371
0.921458
0.894689
0.869695
0.847499
0.828933
0.814921
0.806351
0.803266
0.803087
0.80713
0.814348
0.823654
0.834099
0.844972
0.855792
0.866263
0.876215
0.885567
0.894274
0.902337
0.909763
0.916577
0.922811
0.928497
0.933673
0.938372
0.942631
0.946484
0.949968
0.953108
0.955934
0.958479
0.960766
0.962811
0.964646
0.966284
0.967746
0.969045
0.9702
0.971222
0.972125
0.97292
0.973615
0.97422
0.974742
0.975193
0.975577
0.975898
0.976168
0.976384
0.976557
0.976688
0.976779
0.976838
0.976862
0.976861
0.976832
0.976778
0.976701
0.976601
0.976486
0.976348
0.976196
0.976024
0.975841
0.97564
0.975426
0.975196
0.974954
0.974693
0.974417
0.974124
0.973815
0.973487
0.973138
0.972772
0.972383
0.97197
0.971533
0.971067
0.970573
0.970045
0.969478
0.968873
0.968219
0.967515
0.966755
0.965927
0.965029
0.96405
0.962974
0.961799
0.960503
0.959074
0.957495
0.955743
0.953801
0.951639
0.949233
0.946548
0.94355
0.940199
0.936452
0.932257
0.927559
0.922291
0.916382
0.909734
0.902232
0.893733
0.884041
0.872905
0.859991
0.84486
0.826927
0.805332
0.778585
0.743523
0.692684
0.609944
0.471309
0.272686
0.0823505
0.899256
0.945112
0.950204
0.951596
0.95276
0.954683
0.959092
0.966708
0.977436
0.990016
1
1
0.999998
0.999997
0.9887
0.965612
0.935994
0.904415
0.873657
0.845264
0.820036
0.798714
0.782575
0.773556
0.769877
0.772253
0.780159
0.791441
0.804323
0.817637
0.830711
0.843207
0.85495
0.865882
0.876002
0.885326
0.893891
0.901744
0.908924
0.915477
0.92145
0.926883
0.931818
0.936293
0.940353
0.944025
0.947342
0.95034
0.953042
0.955476
0.957664
0.95963
0.961393
0.962972
0.964384
0.965639
0.966758
0.96775
0.968629
0.9694
0.970076
0.970665
0.971175
0.971613
0.971986
0.972298
0.972553
0.972758
0.972919
0.973035
0.973115
0.973156
0.973164
0.973142
0.973093
0.973017
0.972915
0.972792
0.972647
0.972482
0.972297
0.972092
0.971872
0.971633
0.971379
0.97111
0.970819
0.970511
0.970184
0.969836
0.969469
0.96908
0.968669
0.968232
0.96777
0.967278
0.966759
0.966203
0.96561
0.964978
0.9643
0.963572
0.962785
0.961939
0.96102
0.960026
0.958941
0.957758
0.956466
0.955047
0.953491
0.951775
0.949884
0.947796
0.945485
0.942925
0.940084
0.936931
0.933429
0.929533
0.925194
0.920366
0.914979
0.90896
0.902218
0.894636
0.886069
0.87632
0.865141
0.852205
0.837082
0.819195
0.797692
0.771082
0.736156
0.685393
0.602726
0.464649
0.267928
0.0805835
0.902466
0.944818
0.948912
0.94944
0.949886
0.951585
0.955921
0.963988
0.975684
0.989538
0.999997
0.999997
0.999998
0.999996
0.985661
0.957162
0.921991
0.885698
0.851121
0.81954
0.791259
0.76666
0.747263
0.737412
0.734129
0.742228
0.756955
0.773874
0.79064
0.806428
0.821062
0.834556
0.846961
0.858346
0.868782
0.87834
0.887084
0.895081
0.902385
0.909048
0.915125
0.920663
0.925697
0.930271
0.934423
0.938194
0.941609
0.944699
0.947493
0.950016
0.952293
0.954343
0.956188
0.957846
0.959331
0.96066
0.961846
0.9629
0.963836
0.964663
0.965389
0.966022
0.966575
0.96705
0.967452
0.967794
0.968073
0.968297
0.968474
0.968601
0.968687
0.968733
0.968742
0.968718
0.968662
0.968578
0.968463
0.968324
0.968162
0.967974
0.967767
0.967536
0.967288
0.967019
0.966732
0.966427
0.966098
0.965751
0.965384
0.964993
0.96458
0.964144
0.963682
0.963195
0.962679
0.962132
0.96155
0.960932
0.960274
0.959571
0.95882
0.958014
0.957148
0.956217
0.955208
0.954118
0.952933
0.951645
0.950242
0.94871
0.947035
0.945195
0.943176
0.940957
0.938511
0.935815
0.93284
0.929554
0.925918
0.9219
0.917447
0.91251
0.907026
0.900922
0.894105
0.886459
0.877832
0.86804
0.856829
0.843878
0.828769
0.810941
0.789548
0.76308
0.728291
0.677574
0.594909
0.457303
0.262541
0.0785155
0.904299
0.944207
0.947362
0.946869
0.946349
0.947881
0.952043
0.960546
0.973314
0.988756
1
1
0.999998
1
0.982125
0.947437
0.90642
0.865653
0.827804
0.793696
0.762758
0.734486
0.70937
0.68994
0.697862
0.72484
0.749356
0.768409
0.785962
0.802201
0.817263
0.830649
0.842869
0.854029
0.86424
0.873589
0.882145
0.889974
0.897137
0.903684
0.90967
0.91513
0.920115
0.924651
0.928784
0.932542
0.93596
0.939061
0.941873
0.944423
0.946723
0.948805
0.950683
0.952373
0.953893
0.955255
0.956472
0.95756
0.958523
0.959378
0.960129
0.960786
0.961355
0.961845
0.962263
0.962611
0.962898
0.963127
0.963303
0.963428
0.963509
0.963546
0.963543
0.963504
0.963431
0.963323
0.963187
0.963024
0.962832
0.962616
0.962376
0.962111
0.961825
0.961517
0.96119
0.960841
0.96047
0.960076
0.959661
0.959221
0.958756
0.958268
0.957752
0.957207
0.956631
0.956022
0.955377
0.954692
0.953967
0.953192
0.952366
0.951482
0.950534
0.949516
0.94842
0.947235
0.945957
0.944568
0.943061
0.941422
0.939634
0.937681
0.935547
0.93321
0.930647
0.927831
0.924743
0.921343
0.917602
0.913481
0.908935
0.903914
0.898355
0.892188
0.885312
0.877615
0.868948
0.859121
0.847885
0.834933
0.819857
0.802106
0.780849
0.75456
0.719918
0.669233
0.586532
0.449348
0.256624
0.0762071
0.90478
0.943377
0.945759
0.944237
0.942676
0.943564
0.947425
0.956297
0.970209
0.987634
0.999998
1
1
0.999998
0.978049
0.93632
0.889398
0.844873
0.804969
0.769963
0.738192
0.708278
0.677736
0.695789
0.712724
0.735024
0.755537
0.772863
0.788945
0.803874
0.817682
0.830089
0.841472
0.851928
0.861732
0.871057
0.879087
0.886453
0.893217
0.899425
0.905118
0.910339
0.915115
0.91948
0.923469
0.927112
0.93043
0.933449
0.936202
0.938699
0.940963
0.943014
0.944869
0.946543
0.948048
0.949401
0.950613
0.951693
0.952655
0.953505
0.954249
0.954901
0.955467
0.955948
0.956356
0.956695
0.956968
0.957182
0.95734
0.957447
0.957504
0.957518
0.957489
0.95742
0.957317
0.957179
0.957007
0.956806
0.956578
0.956321
0.956036
0.95573
0.955397
0.955043
0.954665
0.954265
0.953841
0.953395
0.952924
0.952428
0.951904
0.951357
0.950779
0.950172
0.949532
0.948857
0.948143
0.94739
0.94659
0.945742
0.944838
0.943874
0.942843
0.941741
0.940556
0.939282
0.93791
0.936426
0.934819
0.933079
0.931189
0.929132
0.926892
0.924451
0.921783
0.918871
0.915682
0.912191
0.908365
0.904165
0.89955
0.894465
0.888851
0.882633
0.875715
0.867984
0.859287
0.849441
0.838197
0.82527
0.810257
0.792631
0.771548
0.745473
0.711012
0.660378
0.577605
0.440823
0.250234
0.0736961
0.903787
0.942386
0.944334
0.941826
0.938808
0.938595
0.942086
0.951162
0.966205
0.986119
0.999998
1
1
0.999999
0.973375
0.923644
0.871162
0.824404
0.784874
0.752646
0.726171
0.716745
0.719117
0.725929
0.738514
0.754217
0.769629
0.783872
0.797401
0.810122
0.82197
0.83283
0.842913
0.852298
0.861158
0.869551
0.876883
0.884173
0.890508
0.89619
0.901424
0.906237
0.910663
0.914728
0.918456
0.921871
0.924994
0.927845
0.930446
0.932816
0.934976
0.936932
0.938705
0.940307
0.94175
0.943046
0.944206
0.94524
0.946159
0.946968
0.947677
0.948294
0.948821
0.949271
0.949642
0.949946
0.950184
0.95036
0.95048
0.950547
0.950566
0.950538
0.950467
0.950356
0.950208
0.950023
0.949804
0.949554
0.949274
0.948964
0.948629
0.948267
0.947879
0.947468
0.94703
0.94657
0.946086
0.945576
0.945041
0.944481
0.943895
0.943278
0.942635
0.941957
0.941247
0.9405
0.939713
0.938885
0.938008
0.937079
0.936095
0.93505
0.933933
0.932743
0.931472
0.930108
0.928641
0.927065
0.925364
0.923529
0.921543
0.919391
0.91706
0.914525
0.911772
0.908773
0.905508
0.901945
0.898053
0.893794
0.889127
0.884001
0.878348
0.872097
0.865152
0.857399
0.848687
0.838837
0.827623
0.814751
0.799853
0.782402
0.761572
0.735775
0.701544
0.650975
0.568124
0.431732
0.243385
0.0709964
0.901966
0.940397
0.943122
0.940406
0.935164
0.932046
0.936201
0.945129
0.96107
0.98411
0.999997
0.999998
1
0.999998
0.967964
0.909147
0.852193
0.806135
0.771603
0.753281
0.745241
0.744802
0.748907
0.755051
0.764595
0.775779
0.787176
0.798276
0.80902
0.81927
0.828946
0.838008
0.84655
0.854616
0.862269
0.869478
0.875987
0.88238
0.888012
0.893787
0.898417
0.902693
0.906649
0.910295
0.913649
0.916735
0.919563
0.922161
0.924535
0.926701
0.928677
0.93047
0.932098
0.93357
0.934894
0.936084
0.937146
0.938089
0.938922
0.939652
0.940286
0.940832
0.941292
0.941674
0.941983
0.942223
0.9424
0.942515
0.942575
0.942582
0.94254
0.942454
0.94232
0.942149
0.941938
0.941691
0.941409
0.941094
0.940752
0.940377
0.939975
0.939546
0.93909
0.938609
0.938103
0.937572
0.937016
0.936434
0.935828
0.935194
0.934531
0.933841
0.933119
0.932366
0.931576
0.930749
0.929881
0.92897
0.928008
0.926995
0.925926
0.92479
0.923587
0.922306
0.920945
0.919488
0.91793
0.916262
0.914471
0.912544
0.910469
0.908233
0.905819
0.903208
0.900378
0.897313
0.893987
0.890368
0.886428
0.882131
0.877427
0.872271
0.866595
0.860325
0.85337
0.845612
0.836911
0.827098
0.815956
0.803208
0.788501
0.771318
0.75082
0.725387
0.691456
0.640989
0.558053
0.422035
0.23604
0.0680934
0.900058
0.936454
0.941252
0.939485
0.934746
0.928096
0.930419
0.938348
0.954482
0.981445
1
0.999999
1
0.999997
0.961591
0.89242
0.833576
0.79368
0.777871
0.770865
0.769786
0.772589
0.775827
0.781534
0.788876
0.79703
0.805417
0.813761
0.821937
0.829841
0.837422
0.844663
0.851584
0.858192
0.864489
0.870436
0.875968
0.881322
0.886201
0.891147
0.895598
0.899438
0.90283
0.905963
0.908852
0.911515
0.913969
0.916224
0.918285
0.920176
0.921896
0.923461
0.924876
0.926157
0.927303
0.928331
0.929241
0.930047
0.930748
0.931356
0.931874
0.932308
0.932663
0.932945
0.933156
0.933302
0.933388
0.933416
0.933388
0.933311
0.933184
0.933015
0.932799
0.932546
0.932254
0.931927
0.931565
0.931169
0.930746
0.93029
0.929808
0.929297
0.928759
0.928195
0.927604
0.926989
0.926348
0.925683
0.924989
0.924268
0.92352
0.922742
0.92193
0.921087
0.920207
0.919288
0.918327
0.917322
0.916265
0.915157
0.913992
0.91276
0.91146
0.910086
0.908626
0.907074
0.905424
0.903663
0.901782
0.899768
0.897614
0.895297
0.89281
0.890131
0.887242
0.884121
0.880747
0.877089
0.873112
0.868786
0.864063
0.85889
0.853205
0.846937
0.839998
0.832273
0.823635
0.813923
0.802929
0.790404
0.776003
0.759208
0.739174
0.714223
0.680683
0.630365
0.547323
0.411635
0.2281
0.0649375
0.897932
0.930375
0.937779
0.937991
0.935045
0.930791
0.927318
0.931494
0.945969
0.977903
1
1
1
1
0.953839
0.872889
0.817927
0.799572
0.79356
0.79266
0.7947
0.796632
0.800324
0.805188
0.810755
0.816678
0.82273
0.828779
0.834752
0.840595
0.846278
0.851783
0.8571
0.862221
0.867135
0.871818
0.876267
0.880546
0.884576
0.88858
0.892244
0.89591
0.898803
0.901356
0.903702
0.905867
0.907864
0.909696
0.911378
0.91291
0.914307
0.915573
0.916711
0.917735
0.918646
0.919449
0.920155
0.920765
0.921285
0.921721
0.922078
0.922358
0.922564
0.922707
0.922785
0.922802
0.922761
0.922666
0.922521
0.92233
0.922092
0.921811
0.921489
0.92113
0.920731
0.920301
0.919835
0.91934
0.918812
0.918256
0.917673
0.917059
0.916421
0.915755
0.915061
0.914343
0.913597
0.912826
0.912028
0.9112
0.910346
0.90946
0.908542
0.907589
0.906599
0.905569
0.904499
0.903382
0.902217
0.900996
0.899719
0.898378
0.89697
0.895489
0.893922
0.892271
0.890521
0.888666
0.886692
0.884595
0.882359
0.879968
0.877412
0.874672
0.871729
0.868561
0.865147
0.861456
0.857455
0.853113
0.848384
0.843218
0.837561
0.831333
0.824465
0.81685
0.808367
0.798868
0.78817
0.776027
0.762102
0.745881
0.726486
0.702174
0.669141
0.61902
0.535824
0.400353
0.219369
0.0614584
0.895337
0.921972
0.931418
0.934167
0.933678
0.93175
0.930143
0.927097
0.934815
0.973073
1
1
0.999999
1
0.943985
0.849839
0.81783
0.813026
0.812833
0.814367
0.81582
0.818461
0.821822
0.825604
0.829619
0.833747
0.837916
0.842079
0.84621
0.850282
0.85428
0.858192
0.862003
0.865704
0.869287
0.872738
0.876061
0.879269
0.882352
0.885363
0.888188
0.891038
0.893882
0.895776
0.89751
0.899104
0.90057
0.901911
0.903132
0.904237
0.905236
0.90613
0.906927
0.907624
0.908232
0.908753
0.909189
0.909546
0.909826
0.910036
0.910176
0.91025
0.910264
0.910217
0.910116
0.90996
0.909753
0.909498
0.909195
0.90885
0.908465
0.908038
0.907574
0.907075
0.90654
0.905971
0.905372
0.904741
0.904082
0.903391
0.902674
0.90193
0.901158
0.900357
0.899529
0.898675
0.897794
0.896884
0.895949
0.894984
0.893992
0.892966
0.891908
0.890814
0.889684
0.888516
0.887306
0.886051
0.884748
0.883393
0.88198
0.880509
0.878971
0.877364
0.875678
0.873908
0.872045
0.870082
0.86801
0.865818
0.863494
0.861025
0.858397
0.855592
0.852596
0.849388
0.845942
0.842235
0.838237
0.833915
0.829231
0.824142
0.81859
0.812522
0.805858
0.798516
0.790378
0.781317
0.771151
0.759648
0.746463
0.731079
0.712569
0.689105
0.656727
0.606848
0.523366
0.387826
0.209402
0.057565
0.891647
0.910729
0.920554
0.925408
0.927394
0.927702
0.927103
0.926034
0.920868
0.966114
0.999999
1
1
1
0.930419
0.830374
0.82859
0.829391
0.830545
0.831927
0.83397
0.836336
0.838846
0.84142
0.844019
0.846629
0.849238
0.851839
0.854422
0.856983
0.859512
0.861999
0.864442
0.866829
0.869159
0.87142
0.873619
0.875752
0.877815
0.879818
0.881747
0.883711
0.886125
0.887462
0.888544
0.889509
0.890375
0.891149
0.891837
0.89244
0.892965
0.893409
0.893775
0.894071
0.894299
0.894455
0.894547
0.894579
0.894546
0.894457
0.894312
0.894115
0.893865
0.893565
0.893215
0.892823
0.892387
0.891909
0.89139
0.890831
0.890237
0.889605
0.888939
0.888241
0.887508
0.886746
0.885952
0.885129
0.884275
0.883395
0.882485
0.881546
0.880582
0.879588
0.878567
0.877518
0.876441
0.875338
0.874205
0.873045
0.871855
0.870632
0.869377
0.86809
0.866766
0.865405
0.864003
0.862559
0.861069
0.859532
0.857942
0.856297
0.85459
0.852819
0.850976
0.849059
0.847056
0.844964
0.842774
0.840477
0.838063
0.835519
0.832837
0.830002
0.826999
0.823812
0.820424
0.816811
0.812949
0.808813
0.804373
0.799586
0.79441
0.788797
0.782671
0.775963
0.768559
0.76034
0.751123
0.740675
0.728642
0.714477
0.697192
0.674852
0.643312
0.593678
0.509594
0.373248
0.196909
0.052666
0.88387
0.895076
0.902465
0.907385
0.910623
0.912636
0.913621
0.913088
0.912356
0.952521
1
1
0.999998
1
0.907197
0.836188
0.837082
0.837934
0.839108
0.840446
0.841821
0.84318
0.844518
0.845842
0.847154
0.84846
0.84976
0.85105
0.852329
0.853592
0.854839
0.856062
0.857257
0.858427
0.859562
0.860661
0.861729
0.862758
0.863752
0.864717
0.865671
0.866681
0.86812
0.868754
0.869092
0.869324
0.869487
0.869575
0.869604
0.869577
0.869491
0.869346
0.869152
0.868903
0.868603
0.868251
0.867854
0.867408
0.866914
0.866376
0.865796
0.86517
0.864506
0.863797
0.863052
0.862267
0.861445
0.860587
0.859693
0.858764
0.857803
0.856808
0.855781
0.854721
0.853631
0.852512
0.851363
0.850182
0.848974
0.847735
0.846469
0.845175
0.843851
0.842498
0.841116
0.839705
0.838277
0.836834
0.835373
0.833897
0.832402
0.830889
0.829356
0.827804
0.826228
0.824632
0.823013
0.821368
0.819698
0.818001
0.816276
0.814519
0.812727
0.810901
0.809037
0.807131
0.805179
0.80318
0.801126
0.799014
0.796835
0.794586
0.792257
0.789838
0.787319
0.784688
0.78193
0.779028
0.77596
0.772702
0.769226
0.765497
0.761472
0.757099
0.752313
0.747032
0.741151
0.734533
0.726994
0.71829
0.70804
0.695653
0.680072
0.659232
0.62875
0.579314
0.49401
0.355289
0.178969
0.0423646
)
;

boundaryField
{
    walls
    {
        type            zeroGradient;
    }
    top
    {
        type            zeroGradient;
    }
    bottom
    {
        type            zeroGradient;
    }
    frontAndBack
    {
        type            empty;
    }
    inlet
    {
        type            uniformFixedValue;
        uniformValue    
        {
            type            constant;
            value           1;
        }
        value           uniform 1;
    }
    outlet
    {
        type            zeroGradient;
    }
}


// ************************************************************************* //
