/*--------------------------------*- C++ -*----------------------------------*\
  =========                 |
  \\      /  F ield         | OpenFOAM: The Open Source CFD Toolbox
   \\    /   O peration     | Website:  https://openfoam.org
    \\  /    A nd           | Version:  12
     \\/     M anipulation  |
\*---------------------------------------------------------------------------*/
FoamFile
{
    format      ascii;
    class       volScalarField;
    location    "25";
    object      T;
}
// * * * * * * * * * * * * * * * * * * * * * * * * * * * * * * * * * * * * * //

dimensions      [];

internalField   nonuniform List<scalar> 
4480
(
3.12955e-30
8.50049e-27
9.18026e-22
8.72468e-18
1.44135e-14
5.99278e-12
7.69097e-10
3.46965e-08
6.1857e-07
5.09639e-06
2.33015e-05
6.97103e-05
0.000154977
0.000277575
0.000421647
0.000561779
0.00067138
0.000730634
0.000731284
0.000677411
0.000582792
0.000466252
0.000346671
0.000239017
0.000152221
8.90418e-05
4.74618e-05
2.35653e-05
1.13231e-05
5.25336e-06
2.34814e-06
1.00894e-06
4.15828e-07
1.64037e-07
6.18095e-08
2.22022e-08
7.58848e-09
2.46363e-09
7.58513e-10
2.21156e-10
6.0986e-11
1.58887e-11
3.90739e-12
9.06418e-13
1.98244e-13
4.08679e-14
7.94038e-15
1.45424e-15
2.51138e-16
4.0917e-17
6.29404e-18
9.14931e-19
1.25823e-19
1.63908e-20
2.02558e-21
2.37854e-22
2.65867e-23
2.83438e-24
2.88805e-25
2.81899e-26
2.64223e-27
2.38424e-28
2.07684e-29
1.75127e-30
1.43371e-31
1.14292e-32
8.89811e-34
6.78531e-35
5.08184e-36
3.74764e-37
2.72739e-38
1.96254e-39
1.39841e-40
9.87908e-42
6.92534e-43
4.82044e-44
3.33317e-45
2.29044e-46
1.5647e-47
1.06308e-48
7.18663e-50
4.83675e-51
3.24292e-52
3.17619e-51
4.34908e-51
2.97779e-51
1.45838e-51
5.86061e-52
2.07227e-52
6.72138e-53
2.05543e-53
6.0429e-54
1.73316e-54
4.90516e-55
1.38264e-55
3.91144e-56
1.1178e-56
3.24503e-57
9.61661e-58
2.92169e-58
9.13504e-59
2.9495e-59
9.8649e-60
3.42751e-60
1.24036e-60
4.68662e-61
1.85319e-61
7.68577e-62
3.35036e-62
1.5383e-62
7.45464e-63
3.82077e-63
2.07551e-63
1.19752e-63
7.35542e-64
4.82141e-64
3.38232e-64
2.5484e-64
2.07291e-64
1.83882e-64
1.81821e-64
2.07533e-64
2.81757e-64
4.82075e-64
1.26778e-63
4.39666e-63
7.62883e-63
4.85421e-63
5.08363e-64
7.69475e-67
9.63569e-70
5.46932e-73
3.13088e-76
1.98638e-79
1.44845e-82
8.04731e-86
4.10281e-89
1.23377e-92
1.87891e-96
8.84753e-101
2.291e-29
1.13182e-23
3.74444e-19
1.68918e-15
1.60259e-12
4.24717e-10
3.70723e-08
1.19106e-06
1.5783e-05
0.000101735
0.000385276
0.0010046
0.00202086
0.0033708
0.00488181
0.00632692
0.00748708
0.00819985
0.00838575
0.00805294
0.00728452
0.00621442
0.00499811
0.0037836
0.00268839
0.00178601
0.00110379
0.000641055
0.000360752
0.000196385
0.000103242
5.23221e-05
2.55162e-05
1.19523e-05
5.36785e-06
2.30717e-06
9.47385e-07
3.71028e-07
1.38365e-07
4.90614e-08
1.6518e-08
5.27409e-09
1.59535e-09
4.56769e-10
1.23699e-10
3.16696e-11
7.66273e-12
1.752e-12
3.78549e-13
7.7314e-14
1.49325e-14
2.72908e-15
4.72328e-16
7.74869e-17
1.20627e-17
1.78412e-18
2.51046e-19
3.36561e-20
4.30555e-21
5.26451e-22
6.16292e-23
6.91956e-24
7.46459e-25
7.75108e-26
7.76142e-27
7.50831e-28
7.03004e-29
6.38237e-30
5.62862e-31
4.83046e-32
4.04116e-33
3.30147e-34
2.63836e-35
2.06594e-36
1.58773e-37
1.19956e-38
8.92403e-40
6.54765e-41
4.74554e-42
3.4028e-43
2.41771e-44
1.70469e-45
1.19449e-46
1.06482e-46
6.64087e-47
2.8934e-47
1.03214e-47
3.25029e-48
9.42265e-49
2.58219e-49
6.8124e-50
1.75371e-50
4.45142e-51
1.12353e-51
2.83965e-52
7.22991e-53
1.86399e-53
4.88845e-54
1.30943e-54
3.59545e-55
1.01533e-55
2.95766e-56
8.91162e-57
2.78437e-57
9.04223e-58
3.05876e-58
1.08002e-58
3.98823e-59
1.54314e-59
6.26756e-60
2.67685e-60
1.20435e-60
5.7183e-61
2.87058e-61
1.52667e-61
8.62175e-62
5.18516e-62
3.33341e-62
2.30318e-62
1.72454e-62
1.41665e-62
1.29516e-62
1.3297e-62
1.53357e-62
1.94876e-62
2.40612e-62
2.13539e-62
9.45712e-63
9.3423e-64
2.35597e-66
5.20656e-69
8.28113e-72
1.03541e-74
1.0453e-77
1.08104e-80
8.0226e-84
5.28372e-87
2.05694e-90
4.18761e-94
3.1146e-98
7.56204e-26
4.72092e-21
5.82666e-17
1.33298e-13
7.48672e-11
1.28746e-08
7.74224e-07
1.79165e-05
0.000178651
0.000913435
0.00289888
0.00663086
0.0121012
0.0187907
0.0258709
0.0324472
0.037746
0.0412208
0.0425935
0.0418481
0.0391986
0.0350377
0.0298736
0.0242588
0.0187166
0.0136763
0.00942703
0.0061461
0.00388322
0.00237506
0.00140453
0.000802043
0.000441645
0.000234166
0.00011937
5.8414e-05
2.73984e-05
1.22985e-05
5.27541e-06
2.15932e-06
8.42269e-07
3.12696e-07
1.10369e-07
3.69996e-08
1.17712e-08
3.55166e-09
1.01582e-09
2.75326e-10
7.07081e-11
1.72072e-11
3.96898e-12
8.6807e-13
1.80134e-13
3.54919e-14
6.64587e-15
1.18389e-15
2.00875e-16
3.25047e-17
5.02317e-18
7.42437e-19
1.05114e-19
1.42781e-20
1.86382e-21
2.34196e-22
2.83742e-23
3.32021e-24
3.75861e-25
4.12308e-26
4.38984e-27
4.54353e-28
4.57845e-29
4.49855e-30
4.3159e-31
4.04869e-32
3.71856e-33
3.34813e-34
2.95885e-35
2.56942e-36
2.19496e-37
1.84653e-38
1.53132e-39
1.25312e-40
1.01284e-41
1.67221e-42
4.44899e-43
1.19716e-43
3.06501e-44
7.50199e-45
1.77467e-45
4.09803e-46
9.315e-47
2.09895e-47
4.71684e-48
1.06271e-48
2.41167e-49
5.53582e-50
1.29019e-50
3.06366e-51
7.43576e-52
1.85004e-52
4.73136e-53
1.2469e-53
3.39414e-54
9.56362e-55
2.79507e-55
8.48916e-56
2.68417e-56
8.85051e-57
3.04811e-57
1.09815e-57
4.14474e-58
1.64121e-58
6.82771e-59
2.98854e-59
1.37839e-59
6.71045e-60
3.45501e-60
1.88583e-60
1.09443e-60
6.7767e-61
4.49155e-61
3.18802e-61
2.40561e-61
1.8903e-61
1.482e-61
1.06106e-61
5.85775e-62
1.8818e-62
1.83588e-63
7.76642e-66
2.56082e-68
6.8557e-71
1.40596e-73
2.15429e-76
3.17646e-79
3.2106e-82
2.79889e-85
1.43343e-88
3.91485e-92
4.1257e-96
4.92892e-23
9.10891e-19
4.83023e-15
5.8952e-12
2.00959e-09
2.27767e-07
9.55024e-06
0.00016097
0.00122278
0.00502528
0.0135065
0.0272668
0.0452746
0.0654795
0.0855777
0.103538
0.117836
0.127503
0.132078
0.13153
0.126199
0.11673
0.104024
0.0891689
0.0733457
0.0577162
0.0432946
0.0309076
0.0213756
0.0143113
0.00926823
0.00580057
0.00350475
0.00204209
0.00114606
0.00061875
0.000320952
0.00015974
7.61854e-05
3.47742e-05
1.51716e-05
6.31959e-06
2.51047e-06
9.50182e-07
3.42349e-07
1.17336e-07
3.82331e-08
1.18391e-08
3.48308e-09
9.73505e-10
2.58514e-10
6.52405e-11
1.5654e-11
3.57329e-12
7.76546e-13
1.60808e-13
3.1764e-14
5.99153e-15
1.08059e-15
1.86584e-16
3.08885e-17
4.90978e-18
7.50463e-19
1.10476e-19
1.56877e-20
2.15223e-21
2.85714e-22
3.6759e-23
4.59037e-24
5.57226e-25
6.58486e-26
7.58587e-27
8.53091e-28
9.37746e-29
1.00883e-29
1.06343e-30
1.09967e-31
1.11671e-32
1.11481e-33
1.09513e-34
1.05961e-35
1.01073e-36
9.51277e-38
1.04444e-38
1.52105e-39
2.61859e-40
4.85663e-41
9.28603e-42
1.79953e-42
3.5139e-43
6.90507e-44
1.36652e-44
2.72804e-45
5.5055e-46
1.1258e-46
2.33823e-47
4.9445e-48
1.06707e-48
2.35558e-49
5.33092e-50
1.23945e-50
2.96658e-51
7.32353e-52
1.86814e-52
4.93248e-53
1.35017e-53
3.83744e-54
1.13406e-54
3.48939e-55
1.11923e-55
3.74667e-56
1.31037e-56
4.79292e-57
1.83513e-57
7.36164e-58
3.09656e-58
1.36681e-58
6.33461e-59
3.08333e-59
1.5752e-59
8.42434e-60
4.68508e-60
2.67176e-60
1.52319e-60
8.32183e-61
4.05933e-61
1.56334e-61
3.83116e-62
3.72634e-63
2.77465e-65
1.22718e-67
4.64382e-70
1.35169e-72
2.88473e-75
5.78151e-78
7.76654e-81
8.85721e-84
5.91186e-87
2.12771e-90
3.0361e-94
1.36972e-20
1.00509e-16
2.50081e-13
1.68761e-10
3.55855e-08
2.6927e-06
7.95689e-05
0.000987246
0.00578276
0.019345
0.0444698
0.0797312
0.120899
0.163155
0.202461
0.236002
0.262085
0.279867
0.289086
0.289872
0.282641
0.268067
0.247094
0.220964
0.191221
0.159648
0.128137
0.0985053
0.0733435
0.0528582
0.0368498
0.0248328
0.016164
0.010154
0.00615026
0.00358828
0.0020145
0.0010871
0.000563272
0.000279922
0.000133277
6.07328e-05
2.64611e-05
1.10132e-05
4.37506e-06
1.65772e-06
5.98741e-07
2.0605e-07
6.75425e-08
2.10856e-08
6.26905e-09
1.77538e-09
4.79062e-10
1.23228e-10
3.02347e-11
7.08133e-12
1.58459e-12
3.39113e-13
6.94835e-14
1.36474e-14
2.57278e-15
4.66148e-16
8.1287e-17
1.3662e-17
2.21634e-18
3.47557e-19
5.27621e-20
7.76528e-21
1.10958e-21
1.54149e-22
2.08496e-23
2.74927e-24
3.53884e-25
4.45214e-26
5.48103e-27
6.61055e-28
7.81938e-29
9.0807e-30
1.03636e-30
1.1635e-31
1.28609e-32
1.4009e-33
1.505e-34
1.66404e-35
2.04334e-36
2.77222e-37
4.08006e-38
6.37519e-39
1.03928e-39
1.74717e-40
3.0082e-41
5.28493e-42
9.45783e-43
1.72331e-43
3.19819e-44
6.05031e-45
1.16812e-45
2.30477e-46
4.65418e-47
9.63403e-48
2.0474e-48
4.47412e-49
1.00689e-49
2.33704e-50
5.60237e-51
1.38893e-51
3.56561e-52
9.48935e-53
2.62089e-53
7.51946e-54
2.24292e-54
6.96052e-55
2.24863e-55
7.56525e-56
2.65123e-56
9.67765e-57
3.67801e-57
1.45396e-57
5.9672e-58
2.53389e-58
1.1067e-58
4.922e-59
2.19282e-59
9.53894e-60
3.89683e-60
1.40755e-60
4.07525e-61
8.00805e-62
7.7318e-63
1.07571e-64
5.9314e-67
2.90099e-69
1.10389e-71
3.07647e-74
7.99264e-77
1.38003e-79
2.01037e-82
1.71508e-85
7.96368e-89
1.49322e-92
2.18143e-18
7.26302e-15
8.9309e-12
3.40951e-09
4.50661e-07
2.29963e-05
0.00048338
0.00445951
0.0203827
0.0561879
0.111569
0.178927
0.249045
0.31473
0.371636
0.417727
0.452414
0.475863
0.488548
0.490995
0.483692
0.467096
0.44173
0.408321
0.367966
0.322249
0.273264
0.223406
0.176956
0.135687
0.100645
0.0721656
0.0499868
0.0334241
0.0215585
0.0134026
0.00802443
0.00462289
0.00256037
0.00136203
0.000695306
0.000340316
0.000159565
7.16137e-05
3.07427e-05
1.26153e-05
4.94567e-06
1.85158e-06
6.61781e-07
2.2577e-07
7.35165e-08
2.28515e-08
6.78213e-09
1.92267e-09
5.20905e-10
1.34963e-10
3.34664e-11
7.94928e-12
1.81052e-12
3.95828e-13
8.31657e-14
1.6813e-14
3.27469e-15
6.15305e-16
1.11685e-16
1.96098e-17
3.33519e-18
5.50216e-19
8.81651e-20
1.374e-20
2.08531e-21
3.08601e-22
4.45861e-23
6.29641e-24
8.70105e-25
1.17791e-25
1.56375e-26
2.03787e-27
2.60948e-28
3.2862e-29
4.0736e-30
4.97477e-31
5.98995e-32
7.19365e-33
8.966e-34
1.16444e-34
1.5778e-35
2.22658e-36
3.26057e-37
4.93325e-38
7.68093e-39
1.22671e-39
2.00512e-40
3.34984e-41
5.71632e-42
9.96303e-43
1.77421e-43
3.23031e-44
6.01858e-45
1.14868e-45
2.2483e-46
4.51817e-47
9.33348e-48
1.98431e-48
4.34667e-49
9.82106e-50
2.29116e-50
5.52401e-51
1.37756e-51
3.55569e-52
9.50476e-53
2.63225e-53
7.55375e-54
2.24605e-54
6.91719e-55
2.20471e-55
7.26261e-56
2.46724e-56
8.61497e-57
3.07612e-57
1.1146e-57
4.05153e-58
1.45261e-58
5.0124e-59
1.6066e-59
4.53976e-60
1.04359e-60
1.71716e-61
1.62357e-62
4.52332e-64
2.95632e-66
1.76568e-68
8.32226e-71
2.88903e-73
9.35434e-76
2.01143e-78
3.64929e-81
3.89482e-84
2.28615e-87
5.51219e-91
2.35887e-16
3.78866e-13
2.3607e-10
5.15718e-08
4.30592e-06
0.000149248
0.00224953
0.015581
0.056237
0.129357
0.224267
0.324541
0.417623
0.497076
0.560988
0.609859
0.645132
0.668397
0.681007
0.683941
0.677767
0.662686
0.638647
0.605522
0.563351
0.512627
0.454556
0.391159
0.326471
0.263962
0.20652
0.156209
0.114137
0.0805036
0.0547734
0.035925
0.0226985
0.0138061
0.00807796
0.00454337
0.00245461
0.00127293
0.000633205
0.000301936
0.00013793
6.03311e-05
2.52562e-05
1.01154e-05
3.87507e-06
1.41969e-06
4.97415e-07
1.66686e-07
5.34359e-08
1.63937e-08
4.81545e-09
1.3551e-09
3.65584e-10
9.46324e-11
2.35245e-11
5.62162e-12
1.29278e-12
2.86418e-13
6.12072e-14
1.26316e-14
2.52066e-15
4.86986e-16
9.12049e-17
1.65796e-17
2.92905e-18
5.03526e-19
8.43306e-20
1.37764e-20
2.19771e-21
3.42753e-22
5.23157e-23
7.823e-24
1.1472e-24
1.65135e-25
2.33548e-26
3.24807e-27
4.44578e-28
5.9937e-29
7.96525e-30
1.04613e-30
1.38916e-31
1.87028e-32
2.5596e-33
3.56766e-34
5.07081e-35
7.35408e-36
1.08844e-36
1.64382e-37
2.53269e-38
3.98025e-39
6.38007e-40
1.04325e-40
1.74083e-41
2.96587e-42
5.16271e-43
9.18934e-44
1.67403e-44
3.12413e-45
5.97876e-46
1.17445e-46
2.37039e-47
4.91995e-48
1.05105e-48
2.31275e-49
5.24512e-50
1.22664e-50
2.95902e-51
7.36377e-52
1.89021e-52
5.00243e-53
1.36376e-53
3.8246e-54
1.10111e-54
3.24467e-55
9.74422e-56
2.96436e-56
9.05769e-57
2.74676e-57
8.13058e-58
2.29571e-58
5.98827e-59
1.37912e-59
2.62543e-60
3.74501e-61
3.43663e-62
1.48986e-63
1.53953e-65
1.0789e-67
6.0585e-70
2.5277e-72
9.88245e-75
2.5754e-77
5.68597e-80
7.44143e-83
5.42371e-86
1.65559e-89
1.95675e-14
1.54097e-11
4.87585e-09
6.09802e-07
3.22327e-05
0.000762355
0.00829696
0.0435633
0.125741
0.244668
0.375095
0.495253
0.594854
0.67229
0.729972
0.77135
0.799617
0.81732
0.826322
0.827851
0.822548
0.81051
0.791347
0.764289
0.728395
0.682852
0.627364
0.562539
0.490483
0.414912
0.339923
0.269333
0.206158
0.152308
0.108523
0.0745263
0.0492969
0.0313904
0.0192305
0.011328
0.00641266
0.00348665
0.00181984
0.000911373
0.00043772
0.000201541
8.89298e-05
3.75959e-05
1.52255e-05
5.90617e-06
2.19463e-06
7.81265e-07
2.66517e-07
8.71564e-08
2.73353e-08
8.22709e-09
2.37772e-09
6.6039e-10
1.76414e-10
4.53694e-11
1.1244e-11
2.68821e-12
6.20677e-13
1.38555e-13
2.99388e-14
6.26923e-15
1.27373e-15
2.51381e-16
4.82496e-17
9.01704e-18
1.64262e-18
2.92007e-19
5.07111e-20
8.61236e-21
1.43182e-21
2.33252e-22
3.72686e-23
5.84559e-24
9.00861e-25
1.36517e-25
2.03594e-26
2.99033e-27
4.32879e-28
6.18018e-29
8.81205e-30
1.25807e-30
1.80169e-31
2.59278e-32
3.75567e-33
5.48424e-34
8.08471e-35
1.20474e-35
1.81683e-36
2.77581e-37
4.30091e-38
6.76464e-39
1.08106e-39
1.75709e-40
2.90725e-41
4.90164e-42
8.42937e-43
1.48003e-43
2.65576e-44
4.87487e-45
9.16185e-46
1.76447e-46
3.48486e-47
7.06275e-48
1.46963e-48
3.14075e-49
6.89481e-50
1.55465e-50
3.59916e-51
8.54877e-52
2.08073e-52
5.18042e-53
1.31599e-53
3.399e-54
8.88337e-55
2.33399e-55
6.11064e-56
1.57543e-56
3.93676e-57
9.33397e-58
2.04055e-58
3.95601e-59
6.44467e-60
8.18278e-61
7.27909e-62
3.83596e-63
8.43551e-65
6.73453e-67
4.3748e-69
2.13345e-71
9.81826e-74
3.03136e-76
7.98317e-79
1.25903e-81
1.12261e-84
4.29038e-88
1.38616e-12
5.22923e-10
8.22457e-08
5.82433e-06
0.000194254
0.00314189
0.0248499
0.0999368
0.234002
0.391423
0.538979
0.658358
0.74701
0.809837
0.853033
0.881736
0.899688
0.909529
0.913115
0.911692
0.905975
0.896148
0.881839
0.86213
0.83563
0.800677
0.755686
0.699724
0.632084
0.555254
0.473089
0.390142
0.310903
0.239117
0.177319
0.126686
0.0871487
0.0576924
0.0367362
0.0224904
0.0132326
0.00747935
0.0040597
0.00211536
0.0010578
0.000507502
0.00023356
0.000103093
4.36413e-05
1.77182e-05
6.8999e-06
2.57783e-06
9.24242e-07
3.18132e-07
1.0518e-07
3.34204e-08
1.02126e-08
3.00353e-09
8.50852e-10
2.32375e-10
6.12418e-11
1.55906e-11
3.83777e-12
9.14459e-13
2.11148e-13
4.72962e-14
1.02887e-14
2.17606e-15
4.47952e-16
8.98487e-17
1.7578e-17
3.35782e-18
6.26919e-19
1.14513e-19
2.04835e-20
3.59128e-21
6.17692e-22
1.04313e-22
1.73102e-23
2.82486e-24
4.53679e-25
7.1758e-26
1.11856e-26
1.71951e-27
2.62305e-28
3.98163e-29
6.02153e-30
9.08451e-31
1.36903e-31
2.06356e-32
3.11533e-33
4.71695e-34
7.1728e-35
1.09694e-35
1.68943e-36
2.62396e-37
4.11543e-38
6.52669e-39
1.04799e-39
1.70588e-40
2.81844e-41
4.73199e-42
8.08245e-43
1.40593e-43
2.49308e-44
4.51064e-45
8.33317e-46
1.573e-46
3.03535e-47
5.98927e-48
1.20854e-48
2.49331e-49
5.25652e-50
1.13142e-50
2.48277e-51
5.54318e-52
1.25566e-52
2.875e-53
6.62008e-54
1.52287e-54
3.46928e-55
7.7382e-56
1.66492e-56
3.38904e-57
6.36325e-58
1.06596e-58
1.52467e-59
1.7573e-60
1.51288e-61
8.77939e-63
2.95204e-64
4.33931e-66
3.18734e-68
1.77726e-70
9.43116e-73
3.38563e-75
1.04586e-77
1.95885e-80
2.11123e-83
1.00234e-86
7.96878e-11
1.58402e-08
1.17704e-06
4.60771e-05
0.00096098
0.0106319
0.0615237
0.191856
0.370812
0.543912
0.685698
0.787653
0.855843
0.899954
0.927718
0.944159
0.952444
0.954719
0.952582
0.947242
0.939538
0.929879
0.91816
0.90368
0.885115
0.860575
0.82783
0.784809
0.728585
0.6597
0.58055
0.495113
0.408272
0.324955
0.249322
0.184225
0.131002
0.0896005
0.0589204
0.0372385
0.0226133
0.0131906
0.00738926
0.00397455
0.00205238
0.00101732
0.000484019
0.000221038
9.68935e-05
4.07758e-05
1.6477e-05
6.39507e-06
2.38486e-06
8.54919e-07
2.94756e-07
9.78006e-08
3.12503e-08
9.62341e-09
2.85837e-09
8.19597e-10
2.27077e-10
6.0849e-11
1.57859e-11
3.9688e-12
9.67993e-13
2.29276e-13
5.27922e-14
1.18292e-14
2.58201e-15
5.49563e-16
1.14173e-16
2.31749e-17
4.60028e-18
8.93843e-19
1.70149e-19
3.17583e-20
5.81705e-21
1.04642e-21
1.85008e-22
3.2172e-23
5.50642e-24
9.28227e-25
1.5421e-25
2.52651e-26
4.095e-27
6.58235e-28
1.05025e-28
1.66494e-29
2.62499e-30
4.12024e-31
6.44524e-32
1.00591e-32
1.56812e-33
2.44467e-34
3.8161e-35
5.9722e-36
9.38281e-37
1.48183e-37
2.35564e-38
3.77446e-39
6.10392e-40
9.97544e-41
1.64955e-41
2.76325e-42
4.69426e-43
8.09534e-44
1.41839e-44
2.52671e-45
4.57873e-46
8.44312e-47
1.58438e-47
3.02498e-48
5.87272e-49
1.15819e-49
2.31682e-50
4.69081e-51
9.58493e-52
1.96897e-52
4.0458e-53
8.26113e-54
1.66222e-54
3.26035e-55
6.14889e-56
1.09567e-56
1.80402e-57
2.668e-58
3.41925e-59
3.63028e-60
3.02103e-61
1.84114e-62
7.55334e-64
1.86856e-65
2.36972e-67
1.48448e-69
8.93275e-72
3.67149e-74
1.31208e-76
2.88375e-79
3.72148e-82
2.18302e-85
2.35962e-09
2.91345e-07
1.36992e-05
0.000308321
0.00395312
0.0298922
0.127633
0.313577
0.51152
0.674311
0.79579
0.874694
0.922435
0.950616
0.966414
0.973572
0.974209
0.969907
0.962096
0.952081
0.940924
0.929331
0.917534
0.905182
0.891246
0.874011
0.851146
0.819868
0.776337
0.719286
0.649278
0.568893
0.482392
0.394946
0.311672
0.236781
0.173026
0.121542
0.0820394
0.053195
0.0331275
0.0198116
0.0113768
0.00627299
0.00332103
0.00168822
0.000824082
0.000386324
0.000173959
7.52595e-05
3.12913e-05
1.25083e-05
4.8092e-06
1.77939e-06
6.33939e-07
2.17611e-07
7.20242e-08
2.30025e-08
7.09456e-09
2.11498e-09
6.09968e-10
1.70347e-10
4.61111e-11
1.21099e-11
3.08867e-12
7.65816e-13
1.84768e-13
4.34215e-14
9.94895e-15
2.22461e-15
4.85894e-16
1.0376e-16
2.16819e-17
4.43726e-18
8.90103e-19
1.75153e-19
3.38355e-20
6.42135e-21
1.19807e-21
2.19906e-22
3.97348e-23
7.0722e-24
1.24065e-24
2.14638e-25
3.66812e-26
6.20487e-27
1.03963e-27
1.72667e-28
2.84478e-29
4.65306e-30
7.56195e-31
1.22209e-31
1.96577e-32
3.15013e-33
5.03406e-34
8.03062e-35
1.28022e-35
2.0418e-36
3.26162e-37
5.22467e-38
8.40244e-39
1.35829e-39
2.2097e-40
3.62178e-41
5.98724e-42
9.99272e-43
1.68529e-43
2.87426e-44
4.96003e-45
8.66377e-46
1.53194e-46
2.74161e-47
4.96316e-48
9.07976e-49
1.67611e-49
3.11548e-50
5.81425e-51
1.08533e-51
2.0165e-52
3.70579e-53
6.68262e-54
1.1707e-54
1.96753e-55
3.12302e-56
4.59153e-57
6.10415e-58
7.12521e-59
7.0482e-60
5.6672e-61
3.53066e-62
1.61447e-63
5.0986e-65
1.03741e-66
1.25743e-68
8.46426e-71
3.93343e-73
1.60791e-75
4.1071e-78
6.29962e-81
4.54901e-84
4.19516e-08
3.29046e-06
0.000104731
0.00162878
0.013712
0.070346
0.224393
0.443997
0.629083
0.767088
0.867264
0.926549
0.958865
0.976154
0.984031
0.984572
0.978928
0.968395
0.954532
0.938944
0.923042
0.907854
0.893914
0.881166
0.868881
0.8556
0.83915
0.816359
0.783367
0.737753
0.678563
0.606867
0.525806
0.440079
0.355034
0.275661
0.205772
0.147572
0.101635
0.0672043
0.0426598
0.0259954
0.0152071
0.00854079
0.00460585
0.00238533
0.00118659
0.00056712
0.000260493
0.00011503
4.88541e-05
1.99645e-05
7.85437e-06
2.97652e-06
1.08725e-06
3.83062e-07
1.30273e-07
4.27982e-08
1.35939e-08
4.17818e-09
1.24378e-09
3.58933e-10
1.00508e-10
2.7335e-11
7.22735e-12
1.85948e-12
4.65981e-13
1.13844e-13
2.71404e-14
6.31937e-15
1.43834e-15
3.20295e-16
6.98383e-17
1.49224e-17
3.12692e-18
6.43054e-19
1.29879e-19
2.57803e-20
5.03242e-21
9.66673e-22
1.82833e-22
3.40688e-23
6.25786e-24
1.1337e-24
2.02746e-25
3.58476e-26
6.27001e-27
1.08554e-27
1.86147e-28
3.16352e-29
5.33176e-30
8.91751e-31
1.48111e-31
2.44465e-32
4.01289e-33
6.55614e-34
1.06696e-34
1.73114e-35
2.80277e-36
4.53225e-37
7.32696e-38
1.18533e-38
1.92076e-39
3.12063e-40
5.08799e-41
8.33223e-42
1.3716e-42
2.2711e-43
3.78456e-44
6.34907e-45
1.07242e-45
1.82349e-46
3.11958e-47
5.36453e-48
9.25944e-49
1.60093e-49
2.76498e-50
4.75308e-51
8.09463e-52
1.35767e-52
2.22616e-53
3.53575e-54
5.37828e-55
7.72677e-56
1.03083e-56
1.25123e-57
1.34858e-58
1.25449e-59
9.75138e-61
6.11146e-62
2.97158e-63
1.07643e-64
2.78484e-66
4.92802e-68
5.72232e-70
4.21965e-72
1.95507e-74
5.75931e-77
1.04401e-79
9.2581e-83
4.95701e-07
2.47822e-05
0.000558959
0.00626865
0.0386607
0.140554
0.338229
0.555775
0.708492
0.823518
0.910171
0.95594
0.977957
0.988467
0.991121
0.986299
0.974492
0.957126
0.936242
0.913976
0.892183
0.872214
0.85483
0.840151
0.827614
0.815938
0.803102
0.785642
0.760125
0.723581
0.674106
0.611598
0.5381
0.457554
0.375047
0.295797
0.224194
0.163168
0.113981
0.0764046
0.049145
0.0303346
0.0179705
0.0102196
0.00558036
0.00292665
0.00147469
0.000714175
0.000332552
0.000148956
6.42118e-05
2.66541e-05
1.06601e-05
4.11046e-06
1.52913e-06
5.49218e-07
1.90602e-07
6.39657e-08
2.07764e-08
6.53693e-09
1.99411e-09
5.90321e-10
1.69743e-10
4.74526e-11
1.2909e-11
3.42047e-12
8.83551e-13
2.22699e-13
5.48178e-14
1.3189e-14
3.10416e-15
7.15266e-16
1.6148e-16
3.57451e-17
7.76386e-18
1.65576e-18
3.46948e-19
7.14749e-20
1.44853e-20
2.88961e-21
5.67717e-22
1.0991e-22
2.09788e-23
3.94981e-24
7.33928e-25
1.34734e-25
2.44494e-26
4.38778e-27
7.79171e-28
1.36979e-28
2.38527e-29
4.11635e-30
7.04386e-31
1.19585e-31
2.01541e-32
3.37386e-33
5.6135e-34
9.28891e-35
1.5297e-35
2.50873e-36
4.10027e-37
6.6833e-38
1.08717e-38
1.7662e-39
2.86755e-40
4.65579e-41
7.56375e-42
1.23014e-42
2.00359e-43
3.26878e-44
5.34186e-45
8.74216e-46
1.43193e-46
2.34528e-47
3.83553e-48
6.25119e-49
1.01267e-49
1.62501e-50
2.57178e-51
3.99227e-52
6.03754e-53
8.82103e-54
1.23245e-54
1.62654e-55
1.99805e-56
2.24501e-57
2.26089e-58
1.99391e-59
1.50064e-60
9.3721e-62
4.71594e-63
1.85455e-64
5.52524e-66
1.20833e-67
1.87836e-69
2.00756e-71
1.42202e-73
6.35593e-76
1.63566e-78
1.87077e-81
4.19696e-06
0.000145129
0.00219374
0.01831
0.0853972
0.240044
0.446219
0.630712
0.751722
0.854887
0.936755
0.973256
0.988241
0.994501
0.993177
0.982946
0.964047
0.938508
0.909218
0.879052
0.850374
0.824829
0.803311
0.785979
0.772279
0.760946
0.750009
0.735623
0.714947
0.684841
0.64295
0.588483
0.522692
0.448821
0.371505
0.295814
0.226273
0.166123
0.117007
0.0790488
0.051226
0.0318465
0.0189984
0.010879
0.00598178
0.00315949
0.00160374
0.000782678
0.000367435
0.00016602
7.22392e-05
3.0289e-05
1.22457e-05
4.77715e-06
1.79955e-06
6.55091e-07
2.3064e-07
7.86e-08
2.59501e-08
8.30742e-09
2.58101e-09
7.78934e-10
2.28555e-10
6.52608e-11
1.81498e-11
4.9208e-12
1.30172e-12
3.36273e-13
8.49016e-14
2.09672e-14
5.06882e-15
1.20044e-15
2.78715e-16
6.34849e-17
1.41958e-17
3.11824e-18
6.73268e-19
1.42972e-19
2.98775e-20
6.14755e-21
1.24609e-21
2.48943e-22
4.90414e-23
9.53094e-24
1.82804e-24
3.46264e-25
6.48024e-26
1.19875e-26
2.19284e-27
3.96844e-28
7.10802e-29
1.26062e-29
2.21469e-30
3.85589e-31
6.65598e-32
1.13965e-32
1.93643e-33
3.26671e-34
5.47396e-35
9.11561e-36
1.5093e-36
2.48591e-37
4.07495e-38
6.65107e-39
1.0814e-39
1.75217e-40
2.8302e-41
4.5585e-42
7.3225e-43
1.1731e-43
1.87405e-44
2.98419e-45
4.73354e-46
7.47169e-47
1.17194e-47
1.82312e-48
2.80573e-49
4.25787e-50
6.34576e-51
9.24092e-52
1.30671e-52
1.78068e-53
2.31723e-54
2.8484e-55
3.26514e-56
3.43851e-57
3.27003e-58
2.75456e-59
2.01209e-60
1.24573e-61
6.38228e-63
2.63945e-64
8.58843e-66
2.14075e-67
3.97161e-69
5.30665e-71
4.89816e-73
2.93742e-75
1.02428e-77
1.5705e-80
2.40001e-05
0.000605782
0.00662998
0.0422803
0.153355
0.344424
0.53503
0.668161
0.77071
0.872714
0.955332
0.984254
0.99403
0.997529
0.992494
0.975897
0.948248
0.912736
0.873463
0.834211
0.797871
0.766312
0.740435
0.720295
0.705187
0.693714
0.683802
0.671094
0.653384
0.627551
0.591146
0.543119
0.484323
0.417531
0.346921
0.277213
0.212718
0.15661
0.110577
0.0748654
0.0486078
0.0302719
0.0180895
0.0103764
0.00571599
0.00302537
0.00153934
0.000753352
0.000354834
0.000160947
7.03475e-05
2.96498e-05
1.2059e-05
4.73631e-06
1.79781e-06
6.60049e-07
2.34581e-07
8.07728e-08
2.69693e-08
8.73949e-09
2.75106e-09
8.41973e-10
2.50763e-10
7.27413e-11
2.05696e-11
5.67504e-12
1.52889e-12
4.02531e-13
1.03654e-13
2.61255e-14
6.45007e-15
1.56097e-15
3.70551e-16
8.6341e-17
1.97594e-17
4.44407e-18
9.82851e-19
2.13863e-19
4.58089e-20
9.66385e-21
2.00884e-21
4.11654e-22
8.31958e-23
1.65896e-23
3.26515e-24
6.34512e-25
1.21793e-25
2.31005e-26
4.33106e-27
8.0298e-28
1.47267e-28
2.67271e-29
4.80169e-30
8.54247e-31
1.50545e-31
2.629e-32
4.55099e-33
7.81191e-34
1.33012e-34
2.24722e-35
3.76849e-36
6.27462e-37
1.03761e-37
1.70461e-38
2.78266e-39
4.51463e-40
7.28061e-41
1.16712e-41
1.8597e-42
2.94488e-43
4.63271e-44
7.23609e-45
1.1213e-45
1.72186e-46
2.61631e-47
3.926e-48
5.80371e-49
8.42567e-50
1.19667e-50
1.65486e-51
2.21553e-52
2.85188e-53
3.50079e-54
4.05867e-55
4.39433e-56
4.38593e-57
3.97652e-58
3.22176e-59
2.29111e-60
1.4028e-61
7.24601e-63
3.09075e-64
1.06435e-65
2.8878e-67
6.00609e-69
9.2638e-71
1.01417e-72
7.37729e-75
3.16808e-77
6.01911e-80
0.000103409
0.00199379
0.0166497
0.0801657
0.232627
0.432382
0.588282
0.685427
0.777039
0.883784
0.969722
0.991445
0.99726
0.999008
0.989883
0.965293
0.926738
0.87921
0.82839
0.779072
0.734624
0.696998
0.666947
0.644258
0.627932
0.616287
0.606031
0.594236
0.578364
0.555385
0.522976
0.480163
0.427729
0.368199
0.305362
0.243459
0.186338
0.136799
0.0962951
0.0649879
0.0420571
0.0261072
0.0155516
0.00889399
0.00488603
0.0025799
0.00131008
0.000640193
0.00030125
0.000136597
5.97253e-05
2.51997e-05
1.02679e-05
4.04353e-06
1.5402e-06
5.67927e-07
2.02896e-07
7.02899e-08
2.36336e-08
7.719e-09
2.45115e-09
7.57421e-10
2.27949e-10
6.68721e-11
1.91392e-11
5.34853e-12
1.46058e-12
3.90065e-13
1.01953e-13
2.60992e-14
6.54835e-15
1.6114e-15
3.89161e-16
9.22943e-17
2.1508e-17
4.92776e-18
1.1106e-18
2.46348e-19
5.38066e-20
1.15776e-20
2.45523e-21
5.13379e-22
1.05885e-22
2.15497e-23
4.32936e-24
8.58735e-25
1.68224e-25
3.25578e-26
6.22729e-27
1.17748e-27
2.20168e-28
4.0721e-29
7.45198e-30
1.34968e-30
2.41997e-31
4.29651e-32
7.55536e-33
1.31623e-33
2.27215e-34
3.88743e-35
6.59313e-36
1.10865e-36
1.84858e-37
3.05677e-38
5.013e-39
8.15363e-40
1.31521e-40
2.10364e-41
3.33556e-42
5.24117e-43
8.15673e-44
1.25637e-44
1.91345e-45
2.87786e-46
4.26767e-47
6.22755e-48
8.92026e-49
1.25043e-49
1.70908e-50
2.26755e-51
2.90495e-52
3.57082e-53
4.18048e-54
4.62123e-55
4.77566e-56
4.56157e-57
3.97596e-58
3.1178e-59
2.16568e-60
1.31041e-61
6.78434e-63
2.94831e-64
1.05338e-65
3.02355e-67
6.78697e-69
1.15223e-70
1.41392e-72
1.1709e-74
5.79102e-77
1.27537e-79
0.000337099
0.00515623
0.0342453
0.129159
0.30874
0.492463
0.611795
0.691554
0.777733
0.890612
0.981165
0.995934
0.998927
0.999665
0.985551
0.950795
0.898827
0.837184
0.773458
0.713478
0.660934
0.617651
0.584022
0.559387
0.542298
0.530675
0.519679
0.508261
0.493368
0.472202
0.442782
0.404448
0.35813
0.306231
0.252138
0.199499
0.151495
0.110331
0.0770397
0.0515776
0.033116
0.0203992
0.0120614
0.0068491
0.00373749
0.00196115
0.000990182
0.000481379
0.000225493
0.000101852
4.43935e-05
1.8686e-05
7.60159e-06
2.99112e-06
1.13937e-06
4.20493e-07
1.50483e-07
5.22672e-08
1.76342e-08
5.78421e-09
1.84617e-09
5.73863e-10
1.7387e-10
5.139e-11
1.48295e-11
4.18133e-12
1.15286e-12
3.11059e-13
8.21907e-14
2.12824e-14
5.4042e-15
1.34657e-15
3.29445e-16
7.91858e-17
1.87096e-17
4.34777e-18
9.94195e-19
2.23815e-19
4.96266e-20
1.08427e-20
2.33526e-21
4.95995e-22
1.03925e-22
2.14893e-23
4.38656e-24
8.84113e-25
1.75985e-25
3.46061e-26
6.72443e-27
1.29151e-27
2.45236e-28
4.60487e-29
8.55251e-30
1.57145e-30
2.85709e-31
5.1409e-32
9.15626e-33
1.61445e-33
2.81848e-34
4.87232e-35
8.34107e-36
1.41415e-36
2.37448e-37
3.94844e-38
6.50185e-39
1.06009e-39
1.71103e-40
2.73305e-41
4.31856e-42
6.74682e-43
1.04143e-43
1.58692e-44
2.38448e-45
3.52825e-46
5.13246e-47
7.32502e-48
1.02314e-48
1.3945e-49
1.84806e-50
2.37136e-51
2.93159e-52
3.4714e-53
3.91073e-54
4.1588e-55
4.13764e-56
3.81258e-57
3.21696e-58
2.4546e-59
1.67054e-60
9.99047e-62
5.16566e-63
2.26885e-64
8.30087e-66
2.47383e-67
5.84723e-69
1.05966e-70
1.40564e-72
1.27194e-74
6.93019e-77
1.68944e-79
0.000848812
0.0106634
0.058392
0.182442
0.369864
0.524418
0.615497
0.688924
0.77791
0.893657
0.989941
0.99844
0.999671
0.999913
0.979443
0.931871
0.863775
0.786046
0.708466
0.637799
0.577778
0.52979
0.493602
0.467905
0.45066
0.439282
0.427998
0.416561
0.402082
0.382168
0.355364
0.321461
0.28159
0.238009
0.193607
0.151297
0.11346
0.081604
0.0562809
0.0372256
0.0236204
0.0143844
0.00841192
0.00472667
0.00255361
0.00132736
0.00066429
0.000320317
0.000148928
6.68155e-05
2.89479e-05
1.21211e-05
4.90914e-06
1.9247e-06
7.31104e-07
2.69291e-07
9.62634e-08
3.34248e-08
1.12829e-08
3.70579e-09
1.18529e-09
3.69496e-10
1.12356e-10
3.33532e-11
9.67318e-12
2.743e-12
7.61084e-13
2.06775e-13
5.50458e-14
1.43681e-14
3.67958e-15
9.25094e-16
2.28463e-16
5.54533e-17
1.32358e-17
3.10812e-18
7.1842e-19
1.63525e-19
3.66692e-20
8.10408e-21
1.76585e-21
3.79496e-22
8.04656e-23
1.68384e-23
3.47863e-24
7.0965e-25
1.42984e-25
2.84606e-26
5.5977e-27
1.08812e-27
2.09091e-28
3.97247e-29
7.4632e-30
1.38674e-30
2.54875e-31
4.63419e-32
8.33633e-33
1.48376e-33
2.61313e-34
4.55387e-35
7.85266e-36
1.33984e-36
2.26179e-37
3.77709e-38
6.2386e-39
1.0189e-39
1.64493e-40
2.62391e-41
4.13337e-42
6.4258e-43
9.85062e-44
1.48758e-44
2.21031e-45
3.22665e-46
4.61978e-47
6.47371e-48
8.85682e-49
1.17957e-49
1.52405e-50
1.90262e-51
2.28427e-52
2.62314e-53
2.86324e-54
2.94949e-55
2.84421e-56
2.54409e-57
2.08942e-58
1.55786e-59
1.04145e-60
6.15788e-62
3.17244e-63
1.40057e-64
5.19998e-66
1.58844e-67
3.88729e-69
7.36502e-71
1.03049e-72
9.90988e-75
5.77087e-77
1.50849e-79
0.00174779
0.0186663
0.0872735
0.234434
0.410481
0.53373
0.606635
0.680298
0.777033
0.893662
0.996074
0.999594
0.999933
0.999985
0.971374
0.907938
0.820924
0.725473
0.63373
0.553117
0.486978
0.435844
0.398532
0.37287
0.35611
0.344269
0.332782
0.321453
0.307659
0.289492
0.266029
0.237454
0.204992
0.170612
0.136588
0.105026
0.0774968
0.054853
0.0372413
0.0242575
0.0151646
0.00910326
0.00525048
0.00291149
0.00155325
0.000797789
0.000394792
0.000188369
8.67247e-05
3.85575e-05
1.65674e-05
6.88539e-06
2.77005e-06
1.07968e-06
4.08051e-07
1.49662e-07
5.33159e-08
1.84637e-08
6.22099e-09
2.04102e-09
6.52587e-10
2.03511e-10
6.19502e-11
1.84221e-11
5.35557e-12
1.52323e-12
4.24153e-13
1.15712e-13
3.09469e-14
8.11921e-15
2.09089e-15
5.28832e-16
1.31436e-16
3.21178e-17
7.72016e-18
1.82625e-18
4.25345e-19
9.75774e-20
2.20575e-20
4.91498e-21
1.07994e-21
2.3406e-22
5.00543e-23
1.05649e-23
2.20148e-24
4.53039e-25
9.20899e-26
1.8494e-26
3.67006e-27
7.19798e-28
1.39543e-28
2.67438e-29
5.0677e-30
9.49537e-31
1.75939e-31
3.22396e-32
5.84263e-33
1.04719e-33
1.85623e-34
3.25394e-35
5.64055e-36
9.66756e-37
1.63803e-37
2.74308e-38
4.53887e-39
7.41814e-40
1.197e-40
1.90595e-41
2.99276e-42
4.63062e-43
7.05372e-44
1.05665e-44
1.55459e-45
2.2429e-46
3.16758e-47
4.36972e-48
5.87374e-49
7.6711e-50
9.70129e-51
1.18345e-51
1.38637e-52
1.55165e-53
1.64952e-54
1.6546e-55
1.55435e-56
1.35607e-57
1.08851e-58
7.95584e-60
5.23437e-61
3.0609e-62
1.56859e-63
6.93323e-65
2.59533e-66
8.05172e-68
2.01586e-69
3.93466e-71
5.70737e-73
5.7203e-75
3.4853e-77
9.55203e-80
0.00300352
0.0281362
0.115613
0.274837
0.430497
0.526352
0.588725
0.665886
0.771623
0.893667
0.999461
0.999962
0.999997
1
0.961101
0.878428
0.769794
0.655546
0.550211
0.461371
0.391345
0.339261
0.302625
0.2782
0.262472
0.247756
0.236838
0.226763
0.215113
0.200314
0.181785
0.159905
0.135812
0.111075
0.0873191
0.0659086
0.047738
0.0331741
0.0221203
0.0141572
0.00870077
0.00513774
0.0029167
0.00159298
0.000837592
0.000424307
0.000207242
9.7669e-05
4.44487e-05
1.95492e-05
8.31608e-06
3.42437e-06
1.36608e-06
5.284e-07
1.98339e-07
7.23057e-08
2.56226e-08
8.83323e-09
2.96498e-09
9.69808e-10
3.09356e-10
9.63127e-11
2.92884e-11
8.70604e-12
2.53148e-12
7.20547e-13
2.00901e-13
5.49055e-14
1.47176e-14
3.87172e-15
1.00016e-15
2.53844e-16
6.33321e-17
1.55401e-17
3.75194e-18
8.91713e-19
2.08708e-19
4.81248e-20
1.09363e-20
2.45018e-21
5.4136e-22
1.17996e-22
2.5378e-23
5.38732e-24
1.12905e-24
2.33696e-25
4.77878e-26
9.65552e-27
1.92792e-27
3.80463e-28
7.4215e-29
1.43109e-29
2.72816e-30
5.14191e-31
9.58178e-32
1.76538e-32
3.21584e-33
5.79158e-34
1.03113e-34
1.81468e-35
3.15637e-36
5.42499e-37
9.21142e-38
1.5447e-38
2.55737e-39
4.17819e-40
6.73288e-41
1.06946e-41
1.67326e-42
2.57649e-43
3.90049e-44
5.7987e-45
8.4541e-46
1.20681e-46
1.68363e-47
2.29065e-48
3.03185e-49
3.89275e-50
4.83267e-51
5.77931e-52
6.6293e-53
7.25858e-54
7.54461e-55
7.39821e-56
6.79654e-57
5.80405e-58
4.56747e-59
3.28032e-60
2.12705e-61
1.23039e-62
6.26402e-64
2.76386e-65
1.03814e-66
3.24909e-68
8.24983e-70
1.6413e-71
2.43763e-73
2.51081e-75
1.57632e-77
4.45716e-80
0.00437386
0.0370637
0.137504
0.296714
0.432538
0.506438
0.562876
0.645229
0.761484
0.893673
0.999999
0.999999
0.999998
0.999999
0.948382
0.842834
0.71013
0.57684
0.459656
0.365502
0.294786
0.244564
0.21065
0.188622
0.174201
0.160242
0.150592
0.142663
0.134251
0.123926
0.111211
0.0964666
0.0806006
0.0647362
0.0499239
0.0369461
0.0262334
0.0178734
0.0116885
0.00734012
0.00442867
0.00256884
0.00143346
0.00077006
0.000398538
0.000198862
9.57412e-05
4.45096e-05
1.99969e-05
8.68911e-06
3.6546e-06
1.48908e-06
5.88253e-07
2.25497e-07
8.39471e-08
3.03753e-08
1.06916e-08
3.66376e-09
1.22328e-09
3.9827e-10
1.26539e-10
3.92646e-11
1.19077e-11
3.53195e-12
1.02534e-12
2.91528e-13
8.12332e-14
2.21972e-14
5.95162e-15
1.56672e-15
4.05136e-16
1.02965e-16
2.5732e-17
6.32628e-18
1.53077e-18
3.64697e-19
8.5583e-20
1.97895e-20
4.51043e-21
1.01363e-21
2.24668e-22
4.91277e-23
1.06009e-23
2.2578e-24
4.74731e-25
9.85862e-26
2.02301e-26
4.10242e-27
8.22218e-28
1.62883e-28
3.18957e-29
6.17422e-30
1.18152e-30
2.23516e-31
4.18008e-32
7.72778e-33
1.41218e-33
2.55067e-34
4.55292e-35
8.03025e-36
1.39921e-36
2.40794e-37
4.09151e-38
6.86188e-39
1.13537e-39
1.85245e-40
2.97862e-41
4.71677e-42
7.35003e-43
1.12602e-43
1.69413e-44
2.50011e-45
3.61378e-46
5.10796e-47
7.04689e-48
9.46848e-49
1.23603e-49
1.56322e-50
1.90928e-51
2.2439e-52
2.52715e-53
2.71479e-54
2.76723e-55
2.66075e-56
2.39745e-57
2.0095e-58
1.55401e-59
1.09866e-60
7.02871e-62
4.02247e-63
2.03255e-64
8.93309e-66
3.35503e-67
1.05404e-68
2.69695e-70
5.42662e-72
8.17742e-74
8.56833e-76
5.48184e-78
1.58068e-80
0.00550382
0.0436264
0.150551
0.303022
0.419633
0.476214
0.528923
0.617442
0.745922
0.891081
0.999999
1
0.999998
0.999997
0.933008
0.800705
0.641935
0.490518
0.364735
0.26958
0.202374
0.157313
0.128251
0.109606
0.0934597
0.0838566
0.0794851
0.0765762
0.0728356
0.0673308
0.0600373
0.0514552
0.0423188
0.0333772
0.0252411
0.0183045
0.0127329
0.00849957
0.00544741
0.00335396
0.00198508
0.00113017
0.000619389
0.000327008
0.00016644
8.1733e-05
3.8754e-05
1.77568e-05
7.86839e-06
3.3747e-06
1.40206e-06
5.64725e-07
2.207e-07
8.37566e-08
3.08919e-08
1.10823e-08
3.87015e-09
1.31669e-09
4.36758e-10
1.41362e-10
4.46769e-11
1.3798e-11
4.16718e-12
1.23157e-12
3.56418e-13
1.0107e-13
2.81008e-14
7.66487e-15
2.05224e-15
5.39665e-16
1.39449e-16
3.54256e-17
8.85176e-18
2.17642e-18
5.26789e-19
1.25568e-19
2.94868e-20
6.82388e-21
1.55678e-21
3.5022e-22
7.77126e-23
1.70132e-23
3.67554e-24
7.83765e-25
1.6499e-25
3.4302e-26
7.04842e-27
1.43155e-27
2.874e-28
5.70367e-29
1.11898e-29
2.17018e-30
4.16076e-31
7.88571e-32
1.47733e-32
2.73561e-33
5.00637e-34
9.0537e-35
1.61767e-35
2.85514e-36
4.97651e-37
8.56359e-38
1.45434e-38
2.43653e-39
4.02502e-40
6.55251e-41
1.05053e-41
1.65748e-42
2.5713e-43
3.91825e-44
5.85841e-45
8.58332e-46
1.2305e-46
1.7232e-47
2.35281e-48
3.12535e-49
4.02912e-50
5.02708e-51
6.05139e-52
7.00313e-53
7.76063e-54
8.19837e-55
8.21489e-56
7.7639e-57
6.87752e-58
5.67036e-59
4.3173e-60
3.00902e-61
1.90097e-62
1.07653e-63
5.39564e-65
2.3584e-66
8.83378e-68
2.77581e-69
7.1238e-71
1.44148e-72
2.18944e-74
2.3165e-76
1.49823e-78
4.3687e-81
0.00602876
0.046318
0.15313
0.294094
0.392083
0.436581
0.486083
0.581363
0.724079
0.885335
0.999996
0.999997
0.999998
0.999996
0.91479
0.75162
0.56549
0.398456
0.26921
0.178917
0.120303
0.0839065
0.0616865
0.0472168
0.0352963
0.0334104
0.0346078
0.0353091
0.034463
0.0320515
0.0284239
0.0240643
0.019472
0.0150739
0.0111741
0.00793785
0.00540783
0.00353575
0.00222016
0.00133979
0.000777593
0.000434362
0.000233701
0.000121203
6.06393e-05
2.92906e-05
1.36705e-05
6.1698e-06
2.69491e-06
1.14014e-06
4.67593e-07
1.8605e-07
7.18781e-08
2.69849e-08
9.85268e-09
3.50141e-09
1.21208e-09
4.09028e-10
1.34661e-10
4.32838e-11
1.3593e-11
4.17367e-12
1.25383e-12
3.68772e-13
1.06257e-13
3.00128e-14
8.31497e-15
2.26082e-15
6.0361e-16
1.58327e-16
4.08206e-17
1.03497e-17
2.58159e-18
6.33787e-19
1.53202e-19
3.64759e-20
8.55692e-21
1.97852e-21
4.51023e-22
1.01394e-22
2.24846e-23
4.91948e-24
1.06218e-24
2.26363e-25
4.76213e-26
9.89346e-27
2.03195e-27
4.12583e-28
8.28229e-29
1.64374e-29
3.22522e-30
6.25632e-31
1.19975e-31
2.27432e-32
4.26151e-33
7.89179e-34
1.4442e-34
2.61125e-35
4.66385e-36
8.22637e-37
1.43256e-37
2.46212e-38
4.17468e-39
6.98001e-40
1.1502e-40
1.86687e-41
2.98243e-42
4.68596e-43
7.23444e-44
1.09632e-44
1.62889e-45
2.36967e-46
3.37034e-47
4.67856e-48
6.32657e-49
8.31581e-50
1.05989e-50
1.30631e-51
1.55211e-52
1.7717e-53
1.93536e-54
2.01445e-55
1.98823e-56
1.85072e-57
1.61491e-58
1.31207e-59
9.85104e-61
6.77712e-62
4.23145e-63
2.37189e-64
1.17878e-65
5.11882e-67
1.90876e-68
5.98345e-70
1.53502e-71
3.11079e-73
4.73975e-75
5.03683e-77
3.27436e-79
9.59754e-82
0.00571105
0.0442372
0.144524
0.270429
0.350058
0.387754
0.433248
0.535544
0.694808
0.876254
1
1
0.999998
1
0.893537
0.695111
0.481396
0.303426
0.178143
0.100062
0.0555388
0.030909
0.0172883
0.00744488
0.00837766
0.0114626
0.0135413
0.0144958
0.0143866
0.0133813
0.0117361
0.00978795
0.00777913
0.00590503
0.00428845
0.00298347
0.00199043
0.00127462
0.000784138
0.000463792
0.000263946
0.000144646
7.63917e-05
3.89115e-05
1.91321e-05
9.08772e-06
4.17363e-06
1.8548e-06
7.98291e-07
3.33016e-07
1.34759e-07
5.29423e-08
2.0209e-08
7.50124e-09
2.70965e-09
9.53285e-10
3.26887e-10
1.09337e-10
3.56985e-11
1.13857e-11
3.54982e-12
1.08263e-12
3.23198e-13
9.4504e-14
2.70827e-14
7.61108e-15
2.09875e-15
5.68161e-16
1.51077e-16
3.94783e-17
1.01426e-17
2.5631e-18
6.37365e-19
1.56022e-19
3.76116e-20
8.93183e-21
2.09019e-21
4.82154e-22
1.09663e-22
2.45989e-23
5.44317e-24
1.18839e-24
2.56044e-25
5.44486e-26
1.14296e-26
2.36902e-27
4.85555e-28
9.84098e-29
1.97225e-29
3.9084e-30
7.65827e-31
1.48366e-31
2.84168e-32
5.38038e-33
1.00693e-33
1.86237e-34
3.40364e-35
6.14526e-36
1.09585e-36
1.92953e-37
3.35351e-38
5.75081e-39
9.72638e-40
1.62161e-40
2.66359e-41
4.30756e-42
6.85355e-43
1.0719e-43
1.64642e-44
2.48088e-45
3.66289e-46
5.29184e-47
7.46943e-48
1.0283e-48
1.37805e-49
1.79383e-50
2.26265e-51
2.75797e-52
3.23878e-53
3.65189e-54
3.93869e-55
4.0462e-56
3.94052e-57
3.619e-58
3.11601e-59
2.49883e-60
1.85272e-61
1.25958e-62
7.779e-64
4.31781e-65
2.12759e-66
9.17302e-68
3.40115e-69
1.06171e-70
2.71629e-72
5.49695e-74
8.37324e-76
8.9034e-78
5.7942e-80
1.70011e-82
0.00457837
0.0374844
0.125746
0.23575
0.300744
0.329707
0.369203
0.478241
0.656518
0.863412
0.999997
1
1
0.999998
0.86899
0.630536
0.39065
0.209405
0.0980868
0.0403938
0.0145925
0.00323503
0.000209649
0.00110786
0.00250017
0.00387071
0.00480551
0.00525114
0.00523392
0.00484327
0.00420315
0.00345544
0.00269905
0.00200874
0.00142382
0.00096109
0.00062789
0.000393891
0.000237461
0.000137688
7.685e-05
4.13226e-05
2.14233e-05
1.07178e-05
5.17868e-06
2.41878e-06
1.09296e-06
4.78203e-07
2.0276e-07
8.33816e-08
3.32837e-08
1.29068e-08
4.8661e-09
1.78508e-09
6.37659e-10
2.21976e-10
7.53588e-11
2.49686e-11
8.07969e-12
2.55529e-12
7.90357e-13
2.39238e-13
7.09148e-14
2.05971e-14
5.86535e-15
1.6385e-15
4.49256e-16
1.20966e-16
3.20015e-17
8.32172e-18
2.12807e-18
5.35393e-19
1.32569e-19
3.23191e-20
7.76023e-21
1.83582e-21
4.2801e-22
9.83722e-23
2.22944e-23
4.98336e-24
1.09887e-24
2.39082e-25
5.13328e-26
1.0878e-26
2.27539e-27
4.69869e-28
9.59745e-29
1.93896e-29
3.87431e-30
7.6561e-31
1.49616e-31
2.89113e-32
5.5237e-33
1.04331e-33
1.94784e-34
3.59398e-35
6.55226e-36
1.18004e-36
2.09884e-37
3.68549e-38
6.38693e-39
1.09192e-39
1.8407e-40
3.05804e-41
5.00383e-42
8.05871e-43
1.27643e-43
1.98662e-44
3.03525e-45
4.54735e-46
6.67218e-47
9.5746e-48
1.34166e-48
1.83265e-49
2.43551e-50
3.14219e-51
3.92604e-52
4.73794e-53
5.50594e-54
6.14083e-55
6.54876e-56
6.65007e-57
6.40066e-58
5.80924e-59
4.9433e-60
3.91861e-61
2.873e-62
1.93243e-63
1.1815e-64
6.49745e-66
3.17485e-67
1.35871e-68
5.00564e-70
1.55419e-71
3.9589e-73
7.98398e-75
1.21294e-76
1.28711e-78
8.36203e-81
2.4492e-83
0.00297446
0.0272891
0.0987244
0.192067
0.243671
0.262014
0.292905
0.407455
0.60698
0.846096
0.999997
1
1
0.999998
0.840729
0.556908
0.294894
0.122122
0.0370221
0.0064897
8.3925e-06
4.10172e-05
0.000142359
0.000394429
0.000808779
0.00122972
0.00152541
0.0016617
0.00164381
0.00150435
0.00128827
0.00104271
0.000800258
0.000584075
0.000405335
0.000267622
0.000170742
0.000103451
6.08462e-05
3.45961e-05
1.89448e-05
9.99806e-06
5.08951e-06
2.50122e-06
1.18778e-06
5.45536e-07
2.42542e-07
1.04474e-07
4.36363e-08
1.76877e-08
6.96362e-09
2.66491e-09
9.92108e-10
3.59585e-10
1.26981e-10
4.3722e-11
1.46892e-11
4.81885e-12
1.54468e-12
4.84141e-13
1.48467e-13
4.45745e-14
1.31101e-14
3.77955e-15
1.06865e-15
2.96501e-16
8.07672e-17
2.16112e-17
5.68274e-18
1.46916e-18
3.7359e-19
9.3478e-20
2.30238e-20
5.58406e-21
1.33406e-21
3.14039e-22
7.28622e-23
1.66666e-23
3.7594e-24
8.36403e-25
1.83578e-25
3.97564e-26
8.49644e-27
1.7921e-27
3.73097e-28
7.66734e-29
1.55889e-29
3.13566e-30
6.23949e-31
1.22811e-31
2.39085e-32
4.603e-33
8.76296e-34
1.64935e-34
3.06872e-35
5.64279e-36
1.02524e-36
1.84009e-37
3.26141e-38
5.70658e-39
9.85335e-40
1.67818e-40
2.81788e-41
4.66224e-42
7.59588e-43
1.21776e-43
1.91955e-44
2.97237e-45
4.51679e-46
6.72811e-47
9.81173e-48
1.39886e-48
1.94672e-49
2.63978e-50
3.48116e-51
4.45482e-52
5.51878e-53
6.60079e-54
7.59972e-55
8.39482e-56
8.86428e-57
8.91083e-58
8.4891e-59
7.62568e-60
6.42267e-61
5.03999e-62
3.65877e-63
2.43755e-64
1.4768e-65
8.05178e-67
3.90287e-68
1.65794e-69
6.06683e-71
1.87218e-72
4.74276e-74
9.518e-76
1.43968e-77
1.52171e-79
9.85016e-82
2.87465e-84
0.00167315
0.0172782
0.067617
0.140473
0.179821
0.172985
0.204271
0.321249
0.543033
0.823182
0.999997
0.999998
1
0.999997
0.807961
0.472668
0.197055
0.04989
0.00311207
2.26323e-06
8.70839e-06
2.58147e-05
6.39897e-05
0.000138735
0.000245148
0.0003496
0.000421275
0.000450131
0.000437936
0.000394404
0.000332415
0.000264538
0.0001994
0.000142732
9.70296e-05
6.27311e-05
3.91075e-05
2.31308e-05
1.32585e-05
7.23082e-06
3.88534e-06
2.01346e-06
1.00675e-06
4.86154e-07
2.26944e-07
1.02512e-07
4.48475e-08
1.90194e-08
7.82565e-09
3.1266e-09
1.21396e-09
4.58422e-10
1.68497e-10
6.03276e-11
2.10551e-11
7.16863e-12
2.38263e-12
7.7361e-13
2.4554e-13
7.62321e-14
2.31656e-14
6.89452e-15
2.01081e-15
5.75027e-16
1.61321e-16
4.44228e-17
1.20129e-17
3.19166e-18
8.33512e-19
2.14052e-19
5.40771e-20
1.3445e-20
3.29093e-21
7.93296e-22
1.88385e-22
4.40841e-23
1.01686e-23
2.31254e-24
5.18644e-25
1.14733e-25
2.50393e-26
5.39192e-27
1.14579e-27
2.40299e-28
4.97414e-29
1.0163e-29
2.05465e-30
4.11058e-31
8.13717e-32
1.59366e-32
3.08759e-33
5.91675e-34
1.12129e-34
2.10114e-35
3.89228e-36
7.12644e-37
1.2893e-37
2.30421e-38
4.06669e-39
7.08525e-40
1.21811e-40
2.06554e-41
3.45282e-42
5.6866e-43
9.22119e-44
1.47115e-44
2.30729e-45
3.5541e-46
5.37141e-47
7.95576e-48
1.15334e-48
1.63416e-49
2.25948e-50
3.04324e-51
3.98501e-52
5.0623e-53
6.2237e-54
7.38537e-55
8.43406e-56
9.23883e-57
9.67235e-58
9.63892e-59
9.10236e-60
8.10469e-61
6.76629e-62
5.26355e-63
3.78848e-64
2.50296e-65
1.5042e-66
8.13735e-68
3.91487e-69
1.65113e-70
6.00051e-72
1.83956e-73
4.63083e-75
9.23745e-77
1.38922e-78
1.46037e-80
9.40372e-83
2.73051e-85
0.000889834
0.0101271
0.04194
0.090734
0.118234
0.0757746
0.106886
0.218843
0.460124
0.79292
1
0.999999
1
0.999996
0.769267
0.375413
0.102945
0.00441756
5.06988e-07
1.69874e-06
4.60301e-06
1.06082e-05
2.23885e-05
4.08969e-05
6.37384e-05
8.44744e-05
9.7582e-05
0.000101283
9.63192e-05
8.50551e-05
7.0405e-05
5.50292e-05
4.07214e-05
2.85902e-05
1.90481e-05
1.20677e-05
7.35537e-06
4.2512e-06
2.37621e-06
1.26208e-06
6.52279e-07
3.29365e-07
1.61792e-07
7.67944e-08
3.52493e-08
1.56628e-08
6.74385e-09
2.81617e-09
1.14156e-09
4.49573e-10
1.7215e-10
6.41449e-11
2.32756e-11
8.23088e-12
2.83866e-12
9.55455e-13
3.14076e-13
1.00897e-13
3.16975e-14
9.74412e-15
2.9329e-15
8.64852e-16
2.49989e-16
7.08712e-17
1.97157e-17
5.38476e-18
1.44456e-18
3.80821e-19
9.86973e-20
2.51577e-20
6.30934e-21
1.55742e-21
3.78519e-22
9.06089e-23
2.13691e-23
4.96661e-24
1.1379e-24
2.57051e-25
5.7267e-26
1.25846e-26
2.72837e-27
5.83652e-28
1.23209e-28
2.56692e-29
5.27819e-30
1.07122e-30
2.15151e-31
4.2773e-32
8.41586e-33
1.63859e-33
3.1566e-34
6.01559e-35
1.13389e-35
2.11358e-36
3.89515e-37
7.09555e-38
1.27729e-38
2.27147e-39
3.98925e-40
6.91637e-41
1.18327e-41
1.99666e-42
3.32126e-43
5.4428e-44
8.78152e-45
1.39386e-45
2.17476e-46
3.33222e-47
5.00885e-48
7.37768e-49
1.06346e-49
1.49801e-50
2.05882e-51
2.75587e-52
3.58585e-53
4.5256e-54
5.52675e-55
6.51358e-56
7.38662e-57
8.03406e-58
8.35055e-59
8.26119e-60
7.74427e-61
6.84497e-62
5.67288e-63
4.38097e-64
3.13062e-65
2.05368e-66
1.22557e-67
6.58439e-69
3.14615e-70
1.3179e-71
4.75687e-73
1.44827e-74
3.62032e-76
7.17051e-78
1.07068e-79
1.11756e-81
7.14588e-84
2.05963e-86
0.000432792
0.00532754
0.0229381
0.0511052
0.0685217
0.0486301
0.0214871
0.104409
0.351464
0.752541
1
1
1
1
0.722088
0.261673
0.025062
1.71268e-07
2.92019e-07
7.40817e-07
1.61391e-06
3.30236e-06
5.95796e-06
9.49321e-06
1.33004e-05
1.63998e-05
1.80648e-05
1.81217e-05
1.67845e-05
1.45e-05
1.17716e-05
9.03047e-06
6.55929e-06
4.51791e-06
2.95151e-06
1.83342e-06
1.09319e-06
6.17876e-07
3.36955e-07
1.74439e-07
8.77067e-08
4.24814e-08
2.03618e-08
9.50092e-09
4.28937e-09
1.87537e-09
7.94859e-10
3.26894e-10
1.30565e-10
5.06885e-11
1.9143e-11
7.0382e-12
2.52111e-12
8.8048e-13
3.0002e-13
9.9812e-14
3.24421e-14
1.03088e-14
3.20448e-15
9.75023e-16
2.90561e-16
8.48529e-17
2.42963e-17
6.82475e-18
1.88157e-18
5.09386e-19
1.35478e-19
3.5414e-20
9.10221e-21
2.30121e-21
5.72486e-22
1.40194e-22
3.38059e-23
8.0296e-24
1.87914e-24
4.33422e-25
9.85497e-26
2.2095e-26
4.88558e-27
1.06562e-27
2.29309e-28
4.86893e-29
1.0202e-29
2.10965e-30
4.30559e-31
8.6728e-32
1.72913e-32
3.41323e-33
6.66966e-34
1.28996e-34
2.46893e-35
4.67546e-36
8.7588e-37
1.62285e-37
2.97322e-38
5.38496e-39
9.63883e-40
1.70458e-40
2.97721e-41
5.13373e-42
8.73576e-43
1.46622e-43
2.426e-44
3.9547e-45
6.34699e-46
1.00213e-46
1.55532e-47
2.37049e-48
3.54425e-49
5.19246e-50
7.44426e-51
1.0429e-51
1.42544e-52
1.89745e-53
2.45503e-54
3.08084e-55
3.74084e-56
4.3833e-57
4.94189e-58
5.34361e-59
5.52151e-60
5.43033e-61
5.06068e-62
4.44681e-63
3.66389e-64
2.8131e-65
1.9986e-66
1.3035e-67
7.73373e-69
4.13045e-70
1.96165e-71
8.16536e-73
2.92752e-74
8.84915e-76
2.19492e-77
4.31092e-79
6.3798e-81
6.59848e-83
4.1808e-85
1.1916e-87
0.000181784
0.00238081
0.0105374
0.0241166
0.0338366
0.0284722
0.0176957
0.00832918
0.206247
0.697498
1
1
0.999999
1
0.661994
0.126928
3.89622e-07
4.33494e-08
1.02993e-07
2.12985e-07
4.17922e-07
7.28582e-07
1.14241e-06
1.61604e-06
2.06041e-06
2.37214e-06
2.48909e-06
2.40889e-06
2.16982e-06
1.8321e-06
1.45794e-06
1.0976e-06
7.82671e-07
5.29088e-07
3.39133e-07
2.06658e-07
1.20613e-07
6.67044e-08
3.55094e-08
1.79283e-08
8.77331e-09
4.1235e-09
1.88762e-09
8.66504e-10
3.84918e-10
1.65639e-10
6.91248e-11
2.80029e-11
1.10221e-11
4.21877e-12
1.57148e-12
5.70122e-13
2.01596e-13
6.95278e-14
2.34046e-14
7.6948e-15
2.47247e-15
7.76914e-16
2.38885e-16
7.19171e-17
2.12104e-17
6.13161e-18
1.73835e-18
4.83567e-19
1.32051e-19
3.54153e-20
9.33253e-21
2.41741e-21
6.1577e-22
1.54302e-22
3.80512e-23
9.23755e-24
2.20841e-24
5.20081e-25
1.20685e-25
2.76022e-26
6.22369e-27
1.38377e-27
3.03443e-28
6.56399e-29
1.40088e-29
2.95008e-30
6.13068e-31
1.25735e-31
2.54507e-32
5.08441e-33
1.00554e-33
1.9694e-34
3.81916e-35
7.33204e-36
1.39325e-36
2.61998e-37
4.87464e-38
8.97162e-39
1.63298e-39
2.93871e-40
5.22729e-41
9.18756e-42
1.59505e-42
2.73418e-43
4.62559e-44
7.71934e-45
1.27006e-45
2.05891e-46
3.28637e-47
5.16096e-48
7.96727e-49
1.20793e-49
1.79669e-50
2.61872e-51
3.73533e-52
5.20675e-53
7.08125e-54
9.37974e-55
1.20771e-55
1.50828e-56
1.82268e-57
2.12568e-58
2.38546e-59
2.56757e-60
2.64109e-61
2.58592e-62
2.39932e-63
2.09915e-64
1.72214e-65
1.31658e-66
9.31359e-68
6.04781e-69
3.57191e-70
1.89855e-71
8.96985e-73
3.71218e-74
1.3222e-75
3.96629e-77
9.75031e-79
1.89509e-80
2.77121e-82
2.82943e-84
1.77105e-86
4.99334e-89
5.87578e-05
0.000808313
0.00368743
0.00872232
0.0130347
0.0129306
0.00987591
0.00669037
0.0232043
0.618071
0.999998
1
1
0.999999
0.579045
1.78081e-06
5.49008e-09
1.18826e-08
2.30714e-08
4.2012e-08
6.84882e-08
1.02001e-07
1.4014e-07
1.77887e-07
2.08289e-07
2.25031e-07
2.25374e-07
2.10597e-07
1.84573e-07
1.52385e-07
1.18915e-07
8.79032e-08
6.1573e-08
4.08803e-08
2.57283e-08
1.53883e-08
8.79677e-09
4.76267e-09
2.47607e-09
1.21974e-09
5.81119e-10
2.6542e-10
1.1648e-10
5.20306e-11
2.27411e-11
9.63438e-12
3.95979e-12
1.58049e-12
6.13162e-13
2.31414e-13
8.50308e-14
3.0441e-14
1.06255e-14
3.61872e-15
1.20327e-15
3.90889e-16
1.24138e-16
3.85638e-17
1.17256e-17
3.49152e-18
1.01873e-18
2.91405e-19
8.17612e-20
2.25124e-20
6.08592e-21
1.61605e-21
4.2169e-22
1.08174e-22
2.72903e-23
6.77358e-24
1.65465e-24
3.97938e-25
9.42516e-26
2.19915e-26
5.05632e-27
1.14589e-27
2.56026e-28
5.64096e-29
1.22584e-29
2.62789e-30
5.55819e-31
1.16003e-31
2.38921e-32
4.85648e-33
9.74286e-34
1.92908e-34
3.78203e-35
7.34476e-36
1.41262e-36
2.69023e-37
5.0721e-38
9.46528e-39
1.74798e-39
3.19374e-40
5.77189e-41
1.03152e-41
1.82241e-42
3.18194e-43
5.48851e-44
9.34895e-45
1.5719e-45
2.60749e-46
4.26501e-47
6.87462e-48
1.09121e-48
1.7044e-49
2.61738e-50
3.94804e-51
5.84331e-52
8.47605e-53
1.20343e-53
1.67e-54
2.26146e-55
2.98314e-56
3.82578e-57
4.75982e-58
5.73119e-59
6.66089e-60
7.45039e-61
7.99415e-62
8.19869e-63
8.00481e-64
7.40716e-65
6.46364e-66
5.28926e-67
4.03341e-68
2.84583e-69
1.84283e-70
1.08506e-71
5.7469e-73
2.70364e-74
1.11301e-75
3.9377e-77
1.17095e-78
2.84572e-80
5.44817e-82
7.8116e-84
7.77995e-86
4.73876e-88
1.32883e-90
1.05932e-05
0.000162035
0.000765375
0.00188735
0.00305532
0.00355289
0.00332363
0.00258476
0.00195455
0.462536
0.999999
1
0.999998
1
0.435977
7.13354e-07
1.00657e-09
1.77018e-09
2.77955e-09
3.96604e-09
5.28721e-09
6.70823e-09
8.12749e-09
9.35549e-09
1.01651e-08
1.03859e-08
9.97924e-09
9.03549e-09
7.72475e-09
6.24802e-09
4.78855e-09
3.48015e-09
2.39737e-09
1.56492e-09
9.67931e-10
5.68597e-10
3.1859e-10
1.68935e-10
8.58118e-11
4.12553e-11
1.91393e-11
8.4943e-12
3.58566e-12
1.54949e-12
6.66471e-13
2.78065e-13
1.12589e-13
4.42865e-14
1.69383e-14
6.30451e-15
2.28534e-15
8.07395e-16
2.78205e-16
9.35573e-17
3.07263e-17
9.86136e-18
3.09474e-18
9.50231e-19
2.85627e-19
8.40959e-20
2.42654e-20
6.86529e-21
1.90548e-21
5.19075e-22
1.38846e-22
3.64842e-23
9.42165e-24
2.39207e-24
5.9733e-25
1.46759e-25
3.54897e-26
8.4498e-27
1.98142e-27
4.57739e-28
1.04207e-28
2.33841e-29
5.17363e-30
1.1288e-30
2.42921e-31
5.15729e-32
1.08031e-32
2.23305e-33
4.55526e-34
9.17114e-35
1.8224e-35
3.5742e-36
6.94285e-37
1.3362e-37
2.54738e-38
4.80977e-39
8.99243e-40
1.66443e-40
3.04927e-41
5.52806e-42
9.9149e-43
1.75885e-43
3.08509e-44
5.34891e-45
9.16364e-46
1.55062e-46
2.5905e-47
4.27063e-48
6.94373e-49
1.11281e-49
1.75665e-50
2.72929e-51
4.17017e-52
6.26019e-53
9.22354e-54
1.33223e-54
1.88397e-55
2.60473e-56
3.51521e-57
4.62253e-58
5.91154e-59
7.33627e-60
8.81382e-61
1.02239e-61
1.14169e-62
1.22335e-63
1.25325e-64
1.22253e-65
1.13047e-66
9.8592e-68
8.06395e-69
6.14616e-70
4.33373e-71
2.8037e-72
1.64847e-73
8.71195e-75
4.08493e-76
1.67326e-77
5.87601e-79
1.72829e-80
4.13283e-82
7.72471e-84
1.06835e-85
1.00666e-87
5.60417e-90
1.32997e-92
)
;

boundaryField
{
    walls
    {
        type            zeroGradient;
    }
    top
    {
        type            zeroGradient;
    }
    bottom
    {
        type            zeroGradient;
    }
    frontAndBack
    {
        type            empty;
    }
    inlet
    {
        type            uniformFixedValue;
        uniformValue    
        {
            type            constant;
            value           1;
        }
        value           uniform 1;
    }
    outlet
    {
        type            zeroGradient;
    }
}


// ************************************************************************* //
