/*--------------------------------*- C++ -*----------------------------------*\
  =========                 |
  \\      /  F ield         | OpenFOAM: The Open Source CFD Toolbox
   \\    /   O peration     | Website:  https://openfoam.org
    \\  /    A nd           | Version:  12
     \\/     M anipulation  |
\*---------------------------------------------------------------------------*/
FoamFile
{
    format      ascii;
    class       volScalarField;
    location    "85";
    object      T;
}
// * * * * * * * * * * * * * * * * * * * * * * * * * * * * * * * * * * * * * //

dimensions      [];

internalField   nonuniform List<scalar> 
4480
(
2.31915e-17
1.36608e-14
2.18036e-10
2.03719e-07
2.20175e-05
0.000442643
0.00284966
0.00954096
0.0218661
0.0396332
0.0615726
0.0860039
0.111301
0.136118
0.159445
0.180592
0.199124
0.214805
0.22754
0.237329
0.244237
0.248364
0.249837
0.248789
0.245364
0.239709
0.23197
0.223049
0.213968
0.204685
0.195164
0.185373
0.175285
0.164883
0.154157
0.143112
0.131768
0.120167
0.108374
0.0964882
0.0846363
0.0729792
0.0617064
0.0510258
0.0411474
0.032263
0.0245234
0.0180172
0.0127581
0.00868417
0.00566854
0.00354082
0.00211279
0.00120261
0.000652323
0.000336955
0.000165697
7.75684e-05
3.45787e-05
1.46869e-05
5.94826e-06
2.29946e-06
8.49462e-07
3.00277e-07
1.01715e-07
3.30681e-08
1.03347e-08
3.11022e-09
9.02921e-10
2.53317e-10
6.88067e-11
1.81293e-11
4.64261e-12
1.15784e-12
2.81802e-13
6.7079e-14
1.56512e-14
3.58787e-15
8.09999e-16
1.80527e-16
3.98153e-17
8.70997e-18
1.89399e-18
2.57709e-18
2.90903e-18
2.66066e-18
2.16143e-18
1.63375e-18
1.18113e-18
8.31501e-19
5.77189e-19
3.988e-19
2.76332e-19
1.93222e-19
1.37074e-19
9.91196e-20
7.3364e-20
5.57894e-20
4.37369e-20
3.54572e-20
2.98076e-20
2.60499e-20
2.37195e-20
2.2547e-20
2.24127e-20
2.33315e-20
2.54651e-20
2.91671e-20
3.50802e-20
4.43202e-20
5.88218e-20
8.1993e-20
1.19977e-19
1.84144e-19
2.96136e-19
4.98359e-19
8.76377e-19
1.60825e-18
3.07813e-18
6.16295e-18
1.30689e-17
3.0027e-17
7.59862e-17
2.19571e-16
8.35521e-16
3.43259e-15
7.39009e-15
9.08184e-15
2.50039e-15
4.12306e-17
7.33568e-19
6.29154e-21
4.63129e-23
3.43852e-25
2.42952e-27
1.2958e-29
5.44049e-32
1.3217e-34
1.50606e-37
4.74996e-41
4.12446e-17
4.07817e-12
1.80494e-08
7.37878e-06
0.000413696
0.00483436
0.0207686
0.0521404
0.096718
0.149289
0.204687
0.259041
0.309896
0.355913
0.396512
0.431602
0.46136
0.486105
0.506215
0.522073
0.534038
0.542427
0.547518
0.549537
0.54867
0.545059
0.53881
0.530106
0.519714
0.507736
0.49427
0.479409
0.463242
0.445847
0.427293
0.407649
0.386974
0.365327
0.342772
0.319384
0.295255
0.270505
0.24529
0.219816
0.194341
0.169179
0.144701
0.121314
0.0994424
0.079489
0.0617945
0.0465957
0.0339921
0.0239338
0.0162301
0.0105803
0.00662059
0.00397195
0.00228281
0.00125631
0.000661932
0.000333958
0.0001614
7.47697e-05
3.32291e-05
1.41811e-05
5.81803e-06
2.29745e-06
8.74338e-07
3.21108e-07
1.13959e-07
3.91359e-08
1.30234e-08
4.20518e-09
1.31929e-09
4.02684e-10
1.19734e-10
3.47246e-11
9.83476e-12
2.72337e-12
7.382e-13
1.96093e-13
5.11034e-14
1.85186e-14
9.2916e-15
5.25612e-15
3.06589e-15
1.80425e-15
1.06782e-15
6.36276e-16
3.8258e-16
2.32762e-16
1.43705e-16
9.02971e-17
5.79126e-17
3.80182e-17
2.56164e-17
1.77617e-17
1.27053e-17
9.39809e-18
7.20452e-18
5.73538e-18
4.75022e-18
4.09984e-18
3.69268e-18
3.47496e-18
3.41978e-18
3.52195e-18
3.79737e-18
4.28701e-18
5.06673e-18
6.26634e-18
8.10417e-18
1.09495e-17
1.54373e-17
2.26824e-17
3.46921e-17
5.51857e-17
9.13023e-17
1.57382e-16
2.83853e-16
5.38221e-16
1.07139e-15
2.21403e-15
4.60963e-15
8.74914e-15
1.27086e-14
1.1696e-14
3.20636e-15
7.99066e-17
1.82634e-18
3.26479e-20
4.60737e-22
5.13346e-24
4.97419e-26
3.4744e-28
1.86174e-30
5.81934e-33
8.84954e-36
4.42174e-39
3.4256e-14
3.60619e-10
5.59908e-07
0.000108196
0.00329857
0.0236742
0.0724322
0.143857
0.225286
0.30647
0.38167
0.448502
0.506453
0.555911
0.597634
0.632493
0.661345
0.684976
0.704086
0.719271
0.731037
0.739799
0.745896
0.749596
0.751102
0.750564
0.748084
0.743459
0.736746
0.728011
0.71732
0.704731
0.690309
0.674104
0.656174
0.636564
0.615319
0.592476
0.56807
0.542133
0.514703
0.485823
0.45556
0.424005
0.391293
0.357617
0.323239
0.288503
0.253837
0.219752
0.186819
0.155634
0.126779
0.100763
0.0779703
0.0586172
0.0427311
0.0301519
0.020562
0.0135342
0.00858951
0.00525241
0.00309315
0.00175395
0.000957712
0.000503708
0.000255308
0.000124788
5.88639e-05
2.6822e-05
1.18175e-05
5.03978e-06
2.08271e-06
8.34953e-07
3.25091e-07
1.2307e-07
4.53519e-08
1.62858e-08
5.70518e-09
1.95181e-09
6.52771e-10
2.13638e-10
6.84881e-11
2.29531e-11
8.47215e-12
3.45349e-12
1.5314e-12
7.23489e-13
3.57973e-13
1.8348e-13
9.68352e-14
5.24708e-14
2.91587e-14
1.66179e-14
9.71934e-15
5.8402e-15
3.61037e-15
2.29977e-15
1.51198e-15
1.02769e-15
7.23345e-16
5.28054e-16
4.00405e-16
3.15774e-16
2.59305e-16
2.21928e-16
1.98102e-16
1.84525e-16
1.79391e-16
1.8201e-16
1.92658e-16
2.12616e-16
2.44412e-16
2.92314e-16
3.63208e-16
4.68106e-16
6.24712e-16
8.6181e-16
1.2269e-15
1.79934e-15
2.71161e-15
4.17648e-15
6.49626e-15
9.98038e-15
1.46005e-14
1.91313e-14
2.03158e-14
1.47786e-14
4.19982e-15
1.51456e-16
4.47666e-18
1.1128e-19
2.21417e-21
3.38043e-23
4.36151e-25
3.96487e-27
2.72726e-29
1.09928e-31
2.21477e-34
1.55681e-37
4.79951e-12
1.43366e-08
9.14141e-06
0.000890484
0.0154886
0.0724477
0.167257
0.274516
0.375822
0.464082
0.538619
0.600935
0.652838
0.695922
0.731531
0.760801
0.784712
0.804094
0.81966
0.832009
0.841641
0.848964
0.85431
0.857943
0.860064
0.860824
0.86033
0.858452
0.855002
0.849992
0.843411
0.835239
0.825449
0.814006
0.800876
0.786027
0.769423
0.751026
0.730806
0.708725
0.684748
0.658843
0.630981
0.60115
0.569354
0.535636
0.50008
0.462844
0.424162
0.384373
0.343922
0.303362
0.263346
0.22459
0.187831
0.153771
0.123008
0.0959838
0.0729412
0.053903
0.038686
0.0269342
0.0181748
0.011878
0.00751465
0.00460095
0.00272599
0.00156309
0.000867647
0.000466427
0.000242964
0.000122716
6.01423e-05
2.86237e-05
1.32406e-05
5.95817e-06
2.61057e-06
1.11475e-06
4.64342e-07
1.88851e-07
7.50622e-08
2.91835e-08
1.11085e-08
4.21769e-09
1.63565e-09
6.53326e-10
2.70426e-10
1.16357e-10
5.20537e-11
2.41694e-11
1.16175e-11
5.76657e-12
2.95024e-12
1.55395e-12
8.423e-13
4.69884e-13
2.69926e-13
1.59803e-13
9.76033e-14
6.15721e-14
4.0167e-14
2.71297e-14
1.89939e-14
1.37987e-14
1.04115e-14
8.16521e-15
6.65942e-15
5.65011e-15
4.98709e-15
4.57838e-15
4.36939e-15
4.33128e-15
4.45449e-15
4.74605e-15
5.22936e-15
5.94618e-15
6.96062e-15
8.36464e-15
1.02838e-14
1.2878e-14
1.63243e-14
2.07487e-14
2.60542e-14
3.16073e-14
3.58647e-14
3.62821e-14
3.02962e-14
1.82035e-14
5.37905e-15
2.83828e-16
1.03345e-17
3.21307e-19
8.06344e-21
1.55416e-22
2.52442e-24
2.87909e-26
2.48192e-28
1.26379e-30
3.28101e-33
3.07387e-36
2.76771e-10
3.19114e-07
9.2393e-05
0.00478023
0.0497298
0.160677
0.293848
0.413836
0.511226
0.589048
0.652411
0.704914
0.748639
0.784895
0.814697
0.838951
0.858496
0.874089
0.886398
0.896
0.903383
0.908948
0.913021
0.915855
0.917649
0.918544
0.918644
0.917916
0.916167
0.913402
0.909598
0.904714
0.898691
0.891456
0.88293
0.873023
0.861643
0.848699
0.834091
0.817726
0.7995
0.779316
0.75707
0.732667
0.706011
0.677026
0.645654
0.611875
0.575726
0.537314
0.496843
0.454632
0.411125
0.3669
0.322653
0.279172
0.237291
0.197831
0.161532
0.12899
0.100602
0.0765391
0.0567449
0.0409578
0.0287599
0.019635
0.0130282
0.0083993
0.00526095
0.00320162
0.00189339
0.00108843
0.00060846
0.000330934
0.000175216
9.03644e-05
4.54259e-05
2.22739e-05
1.06609e-05
4.98453e-06
2.27832e-06
1.01883e-06
4.46093e-07
1.92572e-07
8.30699e-08
3.59695e-08
1.57036e-08
6.94161e-09
3.11829e-09
1.42784e-09
6.6796e-10
3.1977e-10
1.56833e-10
7.88672e-11
4.06923e-11
2.15562e-11
1.17328e-11
6.56703e-12
3.7834e-12
2.24589e-12
1.37514e-12
8.69402e-13
5.6813e-13
3.84088e-13
2.68856e-13
1.94981e-13
1.46568e-13
1.14222e-13
9.22785e-14
7.72591e-14
6.69899e-14
6.00979e-14
5.5708e-14
5.32657e-14
5.24248e-14
5.29761e-14
5.47964e-14
5.78012e-14
6.18919e-14
6.68749e-14
7.23422e-14
7.74995e-14
8.09883e-14
8.08543e-14
7.49295e-14
6.18544e-14
4.26496e-14
2.19837e-14
6.65346e-15
5.26752e-16
2.27309e-17
8.42081e-19
2.53086e-20
5.86825e-22
1.1509e-23
1.59092e-25
1.6707e-27
1.04752e-29
3.40817e-32
4.10365e-35
8.9073e-09
4.55982e-06
0.000639078
0.0183174
0.119302
0.281033
0.424882
0.532007
0.611374
0.674284
0.727341
0.772851
0.81137
0.843259
0.869093
0.889642
0.905725
0.91812
0.927532
0.934563
0.939724
0.943438
0.946039
0.947784
0.948866
0.949421
0.949534
0.949221
0.948259
0.94666
0.944411
0.941479
0.937814
0.93335
0.928008
0.921696
0.914313
0.905746
0.895879
0.884589
0.871742
0.857201
0.840824
0.822465
0.80197
0.779187
0.753968
0.726177
0.695706
0.662482
0.626495
0.587818
0.546629
0.503233
0.458077
0.411757
0.365001
0.318644
0.273581
0.230704
0.190837
0.154661
0.122669
0.0951239
0.0720565
0.0532805
0.0384339
0.0270345
0.0185371
0.012388
0.00806806
0.00512116
0.00316859
0.00191146
0.00112463
0.000645608
0.000361777
0.000197991
0.000105882
5.53626e-05
2.83202e-05
1.4182e-05
6.9569e-06
3.35216e-06
1.6011e-06
7.60049e-07
3.59583e-07
1.70031e-07
8.05908e-08
3.83988e-08
1.84431e-08
8.95327e-09
4.40381e-09
2.19964e-09
1.11799e-09
5.79286e-10
3.06515e-10
1.6588e-10
9.19507e-11
5.228e-11
3.05283e-11
1.83308e-11
1.13308e-11
7.21723e-12
4.74104e-12
3.21409e-12
2.24965e-12
1.62606e-12
1.21363e-12
9.34981e-13
7.42991e-13
6.08365e-13
5.12529e-13
4.43438e-13
3.93093e-13
3.56007e-13
3.28256e-13
3.0683e-13
2.89211e-13
2.73068e-13
2.56066e-13
2.35845e-13
2.10254e-13
1.77955e-13
1.39333e-13
9.73195e-14
5.7419e-14
2.61969e-14
7.89499e-15
9.7131e-16
4.83883e-17
2.07504e-18
7.24702e-20
1.96105e-21
4.51051e-23
7.35624e-25
9.18229e-27
6.9263e-29
2.75834e-31
4.1609e-34
1.89356e-07
4.59802e-05
0.00323992
0.0532081
0.226722
0.409491
0.533452
0.61515
0.676478
0.729418
0.777653
0.820346
0.85628
0.885261
0.907898
0.925133
0.937934
0.947187
0.953661
0.958019
0.960813
0.962497
0.963429
0.963883
0.964049
0.964054
0.963965
0.963809
0.963293
0.962418
0.961167
0.959507
0.957394
0.954773
0.951577
0.947728
0.943139
0.937711
0.931335
0.923894
0.915256
0.905282
0.893823
0.880717
0.865794
0.84887
0.829756
0.808259
0.784191
0.757368
0.727642
0.694906
0.659118
0.620331
0.578717
0.534584
0.488395
0.440773
0.392477
0.344381
0.297418
0.25252
0.210547
0.172221
0.138073
0.108409
0.0833006
0.0626054
0.0459996
0.0330314
0.0231755
0.0158857
0.0106377
0.00695963
0.00444919
0.0027799
0.00169807
0.0010144
0.000592873
0.000339157
0.000189989
0.000104271
5.60968e-05
2.96096e-05
1.54377e-05
7.96427e-06
4.07307e-06
2.06898e-06
1.04601e-06
5.27463e-07
2.65875e-07
1.3427e-07
6.80921e-08
3.47558e-08
1.78965e-08
9.31713e-09
4.9149e-09
2.63244e-09
1.43439e-09
7.96592e-10
4.51651e-10
2.61847e-10
1.55444e-10
9.46045e-11
5.90895e-11
3.79071e-11
2.49914e-11
1.69375e-11
1.18005e-11
8.44894e-12
6.21245e-12
4.68621e-12
3.62107e-12
2.86067e-12
2.30488e-12
1.88826e-12
1.56709e-12
1.3115e-12
1.10067e-12
9.1993e-13
7.59119e-13
6.11766e-13
4.74844e-13
3.48695e-13
2.36625e-13
1.43709e-13
7.45992e-14
3.08765e-14
9.12e-15
1.53448e-15
1.00978e-16
4.91427e-18
1.95415e-19
6.04439e-21
1.59686e-22
3.01118e-24
4.38165e-26
3.90222e-28
1.86745e-30
3.46885e-33
2.98793e-06
0.000350989
0.0126362
0.122122
0.355767
0.518126
0.607136
0.666547
0.717567
0.76734
0.815272
0.85737
0.891448
0.91757
0.936855
0.950599
0.959951
0.965883
0.96922
0.970675
0.970853
0.970258
0.969292
0.968245
0.96732
0.966636
0.966243
0.966135
0.965961
0.96569
0.96528
0.964682
0.96384
0.962692
0.961172
0.95921
0.956729
0.953649
0.949878
0.945315
0.939854
0.93337
0.925731
0.91679
0.906383
0.894338
0.880458
0.864536
0.846355
0.825692
0.802321
0.776032
0.746649
0.714046
0.67817
0.639077
0.596952
0.55213
0.505109
0.456547
0.407248
0.358116
0.310113
0.264184
0.221194
0.181866
0.146727
0.11608
0.0900026
0.0683605
0.050846
0.0370255
0.0263918
0.0184134
0.0125747
0.00840632
0.00550201
0.00352646
0.00221399
0.00136196
0.000821233
0.000485569
0.000281643
0.000160311
8.99492e-05
4.98301e-05
2.7291e-05
1.47976e-05
7.95515e-06
4.24695e-06
2.25526e-06
1.19335e-06
6.30368e-07
3.33044e-07
1.76341e-07
9.37627e-08
5.01674e-08
2.70658e-08
1.47539e-08
8.14205e-09
4.55741e-09
2.59195e-09
1.50024e-09
8.85009e-10
5.32754e-10
3.27594e-10
2.05922e-10
1.32381e-10
8.70515e-11
5.85416e-11
4.02389e-11
2.82419e-11
2.02113e-11
1.47203e-11
1.08842e-11
8.14525e-12
6.14615e-12
4.65468e-12
3.51822e-12
2.63583e-12
1.94089e-12
1.39008e-12
9.55807e-13
6.20656e-13
3.72632e-13
2.01129e-13
9.39134e-14
3.59285e-14
1.04107e-14
2.02269e-15
2.0863e-16
1.13529e-17
5.06372e-19
1.76348e-20
5.27012e-22
1.13175e-23
1.89148e-25
1.96037e-27
1.11215e-29
2.51559e-32
3.85489e-05
0.00214223
0.0391955
0.227899
0.476408
0.591024
0.650032
0.69762
0.745851
0.796837
0.846523
0.8883
0.920013
0.942728
0.958306
0.968354
0.97409
0.976492
0.976422
0.974652
0.971875
0.968673
0.965507
0.962715
0.960513
0.959016
0.958248
0.958156
0.958306
0.958644
0.959091
0.959566
0.959981
0.960257
0.960309
0.960056
0.959424
0.958334
0.956709
0.95447
0.951525
0.947781
0.943128
0.937446
0.930599
0.922433
0.912777
0.901442
0.888217
0.872871
0.855164
0.834844
0.811667
0.785403
0.755861
0.722915
0.686523
0.64677
0.603874
0.558222
0.510367
0.461021
0.41103
0.361338
0.312916
0.266706
0.223554
0.184145
0.148968
0.11829
0.0921592
0.0704223
0.0527659
0.0387608
0.0279121
0.0197035
0.0136354
0.00925166
0.00615557
0.00401708
0.00257194
0.00161604
0.000996856
0.000603897
0.000360171
0.000211842
0.000123
7.05742e-05
4.00605e-05
2.25234e-05
1.25589e-05
6.95423e-06
3.8296e-06
2.10047e-06
1.14931e-06
6.28398e-07
3.43924e-07
1.88753e-07
1.04067e-07
5.7744e-08
3.23034e-08
1.82509e-08
1.04309e-08
6.03969e-09
3.54764e-09
2.11635e-09
1.28334e-09
7.91533e-10
4.96706e-10
3.17112e-10
2.05886e-10
1.35822e-10
9.09248e-11
6.16567e-11
4.22514e-11
2.91723e-11
2.02195e-11
1.40048e-11
9.64083e-12
6.55225e-12
4.3611e-12
2.81482e-12
1.74057e-12
1.01575e-12
5.48917e-13
2.68079e-13
1.14593e-13
4.10873e-14
1.16756e-14
2.43522e-15
3.35399e-16
2.58638e-17
1.27913e-18
4.95858e-20
1.65702e-21
4.00652e-23
7.60506e-25
9.07496e-27
6.0446e-29
1.65349e-31
0.000390072
0.010954
0.0986105
0.352802
0.562094
0.630633
0.674207
0.718548
0.767914
0.821899
0.873813
0.914567
0.94305
0.961865
0.973582
0.979876
0.98186
0.980457
0.976577
0.971115
0.964898
0.958641
0.952899
0.948066
0.944383
0.941953
0.940775
0.940676
0.941193
0.942221
0.943638
0.945315
0.947125
0.948944
0.950661
0.952175
0.953391
0.954227
0.954608
0.954462
0.953717
0.952296
0.950115
0.947085
0.943102
0.938046
0.931773
0.924126
0.914921
0.903955
0.890994
0.875792
0.858084
0.837599
0.814078
0.787285
0.757028
0.723205
0.685809
0.644969
0.600976
0.554284
0.505521
0.455467
0.405022
0.355154
0.306837
0.260989
0.218404
0.179707
0.145315
0.115429
0.0900397
0.0689535
0.0518328
0.0382416
0.0276911
0.01968
0.0137289
0.00940224
0.00632257
0.00417564
0.00270917
0.00172729
0.00108368
0.000670077
0.000408664
0.000246026
0.000146333
8.60707e-05
5.0112e-05
2.89107e-05
1.65459e-05
9.40495e-06
5.31617e-06
2.99226e-06
1.67943e-06
9.41281e-07
5.27624e-07
2.96237e-07
1.66853e-07
9.44208e-08
5.37622e-08
3.08438e-08
1.7852e-08
1.04356e-08
6.16674e-09
3.68629e-09
2.22992e-09
1.36515e-09
8.45532e-10
5.29462e-10
3.34805e-10
2.13444e-10
1.36884e-10
8.80589e-11
5.6627e-11
3.62436e-11
2.29683e-11
1.43209e-11
8.71879e-12
5.13555e-12
2.89412e-12
1.53929e-12
7.59768e-13
3.40754e-13
1.35223e-13
4.59096e-14
1.27861e-14
2.77322e-15
4.39897e-16
4.73989e-17
3.18395e-18
1.3618e-19
5.04371e-21
1.3613e-22
2.91035e-24
3.9675e-26
3.08226e-28
1.01571e-30
0.00217697
0.0364396
0.201527
0.464715
0.606303
0.65048
0.689895
0.734576
0.786265
0.843804
0.897861
0.936611
0.961112
0.975856
0.98381
0.98637
0.984372
0.978695
0.970379
0.960545
0.950241
0.940363
0.931592
0.924395
0.919024
0.915573
0.913991
0.913921
0.914904
0.916777
0.919359
0.92246
0.925896
0.929494
0.933096
0.936568
0.939789
0.942661
0.945103
0.947037
0.948402
0.949139
0.949181
0.948464
0.946914
0.944443
0.940946
0.9363
0.930357
0.922948
0.913873
0.902907
0.889802
0.874283
0.856067
0.83487
0.810424
0.7825
0.750933
0.71566
0.676736
0.634371
0.588944
0.54101
0.491285
0.440628
0.389987
0.340346
0.292666
0.247809
0.206497
0.169256
0.136406
0.108055
0.0841146
0.0643337
0.0483393
0.0356815
0.0258748
0.0184346
0.0129053
0.00887885
0.00600463
0.00399271
0.00261219
0.00168376
0.00106994
0.000670679
0.000414997
0.000253666
0.000153287
9.16496e-05
5.42651e-05
3.18481e-05
1.8546e-05
1.0727e-05
6.16945e-06
3.53234e-06
2.0158e-06
1.148e-06
6.53265e-07
3.71909e-07
2.1209e-07
1.21298e-07
6.96486e-08
4.01908e-08
2.33264e-08
1.36255e-08
8.01315e-09
4.74508e-09
2.8286e-09
1.69638e-09
1.02246e-09
6.18433e-10
3.74607e-10
2.2665e-10
1.36523e-10
8.15391e-11
4.80517e-11
2.77759e-11
1.56374e-11
8.50178e-12
4.41845e-12
2.16822e-12
9.89758e-13
4.12713e-13
1.5375e-13
4.98109e-14
1.35895e-14
3.00733e-15
5.17487e-16
6.61474e-17
5.9938e-18
3.69109e-19
1.5048e-20
4.50434e-22
1.07794e-23
1.66955e-25
1.50626e-27
5.96821e-30
0.0081732
0.0845243
0.316123
0.545328
0.626713
0.662665
0.701737
0.747299
0.80153
0.862882
0.918943
0.95468
0.97474
0.985593
0.990045
0.988806
0.982353
0.971628
0.957974
0.94287
0.927689
0.913553
0.901285
0.891412
0.884196
0.87969
0.87778
0.877829
0.879449
0.882404
0.88643
0.891264
0.896648
0.902342
0.908137
0.913853
0.919334
0.924459
0.929127
0.933258
0.936791
0.939675
0.941864
0.943309
0.943965
0.943771
0.942657
0.940535
0.937298
0.932811
0.926916
0.919422
0.910112
0.898734
0.885014
0.868657
0.849363
0.826838
0.800823
0.771112
0.737594
0.700271
0.659295
0.614988
0.567851
0.518553
0.467918
0.416878
0.366421
0.317529
0.271111
0.227948
0.188647
0.153611
0.123033
0.0969057
0.075047
0.057139
0.0427694
0.0314735
0.0227719
0.0162011
0.0113359
0.00780212
0.00528393
0.00352507
0.00231763
0.00150248
0.000960937
0.000606668
0.000378308
0.000233165
0.000142137
8.5763e-05
5.12604e-05
3.03748e-05
1.78597e-05
1.04295e-05
6.05464e-06
3.49767e-06
2.01264e-06
1.15474e-06
6.61246e-07
3.78278e-07
2.16379e-07
1.23857e-07
7.0994e-08
4.07695e-08
2.34637e-08
1.3534e-08
7.82222e-09
4.5275e-09
2.6218e-09
1.51686e-09
8.75152e-10
5.02291e-10
2.85912e-10
1.60798e-10
8.89448e-11
4.81251e-11
2.53041e-11
1.2829e-11
6.21371e-12
2.84357e-12
1.21341e-12
4.75282e-13
1.67716e-13
5.21579e-14
1.39364e-14
3.10923e-15
5.61437e-16
7.94101e-17
8.5109e-18
6.69456e-19
3.75605e-20
1.46838e-21
3.91585e-23
6.86466e-25
7.17301e-27
3.41559e-29
0.0232043
0.152045
0.416112
0.589265
0.640421
0.672858
0.710716
0.757001
0.813854
0.879255
0.937239
0.969045
0.984551
0.991987
0.993207
0.987858
0.976116
0.959222
0.939064
0.917641
0.896728
0.877703
0.86152
0.848744
0.839614
0.834116
0.832041
0.832373
0.834882
0.839234
0.845068
0.852018
0.85974
0.867917
0.876272
0.88457
0.892619
0.900263
0.907384
0.913895
0.919732
0.924846
0.929205
0.932779
0.935542
0.937461
0.938498
0.938594
0.937677
0.935656
0.932408
0.927785
0.921599
0.913641
0.903659
0.891374
0.876484
0.858671
0.837627
0.81306
0.784742
0.752522
0.716368
0.676397
0.632893
0.586325
0.537338
0.486739
0.435454
0.384476
0.334801
0.287371
0.243003
0.202351
0.165872
0.13381
0.106209
0.0829332
0.0637024
0.0481317
0.0357739
0.0261573
0.0188175
0.0133211
0.00928072
0.00636865
0.00430622
0.00287014
0.00188648
0.00122333
0.000783057
0.000495023
0.000309229
0.000190992
0.000116707
7.06017e-05
4.23117e-05
2.5139e-05
1.48182e-05
8.67224e-06
5.04305e-06
2.91617e-06
1.6781e-06
9.61666e-07
5.49191e-07
3.12733e-07
1.77661e-07
1.00723e-07
5.69994e-08
3.21959e-08
1.81467e-08
1.02004e-08
5.71284e-09
3.18375e-09
1.76241e-09
9.66884e-10
5.24209e-10
2.79887e-10
1.46547e-10
7.48665e-11
3.7094e-11
1.76984e-11
8.06352e-12
3.47355e-12
1.39837e-12
5.18951e-13
1.74733e-13
5.24092e-14
1.37158e-14
3.06111e-15
5.68437e-16
8.55853e-17
1.01729e-17
9.28937e-19
6.33592e-20
3.1306e-21
1.07891e-22
2.44752e-24
3.27026e-26
1.93114e-28
0.0521932
0.248817
0.490261
0.612284
0.650317
0.682174
0.717387
0.763808
0.82333
0.892985
0.952928
0.980034
0.991223
0.995907
0.994019
0.983876
0.965597
0.941091
0.913073
0.884227
0.856777
0.832341
0.811967
0.796209
0.785236
0.778928
0.776957
0.777829
0.781565
0.787707
0.795771
0.805275
0.815768
0.826841
0.838143
0.84938
0.860311
0.870753
0.88057
0.889658
0.897954
0.905414
0.912015
0.917742
0.922588
0.926543
0.929595
0.931718
0.932871
0.932995
0.932006
0.929793
0.926213
0.921086
0.914198
0.905296
0.894098
0.880286
0.863531
0.843501
0.81989
0.792445
0.760994
0.725488
0.686023
0.642878
0.596513
0.547576
0.496879
0.445357
0.394016
0.34387
0.295875
0.250871
0.20953
0.172327
0.139528
0.111197
0.0872151
0.0673177
0.0511333
0.0382232
0.0281214
0.020365
0.0145171
0.0101925
0.0070503
0.00480619
0.00323003
0.00214084
0.00139992
0.000903541
0.000575846
0.000362561
0.000225624
0.000138848
8.45432e-05
5.0961e-05
3.04274e-05
1.80056e-05
1.05662e-05
6.15241e-06
3.55655e-06
2.04219e-06
1.16535e-06
6.61126e-07
3.73008e-07
2.09336e-07
1.16864e-07
6.48893e-08
3.58232e-08
1.9651e-08
1.07013e-08
5.77786e-09
3.08776e-09
1.62983e-09
8.4743e-10
4.32636e-10
2.16022e-10
1.05005e-10
4.94144e-11
2.23672e-11
9.66438e-12
3.95077e-12
1.5123e-12
5.35603e-13
1.73114e-13
5.02722e-14
1.28905e-14
2.86331e-15
5.39748e-16
8.4478e-17
1.0727e-17
1.078e-18
8.34078e-20
4.80887e-21
1.97864e-22
5.4408e-24
8.87376e-26
6.40683e-28
0.0886594
0.326515
0.540336
0.625032
0.657403
0.688394
0.723435
0.767885
0.830019
0.904072
0.966163
0.988035
0.995455
0.998117
0.99297
0.976902
0.950428
0.916618
0.879325
0.842039
0.807423
0.777278
0.752656
0.734034
0.721456
0.714661
0.71316
0.714932
0.720319
0.728712
0.73948
0.752001
0.765702
0.780078
0.794695
0.809195
0.823297
0.836785
0.849501
0.861336
0.872227
0.882133
0.891042
0.898955
0.905881
0.911832
0.91682
0.92084
0.923888
0.925932
0.926921
0.92678
0.925402
0.922644
0.918328
0.912233
0.9041
0.89363
0.880495
0.864345
0.844832
0.821633
0.794478
0.763191
0.727721
0.688175
0.644848
0.598228
0.548994
0.497985
0.446168
0.394573
0.344227
0.296093
0.251009
0.209638
0.172443
0.139675
0.111385
0.0874421
0.0675752
0.0514077
0.0385002
0.0283877
0.0206095
0.0147354
0.0103788
0.00720319
0.00492738
0.00332314
0.00221032
0.00145038
0.000939249
0.000600497
0.000379172
0.000236555
0.000145872
8.89492e-05
5.36566e-05
3.20331e-05
1.89345e-05
1.10857e-05
6.43122e-06
3.69828e-06
2.10868e-06
1.19243e-06
6.68855e-07
3.72158e-07
2.05392e-07
1.12406e-07
6.09754e-08
3.2763e-08
1.74207e-08
9.15479e-09
4.74712e-09
2.42396e-09
1.21576e-09
5.97139e-10
2.86176e-10
1.33244e-10
5.99671e-11
2.59329e-11
1.07019e-11
4.18078e-12
1.5319e-12
5.20932e-13
1.62436e-13
4.58201e-14
1.15178e-14
2.5378e-15
4.81449e-16
7.71336e-17
1.02188e-17
1.09357e-18
9.20031e-20
5.88407e-21
2.73358e-22
8.60893e-24
1.62462e-25
1.3662e-27
0.130364
0.393464
0.576888
0.632399
0.661546
0.691362
0.726622
0.771229
0.833959
0.912473
0.977089
0.993503
0.997913
0.999242
0.990316
0.966716
0.930041
0.885117
0.837235
0.790738
0.748645
0.712804
0.684162
0.663028
0.64927
0.64244
0.640964
0.644152
0.651788
0.66306
0.677143
0.693249
0.710668
0.728781
0.747077
0.765141
0.782653
0.799375
0.81514
0.829837
0.843403
0.85581
0.867057
0.877161
0.886149
0.894052
0.900903
0.906726
0.911533
0.915324
0.918079
0.91975
0.920263
0.91951
0.917347
0.913583
0.907989
0.900286
0.890158
0.877254
0.861203
0.84164
0.818229
0.790696
0.758878
0.722749
0.682457
0.63835
0.590976
0.541075
0.489549
0.437406
0.385705
0.335486
0.287698
0.243151
0.202467
0.16606
0.134131
0.106683
0.0835467
0.0644212
0.0489107
0.0365663
0.0269217
0.0195197
0.0139412
0.00981003
0.0068026
0.0046496
0.00313329
0.0020823
0.0013651
0.000883054
0.000563823
0.000355435
0.000221296
0.000136119
8.27421e-05
4.97198e-05
2.95428e-05
1.73624e-05
1.00951e-05
5.80822e-06
3.3073e-06
1.86399e-06
1.03982e-06
5.7409e-07
3.13628e-07
1.69476e-07
9.05377e-08
4.77809e-08
2.4886e-08
1.27755e-08
6.45415e-09
3.20243e-09
1.55692e-09
7.39532e-10
3.4204e-10
1.53421e-10
6.64277e-11
2.76121e-11
1.09495e-11
4.11228e-12
1.45059e-12
4.76075e-13
1.43821e-13
3.95167e-14
9.74476e-15
2.12532e-15
4.03417e-16
6.54752e-17
8.90901e-18
9.93612e-19
8.84207e-20
6.06798e-21
3.06484e-22
1.06124e-23
2.22157e-25
2.08579e-27
0.171888
0.442634
0.593832
0.636121
0.662514
0.690934
0.726619
0.773686
0.835639
0.918127
0.985835
0.99693
0.999187
0.999745
0.986108
0.952923
0.903794
0.845988
0.786485
0.730419
0.680979
0.639856
0.607739
0.584683
0.570328
0.564026
0.562973
0.568122
0.578532
0.593177
0.611029
0.631124
0.652603
0.674738
0.696936
0.718729
0.739769
0.759799
0.778652
0.796224
0.812458
0.827341
0.840889
0.853133
0.864121
0.873902
0.882528
0.890044
0.896485
0.901874
0.906212
0.909484
0.91164
0.912601
0.91225
0.910431
0.906931
0.901503
0.893841
0.883598
0.870398
0.853842
0.833552
0.80919
0.7805
0.747357
0.709794
0.668043
0.622545
0.573949
0.52309
0.470946
0.418583
0.367081
0.317471
0.270663
0.227401
0.188226
0.153464
0.123229
0.0974445
0.0758804
0.0581876
0.043942
0.0326822
0.0239391
0.0172718
0.0122763
0.00859749
0.00593375
0.00403671
0.00270743
0.00179065
0.00116812
0.000751768
0.000477416
0.000299244
0.000185168
0.000113138
6.82714e-05
4.06946e-05
2.39646e-05
1.39442e-05
8.01751e-06
4.55539e-06
2.55762e-06
1.41882e-06
7.77504e-07
4.20754e-07
2.24752e-07
1.1843e-07
6.15109e-08
3.14576e-08
1.58209e-08
7.81229e-09
3.78045e-09
1.78868e-09
8.25211e-10
3.70044e-10
1.60683e-10
6.72707e-11
2.70167e-11
1.03484e-11
3.75545e-12
1.28149e-12
4.07674e-13
1.19745e-13
3.21259e-14
7.77821e-15
1.677e-15
3.17235e-16
5.17875e-17
7.15966e-18
8.20021e-19
7.57525e-20
5.45342e-21
2.91756e-22
1.07917e-23
2.42993e-25
2.46655e-27
0.210088
0.477427
0.60166
0.636619
0.660107
0.686952
0.723131
0.772852
0.837169
0.920953
0.992486
0.99883
0.999753
0.999934
0.980247
0.935022
0.871076
0.798855
0.727182
0.66178
0.605678
0.560128
0.525394
0.501201
0.486949
0.481776
0.482292
0.489994
0.5037
0.522142
0.544086
0.568394
0.594069
0.620287
0.646386
0.671866
0.696352
0.71959
0.741411
0.761726
0.780496
0.797723
0.813438
0.827694
0.840553
0.852085
0.862356
0.871431
0.879365
0.886199
0.891954
0.896634
0.900215
0.902641
0.903817
0.903609
0.901835
0.898252
0.892578
0.884463
0.873531
0.859361
0.841543
0.819691
0.793488
0.762729
0.727372
0.687561
0.64366
0.596248
0.546114
0.494209
0.441599
0.389391
0.338666
0.290404
0.245432
0.20438
0.167663
0.135476
0.107814
0.0844991
0.0652218
0.0495805
0.0371221
0.027374
0.0198819
0.0142249
0.0100269
0.00696429
0.00476704
0.00321629
0.00213928
0.00140301
0.000907418
0.000578867
0.000364286
0.000226184
0.000138579
8.37905e-05
5.00031e-05
2.9453e-05
1.71238e-05
9.82671e-06
5.56566e-06
3.11077e-06
1.71542e-06
9.33017e-07
5.00318e-07
2.64366e-07
1.37552e-07
7.04127e-08
3.5424e-08
1.74921e-08
8.46453e-09
4.00655e-09
1.85091e-09
8.32377e-10
3.6329e-10
1.53341e-10
6.23394e-11
2.42958e-11
9.02886e-12
3.17985e-12
1.05399e-12
3.26218e-13
9.345e-14
2.45327e-14
5.83707e-15
1.2432e-15
2.33748e-16
3.8191e-17
5.32435e-18
6.19822e-19
5.86633e-20
4.36036e-21
2.42585e-22
9.38981e-24
2.22392e-25
2.38348e-27
0.243423
0.501438
0.604262
0.633431
0.654171
0.679216
0.715912
0.768642
0.8379
0.921496
0.997087
0.999697
0.99995
0.999988
0.972543
0.9125
0.831409
0.743687
0.660007
0.586254
0.524808
0.476131
0.439885
0.415456
0.402046
0.397868
0.400777
0.41191
0.429715
0.452599
0.479068
0.50781
0.537724
0.567928
0.597737
0.626644
0.654288
0.680428
0.704917
0.727683
0.74871
0.768018
0.785659
0.8017
0.816221
0.829309
0.841042
0.851501
0.860752
0.868855
0.875849
0.881752
0.886552
0.890217
0.892665
0.893779
0.89339
0.891274
0.887143
0.88066
0.871428
0.859023
0.843001
0.822942
0.798486
0.769386
0.735543
0.69706
0.654254
0.607673
0.558083
0.506429
0.453784
0.401272
0.350008
0.301013
0.255161
0.213131
0.175387
0.142167
0.113504
0.0892511
0.0691193
0.0527204
0.0396072
0.0293072
0.0213589
0.0153332
0.010844
0.00755602
0.00518807
0.0035106
0.00234141
0.00153939
0.000997815
0.000637718
0.000401909
0.000249796
0.00015312
9.25736e-05
5.52023e-05
3.24665e-05
1.8832e-05
1.0772e-05
6.07529e-06
3.37763e-06
1.85054e-06
9.9876e-07
5.3074e-07
2.7752e-07
1.42682e-07
7.20626e-08
3.57137e-08
1.73449e-08
8.24221e-09
3.82517e-09
1.73007e-09
7.6066e-10
3.24171e-10
1.33464e-10
5.28795e-11
2.0074e-11
7.26488e-12
2.49224e-12
8.05218e-13
2.43238e-13
6.81367e-14
1.75367e-14
4.10424e-15
8.63289e-16
1.61052e-16
2.62455e-17
3.67019e-18
4.31098e-19
4.1413e-20
3.14224e-21
1.79402e-22
7.15938e-24
1.75475e-25
1.95131e-27
0.271172
0.517031
0.602434
0.625991
0.644545
0.667474
0.704612
0.760613
0.835304
0.921993
0.999603
0.999972
0.999998
1
0.962763
0.884877
0.784526
0.680913
0.586328
0.506112
0.441319
0.391181
0.354643
0.33085
0.318954
0.314252
0.320717
0.336479
0.359431
0.387526
0.418971
0.452291
0.486336
0.520232
0.553335
0.585191
0.615482
0.644018
0.670684
0.695442
0.718299
0.7393
0.75851
0.776013
0.791902
0.806277
0.819228
0.830844
0.841203
0.850373
0.858404
0.865324
0.871135
0.875811
0.879283
0.88144
0.882116
0.88109
0.878073
0.872715
0.864609
0.85331
0.838352
0.819295
0.795753
0.767461
0.734309
0.696392
0.654026
0.60777
0.558403
0.506886
0.45431
0.40182
0.350543
0.301517
0.255623
0.213547
0.175757
0.142493
0.113788
0.0894956
0.0693275
0.0528951
0.039751
0.0294245
0.0214524
0.015406
0.0108991
0.00759668
0.00521715
0.00353074
0.00235485
0.00154799
0.00100303
0.000640664
0.000403409
0.000250422
0.000153257
9.24652e-05
5.49959e-05
3.22434e-05
1.86318e-05
1.06096e-05
5.95215e-06
3.2889e-06
1.78923e-06
9.57902e-07
5.04396e-07
2.6105e-07
1.32686e-07
6.61696e-08
3.23391e-08
1.54687e-08
7.23038e-09
3.29655e-09
1.46298e-09
6.30432e-10
2.63059e-10
1.05948e-10
4.10363e-11
1.5222e-11
5.38206e-12
1.80413e-12
5.6989e-13
1.68479e-13
4.62571e-14
1.16924e-14
2.69434e-15
5.59726e-16
1.03497e-16
1.6783e-17
2.34534e-18
2.76512e-19
2.678e-20
2.05728e-21
1.19385e-22
4.85876e-24
1.21769e-25
1.38699e-27
0.293083
0.5261
0.597355
0.615675
0.631063
0.651424
0.688833
0.748383
0.829323
0.922451
0.999999
0.999999
0.999998
0.999999
0.950686
0.851751
0.730424
0.611505
0.508314
0.424558
0.359056
0.309318
0.27356
0.251029
0.241077
0.239337
0.249982
0.270699
0.298883
0.332056
0.368138
0.405527
0.443059
0.479916
0.515544
0.549566
0.581751
0.611961
0.640134
0.666266
0.69039
0.712572
0.732891
0.751444
0.768332
0.783659
0.797523
0.810016
0.821228
0.831228
0.840065
0.847778
0.854371
0.859817
0.864047
0.866949
0.868348
0.868009
0.86563
0.860837
0.853205
0.842263
0.827536
0.80857
0.784985
0.756533
0.723131
0.684918
0.642262
0.595775
0.546285
0.494796
0.442428
0.390336
0.339642
0.29136
0.246341
0.20523
0.168447
0.136192
0.108461
0.0850767
0.065729
0.0500177
0.0374909
0.0276809
0.0201308
0.0144213
0.0101776
0.00707658
0.00484813
0.00327291
0.00217739
0.00142761
0.000922515
0.000587552
0.000368838
0.000228212
0.000139168
8.36401e-05
4.95361e-05
2.89068e-05
1.66179e-05
9.40902e-06
5.24544e-06
2.87828e-06
1.55386e-06
8.24879e-07
4.30332e-07
2.20461e-07
1.10816e-07
5.45991e-08
2.63372e-08
1.24214e-08
5.71883e-09
2.56568e-09
1.11933e-09
4.73747e-10
1.93997e-10
7.6624e-11
2.90894e-11
1.05725e-11
3.66214e-12
1.2028e-12
3.72438e-13
1.08015e-13
2.91272e-14
7.24241e-15
1.6449e-15
3.3759e-16
6.18353e-17
9.96266e-18
1.38769e-18
1.6361e-19
1.58979e-20
1.22917e-21
7.1993e-23
2.96431e-24
7.52964e-26
8.70149e-28
0.309115
0.529963
0.589386
0.602052
0.61348
0.630745
0.668106
0.731454
0.81955
0.92098
1
1
0.999998
0.999997
0.936127
0.812791
0.669402
0.537078
0.429048
0.345771
0.282697
0.235094
0.200634
0.17943
0.168201
0.171734
0.189524
0.217531
0.252101
0.290431
0.330512
0.370955
0.410805
0.449434
0.486434
0.521547
0.554627
0.585603
0.614458
0.641219
0.665942
0.688701
0.709589
0.728705
0.746158
0.762045
0.776467
0.789523
0.801289
0.811839
0.821222
0.829467
0.836575
0.842507
0.847185
0.850469
0.852168
0.852016
0.849679
0.844751
0.836781
0.825284
0.809778
0.789829
0.765102
0.735409
0.700754
0.661373
0.617742
0.570565
0.520754
0.469366
0.417542
0.36643
0.317111
0.270531
0.227454
0.188431
0.153791
0.123647
0.0979222
0.0763856
0.0586915
0.0444201
0.0331163
0.0243215
0.0175957
0.0125407
0.00880585
0.00609239
0.0041534
0.00279027
0.00184731
0.00120532
0.000775072
0.000491208
0.000306807
0.000188852
0.000114553
6.84664e-05
4.03154e-05
2.33835e-05
1.33566e-05
7.51119e-06
4.15718e-06
2.26357e-06
1.21194e-06
6.37694e-07
3.29537e-07
1.67116e-07
8.30937e-08
4.04671e-08
1.92799e-08
8.97392e-09
4.07433e-09
1.80116e-09
7.73716e-10
3.22213e-10
1.29745e-10
5.03647e-11
1.87837e-11
6.70491e-12
2.28076e-12
7.35735e-13
2.23829e-13
6.38194e-14
1.69342e-14
4.14827e-15
9.29593e-16
1.88575e-16
3.42102e-17
5.4713e-18
7.58293e-19
8.91753e-20
8.66386e-21
6.71284e-22
3.94807e-23
1.63508e-24
4.18221e-26
4.86917e-28
0.319244
0.529517
0.578553
0.584125
0.589691
0.605115
0.641924
0.709231
0.80548
0.917211
0.999997
0.999997
0.999998
0.999996
0.91892
0.767715
0.602091
0.460003
0.352632
0.274891
0.217581
0.173267
0.139456
0.118339
0.108727
0.121124
0.148852
0.185106
0.225445
0.26743
0.309677
0.351302
0.391708
0.4305
0.467428
0.502342
0.535167
0.565882
0.594503
0.621071
0.645657
0.668342
0.689211
0.708363
0.725898
0.741918
0.756511
0.769762
0.781748
0.792528
0.80214
0.810598
0.817879
0.823922
0.828614
0.83178
0.833182
0.832509
0.829384
0.82337
0.813991
0.800765
0.783247
0.761065
0.733984
0.701948
0.665107
0.623854
0.578813
0.530812
0.480852
0.430032
0.379484
0.330301
0.283463
0.239792
0.199905
0.164209
0.132891
0.105947
0.0832067
0.0643712
0.0490562
0.0368277
0.0272363
0.0198451
0.014246
0.0100762
0.00702266
0.00482318
0.00326452
0.00217761
0.00143164
0.000927658
0.000592439
0.000372901
0.000231322
0.000141412
8.51835e-05
5.05552e-05
2.95558e-05
1.70173e-05
9.64704e-06
5.38289e-06
2.95521e-06
1.59558e-06
8.46801e-07
4.4148e-07
2.25945e-07
1.13424e-07
5.5798e-08
2.68706e-08
1.26521e-08
5.81658e-09
2.60686e-09
1.13695e-09
4.81568e-10
1.97643e-10
7.83953e-11
2.99653e-11
1.10011e-11
3.86485e-12
1.29385e-12
4.10805e-13
1.23046e-13
3.45586e-14
9.03905e-15
2.18465e-15
4.83568e-16
9.70241e-17
1.74357e-17
2.76684e-18
3.81151e-19
4.46315e-20
4.32513e-21
3.34802e-22
1.97001e-23
8.17141e-25
2.09471e-26
2.44439e-28
0.323346
0.525549
0.565504
0.562554
0.560147
0.574277
0.60977
0.681012
0.786429
0.911047
1
1
0.999998
1
0.898901
0.716222
0.529504
0.383573
0.284275
0.217854
0.16937
0.128588
0.0931921
0.0625913
0.0690223
0.102056
0.142547
0.181714
0.222649
0.264645
0.307103
0.347517
0.386443
0.423646
0.458984
0.492374
0.52378
0.553201
0.580668
0.606225
0.629938
0.651877
0.672129
0.69077
0.707893
0.723581
0.737913
0.750956
0.762766
0.77338
0.782803
0.791023
0.797975
0.803548
0.807577
0.809827
0.810002
0.80774
0.802618
0.794188
0.781987
0.765587
0.744636
0.718907
0.688341
0.653076
0.613477
0.570128
0.523816
0.475488
0.426196
0.377027
0.329039
0.283193
0.240298
0.200979
0.165658
0.134546
0.107669
0.0848884
0.0659368
0.0504575
0.0380408
0.0282558
0.0206783
0.014911
0.0105958
0.00742036
0.00512165
0.00348428
0.00233645
0.00154439
0.00100629
0.000646329
0.000409208
0.000255372
0.000157078
9.52195e-05
5.68789e-05
3.34748e-05
1.94061e-05
1.10791e-05
6.22707e-06
3.44451e-06
1.87437e-06
1.0029e-06
5.2734e-07
2.7232e-07
1.38008e-07
6.85811e-08
3.33859e-08
1.59041e-08
7.40479e-09
3.36487e-09
1.49003e-09
6.4183e-10
2.68398e-10
1.08715e-10
4.25453e-11
1.60406e-11
5.80762e-12
2.01191e-12
6.64161e-13
2.07966e-13
6.14467e-14
1.70306e-14
4.39825e-15
1.05032e-15
2.29907e-16
4.56623e-17
8.13167e-18
1.28027e-18
1.75201e-19
2.04054e-20
1.96921e-21
1.51965e-22
8.92259e-24
3.69549e-25
9.46194e-27
1.1026e-28
0.321015
0.51885
0.551886
0.540184
0.529105
0.538059
0.571253
0.646028
0.761439
0.902214
0.999998
1
1
0.999998
0.875843
0.657883
0.453138
0.312247
0.230274
0.180871
0.143508
0.10705
0.0718155
0.0848689
0.101292
0.131446
0.167023
0.203227
0.240998
0.27958
0.318187
0.355175
0.390885
0.425145
0.458443
0.491174
0.520163
0.547366
0.57284
0.596624
0.618768
0.63933
0.658368
0.675944
0.692127
0.706977
0.720541
0.732856
0.74395
0.753808
0.762395
0.769633
0.775399
0.779512
0.781735
0.781771
0.779268
0.773831
0.765044
0.752492
0.735806
0.714701
0.689013
0.658738
0.624067
0.58539
0.543296
0.498557
0.452079
0.404855
0.357901
0.312198
0.268626
0.227927
0.190667
0.157219
0.12777
0.10233
0.0807601
0.0628053
0.0481275
0.0363403
0.0270388
0.0198245
0.0143232
0.0101982
0.00715787
0.00495266
0.00337842
0.00227212
0.00150663
0.000985031
0.000634985
0.000403591
0.00025291
0.000156247
9.51568e-05
5.71214e-05
3.37927e-05
1.96983e-05
1.13114e-05
6.39691e-06
3.5616e-06
1.95155e-06
1.05191e-06
5.57472e-07
2.90309e-07
1.48457e-07
7.44931e-08
3.66465e-08
1.76574e-08
8.32375e-09
3.83418e-09
1.72338e-09
7.54671e-10
3.21393e-10
1.32847e-10
5.31779e-11
2.0563e-11
7.65937e-12
2.7395e-12
9.37498e-13
3.05737e-13
9.45876e-14
2.76189e-14
7.56737e-15
1.93279e-15
4.56718e-16
9.89839e-17
1.94789e-17
3.43967e-18
5.37436e-19
7.30476e-20
8.457e-21
8.11889e-22
6.23706e-23
3.64748e-24
1.50518e-25
3.83998e-27
4.45685e-29
0.311253
0.509882
0.539728
0.519341
0.496024
0.496041
0.526375
0.603548
0.729168
0.890235
0.999997
1
1
0.999998
0.849369
0.592003
0.375245
0.252026
0.19757
0.169082
0.144747
0.131915
0.132988
0.139578
0.155928
0.181018
0.210497
0.241843
0.274659
0.308124
0.341453
0.373776
0.405189
0.435607
0.4653
0.494288
0.520308
0.546709
0.570131
0.591503
0.611432
0.629975
0.64717
0.66305
0.677642
0.690965
0.703024
0.713806
0.723271
0.731351
0.73794
0.742878
0.74597
0.746966
0.745573
0.74146
0.734277
0.723669
0.709313
0.690939
0.668377
0.641582
0.610659
0.575893
0.537736
0.496812
0.453879
0.409797
0.365476
0.321824
0.279692
0.23983
0.202847
0.169192
0.139143
0.112811
0.090158
0.071022
0.0551438
0.0421991
0.0318281
0.0236603
0.0173355
0.012519
0.00891101
0.00625193
0.00432555
0.00295139
0.00198606
0.00131811
0.000862823
0.000557057
0.000354718
0.00022277
0.000137974
8.42697e-05
5.07493e-05
3.01311e-05
1.7634e-05
1.01705e-05
5.77949e-06
3.23488e-06
1.78278e-06
9.67017e-07
5.16024e-07
2.70752e-07
1.39598e-07
7.06795e-08
3.51138e-08
1.71022e-08
8.15799e-09
3.80706e-09
1.73591e-09
7.723e-10
3.34719e-10
1.41072e-10
5.7704e-11
2.28566e-11
8.74529e-12
3.22314e-12
1.14068e-12
3.86275e-13
1.24667e-13
3.81753e-14
1.10355e-14
2.99425e-15
7.57577e-16
1.77402e-16
3.81184e-17
7.44042e-18
1.30385e-18
2.02268e-19
2.73092e-20
3.14204e-21
2.99884e-22
2.29104e-23
1.33271e-24
5.47085e-26
1.38822e-27
1.60187e-29
0.297146
0.494716
0.528934
0.506473
0.46398
0.439957
0.476337
0.553237
0.68773
0.874346
0.999997
0.999998
1
0.999997
0.818757
0.517452
0.299442
0.210793
0.191906
0.186808
0.182335
0.184157
0.191255
0.200929
0.217366
0.238853
0.263366
0.289606
0.316936
0.344707
0.372372
0.399512
0.426095
0.452051
0.477409
0.501912
0.524539
0.547151
0.567408
0.588258
0.60525
0.620978
0.635469
0.648704
0.660656
0.671291
0.680545
0.688345
0.694573
0.699088
0.701715
0.70224
0.700428
0.69601
0.688711
0.678263
0.664422
0.646995
0.625867
0.601023
0.572572
0.540757
0.505963
0.46871
0.429634
0.389458
0.348958
0.308911
0.270066
0.233092
0.198552
0.166879
0.138361
0.113146
0.0912462
0.0725604
0.056893
0.0439816
0.0335213
0.0251885
0.01866
0.0136287
0.00981361
0.00696695
0.0048764
0.00336511
0.00229098
0.00153885
0.00101986
0.000666909
0.000430302
0.000273943
0.000172074
0.000106638
6.5197e-05
3.93201e-05
2.33894e-05
1.37207e-05
7.93594e-06
4.52472e-06
2.54238e-06
1.40736e-06
7.67242e-07
4.11754e-07
2.17428e-07
1.12909e-07
5.76246e-08
2.88835e-08
1.42073e-08
6.8518e-09
3.23666e-09
1.49589e-09
6.75558e-10
2.97698e-10
1.27806e-10
5.33607e-11
2.16236e-11
8.48601e-12
3.21717e-12
1.17498e-12
4.12113e-13
1.38328e-13
4.42585e-14
1.34383e-14
3.8527e-15
1.03699e-15
2.60343e-16
6.05107e-17
1.29088e-17
2.50231e-18
4.35586e-19
6.71374e-20
9.00739e-21
1.02989e-21
9.76836e-23
7.41597e-24
4.28637e-25
1.74803e-26
4.40517e-28
5.0458e-30
0.28231
0.469242
0.512568
0.498069
0.458849
0.403736
0.426167
0.496107
0.634455
0.853344
1
0.999999
1
0.999997
0.782702
0.43249
0.232132
0.197759
0.213235
0.221672
0.229588
0.239086
0.247691
0.260369
0.27653
0.295243
0.31562
0.337027
0.359027
0.381238
0.403362
0.425197
0.446657
0.467647
0.488061
0.507657
0.526116
0.544112
0.560517
0.576958
0.591399
0.60356
0.613927
0.622907
0.630439
0.636432
0.640775
0.643332
0.643946
0.642457
0.638673
0.632411
0.623482
0.611722
0.59699
0.579203
0.558333
0.534442
0.507677
0.478293
0.446644
0.41318
0.378431
0.342987
0.307467
0.272495
0.238659
0.206492
0.176437
0.148841
0.123936
0.101841
0.0825714
0.0660481
0.0521156
0.0405618
0.0311375
0.0235749
0.0176037
0.0129641
0.00941584
0.00674459
0.00476467
0.00331964
0.002281
0.00154574
0.00103389
0.000682637
0.000444931
0.000286275
0.000181828
0.000114001
7.05525e-05
4.30964e-05
2.5981e-05
1.54565e-05
9.07278e-06
5.25382e-06
3.00071e-06
1.68999e-06
9.38283e-07
5.13371e-07
2.76703e-07
1.46858e-07
7.67125e-08
3.94168e-08
1.991e-08
9.87928e-09
4.81169e-09
2.29826e-09
1.07546e-09
4.92479e-10
2.20412e-10
9.62762e-11
4.09781e-11
1.69655e-11
6.81875e-12
2.65462e-12
9.98582e-13
3.61947e-13
1.26018e-13
4.19974e-14
1.33447e-14
4.02492e-15
1.14653e-15
3.0669e-16
7.65368e-17
1.76863e-17
3.75177e-18
7.23242e-19
1.25203e-19
1.91896e-20
2.55966e-21
2.90884e-22
2.74105e-23
2.06639e-24
1.18537e-25
4.79533e-27
1.19804e-28
1.35883e-30
0.265702
0.432175
0.485621
0.485849
0.460814
0.425277
0.396882
0.437277
0.565472
0.825338
1
1
1
1
0.738852
0.334729
0.1854
0.211442
0.236405
0.253379
0.26621
0.277047
0.289389
0.303239
0.318319
0.334281
0.350809
0.367652
0.38461
0.401511
0.41821
0.434595
0.450572
0.466036
0.480866
0.494909
0.508057
0.520412
0.531551
0.542012
0.550634
0.557376
0.561681
0.564278
0.565195
0.564337
0.561597
0.556861
0.550028
0.540994
0.529684
0.516036
0.500027
0.481681
0.461067
0.438317
0.413628
0.387259
0.359533
0.330825
0.301556
0.27217
0.243118
0.214842
0.187747
0.162191
0.138464
0.116783
0.0972847
0.0800267
0.0649933
0.0521045
0.0412286
0.0321952
0.0248094
0.0188646
0.0141534
0.0104772
0.00765216
0.00551413
0.00392028
0.0027498
0.00190295
0.00129924
0.000875143
0.000581548
0.000381638
0.000247369
0.000158368
0.00010014
6.25404e-05
3.85745e-05
2.34964e-05
1.41328e-05
8.3934e-06
4.92123e-06
2.84819e-06
1.62684e-06
9.16875e-07
5.09746e-07
2.79481e-07
1.51063e-07
8.04655e-08
4.22198e-08
2.18103e-08
1.10868e-08
5.54208e-09
2.72241e-09
1.3131e-09
6.21329e-10
2.88125e-10
1.30793e-10
5.80482e-11
2.51521e-11
1.06232e-11
4.36579e-12
1.74237e-12
6.73785e-13
2.51844e-13
9.07334e-14
3.14101e-14
1.04116e-14
3.29152e-15
9.88016e-16
2.80174e-16
7.46248e-17
1.8547e-17
4.2689e-18
9.02006e-19
1.73189e-19
2.98556e-20
4.55508e-21
6.04484e-22
6.82912e-23
6.39129e-24
4.78008e-25
2.71739e-26
1.08839e-27
2.69003e-29
3.00924e-31
0.245388
0.381859
0.441408
0.458213
0.451671
0.434616
0.421023
0.39805
0.474882
0.787214
1
1
0.999999
1
0.68314
0.221564
0.174071
0.213724
0.23677
0.251723
0.265214
0.277814
0.290209
0.302599
0.315007
0.327383
0.339659
0.351759
0.363606
0.375119
0.386219
0.396825
0.406854
0.416214
0.424807
0.432532
0.439302
0.445052
0.449604
0.452978
0.454609
0.454206
0.449924
0.445444
0.439365
0.431651
0.422289
0.411277
0.398631
0.38439
0.368622
0.351421
0.332918
0.313272
0.292682
0.271373
0.249598
0.22763
0.205752
0.184247
0.16339
0.143433
0.124598
0.10707
0.0909871
0.0764402
0.0634718
0.0520782
0.0422141
0.0337994
0.0267265
0.0208689
0.0160893
0.0122465
0.00920234
0.00682601
0.00499806
0.00361233
0.002577
0.00181458
0.00126113
0.000865102
0.000585712
0.000391384
0.000258112
0.000167991
0.000108038
6.86697e-05
4.31364e-05
2.6779e-05
1.64284e-05
9.95903e-06
5.96524e-06
3.53007e-06
2.06365e-06
1.19158e-06
6.79472e-07
3.82562e-07
2.12626e-07
1.16628e-07
6.31157e-08
3.36877e-08
1.77271e-08
9.19283e-09
4.69558e-09
2.36112e-09
1.16804e-09
5.68075e-10
2.71402e-10
1.2726e-10
5.85063e-11
2.63427e-11
1.16015e-11
4.99065e-12
2.09362e-12
8.55012e-13
3.39249e-13
1.3049e-13
4.85364e-14
1.74093e-14
6.00285e-15
1.98274e-15
6.24855e-16
1.87045e-16
5.29108e-17
1.40621e-17
3.48795e-18
8.01268e-19
1.68971e-19
3.23718e-20
5.56579e-21
8.46358e-22
1.11832e-22
1.25625e-23
1.167e-24
8.64534e-26
4.85721e-27
1.91916e-28
4.67801e-30
5.16188e-32
0.216639
0.314234
0.371074
0.399708
0.410044
0.409299
0.402978
0.393653
0.362013
0.732317
0.999999
1
1
0.999999
0.606438
0.110054
0.152253
0.170975
0.183672
0.195119
0.204394
0.212788
0.220811
0.228636
0.236292
0.243748
0.25095
0.257837
0.264342
0.270397
0.275938
0.280896
0.285207
0.288804
0.291621
0.293592
0.29466
0.294757
0.2938
0.291717
0.288276
0.283165
0.273749
0.265184
0.256299
0.24657
0.236013
0.224702
0.212725
0.200187
0.187204
0.173902
0.160416
0.146888
0.133463
0.120284
0.10749
0.0952097
0.083559
0.0726366
0.0625207
0.0532675
0.0449098
0.0374576
0.0308992
0.0252037
0.0203234
0.0161981
0.0127582
0.00992912
0.00763438
0.00579868
0.0043505
0.00322381
0.00235936
0.00170526
0.00121714
0.000857895
0.000597112
0.000410391
0.000278515
0.000186638
0.000123492
8.06776e-05
5.20381e-05
3.31375e-05
2.08646e-05
1.29924e-05
8.0008e-06
4.8721e-06
2.93363e-06
1.74648e-06
1.02791e-06
5.98032e-07
3.4389e-07
1.95423e-07
1.09728e-07
6.08636e-08
3.33428e-08
1.8036e-08
9.63028e-09
5.07408e-09
2.63711e-09
1.35134e-09
6.82427e-10
3.39441e-10
1.66195e-10
8.00409e-11
3.78885e-11
1.76124e-11
8.03184e-12
3.58931e-12
1.56988e-12
6.71075e-13
2.79926e-13
1.13741e-13
4.49299e-14
1.72161e-14
6.38318e-15
2.28363e-15
7.85837e-16
2.59187e-16
8.16067e-17
2.44171e-17
6.90663e-18
1.83604e-18
4.55608e-19
1.04714e-19
2.20891e-20
4.23156e-21
7.26973e-22
1.10335e-22
1.45269e-23
1.62224e-24
1.4933e-25
1.09152e-26
6.01773e-28
2.31857e-29
5.48991e-31
6.0059e-33
0.161594
0.218651
0.258887
0.286325
0.304182
0.314735
0.319077
0.314162
0.30804
0.625007
0.999999
1
0.999998
1
0.473277
0.0706652
0.0764848
0.0823001
0.0854691
0.0872629
0.0889305
0.090893
0.0931639
0.095633
0.0981811
0.100709
0.103136
0.105396
0.107434
0.109202
0.110658
0.111766
0.112494
0.112816
0.112708
0.112149
0.111123
0.109616
0.10761
0.105084
0.101979
0.098133
0.0922635
0.0867047
0.0817948
0.0767848
0.0716677
0.0664835
0.0612815
0.0561108
0.05102
0.0460554
0.0412611
0.0366762
0.0323355
0.0282677
0.0244957
0.0210352
0.017895
0.0150774
0.0125781
0.0103868
0.00848853
0.00686372
0.00549007
0.00434313
0.0033975
0.00262774
0.00200913
0.00151839
0.00113414
0.000837172
0.000610653
0.000440127
0.000313431
0.00022053
0.000153299
0.000105278
7.14265e-05
4.78726e-05
3.16964e-05
2.07309e-05
1.33934e-05
8.547e-06
5.3872e-06
3.3536e-06
2.06565e-06
1.25919e-06
7.59591e-07
4.53402e-07
2.6777e-07
1.56449e-07
9.042e-08
5.16876e-08
2.92198e-08
1.63332e-08
9.02592e-09
4.93004e-09
2.66105e-09
1.41902e-09
7.4736e-10
3.8863e-10
1.99456e-10
1.0099e-10
5.04231e-11
2.48121e-11
1.20259e-11
5.73716e-12
2.69195e-12
1.24124e-12
5.61867e-13
2.4942e-13
1.08445e-13
4.61181e-14
1.91531e-14
7.75443e-15
3.05459e-15
1.16811e-15
4.32576e-16
1.54691e-16
5.32493e-17
1.75813e-17
5.54505e-18
1.66293e-18
4.71695e-19
1.25791e-19
3.13203e-20
7.22276e-21
1.52835e-21
2.93508e-22
5.04937e-23
7.6609e-24
1.00566e-24
1.11539e-25
1.01394e-26
7.25667e-28
3.86658e-29
1.4104e-30
3.0493e-32
2.81399e-34
)
;

boundaryField
{
    walls
    {
        type            zeroGradient;
    }
    top
    {
        type            zeroGradient;
    }
    bottom
    {
        type            zeroGradient;
    }
    frontAndBack
    {
        type            empty;
    }
    inlet
    {
        type            uniformFixedValue;
        uniformValue    
        {
            type            constant;
            value           1;
        }
        value           uniform 1;
    }
    outlet
    {
        type            zeroGradient;
    }
}


// ************************************************************************* //
