/*--------------------------------*- C++ -*----------------------------------*\
  =========                 |
  \\      /  F ield         | OpenFOAM: The Open Source CFD Toolbox
   \\    /   O peration     | Website:  https://openfoam.org
    \\  /    A nd           | Version:  12
     \\/     M anipulation  |
\*---------------------------------------------------------------------------*/
FoamFile
{
    format      ascii;
    class       volScalarField;
    location    "425";
    object      T;
}
// * * * * * * * * * * * * * * * * * * * * * * * * * * * * * * * * * * * * * //

dimensions      [];

internalField   nonuniform List<scalar> 
4480
(
1.06953e-06
6.72879e-05
0.0112093
0.0829068
0.200626
0.322893
0.43117
0.520902
0.593154
0.650663
0.696301
0.732564
0.761461
0.784572
0.803107
0.817997
0.829954
0.839529
0.847143
0.853122
0.85773
0.861164
0.863586
0.86512
0.865865
0.865905
0.865303
0.864356
0.863397
0.86242
0.861424
0.860401
0.859346
0.858253
0.857117
0.855935
0.854698
0.853403
0.852039
0.850605
0.849095
0.847496
0.845803
0.844012
0.842113
0.840094
0.837949
0.835672
0.833247
0.830664
0.827919
0.825003
0.821893
0.818587
0.815072
0.811331
0.80736
0.803147
0.798672
0.79393
0.788901
0.783579
0.777947
0.771999
0.765711
0.759084
0.752092
0.744739
0.736992
0.728859
0.720311
0.711344
0.701943
0.692094
0.681783
0.670994
0.659713
0.647922
0.6356
0.622728
0.609279
0.595228
0.580545
0.565276
0.549411
0.532928
0.515808
0.498041
0.479629
0.460593
0.440976
0.420849
0.400311
0.379494
0.358562
0.337704
0.317135
0.297082
0.277783
0.259468
0.24236
0.22666
0.212541
0.200157
0.189625
0.181039
0.174473
0.169986
0.16763
0.167463
0.169553
0.173989
0.180884
0.190385
0.202662
0.217913
0.236341
0.258143
0.283496
0.312625
0.346115
0.385433
0.433045
0.494763
0.592949
0.740245
0.847174
0.931111
0.916988
0.800041
0.692983
0.545143
0.422594
0.331151
0.25409
0.187235
0.129132
0.0794053
0.0394691
0.0112182
4.53043e-07
0.00222719
0.0720319
0.249992
0.436015
0.584641
0.692527
0.768316
0.821272
0.85857
0.885218
0.904584
0.918915
0.929698
0.937923
0.944276
0.949221
0.953085
0.956102
0.958444
0.960238
0.961573
0.962522
0.963137
0.963461
0.963523
0.963349
0.962823
0.961858
0.960496
0.958781
0.956755
0.954457
0.951925
0.949189
0.946287
0.943244
0.940086
0.93683
0.9335
0.930111
0.926674
0.923196
0.919689
0.916158
0.912602
0.909027
0.905428
0.901804
0.898152
0.894467
0.890748
0.886984
0.883167
0.879294
0.875353
0.871343
0.867249
0.863066
0.858789
0.854401
0.849908
0.845287
0.840541
0.835661
0.830644
0.825476
0.820151
0.81467
0.809029
0.803215
0.797227
0.791061
0.784715
0.778177
0.771451
0.764531
0.757407
0.750091
0.742568
0.734835
0.726902
0.718751
0.710408
0.701888
0.693182
0.684294
0.675234
0.665999
0.656604
0.647056
0.637369
0.627559
0.617654
0.607685
0.597684
0.587708
0.577808
0.568058
0.558548
0.549379
0.540665
0.532544
0.525161
0.518694
0.513313
0.509221
0.506614
0.505708
0.506709
0.509827
0.515249
0.523162
0.533717
0.547033
0.563197
0.582243
0.604176
0.628971
0.65664
0.687324
0.721363
0.759187
0.801123
0.846845
0.892686
0.931271
0.957574
0.940411
0.869713
0.794999
0.712713
0.626086
0.537496
0.447555
0.357116
0.267565
0.181503
0.103664
0.0415335
9.11489e-05
0.0198945
0.201134
0.445685
0.635852
0.760089
0.83699
0.884369
0.914119
0.933405
0.946389
0.955496
0.962121
0.967097
0.970923
0.973916
0.976282
0.978159
0.979646
0.980816
0.981725
0.98241
0.982907
0.98324
0.983428
0.983487
0.983427
0.983224
0.982836
0.982269
0.981522
0.98059
0.979475
0.97817
0.97668
0.975004
0.973149
0.971121
0.968931
0.966586
0.9641
0.961483
0.958749
0.955908
0.952971
0.949955
0.946861
0.943704
0.940489
0.937224
0.933917
0.930569
0.927183
0.923761
0.920311
0.916823
0.913307
0.909758
0.906172
0.902553
0.898896
0.895201
0.891462
0.887682
0.883856
0.87998
0.876056
0.872079
0.868045
0.863959
0.859807
0.855599
0.851328
0.846994
0.842589
0.838121
0.833588
0.828983
0.82431
0.819574
0.814764
0.809893
0.80495
0.79995
0.794889
0.789784
0.784641
0.779462
0.774252
0.769031
0.763807
0.758597
0.753423
0.748299
0.743258
0.73833
0.733548
0.728953
0.724593
0.720523
0.716797
0.713484
0.710665
0.708413
0.706827
0.706002
0.706035
0.707038
0.709124
0.712394
0.716955
0.722898
0.730309
0.739243
0.749741
0.761803
0.775415
0.790518
0.807036
0.824876
0.843927
0.864036
0.884922
0.90605
0.926522
0.944932
0.959375
0.967424
0.954896
0.909668
0.860076
0.804112
0.740152
0.667034
0.583995
0.49085
0.388494
0.279942
0.171958
0.0762015
0.00152115
0.0821616
0.374936
0.628613
0.782502
0.866548
0.91192
0.937207
0.952129
0.961605
0.968111
0.972898
0.976607
0.979566
0.981962
0.983912
0.9855
0.986784
0.987815
0.988632
0.989269
0.989753
0.990107
0.990352
0.990501
0.990563
0.990549
0.990451
0.990259
0.989976
0.989599
0.989123
0.988545
0.987858
0.987053
0.986128
0.985076
0.98389
0.982573
0.981118
0.97953
0.97781
0.97596
0.97399
0.971902
0.969708
0.967411
0.965023
0.96255
0.960004
0.957391
0.954717
0.951993
0.949221
0.946413
0.943571
0.940701
0.937803
0.934888
0.931952
0.929004
0.926038
0.923064
0.920081
0.917085
0.914081
0.911072
0.908051
0.905025
0.901987
0.89894
0.895886
0.892821
0.889747
0.88666
0.883561
0.880451
0.877334
0.874203
0.871058
0.867904
0.864743
0.861579
0.858393
0.855207
0.852019
0.848836
0.845667
0.842516
0.839389
0.836299
0.833259
0.830284
0.827387
0.824595
0.821921
0.8194
0.817053
0.814915
0.813024
0.81142
0.810144
0.809247
0.808777
0.808795
0.809349
0.810507
0.812322
0.814855
0.818159
0.822286
0.827274
0.833156
0.839947
0.847641
0.856218
0.865637
0.87583
0.886705
0.898141
0.909985
0.922016
0.93393
0.945297
0.955541
0.963908
0.969408
0.970636
0.961697
0.931234
0.896338
0.856387
0.80904
0.751661
0.681378
0.595272
0.491216
0.369465
0.235939
0.106109
0.0100583
0.207216
0.558902
0.772804
0.875984
0.924045
0.947501
0.96005
0.967633
0.972878
0.976921
0.980246
0.983042
0.985394
0.987351
0.988956
0.990259
0.991301
0.992119
0.992752
0.993234
0.993591
0.993848
0.994021
0.994127
0.994177
0.994178
0.994125
0.994013
0.99384
0.993608
0.993315
0.99296
0.992537
0.992045
0.991477
0.990827
0.990091
0.989262
0.988339
0.987313
0.986188
0.984955
0.983621
0.982183
0.980645
0.979011
0.977285
0.975473
0.97358
0.971615
0.969582
0.96749
0.965345
0.963157
0.960932
0.958674
0.956388
0.954084
0.951764
0.949433
0.947096
0.944759
0.942423
0.940086
0.937761
0.935441
0.933129
0.93083
0.928542
0.926266
0.923999
0.921749
0.91951
0.917285
0.915071
0.912874
0.910686
0.908507
0.906347
0.904196
0.902059
0.89994
0.897828
0.89573
0.893651
0.89159
0.889553
0.887547
0.885579
0.883655
0.881783
0.879977
0.878246
0.876604
0.875066
0.873653
0.872386
0.871282
0.870374
0.869679
0.869232
0.869065
0.86921
0.8697
0.870576
0.871869
0.873613
0.875843
0.878594
0.881879
0.885726
0.890137
0.895115
0.900643
0.906686
0.913203
0.920125
0.927367
0.934808
0.942304
0.949669
0.956654
0.962947
0.968148
0.971759
0.973104
0.971219
0.963951
0.942771
0.916267
0.886042
0.850119
0.805678
0.748812
0.674261
0.576047
0.449124
0.294833
0.130592
0.0378378
0.37921
0.720106
0.869161
0.92744
0.951667
0.963234
0.969856
0.974456
0.978196
0.981499
0.984438
0.986988
0.989138
0.990895
0.9923
0.993397
0.994231
0.994855
0.995303
0.995618
0.995829
0.995966
0.996047
0.996088
0.996102
0.996095
0.996068
0.995998
0.99589
0.995743
0.995555
0.995326
0.995053
0.994733
0.994361
0.993937
0.993452
0.992905
0.992292
0.991607
0.990847
0.990009
0.989092
0.988094
0.987014
0.985854
0.984613
0.9833
0.981911
0.980455
0.978936
0.97736
0.975732
0.974057
0.972345
0.9706
0.968828
0.967032
0.965222
0.963405
0.961579
0.959756
0.957933
0.956118
0.954315
0.952521
0.950744
0.948988
0.947245
0.945523
0.94382
0.94214
0.940482
0.938842
0.937226
0.935627
0.934054
0.932502
0.930968
0.929455
0.927967
0.926502
0.925056
0.923624
0.922214
0.920831
0.919475
0.918148
0.916857
0.915609
0.914408
0.913262
0.912178
0.91117
0.910246
0.909421
0.90871
0.908123
0.90768
0.907402
0.907304
0.907412
0.907747
0.908327
0.909181
0.910324
0.911787
0.913582
0.915725
0.918235
0.921109
0.924351
0.927951
0.931891
0.936134
0.940641
0.945348
0.950179
0.955031
0.959781
0.964272
0.96831
0.971652
0.974001
0.974977
0.974076
0.970606
0.963595
0.948795
0.927387
0.903036
0.874405
0.839182
0.793611
0.731339
0.643294
0.517995
0.348508
0.151096
0.0980381
0.561276
0.836743
0.923146
0.952028
0.963929
0.970235
0.974521
0.978089
0.981424
0.984606
0.987495
0.989961
0.991966
0.993536
0.994729
0.995598
0.996202
0.996593
0.996821
0.99693
0.996958
0.996937
0.996894
0.996845
0.996802
0.99677
0.996752
0.996715
0.996661
0.996586
0.996487
0.996363
0.99621
0.996024
0.995801
0.995539
0.995233
0.99488
0.994479
0.994022
0.993508
0.992937
0.992303
0.991608
0.990846
0.990019
0.989127
0.988173
0.987156
0.98608
0.984951
0.983769
0.982538
0.981267
0.97996
0.978618
0.977252
0.975867
0.974464
0.973052
0.971633
0.970213
0.968795
0.967387
0.965988
0.9646
0.963229
0.961874
0.96054
0.959224
0.957933
0.956658
0.955412
0.954187
0.952983
0.951802
0.950643
0.94951
0.948401
0.94731
0.946246
0.945208
0.944182
0.943179
0.942198
0.941239
0.940305
0.939399
0.938526
0.937685
0.936885
0.936134
0.935429
0.934787
0.934207
0.933706
0.933289
0.932966
0.932754
0.93266
0.932703
0.932895
0.933249
0.933782
0.934508
0.935442
0.936595
0.937978
0.939605
0.941471
0.943582
0.945933
0.948512
0.951295
0.954251
0.957342
0.960516
0.963701
0.966812
0.969743
0.972362
0.974508
0.975991
0.976564
0.975927
0.973692
0.969343
0.962224
0.951069
0.933583
0.912956
0.888889
0.859674
0.822355
0.770702
0.694165
0.575374
0.396488
0.168956
0.197583
0.718095
0.90556
0.948638
0.962844
0.969543
0.973791
0.977227
0.980495
0.983822
0.987095
0.990003
0.992375
0.994201
0.995547
0.996489
0.997097
0.997431
0.997549
0.997508
0.997362
0.997157
0.996939
0.996732
0.996562
0.996439
0.996369
0.99635
0.996342
0.99634
0.996339
0.996334
0.996318
0.996287
0.996235
0.996156
0.996045
0.9959
0.995719
0.995492
0.995224
0.994906
0.994539
0.994121
0.993648
0.993125
0.992546
0.991913
0.991225
0.990487
0.989698
0.988859
0.987977
0.987053
0.986091
0.985095
0.98407
0.983021
0.981952
0.980869
0.979776
0.978673
0.977572
0.976471
0.975373
0.974286
0.97321
0.972149
0.9711
0.970069
0.969058
0.968069
0.967095
0.966148
0.965217
0.964309
0.963423
0.962558
0.961717
0.960896
0.960093
0.959319
0.958561
0.957826
0.957103
0.956402
0.955719
0.955057
0.954419
0.953811
0.953226
0.952676
0.952164
0.951688
0.951257
0.95088
0.95056
0.950305
0.95012
0.950018
0.950002
0.95009
0.950279
0.950591
0.951031
0.951605
0.95233
0.953203
0.95424
0.955438
0.956803
0.958325
0.959999
0.961815
0.963749
0.965771
0.967847
0.969927
0.971948
0.973842
0.975508
0.976841
0.977702
0.977929
0.977319
0.975626
0.972539
0.967673
0.960561
0.950688
0.936801
0.918717
0.897624
0.872221
0.840432
0.796801
0.730915
0.621286
0.43829
0.185118
0.336411
0.826789
0.937913
0.959542
0.967909
0.972562
0.975972
0.979082
0.982325
0.985797
0.989229
0.99214
0.99436
0.995958
0.997042
0.997708
0.99802
0.998038
0.997827
0.997453
0.996986
0.996489
0.996013
0.995598
0.995271
0.995046
0.994926
0.994902
0.994922
0.99498
0.995065
0.995168
0.995277
0.995388
0.995488
0.995568
0.995624
0.995649
0.995637
0.995589
0.995495
0.995361
0.995178
0.994948
0.994668
0.99434
0.993962
0.993536
0.993062
0.992541
0.991976
0.991367
0.990719
0.990033
0.989312
0.988562
0.987782
0.986982
0.986161
0.985327
0.984483
0.983631
0.982774
0.981919
0.981068
0.980221
0.979385
0.978559
0.977746
0.976949
0.976167
0.975402
0.974654
0.973922
0.973211
0.972519
0.971845
0.971191
0.970555
0.969939
0.969338
0.96876
0.9682
0.967658
0.967127
0.966612
0.966116
0.965636
0.965177
0.964734
0.964319
0.963924
0.963562
0.963227
0.962928
0.962669
0.962453
0.962282
0.962169
0.962111
0.962124
0.962203
0.962363
0.962607
0.962943
0.963374
0.963911
0.964551
0.9653
0.966157
0.967125
0.96819
0.96935
0.970587
0.971883
0.973207
0.974532
0.975807
0.976981
0.977985
0.978738
0.979147
0.979088
0.978421
0.976979
0.974554
0.970896
0.965703
0.958632
0.949307
0.937355
0.921833
0.902815
0.879906
0.851718
0.813629
0.756377
0.656538
0.473703
0.200231
0.499512
0.885779
0.949966
0.96466
0.970771
0.974481
0.977477
0.980475
0.983806
0.987498
0.991109
0.993964
0.99597
0.997298
0.998106
0.998472
0.99845
0.99809
0.99747
0.996678
0.995802
0.994929
0.994128
0.99345
0.992928
0.992576
0.992395
0.992363
0.99242
0.992552
0.992745
0.992982
0.993248
0.993528
0.993808
0.994079
0.994328
0.994547
0.994731
0.994874
0.994974
0.995026
0.995028
0.994981
0.994885
0.994741
0.994546
0.994303
0.994013
0.99368
0.993299
0.99288
0.992422
0.991928
0.991403
0.99085
0.990268
0.989667
0.989046
0.988407
0.987761
0.987106
0.986445
0.985783
0.985123
0.984466
0.983816
0.983176
0.982543
0.981924
0.981314
0.980722
0.980142
0.979579
0.979029
0.978495
0.977978
0.977475
0.97699
0.976517
0.976063
0.975625
0.9752
0.974794
0.974395
0.974011
0.97364
0.973282
0.972937
0.972612
0.972302
0.972012
0.971742
0.971499
0.971279
0.971089
0.970929
0.970806
0.970723
0.97068
0.970687
0.970743
0.970855
0.97103
0.971266
0.97157
0.971942
0.972384
0.9729
0.973484
0.974133
0.97484
0.975596
0.976387
0.977192
0.977984
0.978733
0.979396
0.979926
0.980259
0.980328
0.980039
0.979293
0.977964
0.975912
0.972954
0.968895
0.963484
0.956457
0.947512
0.936332
0.922585
0.905651
0.884484
0.858678
0.824245
0.773353
0.682477
0.502854
0.214747
0.629329
0.917954
0.957622
0.967743
0.972621
0.975807
0.978573
0.981552
0.985031
0.988988
0.992771
0.995503
0.997238
0.998283
0.998808
0.998853
0.998437
0.997613
0.996475
0.995147
0.99375
0.9924
0.991189
0.990187
0.989426
0.988927
0.988681
0.988644
0.988753
0.988984
0.989317
0.989727
0.99019
0.990683
0.991189
0.99169
0.99217
0.99262
0.993033
0.993397
0.993712
0.993975
0.99418
0.994328
0.994421
0.99446
0.994445
0.994377
0.99426
0.994096
0.993886
0.993634
0.993345
0.993017
0.992657
0.992266
0.99185
0.991412
0.990952
0.990479
0.989992
0.989495
0.988992
0.988486
0.987978
0.987472
0.98697
0.986471
0.985983
0.985499
0.985029
0.984568
0.984117
0.983679
0.983251
0.982839
0.982437
0.982049
0.981673
0.981307
0.980955
0.980619
0.980291
0.979978
0.979676
0.979381
0.979094
0.978819
0.978559
0.978306
0.978071
0.977846
0.977637
0.977448
0.977273
0.977123
0.976996
0.976892
0.976814
0.976771
0.97676
0.976783
0.976843
0.976947
0.977089
0.977279
0.97751
0.977787
0.978107
0.978466
0.97886
0.97928
0.979712
0.980147
0.980563
0.980933
0.98123
0.981411
0.981434
0.981246
0.980778
0.979952
0.978675
0.976839
0.97432
0.970966
0.966606
0.961041
0.954047
0.94537
0.934726
0.921784
0.906094
0.886943
0.862782
0.830761
0.784231
0.700676
0.526179
0.228996
0.738695
0.935895
0.962591
0.970189
0.973989
0.976742
0.979371
0.982381
0.986045
0.99029
0.994241
0.996773
0.9982
0.998973
0.99922
0.998903
0.998004
0.996586
0.994784
0.992768
0.990712
0.988769
0.987059
0.985664
0.984627
0.983963
0.98366
0.98363
0.983815
0.984185
0.984704
0.985338
0.986052
0.986815
0.9876
0.988385
0.98915
0.989879
0.99056
0.991185
0.991747
0.992246
0.992679
0.993041
0.993341
0.993574
0.993745
0.993856
0.993911
0.993913
0.993864
0.99377
0.993633
0.993456
0.993244
0.992999
0.992726
0.992428
0.99211
0.991772
0.99142
0.991056
0.990682
0.990302
0.989922
0.989537
0.989153
0.988771
0.988394
0.988023
0.987658
0.9873
0.986949
0.986608
0.986276
0.985954
0.985642
0.985337
0.985042
0.984757
0.984483
0.98422
0.983962
0.983717
0.983478
0.983248
0.983021
0.982805
0.982597
0.982395
0.982204
0.982023
0.981853
0.981692
0.981548
0.981417
0.981301
0.981203
0.981124
0.981063
0.981024
0.981009
0.981019
0.981053
0.981113
0.981198
0.981307
0.981442
0.981597
0.981768
0.981946
0.982127
0.982297
0.98244
0.982535
0.982564
0.982493
0.98229
0.981908
0.981297
0.9804
0.979143
0.977442
0.975205
0.972322
0.968657
0.964069
0.958387
0.951412
0.942925
0.932662
0.920293
0.905364
0.887161
0.864415
0.834501
0.790813
0.7127
0.544305
0.243236
0.817652
0.946862
0.965991
0.971938
0.975105
0.97746
0.97994
0.983002
0.986863
0.991413
0.995523
0.997788
0.998897
0.999427
0.999397
0.998651
0.997135
0.994949
0.992296
0.989414
0.986542
0.983878
0.981571
0.979721
0.978375
0.977545
0.977202
0.977201
0.977503
0.978064
0.978831
0.979757
0.980792
0.981895
0.983028
0.98416
0.985267
0.986327
0.987326
0.988254
0.989105
0.989874
0.99056
0.991163
0.991686
0.992129
0.9925
0.992799
0.99303
0.993201
0.993314
0.993376
0.993384
0.993351
0.993277
0.993166
0.993024
0.992851
0.992658
0.992438
0.992204
0.991954
0.991692
0.991422
0.991142
0.990861
0.990575
0.990289
0.990004
0.989722
0.989442
0.989168
0.988898
0.988632
0.988374
0.988121
0.987875
0.987636
0.987404
0.98718
0.986961
0.986747
0.986544
0.986346
0.986154
0.985965
0.985783
0.985604
0.985432
0.985263
0.985101
0.984947
0.984798
0.984654
0.984523
0.984399
0.984282
0.984179
0.984085
0.984001
0.983932
0.983877
0.983832
0.983803
0.983785
0.983778
0.983778
0.983789
0.983799
0.983808
0.983806
0.983784
0.983729
0.98363
0.983461
0.983203
0.982826
0.9823
0.981582
0.980626
0.979373
0.977766
0.975722
0.97316
0.969984
0.966072
0.961302
0.955521
0.948557
0.940205
0.930216
0.918264
0.903895
0.886405
0.864549
0.835809
0.793947
0.719445
0.557735
0.257666
0.856498
0.957219
0.968401
0.973191
0.975891
0.978063
0.98035
0.983434
0.987495
0.992361
0.996634
0.998571
0.999372
0.999707
0.999382
0.998095
0.995781
0.992609
0.988883
0.984936
0.981078
0.977558
0.974564
0.972207
0.970536
0.969551
0.969207
0.969274
0.96975
0.970569
0.971662
0.972959
0.974397
0.975918
0.977474
0.979025
0.980536
0.981984
0.983356
0.984632
0.985811
0.986886
0.987857
0.988726
0.989495
0.990168
0.990752
0.99125
0.991669
0.992014
0.992291
0.992507
0.992664
0.99277
0.99283
0.992845
0.992826
0.992772
0.99269
0.992581
0.99245
0.992301
0.992136
0.99196
0.991772
0.991577
0.991375
0.99117
0.990962
0.990753
0.990544
0.990336
0.990128
0.989926
0.989726
0.989527
0.989335
0.989144
0.98896
0.988777
0.988601
0.988427
0.98826
0.988096
0.987938
0.987779
0.987623
0.987472
0.98732
0.987173
0.987027
0.986885
0.986746
0.986612
0.98648
0.986352
0.986228
0.98611
0.985998
0.98589
0.985785
0.985687
0.985591
0.985498
0.985406
0.985314
0.985218
0.985114
0.984999
0.984866
0.984706
0.984506
0.98426
0.983949
0.983554
0.983053
0.982421
0.981621
0.980619
0.979369
0.977822
0.975919
0.97359
0.970764
0.967344
0.96323
0.958312
0.95245
0.945487
0.937231
0.927442
0.915796
0.901847
0.884896
0.863721
0.835888
0.795403
0.723561
0.566754
0.268298
0.88137
0.960927
0.970144
0.974068
0.976411
0.978436
0.980716
0.983687
0.987942
0.993131
0.997575
0.999141
0.999675
0.999865
0.9992
0.997212
0.993865
0.989449
0.984402
0.979173
0.974153
0.969653
0.965888
0.962984
0.960987
0.959882
0.959596
0.959794
0.960522
0.961691
0.963206
0.964972
0.966904
0.968932
0.970991
0.973032
0.975015
0.976913
0.978703
0.980372
0.981916
0.98333
0.984614
0.985772
0.986808
0.987728
0.98854
0.989247
0.989862
0.990388
0.990835
0.991208
0.991514
0.99176
0.99195
0.992091
0.992189
0.992247
0.992271
0.992264
0.99223
0.992173
0.992097
0.992003
0.991895
0.991776
0.991646
0.99151
0.991368
0.991219
0.991068
0.990917
0.990763
0.990608
0.990454
0.990301
0.990147
0.989996
0.989845
0.989696
0.98955
0.989407
0.989266
0.989126
0.988987
0.988849
0.98871
0.988574
0.988434
0.988298
0.988159
0.988021
0.987884
0.987749
0.987611
0.987475
0.987337
0.9872
0.987064
0.986923
0.986783
0.986641
0.986492
0.986338
0.986178
0.986006
0.98582
0.985614
0.985384
0.985122
0.98482
0.984468
0.984053
0.983557
0.982962
0.98225
0.981392
0.980359
0.979113
0.977615
0.975817
0.973665
0.971099
0.968046
0.964424
0.960146
0.955104
0.949171
0.942204
0.934014
0.924371
0.912958
0.89933
0.882795
0.862152
0.835021
0.79559
0.725725
0.572593
0.275793
0.898875
0.963738
0.97154
0.974633
0.976674
0.978592
0.980899
0.983898
0.988203
0.993715
0.998354
0.999534
0.99985
0.999946
0.998859
0.995954
0.991289
0.985338
0.978708
0.971978
0.965629
0.960027
0.955422
0.951951
0.949656
0.948491
0.9482
0.948624
0.949728
0.95138
0.953451
0.955816
0.958364
0.961003
0.963657
0.966267
0.968788
0.971189
0.973447
0.97555
0.977492
0.979272
0.980892
0.982357
0.983676
0.984855
0.985905
0.986834
0.987649
0.988362
0.988983
0.989516
0.989971
0.990355
0.990675
0.990938
0.99115
0.991316
0.991442
0.99153
0.991586
0.991615
0.99162
0.991601
0.991566
0.991515
0.991449
0.991373
0.991288
0.991194
0.991093
0.990986
0.990875
0.990761
0.990644
0.990525
0.990405
0.990282
0.990158
0.990036
0.98991
0.989785
0.989661
0.989538
0.989413
0.989285
0.989158
0.989026
0.988894
0.988759
0.988622
0.988483
0.988338
0.988194
0.988046
0.987895
0.987737
0.987577
0.987411
0.987239
0.987061
0.98687
0.986672
0.986461
0.98623
0.985983
0.985711
0.985412
0.985077
0.984699
0.984268
0.983777
0.983209
0.982548
0.981783
0.980884
0.979829
0.97859
0.977133
0.975418
0.973405
0.97104
0.968271
0.96503
0.961241
0.956822
0.951677
0.945684
0.938706
0.930567
0.921031
0.909795
0.896418
0.880211
0.859989
0.833416
0.7948
0.726419
0.576033
0.280805
0.91168
0.965752
0.972337
0.974934
0.97671
0.978519
0.98087
0.984051
0.988313
0.994111
0.998981
0.99978
0.999941
0.999982
0.998347
0.994261
0.987954
0.980155
0.971673
0.963225
0.955383
0.948571
0.943073
0.93904
0.9365
0.935372
0.935143
0.935917
0.937532
0.939809
0.942573
0.945665
0.948943
0.952295
0.955629
0.958879
0.961996
0.964943
0.967704
0.97027
0.972633
0.974796
0.976766
0.97855
0.980159
0.981604
0.982897
0.984048
0.985069
0.98597
0.986762
0.987456
0.98806
0.988583
0.989031
0.989416
0.989737
0.990007
0.990229
0.990407
0.990551
0.990658
0.990738
0.990792
0.990821
0.990832
0.990824
0.9908
0.990764
0.990715
0.990658
0.99059
0.990516
0.990433
0.990348
0.990256
0.990159
0.990059
0.989956
0.98985
0.98974
0.98963
0.989516
0.989399
0.98928
0.989159
0.989033
0.988904
0.988771
0.988632
0.988489
0.98834
0.988188
0.988029
0.987866
0.987693
0.987514
0.987328
0.98713
0.986923
0.986703
0.986468
0.986217
0.985946
0.985653
0.98533
0.984979
0.984589
0.984157
0.983672
0.983125
0.982506
0.9818
0.980995
0.98007
0.979006
0.977778
0.976357
0.974717
0.972817
0.970617
0.968071
0.965127
0.961725
0.957791
0.953256
0.948023
0.941978
0.934989
0.926883
0.917434
0.906338
0.893159
0.877218
0.857342
0.831217
0.793252
0.725987
0.577629
0.283857
0.921249
0.967169
0.972753
0.974983
0.976507
0.978213
0.980608
0.98398
0.988414
0.994306
0.999459
0.999917
0.999983
0.999995
0.997646
0.992058
0.983756
0.973787
0.96319
0.952824
0.943343
0.935222
0.928789
0.924215
0.921515
0.92056
0.920614
0.921904
0.924204
0.927268
0.930875
0.93482
0.938932
0.943077
0.947153
0.951091
0.954835
0.958358
0.961637
0.964673
0.967463
0.970012
0.972332
0.974434
0.976333
0.978043
0.979574
0.980945
0.982167
0.983255
0.984217
0.985067
0.985815
0.986471
0.987044
0.98754
0.987973
0.98834
0.988656
0.988921
0.989145
0.989326
0.989475
0.989592
0.989683
0.989748
0.989792
0.989815
0.989823
0.989815
0.989793
0.989758
0.989715
0.989658
0.989596
0.989526
0.989449
0.989364
0.989275
0.989179
0.989081
0.988974
0.988865
0.988754
0.988636
0.988515
0.988385
0.988252
0.988112
0.987965
0.987811
0.98765
0.98748
0.987306
0.987121
0.986926
0.986721
0.986504
0.986274
0.986027
0.985764
0.985485
0.985179
0.984852
0.984496
0.984104
0.983674
0.983202
0.982676
0.98209
0.981436
0.980701
0.979871
0.978929
0.977864
0.976652
0.97527
0.973694
0.971889
0.969825
0.967463
0.96476
0.961668
0.958125
0.954075
0.949441
0.944133
0.938045
0.931047
0.922968
0.913588
0.902605
0.889591
0.87387
0.85428
0.828537
0.791092
0.724671
0.5778
0.285367
0.928476
0.968136
0.972885
0.974766
0.976069
0.977656
0.980095
0.983677
0.988458
0.994344
0.99979
0.999979
0.999996
0.999999
0.996729
0.989277
0.978602
0.966149
0.953199
0.940736
0.929478
0.91995
0.91254
0.907468
0.904743
0.903991
0.904554
0.906633
0.909895
0.914004
0.91866
0.923615
0.928672
0.933683
0.938545
0.943187
0.947565
0.951655
0.955444
0.958935
0.962134
0.965053
0.967706
0.97011
0.97228
0.974241
0.976001
0.977579
0.97899
0.980251
0.981376
0.982377
0.983261
0.984046
0.984736
0.985342
0.985873
0.986337
0.986737
0.987084
0.987379
0.987631
0.987843
0.98802
0.988162
0.988278
0.988366
0.988431
0.988477
0.988502
0.98851
0.988504
0.988485
0.988452
0.988407
0.988353
0.988289
0.988214
0.988132
0.988044
0.987949
0.987846
0.987736
0.98762
0.987499
0.987373
0.987236
0.987093
0.986941
0.986783
0.986615
0.986436
0.98625
0.986052
0.985842
0.985622
0.985386
0.985136
0.98487
0.984584
0.984279
0.98395
0.983595
0.983211
0.982789
0.98233
0.981828
0.981274
0.980663
0.979981
0.979227
0.978383
0.977439
0.976378
0.975186
0.973839
0.97232
0.970601
0.968654
0.966448
0.963947
0.961109
0.957888
0.954233
0.950083
0.945363
0.939997
0.933873
0.92687
0.918811
0.909492
0.898611
0.885738
0.870208
0.850868
0.825448
0.788441
0.722662
0.576863
0.285663
0.933949
0.968722
0.972741
0.974246
0.975387
0.976837
0.979305
0.983112
0.988269
0.994377
0.999971
0.999998
1
1
0.995565
0.985849
0.972419
0.957191
0.941684
0.926977
0.913814
0.902767
0.894321
0.88881
0.886253
0.885385
0.886849
0.890171
0.894832
0.90035
0.906333
0.912482
0.91859
0.924516
0.930171
0.935503
0.940478
0.945095
0.949347
0.953249
0.956815
0.960065
0.963014
0.965687
0.9681
0.970282
0.972246
0.974011
0.975595
0.977014
0.978284
0.979418
0.980428
0.981327
0.982125
0.98283
0.983453
0.984001
0.984481
0.9849
0.985264
0.985577
0.985846
0.986075
0.986265
0.986422
0.98655
0.986653
0.986729
0.986782
0.986817
0.986831
0.986831
0.986814
0.986781
0.986738
0.986682
0.986614
0.986535
0.986449
0.986352
0.986245
0.986131
0.986011
0.98588
0.985743
0.985596
0.985438
0.98527
0.985095
0.984906
0.984708
0.9845
0.984275
0.98404
0.983788
0.983522
0.983236
0.982933
0.982607
0.982256
0.981879
0.981472
0.981028
0.980546
0.980022
0.979448
0.978818
0.978123
0.977358
0.976508
0.975565
0.974516
0.973345
0.972036
0.970572
0.968932
0.967088
0.965013
0.962686
0.960063
0.957109
0.953781
0.950032
0.945798
0.941013
0.9356
0.929448
0.92244
0.91441
0.905145
0.894349
0.881608
0.866256
0.847144
0.822015
0.785384
0.720093
0.575052
0.285001
0.938038
0.969009
0.972384
0.973529
0.974448
0.975728
0.978212
0.982257
0.987841
0.994407
1
0.999999
0.999998
0.999999
0.994126
0.981715
0.965155
0.946907
0.9287
0.911649
0.896465
0.883734
0.874113
0.868231
0.866126
0.866019
0.868808
0.873771
0.880159
0.88732
0.894765
0.902165
0.909318
0.916108
0.922485
0.928416
0.933904
0.938956
0.943587
0.947822
0.951683
0.955197
0.958386
0.961276
0.96389
0.966254
0.968385
0.970303
0.972031
0.973586
0.974977
0.976226
0.977343
0.978341
0.979228
0.98002
0.980723
0.981345
0.981895
0.982377
0.982799
0.983164
0.983482
0.983756
0.983985
0.984182
0.984341
0.984472
0.984573
0.984649
0.984701
0.984731
0.984744
0.984737
0.984714
0.984674
0.984619
0.984555
0.984473
0.984383
0.984279
0.984168
0.984044
0.983911
0.983768
0.983616
0.983451
0.983276
0.98309
0.982894
0.982684
0.98246
0.982224
0.981974
0.981707
0.981424
0.981121
0.980801
0.980457
0.980087
0.979693
0.979265
0.978804
0.978308
0.977765
0.977176
0.976535
0.975829
0.97506
0.97421
0.973273
0.972239
0.971093
0.969823
0.96841
0.96684
0.965089
0.963136
0.960956
0.95852
0.955794
0.952745
0.949327
0.945498
0.941199
0.936362
0.930913
0.924747
0.917743
0.90974
0.900527
0.889824
0.877209
0.862027
0.843135
0.818283
0.781981
0.717076
0.572544
0.283584
0.941014
0.969051
0.971839
0.972599
0.973239
0.974312
0.976786
0.981077
0.987147
0.994299
1
1
0.999998
0.999997
0.992395
0.976823
0.956785
0.935346
0.914388
0.894972
0.877662
0.86299
0.851864
0.845653
0.843138
0.844794
0.850256
0.858033
0.866897
0.876043
0.885009
0.893568
0.901599
0.909067
0.915973
0.922329
0.928163
0.933509
0.938392
0.942847
0.946906
0.950595
0.953946
0.956983
0.959739
0.962231
0.964482
0.966518
0.968352
0.970005
0.971493
0.97283
0.97403
0.975106
0.97607
0.976927
0.977693
0.978374
0.978979
0.979511
0.979979
0.980389
0.980744
0.981052
0.981317
0.98154
0.981723
0.981874
0.981995
0.982085
0.982152
0.982191
0.982209
0.982206
0.982185
0.982146
0.982088
0.982018
0.981931
0.981832
0.981719
0.981592
0.981455
0.981305
0.981146
0.980976
0.98079
0.980594
0.980386
0.980162
0.979927
0.979676
0.979411
0.979128
0.978829
0.978509
0.978172
0.97781
0.977423
0.977012
0.976569
0.976094
0.97558
0.975027
0.974426
0.973776
0.973066
0.972292
0.971448
0.970521
0.969505
0.968385
0.967151
0.965792
0.964288
0.962623
0.960776
0.958729
0.956457
0.95393
0.951117
0.947991
0.944503
0.940611
0.936261
0.931388
0.925915
0.919741
0.912748
0.904781
0.895632
0.885021
0.872534
0.857525
0.838855
0.814275
0.778283
0.713684
0.569467
0.281565
0.943047
0.96888
0.971113
0.971385
0.971619
0.972565
0.974997
0.979536
0.986149
0.994026
0.999997
0.999997
0.999998
0.999996
0.99035
0.971121
0.947308
0.922633
0.899023
0.877369
0.8579
0.840907
0.827473
0.820662
0.818415
0.824043
0.834244
0.845937
0.857498
0.868359
0.878408
0.887658
0.896149
0.903931
0.911058
0.917577
0.923537
0.928983
0.933954
0.938485
0.942615
0.94638
0.949799
0.952905
0.955723
0.958285
0.960603
0.962701
0.964597
0.966311
0.967858
0.969253
0.970508
0.971636
0.972649
0.973556
0.974366
0.975088
0.97573
0.976299
0.9768
0.977237
0.977622
0.977954
0.978235
0.978478
0.978678
0.97884
0.978971
0.979068
0.979137
0.97918
0.979198
0.979193
0.979167
0.979123
0.979056
0.978974
0.978876
0.978761
0.978634
0.978489
0.978333
0.978164
0.977982
0.977788
0.977578
0.977355
0.97712
0.976868
0.976601
0.97632
0.97602
0.975704
0.975369
0.975014
0.974635
0.974233
0.973804
0.973345
0.972856
0.972329
0.971764
0.971156
0.970497
0.969786
0.969013
0.968173
0.967258
0.966261
0.96517
0.963974
0.962662
0.961221
0.959634
0.957887
0.955959
0.953832
0.951478
0.94888
0.945999
0.942807
0.939264
0.935327
0.930941
0.926044
0.920556
0.91439
0.907422
0.8995
0.890423
0.879918
0.867576
0.852748
0.834313
0.810012
0.774326
0.709973
0.565921
0.279054
0.944231
0.968532
0.970241
0.96994
0.969631
0.970481
0.972812
0.977587
0.9848
0.993579
1
1
0.999998
1
0.98797
0.964559
0.936761
0.908999
0.883091
0.859632
0.838257
0.818649
0.801161
0.787637
0.793173
0.811994
0.829018
0.842191
0.854298
0.865476
0.875819
0.884997
0.893365
0.900995
0.907969
0.914349
0.920183
0.925516
0.930393
0.934847
0.938918
0.942629
0.946019
0.949098
0.951905
0.954457
0.956779
0.958886
0.960796
0.962529
0.964091
0.965507
0.966784
0.967935
0.968971
0.9699
0.97073
0.971475
0.972135
0.972722
0.97324
0.973693
0.974088
0.974428
0.974722
0.974967
0.975172
0.975338
0.975467
0.975563
0.97563
0.975665
0.975675
0.97566
0.975623
0.975561
0.975481
0.975383
0.975266
0.975132
0.974982
0.974814
0.974634
0.974438
0.97423
0.974006
0.973768
0.973515
0.973248
0.972963
0.972662
0.972346
0.972011
0.971657
0.971282
0.970885
0.970465
0.970019
0.969546
0.969041
0.968503
0.967925
0.967308
0.966644
0.96593
0.965158
0.964327
0.963423
0.962444
0.961381
0.960221
0.958954
0.957573
0.956061
0.954404
0.952584
0.95059
0.948395
0.945979
0.943319
0.940385
0.937145
0.933562
0.929596
0.925187
0.92028
0.914798
0.90865
0.901718
0.893856
0.884868
0.874482
0.862303
0.847691
0.829509
0.805499
0.770129
0.705977
0.561964
0.276123
0.944583
0.968069
0.969343
0.968465
0.967574
0.968059
0.970215
0.975186
0.983034
0.992937
0.999998
1
1
0.999998
0.985226
0.957054
0.925221
0.89484
0.867449
0.843292
0.821262
0.800437
0.779066
0.791727
0.803548
0.81908
0.833308
0.84528
0.856368
0.866639
0.876122
0.884628
0.892423
0.899572
0.906271
0.912634
0.918111
0.92313
0.927736
0.931961
0.935834
0.939385
0.942633
0.945599
0.948309
0.950784
0.953039
0.955089
0.956961
0.958659
0.960198
0.961593
0.962855
0.963995
0.965021
0.965944
0.966772
0.967511
0.96817
0.968754
0.969266
0.969716
0.970109
0.970444
0.97073
0.970971
0.971165
0.971321
0.971439
0.971523
0.971572
0.971594
0.971586
0.971551
0.971494
0.971413
0.971309
0.971185
0.971044
0.970883
0.970704
0.97051
0.970297
0.970071
0.969829
0.969572
0.969298
0.969011
0.968706
0.968384
0.968044
0.967689
0.967313
0.966918
0.966501
0.966062
0.965596
0.965105
0.964584
0.964031
0.963442
0.962814
0.962143
0.961427
0.960656
0.959829
0.95894
0.957978
0.956938
0.955813
0.954592
0.953264
0.951818
0.950245
0.948526
0.946651
0.944596
0.942347
0.939884
0.937178
0.934207
0.930934
0.927326
0.92334
0.918925
0.914025
0.908562
0.902452
0.895572
0.887795
0.878918
0.868688
0.856697
0.842324
0.824428
0.80075
0.765694
0.701713
0.557619
0.272804
0.944038
0.967516
0.968547
0.967116
0.96541
0.965278
0.967219
0.972286
0.980757
0.992073
0.999998
1
1
0.999999
0.982081
0.948493
0.912843
0.880863
0.853641
0.831321
0.8129
0.806331
0.807983
0.812721
0.821477
0.832379
0.843046
0.852876
0.862195
0.87094
0.879074
0.886517
0.89342
0.899838
0.905892
0.911621
0.916621
0.921589
0.925906
0.929773
0.933336
0.93661
0.93962
0.942384
0.944918
0.94724
0.949364
0.951302
0.95307
0.954681
0.956153
0.957484
0.958692
0.959784
0.960769
0.961654
0.962447
0.963155
0.963786
0.964343
0.964832
0.96526
0.965625
0.965941
0.966202
0.966419
0.966591
0.966722
0.966814
0.966872
0.966897
0.966889
0.966855
0.966792
0.966706
0.966594
0.966459
0.966302
0.966127
0.96593
0.965718
0.965486
0.965238
0.964974
0.964692
0.964395
0.964082
0.963751
0.963404
0.96304
0.962659
0.962257
0.961839
0.961396
0.960934
0.960448
0.959934
0.959395
0.958824
0.95822
0.95758
0.956902
0.956177
0.955405
0.954583
0.953701
0.952752
0.951736
0.95064
0.949458
0.948181
0.946797
0.9453
0.943672
0.941904
0.939978
0.937882
0.935594
0.933092
0.930356
0.927359
0.924071
0.920452
0.916467
0.912062
0.907185
0.901759
0.895703
0.88891
0.881238
0.87251
0.862465
0.85072
0.836631
0.819064
0.795743
0.761027
0.69718
0.552874
0.269083
0.94299
0.966366
0.967875
0.966331
0.963383
0.961627
0.963931
0.968886
0.977838
0.990926
0.999998
0.999998
1
0.999998
0.978437
0.938698
0.89995
0.868355
0.844482
0.831745
0.826149
0.825835
0.828675
0.832932
0.839545
0.847284
0.855153
0.862801
0.870191
0.877231
0.883869
0.890076
0.895923
0.901437
0.906666
0.911587
0.916027
0.920384
0.924223
0.928157
0.931307
0.934218
0.936912
0.939392
0.941674
0.943773
0.945696
0.947465
0.949082
0.950556
0.951903
0.953124
0.954235
0.955241
0.956146
0.95696
0.957688
0.958336
0.958909
0.959413
0.959853
0.960233
0.960555
0.960825
0.961046
0.96122
0.961352
0.961443
0.961496
0.961513
0.961498
0.961454
0.961376
0.961274
0.961145
0.960992
0.960815
0.960617
0.9604
0.960161
0.959903
0.959627
0.959333
0.959023
0.958695
0.95835
0.95799
0.957611
0.957217
0.956805
0.956372
0.955922
0.955452
0.954961
0.954447
0.953908
0.953343
0.952752
0.952127
0.95147
0.950778
0.950043
0.949267
0.94844
0.947564
0.946626
0.945625
0.944555
0.943407
0.942172
0.940844
0.939413
0.937868
0.936198
0.934387
0.932425
0.930296
0.927978
0.925454
0.922703
0.919694
0.916402
0.912791
0.908821
0.904448
0.899614
0.894251
0.888287
0.881613
0.874099
0.86557
0.855771
0.844316
0.830568
0.813386
0.79047
0.756116
0.692354
0.547666
0.264885
0.941891
0.964029
0.966819
0.965823
0.963164
0.959464
0.960723
0.965075
0.974094
0.989401
1
0.999999
1
0.999997
0.974146
0.927392
0.887275
0.859793
0.848806
0.843927
0.843161
0.845086
0.847316
0.851257
0.856325
0.861948
0.867724
0.873461
0.879077
0.8845
0.889694
0.894652
0.899387
0.903904
0.908205
0.912265
0.916039
0.91969
0.923017
0.926387
0.929418
0.932034
0.934343
0.936478
0.938445
0.940258
0.941931
0.943467
0.944871
0.946163
0.947336
0.948405
0.949373
0.950251
0.951036
0.951743
0.952369
0.952926
0.953412
0.953834
0.954197
0.954502
0.954755
0.954959
0.955114
0.955226
0.955298
0.955331
0.955325
0.955287
0.955215
0.955116
0.954984
0.954828
0.954645
0.954439
0.954209
0.953955
0.953684
0.95339
0.953079
0.952748
0.9524
0.952034
0.951649
0.951249
0.950832
0.950399
0.949946
0.949477
0.948989
0.948483
0.947954
0.947406
0.946835
0.946239
0.945615
0.944966
0.944283
0.943568
0.942818
0.942026
0.941192
0.940312
0.939378
0.938385
0.937333
0.93621
0.935011
0.933728
0.932356
0.93088
0.929296
0.927589
0.925747
0.923756
0.921603
0.91927
0.916732
0.913976
0.910975
0.907697
0.904111
0.900183
0.895871
0.891118
0.885866
0.880041
0.873539
0.866245
0.857988
0.848506
0.837422
0.824093
0.807364
0.784908
0.750932
0.687182
0.541859
0.260045
0.940667
0.960399
0.964801
0.96497
0.963333
0.96097
0.959042
0.961241
0.969258
0.98738
1
1
1
1
0.968927
0.914185
0.876594
0.863858
0.859655
0.859004
0.860395
0.861712
0.864249
0.867595
0.871425
0.875497
0.879654
0.883806
0.887902
0.891905
0.895795
0.899562
0.903198
0.906697
0.910053
0.91325
0.916287
0.919205
0.921954
0.924683
0.927181
0.929681
0.931654
0.933395
0.934995
0.936472
0.937836
0.939087
0.940238
0.941285
0.942243
0.943111
0.943892
0.944597
0.945226
0.945781
0.946271
0.946697
0.947061
0.94737
0.947625
0.947828
0.94798
0.948091
0.948158
0.948184
0.948171
0.948121
0.948038
0.947924
0.947778
0.947603
0.9474
0.947173
0.946918
0.946642
0.946342
0.946023
0.945682
0.945321
0.944943
0.944543
0.944129
0.943694
0.943242
0.942774
0.942288
0.941786
0.941267
0.940728
0.940174
0.939599
0.939005
0.938389
0.937749
0.937086
0.936398
0.935681
0.934935
0.934154
0.933339
0.932484
0.931588
0.930648
0.929652
0.928606
0.927496
0.926321
0.92507
0.923742
0.922326
0.920809
0.919188
0.91745
0.915581
0.91357
0.911405
0.909065
0.906532
0.903791
0.900815
0.89758
0.89406
0.890213
0.886011
0.881401
0.876326
0.870717
0.864487
0.857512
0.849624
0.84057
0.829964
0.817151
0.800959
0.779023
0.745436
0.681564
0.535205
0.254308
0.939172
0.95537
0.961046
0.962722
0.962506
0.961458
0.960567
0.958801
0.962926
0.98462
1
1
0.999999
1
0.962292
0.89859
0.87656
0.873161
0.872989
0.874024
0.875006
0.876811
0.879115
0.881708
0.884461
0.887292
0.890148
0.892999
0.895828
0.898614
0.901349
0.904023
0.906628
0.909155
0.911603
0.91396
0.916227
0.918417
0.920522
0.922576
0.924505
0.926451
0.928394
0.92969
0.930875
0.931967
0.932972
0.933892
0.93473
0.93549
0.936179
0.936797
0.93735
0.937834
0.93826
0.938626
0.938934
0.939189
0.939393
0.939549
0.939659
0.939723
0.939748
0.93973
0.939677
0.939587
0.939462
0.939305
0.939116
0.938897
0.938653
0.93838
0.938081
0.93776
0.937415
0.937046
0.936659
0.936249
0.93582
0.935371
0.934904
0.934422
0.933919
0.933399
0.93286
0.932307
0.931736
0.931147
0.930543
0.929921
0.929283
0.928623
0.927945
0.927245
0.926523
0.925779
0.92501
0.924213
0.923388
0.92253
0.921636
0.920708
0.919738
0.918726
0.917663
0.91655
0.915376
0.91414
0.912835
0.911455
0.90999
0.908435
0.906779
0.905012
0.903127
0.901111
0.898947
0.896626
0.894131
0.891444
0.888547
0.885419
0.88203
0.878358
0.874363
0.87001
0.865236
0.859987
0.854169
0.847666
0.8403
0.831826
0.82184
0.809674
0.794125
0.772775
0.739556
0.675302
0.527164
0.247232
0.93705
0.948649
0.954583
0.957523
0.958756
0.958997
0.958688
0.958093
0.954999
0.980641
0.999999
1
1
1
0.953159
0.885474
0.88404
0.884538
0.885309
0.88624
0.887633
0.889249
0.890966
0.892726
0.894503
0.896288
0.898071
0.899848
0.901613
0.903363
0.905091
0.906789
0.908457
0.910089
0.911681
0.913224
0.914727
0.916186
0.917595
0.918965
0.920285
0.92163
0.923283
0.924202
0.924947
0.925613
0.926211
0.926748
0.927227
0.927648
0.928018
0.928332
0.928592
0.928807
0.928977
0.929095
0.929173
0.92921
0.929203
0.929158
0.929076
0.928959
0.928806
0.92862
0.928399
0.928152
0.927874
0.927569
0.927236
0.926877
0.926494
0.926087
0.925656
0.925206
0.924732
0.924239
0.923727
0.923195
0.922643
0.922075
0.921489
0.920884
0.920264
0.919625
0.91897
0.918298
0.917609
0.916906
0.916183
0.915446
0.914692
0.913916
0.913123
0.912311
0.911476
0.910621
0.90974
0.908833
0.907899
0.906937
0.905942
0.904913
0.903846
0.902741
0.90159
0.900394
0.899145
0.897841
0.896477
0.895048
0.893546
0.891966
0.890303
0.888548
0.886693
0.884731
0.882652
0.880443
0.878092
0.875587
0.872916
0.870053
0.866982
0.86368
0.860107
0.856234
0.851999
0.847348
0.842182
0.836386
0.829777
0.8221
0.812931
0.801578
0.786802
0.766098
0.73316
0.667957
0.51627
0.236867
0.93258
0.939372
0.943839
0.946814
0.948779
0.950013
0.95063
0.950338
0.949926
0.972876
1
1
0.999998
1
0.937529
0.889719
0.890309
0.890871
0.891669
0.892586
0.893529
0.894458
0.895371
0.896275
0.897167
0.898057
0.898942
0.89982
0.900693
0.901553
0.902404
0.903239
0.904055
0.904856
0.905633
0.906385
0.90712
0.907827
0.908511
0.909176
0.909836
0.910535
0.911532
0.911984
0.91223
0.912404
0.912532
0.912609
0.912647
0.912648
0.91261
0.912531
0.912422
0.912275
0.912094
0.911879
0.911636
0.911359
0.911051
0.910714
0.91035
0.909955
0.909536
0.909087
0.908617
0.908119
0.907598
0.907055
0.906488
0.905899
0.90529
0.90466
0.90401
0.903338
0.902649
0.901942
0.901217
0.900471
0.89971
0.89893
0.898134
0.897322
0.896492
0.895644
0.894779
0.893897
0.893006
0.892107
0.891197
0.89028
0.889352
0.888415
0.887467
0.886507
0.885534
0.88455
0.883554
0.882542
0.881517
0.880476
0.879419
0.878345
0.877251
0.876137
0.875003
0.873844
0.87266
0.87145
0.870209
0.868936
0.867625
0.866277
0.864886
0.863445
0.861951
0.860396
0.858775
0.857077
0.85529
0.853403
0.851404
0.849271
0.846986
0.844521
0.841844
0.83891
0.835668
0.832043
0.827939
0.823234
0.817735
0.811167
0.803087
0.792774
0.778928
0.758926
0.726067
0.658793
0.499073
0.210705
)
;

boundaryField
{
    walls
    {
        type            zeroGradient;
    }
    top
    {
        type            zeroGradient;
    }
    bottom
    {
        type            zeroGradient;
    }
    frontAndBack
    {
        type            empty;
    }
    inlet
    {
        type            uniformFixedValue;
        uniformValue    
        {
            type            constant;
            value           1;
        }
        value           uniform 1;
    }
    outlet
    {
        type            zeroGradient;
    }
}


// ************************************************************************* //
