/*--------------------------------*- C++ -*----------------------------------*\
  =========                 |
  \\      /  F ield         | OpenFOAM: The Open Source CFD Toolbox
   \\    /   O peration     | Website:  https://openfoam.org
    \\  /    A nd           | Version:  12
     \\/     M anipulation  |
\*---------------------------------------------------------------------------*/
FoamFile
{
    format      ascii;
    class       volScalarField;
    location    "170";
    object      T;
}
// * * * * * * * * * * * * * * * * * * * * * * * * * * * * * * * * * * * * * //

dimensions      [];

internalField   nonuniform List<scalar> 
4480
(
6.07475e-12
1.41127e-09
4.68833e-06
0.000570177
0.00741986
0.0297464
0.0684421
0.117909
0.171786
0.225351
0.275755
0.321551
0.362189
0.397638
0.428138
0.454052
0.475788
0.493752
0.508319
0.519832
0.528597
0.534878
0.538907
0.540882
0.540975
0.539338
0.536097
0.531976
0.5278
0.523545
0.519188
0.514706
0.510074
0.505269
0.500265
0.495036
0.489555
0.483793
0.477717
0.471296
0.464495
0.457272
0.449584
0.441388
0.43263
0.423252
0.413189
0.402373
0.390717
0.378132
0.36452
0.349772
0.333774
0.316421
0.297627
0.277345
0.255599
0.232509
0.20832
0.183422
0.158343
0.133719
0.110231
0.08853
0.0691555
0.0524713
0.0386287
0.0275726
0.0190731
0.0127843
0.00830353
0.00522762
0.00319148
0.00189052
0.00108735
0.00060772
0.00033033
0.00017478
9.01037e-05
4.53018e-05
2.22349e-05
1.06643e-05
5.00312e-06
2.48908e-06
1.37668e-06
8.51907e-07
5.75693e-07
4.11598e-07
3.04615e-07
2.31021e-07
1.7904e-07
1.41831e-07
1.14976e-07
9.54972e-08
8.13662e-08
7.12087e-08
6.41062e-08
5.94619e-08
5.69225e-08
5.63334e-08
5.77293e-08
6.13554e-08
6.77265e-08
7.77477e-08
9.29232e-08
1.15735e-07
1.50312e-07
2.03645e-07
2.87814e-07
4.24192e-07
6.51468e-07
1.0413e-06
1.72932e-06
2.97746e-06
5.30048e-06
9.72546e-06
1.83264e-05
3.53315e-05
6.94447e-05
0.000138992
0.000284878
0.000606502
0.00135801
0.00328693
0.00955164
0.0289961
0.0576516
0.0938871
0.0603564
0.0092105
0.00153194
0.000153076
1.29927e-05
1.07894e-06
7.72429e-08
4.21834e-09
1.64745e-10
3.6744e-12
3.62346e-14
8.90907e-17
5.08418e-12
1.7241e-07
0.000139206
0.00666049
0.044494
0.119141
0.212121
0.305873
0.390986
0.464255
0.525704
0.57664
0.618673
0.653307
0.68181
0.70523
0.724398
0.739986
0.75253
0.762466
0.770146
0.775849
0.779805
0.7822
0.783186
0.78288
0.781383
0.778617
0.774727
0.76981
0.763965
0.757284
0.749858
0.74177
0.733093
0.723898
0.714244
0.704182
0.69375
0.682984
0.671909
0.660539
0.648878
0.636929
0.624682
0.612116
0.599209
0.585923
0.572214
0.558031
0.543308
0.527975
0.511944
0.495121
0.477406
0.458694
0.438886
0.417893
0.395655
0.372151
0.347408
0.321527
0.294671
0.267091
0.239114
0.21114
0.183623
0.157054
0.131926
0.108692
0.0877251
0.0692886
0.0535104
0.0403799
0.0297603
0.0214158
0.0150456
0.01032
0.00691239
0.00452253
0.0028914
0.00180726
0.00110495
0.000668223
0.000403483
0.000245148
0.000151122
9.52595e-05
6.17792e-05
4.13772e-05
2.86558e-05
2.05093e-05
1.51488e-05
1.15324e-05
9.04101e-06
7.29798e-06
6.06797e-06
5.20068e-06
4.59916e-06
4.20123e-06
3.96874e-06
3.88155e-06
3.93482e-06
4.13864e-06
4.52069e-06
5.13195e-06
6.05786e-06
7.43743e-06
9.49683e-06
1.26069e-05
1.73851e-05
2.48749e-05
3.68691e-05
5.6493e-05
8.92687e-05
0.000145071
0.000241748
0.000411905
0.000715862
0.00126738
0.00228712
0.00421393
0.00791791
0.0150773
0.0286434
0.0516837
0.0821472
0.107796
0.0707602
0.0146034
0.00268446
0.000421933
5.62899e-05
6.26915e-06
5.72106e-07
3.89803e-08
1.88518e-09
5.32454e-11
6.98299e-13
2.74256e-15
2.12755e-09
5.93583e-06
0.00155022
0.0327671
0.129261
0.258552
0.383501
0.4884
0.571473
0.636162
0.686739
0.726791
0.758934
0.785005
0.806285
0.823701
0.83794
0.849529
0.858886
0.866345
0.872179
0.876605
0.879802
0.881915
0.883057
0.883321
0.882777
0.881342
0.878997
0.87579
0.871767
0.866961
0.861411
0.85515
0.848219
0.840651
0.832489
0.823769
0.81453
0.804806
0.794635
0.784045
0.773066
0.761719
0.750021
0.737989
0.725624
0.712929
0.699894
0.686507
0.672745
0.658575
0.643956
0.628836
0.613158
0.596846
0.579823
0.562
0.543284
0.523586
0.502817
0.480906
0.457798
0.433472
0.407943
0.381279
0.353607
0.325117
0.296067
0.266785
0.237643
0.209062
0.181468
0.155282
0.130879
0.108574
0.0885929
0.0710624
0.056008
0.0433586
0.0329612
0.0246024
0.018029
0.0130112
0.00927783
0.00655221
0.00459574
0.00321181
0.0022446
0.00157475
0.00111352
0.000796708
0.000578884
0.000428502
0.000323998
0.000250782
0.000199051
0.000162248
0.000135987
0.000117338
0.000104355
9.57676e-05
9.07884e-05
8.89991e-05
9.02979e-05
9.48901e-05
0.000103333
0.000116643
0.00013648
0.000165472
0.00020774
0.000269761
0.000361796
0.000500211
0.000711335
0.00103779
0.001549
0.00235845
0.00365227
0.00573591
0.00910765
0.0145593
0.0232654
0.0367316
0.0563077
0.0816523
0.107729
0.121034
0.0830401
0.0217474
0.00475951
0.000907501
0.000147414
1.97505e-05
2.15621e-06
1.75543e-07
1.02176e-08
3.55269e-10
5.98983e-12
3.25291e-14
1.20383e-07
9.0702e-05
0.00924011
0.0970911
0.257445
0.415024
0.538862
0.628971
0.694001
0.742222
0.779433
0.809179
0.833508
0.853612
0.870258
0.883999
0.895281
0.904469
0.911879
0.917779
0.922398
0.925924
0.928513
0.930294
0.931364
0.931801
0.931665
0.930919
0.929535
0.927537
0.924942
0.921759
0.917997
0.91366
0.908752
0.903282
0.897261
0.890696
0.883606
0.876007
0.867919
0.859362
0.850358
0.84093
0.831099
0.820885
0.810303
0.799372
0.788099
0.776493
0.764556
0.752281
0.73966
0.726673
0.713298
0.699498
0.685231
0.670442
0.655073
0.639049
0.622296
0.604724
0.586251
0.566789
0.546254
0.524582
0.501723
0.477651
0.452386
0.425978
0.398537
0.370223
0.341248
0.31188
0.282429
0.253242
0.224686
0.197128
0.170918
0.146369
0.123742
0.103229
0.0849463
0.0689937
0.0553892
0.0439886
0.0345946
0.0269773
0.0208924
0.0160982
0.0123675
0.00949572
0.00730527
0.00564676
0.00439807
0.00346157
0.00276102
0.00223784
0.00184782
0.00155803
0.0013443
0.00118915
0.00108025
0.00100925
0.000970942
0.000962835
0.000984948
0.0010399
0.00113337
0.00127495
0.0014796
0.00176987
0.00217938
0.002758
0.00357957
0.00475326
0.00643994
0.00887489
0.012398
0.0174889
0.0247965
0.0351276
0.0493197
0.0678755
0.0902283
0.11354
0.131122
0.131484
0.0938137
0.0305037
0.00775542
0.00169666
0.000314456
4.79204e-05
5.96573e-06
5.5658e-07
3.75595e-08
1.54656e-09
3.19357e-11
2.22669e-13
2.73157e-06
0.000776168
0.0351447
0.205827
0.405297
0.555991
0.656182
0.722464
0.768814
0.803926
0.832426
0.856428
0.876801
0.893971
0.908258
0.919991
0.929506
0.937131
0.943164
0.947874
0.951493
0.954214
0.956195
0.957561
0.95841
0.958814
0.958824
0.958429
0.957574
0.956275
0.954542
0.952378
0.949785
0.946756
0.94329
0.939379
0.935016
0.930202
0.924934
0.919215
0.913046
0.90644
0.899402
0.891948
0.88409
0.875844
0.867229
0.858258
0.848947
0.83931
0.82936
0.819104
0.808549
0.797696
0.786542
0.775079
0.763289
0.751146
0.738626
0.725684
0.712274
0.698339
0.683816
0.668629
0.652696
0.635939
0.618267
0.599599
0.579862
0.55899
0.536938
0.513684
0.489241
0.463653
0.437007
0.409432
0.381106
0.352244
0.323105
0.293984
0.26519
0.237047
0.209876
0.184009
0.15984
0.137587
0.117394
0.0993349
0.0834119
0.0695647
0.0576813
0.0476105
0.0391765
0.0321901
0.0264605
0.0218042
0.0180512
0.0150489
0.0126641
0.0107838
0.00931377
0.00817786
0.00731568
0.00668081
0.00623917
0.00596766
0.00585314
0.00589224
0.00609162
0.00646913
0.00705588
0.0078998
0.00907032
0.0106654
0.0128206
0.0157199
0.0196098
0.024811
0.0317268
0.0408325
0.0526282
0.0675134
0.085534
0.105961
0.126708
0.143691
0.150427
0.138773
0.101026
0.0402655
0.0116263
0.00285032
0.000587892
9.93253e-05
1.37384e-05
1.43006e-06
1.08788e-07
5.13944e-09
1.2507e-10
1.06546e-12
3.42301e-05
0.00429467
0.0953095
0.345499
0.543165
0.66257
0.733413
0.779232
0.812918
0.840784
0.865357
0.887091
0.905833
0.921525
0.934321
0.944543
0.952561
0.958744
0.963437
0.966933
0.969487
0.971309
0.97257
0.973398
0.973891
0.974118
0.974123
0.973913
0.97338
0.972538
0.971388
0.969929
0.968156
0.96606
0.96363
0.960856
0.957728
0.954234
0.950369
0.946125
0.941499
0.936488
0.931094
0.925323
0.919182
0.912679
0.905826
0.898635
0.891124
0.883303
0.875188
0.866792
0.85813
0.849209
0.840037
0.830621
0.820961
0.811051
0.80088
0.790436
0.779697
0.768628
0.757196
0.745352
0.733043
0.720208
0.706774
0.692669
0.677812
0.662116
0.645502
0.627888
0.609206
0.589394
0.568407
0.546224
0.522848
0.498316
0.472696
0.446093
0.418654
0.390563
0.362038
0.333309
0.304782
0.276779
0.249613
0.223576
0.198926
0.175874
0.154583
0.135155
0.117638
0.102025
0.0882666
0.0762725
0.0659249
0.0570876
0.0496138
0.043356
0.0381713
0.0339265
0.0305024
0.0277958
0.0257207
0.0242099
0.0232145
0.0227053
0.0226729
0.0231294
0.0241105
0.0256783
0.0279255
0.0309797
0.0350085
0.0402226
0.046876
0.0552558
0.065657
0.0783258
0.0933574
0.110525
0.129032
0.147204
0.162193
0.16985
0.165076
0.143248
0.103684
0.050152
0.0162049
0.00439407
0.000995805
0.000184022
2.78665e-05
3.1839e-06
2.68018e-07
1.42114e-08
3.9684e-10
4.00077e-12
0.000281333
0.0169416
0.198803
0.489015
0.649879
0.732319
0.7799
0.812883
0.840083
0.865134
0.888702
0.909862
0.92779
0.942297
0.953649
0.962299
0.968721
0.973354
0.97658
0.978733
0.980088
0.980877
0.981283
0.981448
0.981469
0.981414
0.981316
0.98119
0.980881
0.980391
0.979712
0.978831
0.977734
0.976405
0.974828
0.972984
0.970859
0.968439
0.965709
0.962663
0.959289
0.955582
0.951541
0.947165
0.942457
0.937419
0.932062
0.926393
0.920428
0.914176
0.907651
0.900872
0.893847
0.886593
0.879125
0.871452
0.863582
0.855524
0.847281
0.838849
0.830224
0.821393
0.812343
0.803046
0.793476
0.783594
0.773352
0.762701
0.751579
0.739923
0.727656
0.714705
0.700984
0.686419
0.670926
0.654429
0.636858
0.618157
0.598287
0.577223
0.554961
0.531535
0.507004
0.481402
0.45495
0.427842
0.400308
0.372609
0.34502
0.317827
0.291306
0.265723
0.241318
0.218289
0.196803
0.176973
0.158874
0.142533
0.12794
0.115053
0.103803
0.0941035
0.0858577
0.0789655
0.0733311
0.068867
0.0655003
0.0631756
0.061859
0.0615411
0.0622383
0.0639967
0.0668915
0.0710277
0.0765364
0.0835668
0.0922703
0.10277
0.115108
0.129173
0.14458
0.160527
0.175623
0.187744
0.193998
0.190948
0.175302
0.145394
0.103576
0.0573536
0.0212155
0.00630777
0.00155832
0.000312469
5.13481e-05
6.37618e-06
5.8707e-07
3.44518e-08
1.08546e-09
1.27099e-11
0.00170073
0.0510461
0.336258
0.608887
0.719951
0.773787
0.807393
0.833915
0.8586
0.883287
0.907237
0.928329
0.945426
0.958543
0.96823
0.975131
0.979817
0.98277
0.9844
0.985063
0.985068
0.984671
0.984083
0.983455
0.982896
0.982468
0.982202
0.982093
0.981956
0.981774
0.981525
0.981182
0.980718
0.980107
0.979319
0.978329
0.977114
0.975655
0.973936
0.971937
0.969653
0.967072
0.964189
0.961002
0.957511
0.953722
0.949637
0.945264
0.940614
0.935701
0.930533
0.925128
0.919499
0.913664
0.907635
0.901427
0.895055
0.888529
0.88186
0.875056
0.86812
0.861049
0.853845
0.846497
0.838989
0.831308
0.823425
0.81531
0.806923
0.798222
0.789157
0.77967
0.769694
0.759166
0.748007
0.736144
0.7235
0.709991
0.695548
0.680094
0.663565
0.645915
0.627099
0.607074
0.585828
0.563433
0.539973
0.515568
0.490376
0.464587
0.438414
0.412103
0.385906
0.36008
0.334882
0.310555
0.287316
0.265359
0.244839
0.225882
0.208571
0.192963
0.179077
0.166913
0.15645
0.147654
0.140488
0.134914
0.130902
0.12843
0.127494
0.128104
0.130283
0.134067
0.139489
0.146565
0.155269
0.16549
0.176975
0.189259
0.201566
0.212722
0.221074
0.224494
0.220518
0.206749
0.181623
0.145601
0.102526
0.0599942
0.0263324
0.00852568
0.00228323
0.000494266
8.76639e-05
1.17616e-05
1.1763e-06
7.57747e-08
2.66796e-09
3.59311e-11
0.00826013
0.123264
0.478665
0.690151
0.760827
0.798107
0.824648
0.84835
0.872547
0.898058
0.922935
0.943878
0.959792
0.971199
0.979024
0.984064
0.986922
0.988079
0.98796
0.986953
0.985411
0.983638
0.981876
0.980307
0.979049
0.978169
0.977681
0.97756
0.977575
0.977696
0.977884
0.978093
0.978278
0.978399
0.978412
0.978277
0.977964
0.977442
0.976688
0.975685
0.974414
0.97287
0.971041
0.968925
0.96652
0.96383
0.960858
0.957615
0.954108
0.950348
0.946349
0.942124
0.937689
0.93306
0.928251
0.923282
0.918162
0.912912
0.907542
0.902064
0.89649
0.890824
0.885069
0.87923
0.873302
0.867278
0.861149
0.854896
0.848498
0.841932
0.835164
0.828154
0.820863
0.813236
0.805225
0.796768
0.787799
0.778252
0.768052
0.757127
0.745401
0.732804
0.719264
0.704719
0.689031
0.672203
0.654217
0.635081
0.614832
0.593535
0.571293
0.548235
0.524529
0.500362
0.475951
0.451528
0.427332
0.403605
0.380589
0.358503
0.337556
0.317923
0.299761
0.283194
0.268318
0.255203
0.243901
0.234438
0.226831
0.221083
0.217189
0.215134
0.214892
0.216416
0.219628
0.224397
0.230512
0.237641
0.245283
0.252711
0.258917
0.262577
0.262052
0.255493
0.241087
0.217505
0.184584
0.144141
0.100543
0.0602295
0.0294911
0.0109506
0.00316496
0.000737185
0.000140643
2.03217e-05
2.19951e-06
1.54881e-07
6.066e-09
9.359e-11
0.0317026
0.247278
0.590094
0.73544
0.784285
0.813407
0.836438
0.859043
0.883713
0.91064
0.936618
0.957054
0.971356
0.980811
0.986701
0.989851
0.990807
0.990014
0.987921
0.984978
0.98161
0.978195
0.975032
0.97234
0.970255
0.96884
0.968099
0.967945
0.968126
0.968587
0.969264
0.970092
0.971
0.971924
0.972805
0.973588
0.974227
0.974682
0.974922
0.974921
0.974662
0.974129
0.973313
0.97221
0.970822
0.969151
0.967198
0.964974
0.962489
0.959756
0.956783
0.953591
0.950193
0.946605
0.942846
0.938932
0.934876
0.9307
0.926414
0.922033
0.917574
0.913044
0.908451
0.903803
0.899104
0.894354
0.88955
0.884687
0.879752
0.874735
0.869613
0.86437
0.858972
0.853393
0.847591
0.841527
0.835156
0.828422
0.821276
0.813651
0.80549
0.796724
0.787283
0.777104
0.766047
0.754069
0.741109
0.727117
0.712062
0.695932
0.678732
0.660498
0.641292
0.621207
0.600363
0.578911
0.557026
0.534911
0.51278
0.490858
0.469381
0.448571
0.428651
0.409825
0.392275
0.376162
0.36162
0.348756
0.337649
0.328349
0.320872
0.315205
0.311294
0.309037
0.30827
0.308749
0.310123
0.311903
0.31343
0.313839
0.31204
0.306733
0.296472
0.279834
0.255701
0.223686
0.184662
0.141209
0.0976668
0.0593088
0.0305231
0.0128037
0.00418686
0.00104685
0.000214394
3.33119e-05
3.89594e-06
2.99443e-07
1.30282e-08
2.30174e-10
0.0780537
0.381654
0.66916
0.76033
0.799002
0.823837
0.844933
0.867242
0.892878
0.921556
0.94864
0.968101
0.980421
0.98784
0.99184
0.993106
0.992032
0.989034
0.984618
0.979349
0.973775
0.968374
0.963528
0.959503
0.956449
0.954432
0.953431
0.953254
0.95365
0.954532
0.955806
0.957372
0.95913
0.960988
0.962862
0.964678
0.966373
0.967896
0.969207
0.970269
0.971062
0.971569
0.971778
0.971685
0.971289
0.970596
0.969612
0.968345
0.966807
0.965012
0.962975
0.96071
0.958238
0.955571
0.95273
0.94973
0.946593
0.943335
0.939968
0.936513
0.932982
0.929387
0.925741
0.922053
0.91833
0.914578
0.910799
0.90699
0.903154
0.899279
0.895362
0.891387
0.887337
0.883195
0.878934
0.874534
0.869957
0.865171
0.860135
0.854803
0.849134
0.843076
0.836568
0.829559
0.821939
0.813644
0.804609
0.794774
0.784081
0.772474
0.759919
0.746388
0.731875
0.716398
0.69999
0.682722
0.664683
0.645992
0.626793
0.607259
0.587574
0.567941
0.548569
0.529673
0.511457
0.49412
0.477837
0.462762
0.44902
0.436696
0.425839
0.416444
0.408451
0.401734
0.396083
0.391189
0.386625
0.381821
0.376051
0.368418
0.357869
0.343246
0.323399
0.29738
0.264729
0.225831
0.182265
0.136966
0.0939612
0.0574679
0.0304893
0.0136151
0.0049585
0.00142707
0.000313357
5.23405e-05
6.61398e-06
5.55053e-07
2.6847e-08
5.44031e-10
0.150463
0.494002
0.715841
0.779824
0.809825
0.831162
0.851114
0.873534
0.900409
0.93104
0.95919
0.977168
0.98727
0.992738
0.994976
0.994318
0.990961
0.985333
0.978085
0.969965
0.961702
0.953912
0.947069
0.941491
0.937345
0.934682
0.933448
0.933294
0.933998
0.935436
0.937466
0.939947
0.942741
0.945717
0.948763
0.951782
0.954688
0.957417
0.959913
0.962138
0.964062
0.965669
0.966948
0.96789
0.968502
0.968786
0.968752
0.968412
0.967781
0.966873
0.965707
0.964299
0.962669
0.960835
0.958817
0.956633
0.954303
0.951843
0.949274
0.946609
0.943866
0.941059
0.938199
0.935298
0.932369
0.929414
0.926443
0.923458
0.920461
0.917451
0.914426
0.911379
0.908301
0.905183
0.902009
0.898764
0.895428
0.891974
0.888378
0.884612
0.880642
0.876431
0.871936
0.867117
0.861891
0.856206
0.849996
0.84321
0.835785
0.82766
0.818783
0.809103
0.79858
0.787184
0.774902
0.761737
0.747711
0.732872
0.717289
0.701055
0.684289
0.66713
0.649734
0.632269
0.614912
0.597841
0.581226
0.565222
0.549962
0.535542
0.522019
0.509399
0.497619
0.486544
0.475944
0.46549
0.454724
0.443063
0.42978
0.414027
0.394871
0.371373
0.342727
0.308467
0.268717
0.224464
0.177738
0.131559
0.0895123
0.0548919
0.0296634
0.0137782
0.00535434
0.00169133
0.000420818
7.94968e-05
1.08636e-05
9.96925e-07
5.37132e-08
1.25198e-09
0.246027
0.578381
0.74534
0.79374
0.818611
0.836768
0.855505
0.87823
0.906471
0.939193
0.968366
0.98439
0.992208
0.995957
0.996568
0.993823
0.987738
0.978864
0.968112
0.956504
0.944998
0.934377
0.925219
0.917888
0.912559
0.909255
0.907871
0.907828
0.908989
0.911171
0.914178
0.917809
0.921877
0.926209
0.930653
0.935081
0.939389
0.943489
0.94732
0.950833
0.953997
0.956789
0.959201
0.96123
0.962881
0.964159
0.965084
0.965664
0.965919
0.96587
0.965536
0.96494
0.964096
0.963032
0.961767
0.960321
0.958715
0.956967
0.9551
0.953123
0.951062
0.948926
0.946732
0.944493
0.942216
0.939916
0.937595
0.935264
0.932926
0.930583
0.928235
0.925883
0.923521
0.921143
0.918745
0.916313
0.913837
0.911303
0.908693
0.905988
0.903162
0.900192
0.897053
0.893708
0.890105
0.886193
0.881929
0.877261
0.872141
0.866511
0.86032
0.853514
0.846039
0.837845
0.828899
0.819163
0.808616
0.797259
0.785098
0.772163
0.758509
0.744202
0.729329
0.714
0.698329
0.682443
0.666467
0.650526
0.634719
0.619127
0.603792
0.588706
0.573798
0.558926
0.54385
0.528236
0.511633
0.493477
0.473096
0.449744
0.42266
0.391172
0.35484
0.313657
0.268254
0.220067
0.171382
0.125138
0.0844231
0.0517385
0.0282522
0.013452
0.00545235
0.00183147
0.000494347
0.000103252
1.58664e-05
1.66229e-06
1.03868e-07
2.83297e-09
0.338371
0.66414
0.765327
0.803715
0.824848
0.841466
0.858647
0.8815
0.911142
0.946048
0.976254
0.989925
0.995571
0.997934
0.996978
0.991793
0.982316
0.969388
0.954325
0.93851
0.923176
0.909289
0.897528
0.888297
0.881756
0.87788
0.876495
0.876716
0.878543
0.881721
0.885978
0.891046
0.896673
0.902633
0.90873
0.914804
0.920719
0.926377
0.931705
0.936642
0.941159
0.945234
0.948857
0.952032
0.954764
0.957069
0.958965
0.960471
0.961609
0.962403
0.962877
0.963057
0.962964
0.962623
0.962059
0.961291
0.960348
0.959243
0.958002
0.956639
0.955173
0.953623
0.952001
0.950324
0.948599
0.946841
0.945057
0.943256
0.941443
0.939624
0.937802
0.935977
0.93415
0.932321
0.930485
0.928633
0.926767
0.924869
0.922936
0.920948
0.918898
0.916762
0.914525
0.912163
0.909641
0.906914
0.903951
0.900716
0.897162
0.89325
0.888929
0.884152
0.878867
0.873023
0.866567
0.859454
0.85164
0.84309
0.83378
0.82369
0.812819
0.801182
0.788802
0.775721
0.761992
0.747678
0.732845
0.717555
0.701867
0.685812
0.669395
0.652577
0.635265
0.617295
0.59842
0.578305
0.55652
0.532541
0.505783
0.475639
0.441554
0.403148
0.360354
0.313592
0.263911
0.213073
0.163474
0.117856
0.078809
0.0481486
0.02642
0.01277
0.00531875
0.00186121
0.000530993
0.000118934
1.98723e-05
2.29392e-06
1.60045e-07
4.94926e-09
0.408467
0.698316
0.779498
0.810708
0.828952
0.844415
0.861478
0.883446
0.914447
0.951597
0.98292
0.993959
0.997706
0.999049
0.996452
0.988244
0.974485
0.956534
0.936258
0.915487
0.895755
0.878213
0.863627
0.852419
0.844717
0.840423
0.839263
0.839977
0.842755
0.84725
0.853095
0.859933
0.867436
0.875321
0.88334
0.891297
0.899035
0.906435
0.913411
0.919904
0.925882
0.931326
0.936231
0.940604
0.94446
0.947818
0.950704
0.953139
0.955157
0.956784
0.958049
0.95898
0.959606
0.959954
0.960049
0.959916
0.959582
0.959067
0.958393
0.957581
0.956647
0.955612
0.95449
0.953295
0.952042
0.950741
0.949403
0.948037
0.946651
0.945249
0.94384
0.942426
0.941008
0.939587
0.938164
0.936736
0.9353
0.933852
0.932384
0.930891
0.929362
0.927787
0.926152
0.924441
0.922633
0.92069
0.918587
0.9163
0.913791
0.911032
0.907977
0.904588
0.900818
0.896622
0.891943
0.886734
0.880941
0.874512
0.867402
0.859563
0.850962
0.841566
0.83135
0.820305
0.808424
0.795707
0.782157
0.767776
0.752558
0.736479
0.719492
0.701511
0.682402
0.661969
0.639951
0.616013
0.589746
0.560686
0.528352
0.492297
0.452202
0.407989
0.359955
0.308899
0.256214
0.203873
0.154267
0.109874
0.072792
0.0442503
0.0243009
0.0118426
0.00501711
0.00180359
0.000534246
0.000125601
2.22661e-05
2.75602e-06
2.08407e-07
7.06868e-09
0.465062
0.723547
0.790819
0.815285
0.83115
0.845699
0.862921
0.88505
0.916394
0.955807
0.98843
0.996719
0.998946
0.999617
0.995121
0.983062
0.963928
0.939864
0.913441
0.886992
0.862355
0.840848
0.823303
0.810139
0.801428
0.796968
0.795788
0.797344
0.801506
0.807784
0.815683
0.824734
0.834519
0.84468
0.854924
0.865018
0.874786
0.884097
0.892861
0.901022
0.908547
0.915427
0.921664
0.927272
0.932275
0.936701
0.940581
0.943949
0.946837
0.949282
0.951319
0.952978
0.954292
0.955294
0.956012
0.956473
0.956705
0.956732
0.956577
0.956261
0.955804
0.955226
0.954544
0.953769
0.952921
0.952011
0.951048
0.950044
0.949008
0.947946
0.946865
0.94577
0.944666
0.943555
0.942439
0.94132
0.940195
0.939062
0.937921
0.936767
0.93559
0.934388
0.933151
0.93187
0.930529
0.929096
0.927558
0.92589
0.92407
0.922069
0.919857
0.917398
0.914652
0.91158
0.908131
0.904257
0.8999
0.895008
0.889521
0.883377
0.876519
0.868882
0.860415
0.85106
0.84076
0.829467
0.817124
0.803672
0.789042
0.773146
0.755877
0.737093
0.716609
0.694192
0.669558
0.642365
0.612234
0.578772
0.541617
0.500502
0.45536
0.406414
0.354305
0.300165
0.245643
0.192824
0.144005
0.101353
0.0664963
0.0401605
0.0220067
0.0107598
0.0046031
0.00168325
0.000511196
0.000124228
2.29519e-05
2.98512e-06
2.39166e-07
8.67175e-09
0.510765
0.741334
0.797286
0.817787
0.831569
0.8453
0.862806
0.886228
0.91722
0.958644
0.992844
0.99845
0.999589
0.999871
0.993009
0.97604
0.950276
0.918951
0.885476
0.852706
0.822761
0.797083
0.776551
0.761559
0.752099
0.747835
0.746889
0.749718
0.755721
0.764244
0.774639
0.78631
0.798736
0.811484
0.824209
0.836648
0.84861
0.859954
0.870598
0.880492
0.889611
0.897955
0.90554
0.912389
0.918537
0.924021
0.928882
0.933161
0.936898
0.940136
0.942913
0.94527
0.947242
0.948862
0.950165
0.951182
0.951936
0.952461
0.952778
0.952911
0.952884
0.952711
0.952415
0.952011
0.951512
0.950934
0.950288
0.949584
0.948836
0.948047
0.94723
0.946386
0.945525
0.944648
0.943763
0.942867
0.941964
0.941055
0.94014
0.939215
0.938277
0.937324
0.936349
0.935345
0.934304
0.933205
0.932029
0.930764
0.92939
0.927883
0.926221
0.924373
0.92231
0.919992
0.917377
0.914417
0.911061
0.907252
0.902923
0.898011
0.892438
0.886129
0.879001
0.870967
0.861936
0.851807
0.84048
0.827836
0.813748
0.798066
0.780618
0.761202
0.739578
0.715474
0.688576
0.658544
0.625037
0.587742
0.546433
0.501043
0.451756
0.399099
0.344018
0.287921
0.23263
0.180253
0.132918
0.0924534
0.060044
0.0359841
0.0196302
0.00959423
0.00412283
0.00152267
0.000469805
0.000116704
2.21782e-05
2.98545e-06
2.49112e-07
9.4688e-09
0.547447
0.753774
0.800763
0.81839
0.830227
0.843155
0.860974
0.885773
0.917975
0.960061
0.996204
0.99941
0.999875
0.999967
0.990072
0.966914
0.933156
0.893435
0.8521
0.812508
0.776987
0.747054
0.723607
0.707018
0.697185
0.69359
0.693681
0.698328
0.706719
0.717991
0.731324
0.74598
0.761334
0.776887
0.792249
0.807142
0.82136
0.834777
0.84731
0.858927
0.869619
0.879399
0.888296
0.896348
0.9036
0.910102
0.9159
0.921046
0.925589
0.929579
0.933055
0.936065
0.938649
0.940845
0.942688
0.944212
0.945451
0.946426
0.947172
0.947708
0.948061
0.948246
0.948288
0.948202
0.948004
0.947707
0.947327
0.946873
0.946359
0.945791
0.945181
0.944533
0.943858
0.943157
0.942439
0.941706
0.940962
0.940207
0.939444
0.938672
0.937893
0.937099
0.936292
0.935469
0.934618
0.93373
0.932785
0.931775
0.930684
0.929496
0.928188
0.92674
0.92512
0.923302
0.921243
0.918901
0.916227
0.913163
0.909647
0.905603
0.900955
0.895611
0.889467
0.88242
0.874343
0.865102
0.854549
0.84252
0.828827
0.813263
0.795597
0.775564
0.752873
0.727208
0.698241
0.665639
0.629112
0.588445
0.543564
0.494615
0.442039
0.386642
0.329641
0.272646
0.217575
0.166468
0.121231
0.0833345
0.0535525
0.031815
0.017248
0.00840353
0.00361307
0.00134061
0.000417408
0.00010512
2.03479e-05
2.80295e-06
2.40444e-07
9.4397e-09
0.576627
0.762274
0.802051
0.816973
0.827109
0.839158
0.857293
0.883636
0.918332
0.960334
0.998528
0.999847
0.999974
0.999994
0.986214
0.955412
0.912244
0.863078
0.813251
0.766525
0.725326
0.691164
0.664955
0.647094
0.637395
0.634537
0.636408
0.643748
0.655398
0.670192
0.687074
0.705155
0.723723
0.742238
0.760301
0.777638
0.794063
0.809469
0.823798
0.837036
0.849196
0.860308
0.870417
0.879576
0.88784
0.895275
0.901933
0.907873
0.91315
0.917821
0.921937
0.925544
0.928682
0.9314
0.933731
0.935713
0.937379
0.938761
0.939883
0.940774
0.941456
0.941954
0.942286
0.942472
0.942524
0.942464
0.942299
0.942048
0.941721
0.941327
0.940876
0.940378
0.939841
0.93927
0.938671
0.938052
0.937414
0.936761
0.936098
0.935425
0.934745
0.934053
0.93335
0.932633
0.931899
0.93114
0.930337
0.929485
0.928571
0.927583
0.926502
0.925307
0.923978
0.922483
0.92079
0.918859
0.916642
0.914084
0.911123
0.907682
0.903677
0.899008
0.893561
0.887208
0.879799
0.871172
0.861137
0.849484
0.835977
0.820349
0.802316
0.781555
0.757733
0.730503
0.699527
0.664501
0.625206
0.581546
0.533621
0.481797
0.426762
0.369577
0.311672
0.254789
0.200852
0.151765
0.109162
0.0741502
0.0471314
0.0277347
0.0149219
0.00723231
0.00310192
0.00115174
0.000360058
9.1364e-05
1.78816e-05
2.49918e-06
2.18239e-07
8.75017e-09
0.599485
0.767613
0.801218
0.813278
0.822158
0.833183
0.851582
0.879591
0.917019
0.960583
0.999799
0.999986
1
1
0.981321
0.941273
0.887295
0.827809
0.76911
0.715198
0.668403
0.63012
0.601328
0.582589
0.573683
0.570451
0.575333
0.586751
0.602963
0.622345
0.643548
0.665534
0.687554
0.709084
0.729776
0.749407
0.767843
0.785025
0.800929
0.815576
0.829002
0.84126
0.852408
0.862516
0.871649
0.879883
0.88728
0.893906
0.89982
0.905083
0.909749
0.91387
0.917492
0.920659
0.923413
0.92579
0.927826
0.929552
0.930997
0.93219
0.933153
0.93391
0.934482
0.934889
0.935147
0.935273
0.935282
0.935189
0.935005
0.93474
0.934409
0.934017
0.933577
0.933094
0.932574
0.932028
0.931459
0.93087
0.930265
0.929652
0.929027
0.928392
0.927748
0.927095
0.926427
0.925742
0.925024
0.924265
0.923458
0.922593
0.92165
0.920617
0.919472
0.918185
0.916731
0.915067
0.913152
0.91093
0.90834
0.905302
0.901725
0.897505
0.892513
0.886603
0.879606
0.871329
0.861545
0.850003
0.836417
0.820476
0.801837
0.780141
0.755017
0.726105
0.693082
0.655699
0.61383
0.567523
0.517069
0.463057
0.406405
0.348385
0.290576
0.234772
0.182824
0.136431
0.0969208
0.0650475
0.0408812
0.0238133
0.0127013
0.006114
0.00261
0.000966864
0.00030234
7.69396e-05
1.51415e-05
2.1332e-06
1.88213e-07
7.64072e-09
0.616918
0.770438
0.798749
0.808075
0.815296
0.825066
0.843634
0.873444
0.914005
0.960813
0.999999
0.999999
0.999998
0.999999
0.975282
0.924269
0.858168
0.787765
0.720175
0.659361
0.607265
0.564985
0.53367
0.514458
0.507158
0.506488
0.515553
0.532076
0.553644
0.578127
0.603885
0.62978
0.655076
0.679328
0.70229
0.723822
0.74388
0.762455
0.779578
0.795302
0.809691
0.822818
0.83476
0.845595
0.855401
0.864257
0.87223
0.879392
0.885811
0.891548
0.896654
0.901189
0.9052
0.908732
0.911825
0.914523
0.916857
0.918862
0.920568
0.921999
0.923184
0.924144
0.924905
0.925483
0.925895
0.926164
0.926298
0.926318
0.926235
0.926059
0.925806
0.925482
0.925103
0.924672
0.924201
0.923694
0.923159
0.922606
0.922031
0.921445
0.920846
0.920242
0.919626
0.919003
0.918369
0.917724
0.91705
0.916346
0.915603
0.914811
0.913956
0.913021
0.911991
0.910839
0.909535
0.908045
0.906323
0.904319
0.901962
0.899172
0.895859
0.891897
0.887155
0.881468
0.874636
0.866441
0.856624
0.844887
0.830911
0.814333
0.794776
0.771849
0.745167
0.714385
0.67922
0.63951
0.595252
0.546666
0.49424
0.438774
0.381392
0.323517
0.266804
0.213014
0.163846
0.120745
0.0847121
0.0561652
0.0348921
0.0201084
0.0106236
0.00507275
0.00215168
0.000793449
0.000247464
6.29343e-05
1.24011e-05
1.75246e-06
1.55337e-07
6.34327e-09
0.629602
0.771198
0.794817
0.801214
0.806402
0.814644
0.833213
0.864945
0.909087
0.960068
1
1
0.999998
0.999997
0.968008
0.904203
0.824842
0.74333
0.667338
0.600376
0.543541
0.497301
0.463124
0.443719
0.435247
0.440087
0.457206
0.482097
0.51099
0.541329
0.571576
0.600869
0.628739
0.654964
0.679462
0.702219
0.723272
0.742685
0.760527
0.776884
0.791842
0.805487
0.817908
0.829189
0.83942
0.848672
0.857022
0.864547
0.871306
0.877366
0.882782
0.887609
0.891896
0.895689
0.899031
0.901956
0.904505
0.90671
0.908601
0.910203
0.911544
0.912648
0.913536
0.91423
0.914748
0.915106
0.91532
0.915407
0.915384
0.915259
0.915049
0.91476
0.914407
0.913999
0.913547
0.913055
0.912533
0.911988
0.911423
0.910845
0.910255
0.909657
0.909053
0.908441
0.907823
0.907198
0.906549
0.905876
0.905171
0.904422
0.903622
0.902751
0.901794
0.900725
0.899517
0.898132
0.896529
0.894645
0.892415
0.889754
0.886553
0.882687
0.877996
0.872301
0.865377
0.856974
0.846794
0.83451
0.819761
0.802155
0.78129
0.756765
0.728215
0.695337
0.65793
0.615947
0.569542
0.519123
0.465375
0.409288
0.352136
0.295431
0.240817
0.18994
0.144282
0.104989
0.0727343
0.0476323
0.029243
0.0166668
0.00871645
0.00412479
0.00173617
0.000636222
0.000197478
5.00552e-05
9.84423e-06
1.39017e-06
1.23258e-07
5.03789e-09
0.637983
0.770205
0.78944
0.792213
0.794419
0.801748
0.820063
0.853798
0.902009
0.958162
0.999997
0.999997
0.999998
0.999996
0.959417
0.880894
0.787419
0.69521
0.612032
0.540371
0.479805
0.4295
0.391098
0.37082
0.363653
0.379945
0.410334
0.446081
0.482405
0.517441
0.550594
0.581686
0.610682
0.637616
0.662562
0.685609
0.706856
0.726407
0.744363
0.760819
0.775879
0.789636
0.802173
0.81358
0.82394
0.833337
0.841837
0.84951
0.856422
0.862636
0.868205
0.873182
0.877616
0.88155
0.885026
0.888081
0.890751
0.893066
0.895058
0.896756
0.89818
0.899358
0.900313
0.901063
0.901625
0.902025
0.902272
0.902384
0.902379
0.902266
0.902063
0.90178
0.901428
0.901019
0.900563
0.900069
0.89954
0.89899
0.898423
0.89784
0.897251
0.896652
0.896051
0.895445
0.894834
0.894219
0.893586
0.892934
0.892255
0.891538
0.890772
0.889945
0.889033
0.888017
0.886865
0.885537
0.883984
0.882147
0.879947
0.877289
0.874054
0.870096
0.86524
0.859275
0.85195
0.842984
0.832045
0.818777
0.802791
0.783682
0.761049
0.734515
0.703767
0.668585
0.628888
0.584785
0.536608
0.484951
0.430681
0.374938
0.319079
0.264619
0.213108
0.165998
0.124499
0.089439
0.0611773
0.0395677
0.0240017
0.0135246
0.00699851
0.00327992
0.00136865
0.000497765
0.00015351
3.87028e-05
7.57838e-06
1.06639e-06
9.42652e-08
3.8419e-09
0.642289
0.767772
0.782946
0.781424
0.779587
0.786249
0.803921
0.839655
0.892429
0.955046
1
1
0.999998
1
0.949427
0.854147
0.746156
0.644543
0.556475
0.482707
0.420404
0.366331
0.320556
0.284316
0.299668
0.349179
0.396992
0.436388
0.473816
0.509346
0.543053
0.573567
0.60182
0.627953
0.65211
0.674416
0.694985
0.713929
0.731351
0.747349
0.762018
0.775441
0.787711
0.798895
0.809081
0.818335
0.826732
0.834329
0.841189
0.84737
0.852917
0.857887
0.862322
0.866263
0.869751
0.872819
0.875502
0.877833
0.879835
0.881541
0.882972
0.884152
0.885104
0.885848
0.886405
0.886789
0.887022
0.887118
0.887094
0.886963
0.88674
0.886436
0.886065
0.885638
0.885166
0.884654
0.884116
0.883556
0.882981
0.882396
0.881805
0.881209
0.880612
0.880014
0.879414
0.878811
0.878197
0.877565
0.876911
0.876221
0.875484
0.874687
0.873806
0.872814
0.871678
0.870354
0.868785
0.866901
0.864613
0.861807
0.858345
0.854057
0.848742
0.842159
0.83403
0.824037
0.811831
0.79703
0.779245
0.758082
0.733176
0.704216
0.670986
0.633392
0.591514
0.545635
0.496276
0.444199
0.390415
0.336142
0.282745
0.231649
0.184226
0.141671
0.104883
0.0743756
0.0502251
0.0320789
0.0192245
0.010708
0.00548087
0.00254267
0.00105114
0.000379052
0.000116005
2.90458e-05
5.6521e-06
7.90776e-07
6.95166e-08
2.81712e-09
0.642469
0.764273
0.776159
0.770298
0.764058
0.768062
0.784589
0.822138
0.879866
0.950579
0.999998
1
1
0.999998
0.937924
0.823679
0.701495
0.593118
0.504129
0.432843
0.373404
0.320146
0.270247
0.300932
0.330619
0.371867
0.412045
0.447723
0.481834
0.514294
0.544952
0.572992
0.599073
0.623326
0.646282
0.668316
0.687438
0.705085
0.721369
0.736372
0.750172
0.762846
0.774459
0.78508
0.794775
0.80361
0.81164
0.81892
0.825512
0.831457
0.836803
0.841595
0.845875
0.84968
0.853045
0.856004
0.858588
0.860825
0.862744
0.86437
0.865723
0.866832
0.867717
0.868394
0.868888
0.869216
0.869391
0.869436
0.869363
0.86919
0.868926
0.86859
0.86819
0.867737
0.867246
0.866724
0.866176
0.865613
0.865041
0.864463
0.863881
0.863301
0.86272
0.862143
0.861565
0.860985
0.860396
0.859794
0.859166
0.858503
0.857788
0.857007
0.856129
0.855125
0.853949
0.85255
0.850855
0.848781
0.846214
0.843021
0.839033
0.834053
0.827848
0.820148
0.810646
0.799007
0.784873
0.767868
0.747629
0.723822
0.69616
0.664448
0.628609
0.588721
0.545042
0.498041
0.4484
0.397016
0.344968
0.29347
0.243799
0.197201
0.154799
0.117483
0.0858359
0.060077
0.04005
0.0252607
0.0149556
0.00823382
0.00416804
0.00191353
0.000783317
0.000279887
8.49224e-05
2.10919e-05
4.07286e-06
5.65594e-07
4.93506e-08
1.9842e-09
0.638045
0.759978
0.770061
0.760028
0.747596
0.746974
0.762066
0.800891
0.86365
0.944525
0.999997
1
1
0.999999
0.924726
0.789063
0.65421
0.543819
0.460503
0.39983
0.354699
0.340077
0.345647
0.358444
0.381824
0.411949
0.442789
0.472356
0.501142
0.528797
0.55502
0.579436
0.602385
0.623982
0.64455
0.664192
0.681485
0.698755
0.713835
0.727415
0.73994
0.751478
0.762088
0.771823
0.780734
0.788872
0.796284
0.803017
0.809116
0.814624
0.819585
0.824028
0.827994
0.831515
0.834622
0.837346
0.839715
0.841754
0.843493
0.844951
0.846154
0.847124
0.847877
0.84844
0.848826
0.849058
0.849151
0.849121
0.848984
0.848756
0.848451
0.84808
0.847658
0.847193
0.846698
0.846178
0.845642
0.845096
0.844547
0.843995
0.843449
0.842904
0.842363
0.841825
0.841285
0.840742
0.840191
0.839618
0.839016
0.838369
0.837654
0.836845
0.83591
0.834799
0.83346
0.831819
0.829781
0.827238
0.824046
0.820041
0.815024
0.808768
0.801007
0.791453
0.779792
0.76569
0.748812
0.728842
0.705486
0.678517
0.647784
0.613252
0.575024
0.533359
0.4887
0.441666
0.393057
0.343819
0.295011
0.247745
0.203112
0.162107
0.125548
0.0940102
0.0677762
0.046818
0.0308127
0.0191934
0.0112274
0.0061101
0.00305894
0.00138957
0.000563121
0.000199273
5.99024e-05
1.47436e-05
2.82178e-06
3.88387e-07
3.35814e-08
1.33722e-09
0.630993
0.752332
0.764754
0.753821
0.73189
0.71887
0.736951
0.775768
0.842836
0.936494
0.999997
0.999998
1
0.999998
0.909465
0.749615
0.605748
0.50149
0.434422
0.404015
0.392127
0.393389
0.40242
0.414886
0.433789
0.456252
0.479734
0.503149
0.526231
0.548618
0.570056
0.590393
0.609757
0.628207
0.645848
0.662577
0.677773
0.692757
0.706008
0.719607
0.730543
0.740639
0.749956
0.758526
0.766387
0.77358
0.780139
0.786108
0.791517
0.796398
0.80079
0.804718
0.808218
0.811316
0.814037
0.816411
0.818461
0.820212
0.821685
0.822907
0.823895
0.824674
0.825259
0.825672
0.825931
0.826052
0.826054
0.825951
0.825759
0.825491
0.825162
0.824783
0.824362
0.823914
0.823444
0.82296
0.822467
0.821972
0.82148
0.820988
0.820502
0.820018
0.819536
0.819053
0.818563
0.818058
0.817532
0.816967
0.816348
0.815646
0.814829
0.813859
0.812679
0.811227
0.809417
0.807148
0.8043
0.800725
0.796249
0.790675
0.783782
0.775314
0.765009
0.75258
0.737745
0.72022
0.699753
0.67613
0.649195
0.618873
0.585198
0.548317
0.508518
0.466228
0.422022
0.376608
0.330806
0.285512
0.241659
0.200156
0.161832
0.12738
0.0973024
0.0718754
0.0511311
0.0348627
0.022656
0.0139411
0.00805954
0.00433675
0.00214764
0.000965411
0.000387269
0.000135685
4.03868e-05
9.84244e-06
1.86494e-06
2.54061e-07
2.17329e-08
8.55581e-10
0.62361
0.738476
0.756969
0.749703
0.729785
0.701128
0.7118
0.747307
0.816092
0.925875
1
0.999999
1
0.999997
0.891494
0.704284
0.559124
0.474596
0.448271
0.43853
0.439131
0.446389
0.454108
0.466342
0.481726
0.498858
0.51669
0.534661
0.552479
0.569904
0.586785
0.603052
0.618718
0.633775
0.648206
0.661901
0.674696
0.68711
0.69844
0.709941
0.720282
0.72918
0.737017
0.744214
0.750818
0.756864
0.762383
0.767401
0.771941
0.77604
0.779713
0.782993
0.7859
0.788462
0.790697
0.792635
0.79429
0.795692
0.796853
0.797799
0.798548
0.799118
0.799528
0.799797
0.799939
0.799972
0.79991
0.799768
0.799557
0.799293
0.798983
0.798641
0.79827
0.797884
0.797484
0.797079
0.79667
0.796258
0.795849
0.795436
0.795022
0.794599
0.794162
0.793703
0.793207
0.792663
0.792051
0.791341
0.790498
0.789477
0.788223
0.78667
0.784733
0.782318
0.779307
0.775565
0.770937
0.765252
0.758313
0.749915
0.739835
0.727844
0.713714
0.697231
0.678193
0.656439
0.631857
0.604389
0.574061
0.540983
0.50537
0.467533
0.427899
0.386991
0.345423
0.303879
0.263086
0.223778
0.186662
0.152373
0.121437
0.0942392
0.0709939
0.0517368
0.0363247
0.0244552
0.0156998
0.00954812
0.00545815
0.00290541
0.00142387
0.000633578
0.000251614
8.72703e-05
2.57091e-05
6.1985e-06
1.16131e-06
1.56334e-07
1.32046e-08
5.12489e-10
0.615382
0.717756
0.743737
0.743666
0.73097
0.71256
0.69747
0.718128
0.781486
0.91172
1
1
1
1
0.869642
0.651592
0.521154
0.486892
0.478822
0.479883
0.485937
0.491521
0.500244
0.511109
0.523319
0.536269
0.549544
0.562891
0.57615
0.5892
0.601964
0.614391
0.626453
0.638115
0.649337
0.660061
0.670269
0.680098
0.68935
0.69854
0.706928
0.715282
0.721826
0.72755
0.73277
0.737541
0.74189
0.745837
0.749406
0.752612
0.755482
0.758034
0.760283
0.762257
0.763969
0.765438
0.766688
0.767732
0.76859
0.769279
0.769816
0.770217
0.770495
0.77067
0.770752
0.770754
0.770688
0.770566
0.770398
0.770192
0.769955
0.769694
0.769412
0.769115
0.7688
0.768472
0.768127
0.767763
0.767371
0.766946
0.766477
0.765947
0.765342
0.764635
0.763802
0.76281
0.761609
0.760147
0.758358
0.756168
0.753493
0.75023
0.74627
0.741488
0.735746
0.728898
0.720787
0.711247
0.700114
0.687223
0.672423
0.65557
0.636549
0.615277
0.591702
0.565834
0.537727
0.507504
0.475354
0.441539
0.406385
0.370287
0.3337
0.297118
0.26107
0.22609
0.192704
0.161395
0.132591
0.106631
0.0837554
0.0640867
0.0476266
0.0342569
0.0237531
0.015802
0.0100301
0.00603454
0.00341432
0.0017996
0.000873513
0.000385014
0.000151437
5.2001e-05
1.51556e-05
3.61146e-06
6.67951e-07
8.86626e-08
7.37597e-09
2.81028e-10
0.605339
0.689389
0.720979
0.729686
0.726417
0.717612
0.710593
0.698979
0.736074
0.892447
1
1
0.999999
1
0.841878
0.589753
0.51925
0.51288
0.514754
0.519617
0.524186
0.530838
0.538764
0.547445
0.556558
0.565894
0.57532
0.584748
0.594119
0.603377
0.612486
0.621412
0.630124
0.638592
0.646792
0.654697
0.662306
0.669647
0.676687
0.683557
0.689983
0.696449
0.702895
0.707089
0.710892
0.714359
0.717515
0.720373
0.722953
0.725267
0.727336
0.729171
0.73079
0.732202
0.733429
0.734482
0.735373
0.736119
0.736731
0.737224
0.737608
0.737894
0.738094
0.738214
0.738267
0.738255
0.738185
0.738063
0.737889
0.737666
0.737395
0.737069
0.736687
0.736243
0.735725
0.735122
0.734422
0.733604
0.732649
0.731529
0.730217
0.72868
0.726874
0.724754
0.722269
0.719363
0.715942
0.711928
0.707239
0.701784
0.69547
0.688194
0.679857
0.670355
0.659589
0.647461
0.633881
0.61877
0.602064
0.583717
0.563706
0.542038
0.518748
0.493905
0.467614
0.440021
0.411309
0.3817
0.351452
0.320853
0.290217
0.259878
0.230177
0.201456
0.174042
0.148239
0.124315
0.102489
0.0829238
0.0657182
0.0509012
0.038432
0.0282028
0.0200463
0.0137457
0.00904977
0.00568866
0.00339153
0.00190251
0.000994555
0.000478869
0.000209347
8.16301e-05
2.77619e-05
8.00185e-06
1.88189e-06
3.42668e-07
4.46726e-08
3.64605e-09
1.36229e-10
0.591016
0.65132
0.683349
0.699047
0.704804
0.704627
0.70152
0.696906
0.679478
0.864691
0.999999
1
1
1
0.803656
0.535296
0.5398
0.543721
0.547187
0.551043
0.55609
0.561709
0.567583
0.573574
0.579618
0.585685
0.591753
0.597804
0.603819
0.609781
0.61567
0.621465
0.627153
0.632713
0.638132
0.643397
0.648508
0.653464
0.65826
0.662921
0.667411
0.671993
0.677727
0.680821
0.683304
0.685511
0.687493
0.68927
0.690856
0.692261
0.693497
0.694568
0.695481
0.696249
0.696878
0.697369
0.697732
0.697973
0.698089
0.698089
0.697972
0.69774
0.69739
0.696919
0.696322
0.695598
0.694735
0.693726
0.692557
0.691216
0.689687
0.68795
0.685987
0.683774
0.681284
0.678491
0.675361
0.671861
0.667954
0.663602
0.65876
0.653384
0.647427
0.640837
0.633565
0.625557
0.616745
0.607087
0.596538
0.585064
0.572633
0.559216
0.544798
0.52937
0.512932
0.495497
0.477092
0.457756
0.437545
0.416531
0.394799
0.372454
0.349612
0.326409
0.302988
0.27951
0.256139
0.233048
0.210411
0.188405
0.167196
0.146946
0.127802
0.109896
0.0933349
0.0782059
0.064567
0.0524476
0.0418469
0.0327339
0.0250483
0.0187025
0.0135857
0.0095682
0.00650696
0.00425259
0.00265572
0.00157406
0.000878269
0.000456791
0.00021881
9.51163e-05
3.68378e-05
1.24199e-05
3.53835e-06
8.18997e-07
1.45913e-07
1.84775e-08
1.45661e-09
5.35117e-11
0.560753
0.596546
0.620473
0.636422
0.646755
0.652932
0.655641
0.65325
0.65019
0.810441
0.999999
1
0.999998
1
0.737886
0.537683
0.540646
0.543469
0.546365
0.549363
0.552458
0.555601
0.558773
0.561961
0.565153
0.568338
0.571505
0.57464
0.577734
0.58077
0.583741
0.586634
0.589436
0.592143
0.594742
0.597226
0.599596
0.601843
0.603968
0.605982
0.60791
0.609884
0.612616
0.613175
0.613279
0.613139
0.612792
0.612238
0.611488
0.610541
0.609394
0.608044
0.606492
0.60473
0.602757
0.600565
0.598153
0.595511
0.592633
0.589512
0.586142
0.582509
0.57861
0.574428
0.56996
0.565189
0.560107
0.554702
0.54896
0.542871
0.536423
0.529602
0.522398
0.514796
0.50679
0.498368
0.48952
0.480237
0.470514
0.460345
0.449726
0.438658
0.427139
0.415174
0.40277
0.389938
0.376772
0.363303
0.349554
0.335552
0.321325
0.306908
0.292339
0.277657
0.262908
0.24814
0.233402
0.218748
0.204233
0.189911
0.17584
0.162074
0.148669
0.135679
0.123153
0.11114
0.0996827
0.08882
0.0785851
0.0690054
0.060102
0.0518893
0.0443745
0.0375576
0.0314315
0.0259822
0.0211885
0.0170229
0.0134515
0.0104354
0.0079305
0.00588913
0.00426062
0.00299261
0.00203233
0.00132793
0.000829964
0.000492721
0.000275503
0.000143607
6.89099e-05
2.99707e-05
1.15872e-05
3.88533e-06
1.09443e-06
2.4821e-07
4.27254e-08
5.11206e-09
3.66273e-10
1.12507e-11
)
;

boundaryField
{
    walls
    {
        type            zeroGradient;
    }
    top
    {
        type            zeroGradient;
    }
    bottom
    {
        type            zeroGradient;
    }
    frontAndBack
    {
        type            empty;
    }
    inlet
    {
        type            uniformFixedValue;
        uniformValue    
        {
            type            constant;
            value           1;
        }
        value           uniform 1;
    }
    outlet
    {
        type            zeroGradient;
    }
}


// ************************************************************************* //
