/*--------------------------------*- C++ -*----------------------------------*\
  =========                 |
  \\      /  F ield         | OpenFOAM: The Open Source CFD Toolbox
   \\    /   O peration     | Website:  https://openfoam.org
    \\  /    A nd           | Version:  12
     \\/     M anipulation  |
\*---------------------------------------------------------------------------*/
FoamFile
{
    format      ascii;
    class       volScalarField;
    location    "390";
    object      T;
}
// * * * * * * * * * * * * * * * * * * * * * * * * * * * * * * * * * * * * * //

dimensions      [];

internalField   nonuniform List<scalar> 
4480
(
4.21834e-07
3.01672e-05
0.00685965
0.0620817
0.165637
0.280774
0.386997
0.477485
0.551813
0.611878
0.660118
0.698819
0.729905
0.754928
0.775106
0.791387
0.804506
0.815039
0.823427
0.830019
0.835093
0.838863
0.841504
0.84315
0.843911
0.843876
0.843117
0.841968
0.840804
0.839619
0.83841
0.837168
0.835886
0.834559
0.83318
0.831744
0.830241
0.828668
0.827011
0.825268
0.823433
0.82149
0.819432
0.817254
0.814943
0.812488
0.809878
0.807106
0.804155
0.80101
0.797668
0.794114
0.790325
0.786296
0.782009
0.777447
0.772602
0.767459
0.761995
0.756202
0.750058
0.743553
0.736667
0.72939
0.721698
0.713587
0.705027
0.69602
0.686529
0.676558
0.666075
0.65507
0.64352
0.631405
0.618702
0.605385
0.591424
0.576785
0.561428
0.545315
0.528397
0.510631
0.491973
0.472488
0.452186
0.431085
0.409231
0.386711
0.363648
0.340212
0.316608
0.293075
0.269876
0.247284
0.225572
0.204991
0.185768
0.168088
0.152094
0.137878
0.125485
0.114921
0.106154
0.0991326
0.0937882
0.090052
0.0878645
0.0871843
0.0879976
0.0903269
0.0942358
0.0998346
0.107282
0.116792
0.128623
0.14308
0.160498
0.181227
0.205616
0.234076
0.267398
0.307305
0.356676
0.422136
0.528762
0.692847
0.815553
0.914849
0.897948
0.757545
0.633422
0.470291
0.341679
0.250753
0.178727
0.120688
0.0746527
0.039668
0.0158743
0.00301252
1.84604e-07
0.0011403
0.0509492
0.206835
0.386228
0.537332
0.65085
0.732591
0.79081
0.832457
0.862606
0.88477
0.901336
0.913911
0.923577
0.931093
0.936976
0.941593
0.945211
0.948027
0.950187
0.951793
0.952933
0.953666
0.954044
0.954101
0.953868
0.953222
0.952079
0.950487
0.948494
0.946146
0.943489
0.940563
0.937404
0.934052
0.930537
0.926886
0.923121
0.919264
0.915335
0.911345
0.907301
0.903217
0.899097
0.89494
0.890751
0.886526
0.882261
0.877955
0.873598
0.86919
0.864717
0.860171
0.855546
0.850829
0.846017
0.841093
0.83605
0.830882
0.82557
0.820116
0.814499
0.808718
0.802763
0.796631
0.790303
0.783775
0.777045
0.770107
0.762947
0.755565
0.747951
0.740104
0.73201
0.723669
0.715073
0.706211
0.697089
0.687688
0.678002
0.668033
0.657762
0.647207
0.636379
0.625263
0.613856
0.60216
0.590168
0.57789
0.565333
0.552513
0.539458
0.526206
0.512811
0.499333
0.485865
0.472502
0.459368
0.446605
0.434373
0.422846
0.412216
0.402682
0.394463
0.38777
0.38283
0.379857
0.379076
0.380698
0.384933
0.391973
0.402007
0.4152
0.431694
0.451601
0.474994
0.501916
0.532391
0.566491
0.604452
0.646763
0.694021
0.746703
0.804464
0.86271
0.912078
0.946164
0.926082
0.838356
0.746133
0.646679
0.545184
0.445518
0.349376
0.258729
0.176063
0.104773
0.0492477
0.0138254
3.97969e-05
0.0116404
0.158974
0.392473
0.587816
0.72119
0.806337
0.860059
0.894462
0.917145
0.932653
0.943677
0.951792
0.957948
0.96272
0.966478
0.969463
0.971839
0.973729
0.975219
0.976377
0.977251
0.977885
0.97831
0.978549
0.978621
0.978541
0.978279
0.977792
0.977085
0.976162
0.975018
0.973655
0.972069
0.970266
0.968246
0.966019
0.963592
0.960977
0.958183
0.955226
0.952118
0.948875
0.945508
0.942028
0.938453
0.934788
0.931046
0.927232
0.923357
0.919427
0.915444
0.911409
0.907327
0.903202
0.899027
0.894808
0.890541
0.886222
0.881853
0.877428
0.872948
0.868404
0.863801
0.859131
0.854391
0.849581
0.844697
0.839732
0.834693
0.829564
0.824356
0.819058
0.813674
0.808193
0.802623
0.796961
0.791199
0.785342
0.779394
0.773342
0.767199
0.760955
0.75462
0.748196
0.741697
0.735126
0.728488
0.721786
0.715039
0.708256
0.701453
0.694655
0.687877
0.681156
0.674527
0.668029
0.661711
0.655637
0.649873
0.644494
0.639591
0.635273
0.631644
0.628838
0.62699
0.62624
0.626746
0.628665
0.632146
0.637338
0.644374
0.65337
0.66441
0.677548
0.69279
0.710112
0.729437
0.750657
0.773644
0.798244
0.824245
0.851276
0.878642
0.905187
0.929124
0.948048
0.958933
0.944156
0.887694
0.824858
0.753966
0.673996
0.584928
0.487717
0.384558
0.279421
0.178771
0.091973
0.0296901
0.000747023
0.054366
0.318937
0.577215
0.743705
0.8383
0.890896
0.920923
0.939011
0.950706
0.958857
0.964926
0.969667
0.973471
0.976563
0.979086
0.981144
0.98281
0.984149
0.985211
0.98604
0.986671
0.987132
0.987452
0.987645
0.987726
0.987707
0.98758
0.987332
0.986966
0.986481
0.985872
0.985136
0.984266
0.983252
0.982093
0.980782
0.979312
0.977685
0.975898
0.973953
0.971855
0.969606
0.967215
0.964689
0.962038
0.959267
0.956391
0.953414
0.950351
0.947208
0.943991
0.940714
0.937378
0.933995
0.930568
0.927104
0.923602
0.920073
0.916514
0.912933
0.909325
0.9057
0.902055
0.898389
0.894705
0.891006
0.887285
0.883549
0.879791
0.876014
0.87222
0.868403
0.864567
0.860708
0.856826
0.852922
0.849
0.845053
0.841081
0.837089
0.83308
0.829057
0.825001
0.820933
0.816857
0.812776
0.808702
0.80464
0.800598
0.796589
0.79263
0.788739
0.784931
0.781239
0.777679
0.774293
0.771108
0.768168
0.765521
0.763217
0.761309
0.759863
0.758944
0.758629
0.758986
0.760104
0.762058
0.76493
0.768796
0.773729
0.779783
0.787006
0.795424
0.805034
0.815812
0.827706
0.84063
0.854466
0.869058
0.884206
0.89963
0.914942
0.929598
0.94287
0.953815
0.961197
0.963272
0.952744
0.915034
0.870833
0.819434
0.758175
0.684556
0.596614
0.493573
0.377298
0.254193
0.13739
0.0460674
0.00554615
0.152429
0.499217
0.730251
0.847649
0.904362
0.932835
0.948424
0.958019
0.964742
0.969967
0.974283
0.97792
0.980982
0.98353
0.985622
0.98732
0.988678
0.989746
0.990575
0.991207
0.991676
0.992014
0.992243
0.992385
0.992451
0.992453
0.992385
0.992237
0.992012
0.991709
0.991327
0.990865
0.990318
0.989683
0.988953
0.98812
0.987183
0.986132
0.984967
0.983679
0.982271
0.980737
0.979082
0.977304
0.975408
0.9734
0.971284
0.969066
0.966754
0.964355
0.961878
0.95933
0.956719
0.954055
0.951345
0.948596
0.945809
0.943
0.940168
0.937319
0.934459
0.931594
0.928727
0.925854
0.922988
0.920124
0.917265
0.914416
0.911574
0.90874
0.905914
0.903101
0.900295
0.897502
0.894715
0.891943
0.889177
0.886417
0.883673
0.880936
0.878211
0.875501
0.872795
0.870102
0.867426
0.864769
0.862136
0.859537
0.856979
0.854471
0.852022
0.84965
0.847365
0.845186
0.843132
0.841228
0.839501
0.837973
0.836683
0.835659
0.83494
0.83457
0.834591
0.835045
0.835984
0.837451
0.839493
0.842155
0.845483
0.8495
0.854241
0.859714
0.865924
0.872853
0.88046
0.888692
0.897466
0.906673
0.916164
0.925755
0.935211
0.944221
0.952392
0.959222
0.964089
0.966154
0.96422
0.955616
0.929656
0.896495
0.857859
0.811023
0.752474
0.678007
0.583154
0.465303
0.327158
0.182786
0.0611627
0.023266
0.303962
0.666781
0.837647
0.907537
0.937542
0.952207
0.960736
0.966713
0.971589
0.9759
0.979734
0.983059
0.985861
0.98815
0.98998
0.991411
0.992502
0.99332
0.993913
0.994331
0.994617
0.994804
0.994917
0.994978
0.995001
0.994993
0.994957
0.994866
0.994724
0.99453
0.994283
0.993982
0.993623
0.993204
0.992719
0.992166
0.991538
0.990831
0.990042
0.989165
0.988195
0.987131
0.985971
0.984715
0.983359
0.981908
0.980361
0.978727
0.977005
0.975203
0.973325
0.971381
0.969374
0.967312
0.965205
0.963058
0.960877
0.958668
0.95644
0.954202
0.951952
0.949701
0.94745
0.945204
0.94297
0.940745
0.938536
0.936348
0.934173
0.93202
0.929887
0.927777
0.92569
0.923623
0.92158
0.919555
0.917557
0.915581
0.913624
0.91169
0.909783
0.9079
0.906036
0.904188
0.902366
0.900573
0.89881
0.897081
0.895394
0.893758
0.892178
0.890664
0.889225
0.887877
0.886634
0.885511
0.884529
0.883702
0.883054
0.882612
0.882395
0.882437
0.882766
0.883405
0.884392
0.885747
0.887509
0.889698
0.892334
0.895441
0.899021
0.903077
0.907601
0.912571
0.917942
0.923666
0.929664
0.93584
0.942066
0.948187
0.954007
0.95928
0.963705
0.96691
0.96842
0.967612
0.963625
0.955244
0.937203
0.910722
0.880041
0.843089
0.796531
0.735439
0.652597
0.540356
0.394701
0.22665
0.0748558
0.0665867
0.480967
0.795997
0.90115
0.937598
0.952946
0.961169
0.966778
0.971447
0.975805
0.979959
0.983726
0.986938
0.989548
0.991593
0.993147
0.994283
0.995079
0.995602
0.995916
0.996076
0.996132
0.996123
0.996083
0.996032
0.995985
0.995947
0.995924
0.995875
0.995801
0.9957
0.995566
0.995398
0.995192
0.994943
0.994646
0.994298
0.993895
0.993431
0.992905
0.992311
0.991645
0.990907
0.990093
0.989202
0.988231
0.98718
0.98605
0.984847
0.983567
0.982217
0.980803
0.979326
0.977791
0.976208
0.974581
0.972913
0.971217
0.969496
0.967754
0.965999
0.964236
0.962472
0.960708
0.958954
0.95721
0.955477
0.953763
0.952066
0.950393
0.948741
0.947114
0.945508
0.943932
0.94238
0.940853
0.93935
0.937873
0.936424
0.935003
0.933603
0.932233
0.930893
0.929567
0.928267
0.926992
0.925743
0.924524
0.923339
0.922192
0.921085
0.920027
0.919028
0.918088
0.917224
0.916437
0.915749
0.915166
0.914702
0.914376
0.914199
0.914196
0.914381
0.914771
0.915391
0.916256
0.917387
0.918801
0.92051
0.922533
0.924868
0.927521
0.930487
0.933752
0.937289
0.941059
0.945015
0.949091
0.953198
0.95723
0.961055
0.964505
0.967383
0.969447
0.970394
0.969849
0.96733
0.962195
0.953623
0.940038
0.918541
0.892858
0.862266
0.824086
0.773916
0.703418
0.600996
0.454495
0.267771
0.0874885
0.146696
0.64721
0.877491
0.932857
0.951437
0.96024
0.965821
0.970324
0.974598
0.978942
0.98321
0.986997
0.990084
0.99246
0.994211
0.995442
0.996244
0.996697
0.996877
0.996855
0.9967
0.996469
0.996217
0.995976
0.995776
0.995632
0.995549
0.995525
0.995512
0.995504
0.995496
0.995479
0.995447
0.995395
0.995314
0.995198
0.995041
0.99484
0.994591
0.994285
0.993926
0.993505
0.993021
0.992474
0.991859
0.991181
0.990435
0.989621
0.988741
0.9878
0.986797
0.985734
0.984618
0.983453
0.98224
0.980988
0.979702
0.978385
0.977045
0.975688
0.974319
0.972938
0.971558
0.970178
0.968802
0.967438
0.966086
0.964751
0.96343
0.962131
0.960854
0.959602
0.958369
0.957166
0.955982
0.954825
0.953694
0.952586
0.951507
0.950451
0.949418
0.948416
0.947435
0.94648
0.945541
0.944626
0.943735
0.942868
0.942031
0.941229
0.940456
0.939727
0.939043
0.938406
0.937826
0.937312
0.936869
0.936509
0.936238
0.936071
0.936015
0.936088
0.936294
0.936655
0.937181
0.937879
0.93877
0.939855
0.941151
0.942656
0.94438
0.94631
0.948441
0.95076
0.953239
0.955841
0.958523
0.961224
0.963866
0.96636
0.968585
0.970407
0.971654
0.972125
0.971566
0.969673
0.966059
0.960242
0.951639
0.9396
0.922562
0.900194
0.873699
0.84099
0.798701
0.73873
0.64749
0.505114
0.305202
0.099437
0.270405
0.7731
0.918412
0.947047
0.958089
0.96421
0.968685
0.972758
0.976994
0.981524
0.985992
0.98978
0.992669
0.994745
0.996158
0.997033
0.99746
0.997518
0.99729
0.996859
0.996311
0.995723
0.995158
0.994664
0.994274
0.994006
0.993861
0.993832
0.993854
0.99392
0.994018
0.994134
0.994257
0.994379
0.994487
0.994568
0.994619
0.994628
0.994592
0.994509
0.994369
0.994176
0.993923
0.99361
0.993236
0.992801
0.992303
0.991746
0.991131
0.990457
0.989728
0.988946
0.988117
0.987241
0.986323
0.98537
0.984381
0.983367
0.982329
0.981274
0.980208
0.979132
0.978051
0.976971
0.975896
0.974826
0.97377
0.972725
0.971694
0.970684
0.969692
0.968718
0.967767
0.966834
0.965926
0.96504
0.964176
0.963336
0.962517
0.961722
0.960946
0.960197
0.959469
0.958764
0.958071
0.957399
0.956749
0.95612
0.955515
0.954932
0.954381
0.953858
0.953374
0.952925
0.952523
0.952169
0.951871
0.951629
0.951461
0.951365
0.951357
0.951437
0.951619
0.95191
0.952319
0.952852
0.953521
0.954326
0.955272
0.956361
0.957595
0.95896
0.960451
0.962049
0.963729
0.965455
0.967193
0.968879
0.970449
0.971819
0.972888
0.973538
0.973618
0.972953
0.971336
0.968508
0.964158
0.957908
0.949325
0.937935
0.923272
0.904123
0.8804
0.851235
0.814252
0.762223
0.681423
0.546119
0.33835
0.111021
0.429238
0.849109
0.934366
0.95381
0.961861
0.966735
0.970662
0.974583
0.978932
0.983744
0.988442
0.992155
0.994762
0.996489
0.997544
0.998038
0.998046
0.997638
0.996909
0.995968
0.994924
0.993882
0.992923
0.992112
0.991486
0.991065
0.990847
0.990809
0.990875
0.991032
0.99126
0.991541
0.991854
0.992183
0.992512
0.992826
0.993113
0.993362
0.993567
0.99372
0.99382
0.993859
0.993835
0.993751
0.993605
0.993399
0.993129
0.9928
0.992412
0.991971
0.991472
0.990924
0.99033
0.989691
0.989014
0.988303
0.987557
0.986788
0.985994
0.985181
0.984357
0.983522
0.982682
0.98184
0.981
0.980165
0.979338
0.978523
0.977717
0.976928
0.976149
0.975393
0.974651
0.97393
0.973225
0.972539
0.971874
0.971226
0.9706
0.969989
0.9694
0.968831
0.968278
0.967748
0.967227
0.966725
0.966238
0.965768
0.965315
0.964885
0.964476
0.96409
0.963731
0.963406
0.96311
0.962853
0.962633
0.962462
0.962341
0.962273
0.962269
0.962328
0.96246
0.962672
0.962965
0.963346
0.963818
0.964381
0.965041
0.965792
0.966632
0.96755
0.968537
0.969575
0.970638
0.971695
0.972705
0.973619
0.974376
0.974897
0.975098
0.974866
0.974075
0.972571
0.970177
0.96667
0.9618
0.955257
0.946705
0.935765
0.922041
0.905089
0.884029
0.857263
0.823772
0.777269
0.705032
0.577894
0.366987
0.122497
0.564479
0.89165
0.944506
0.957875
0.964296
0.968478
0.972099
0.975993
0.980533
0.985686
0.990606
0.994157
0.996411
0.99777
0.998461
0.998552
0.998074
0.997098
0.995741
0.994152
0.992479
0.990861
0.98941
0.988208
0.987295
0.986696
0.986402
0.986357
0.986486
0.986762
0.98716
0.987649
0.988201
0.988789
0.98939
0.989985
0.990553
0.991084
0.991568
0.991992
0.992355
0.992653
0.992879
0.993036
0.993124
0.993144
0.993097
0.992986
0.992813
0.992582
0.992295
0.991955
0.99157
0.991137
0.990665
0.990155
0.989615
0.989047
0.988454
0.987843
0.987217
0.986579
0.985933
0.985284
0.984634
0.983985
0.983343
0.982704
0.982077
0.981458
0.980855
0.980263
0.979684
0.97912
0.978569
0.978038
0.97752
0.977018
0.976531
0.976057
0.9756
0.975163
0.974735
0.974327
0.973932
0.973545
0.97317
0.97281
0.972466
0.972134
0.971823
0.971526
0.97125
0.970997
0.970765
0.970564
0.970392
0.970251
0.970145
0.970081
0.97006
0.970085
0.970157
0.970287
0.970468
0.970711
0.971011
0.97137
0.971789
0.972261
0.972782
0.973341
0.973922
0.974513
0.975087
0.975611
0.976051
0.976356
0.976473
0.976335
0.975858
0.974946
0.973482
0.971336
0.968349
0.964334
0.959077
0.952325
0.943795
0.93317
0.920095
0.904129
0.884625
0.860478
0.829326
0.786508
0.720641
0.601382
0.391199
0.134077
0.683477
0.915552
0.951075
0.961097
0.966095
0.969706
0.973147
0.977079
0.981857
0.987382
0.992518
0.995808
0.997662
0.998666
0.999003
0.998646
0.997579
0.995884
0.993724
0.991307
0.988842
0.986512
0.98446
0.982786
0.981543
0.980746
0.980382
0.980346
0.980567
0.98101
0.981631
0.98239
0.983245
0.984157
0.985096
0.986034
0.986946
0.987814
0.988624
0.989364
0.990028
0.990614
0.991119
0.991538
0.991879
0.992138
0.992321
0.992431
0.992471
0.992445
0.992358
0.992214
0.992018
0.991773
0.991484
0.991156
0.990794
0.9904
0.989982
0.98954
0.989082
0.988609
0.988125
0.987634
0.987141
0.986644
0.986149
0.985657
0.98517
0.984691
0.984221
0.983759
0.983307
0.982866
0.982437
0.98202
0.981616
0.981221
0.980839
0.980469
0.980112
0.979769
0.979434
0.979114
0.978801
0.9785
0.978204
0.97792
0.977647
0.977383
0.977132
0.976894
0.97667
0.97646
0.976269
0.976097
0.975944
0.975815
0.97571
0.97563
0.975578
0.975559
0.975573
0.975619
0.9757
0.975816
0.975964
0.976148
0.976362
0.976599
0.976851
0.977111
0.977362
0.977586
0.977757
0.97785
0.977828
0.977647
0.977252
0.976582
0.975563
0.974106
0.972109
0.969455
0.966005
0.961594
0.95604
0.949127
0.940607
0.930204
0.917586
0.90232
0.883758
0.860818
0.831549
0.791766
0.730277
0.617816
0.411297
0.145943
0.774077
0.930164
0.955563
0.9634
0.96756
0.970648
0.973893
0.977891
0.982924
0.988845
0.994186
0.997128
0.998567
0.999256
0.999245
0.998361
0.996547
0.993927
0.990744
0.987287
0.983842
0.980646
0.977879
0.97566
0.974046
0.97305
0.972639
0.972637
0.972999
0.973669
0.974589
0.975697
0.976938
0.978259
0.979615
0.980971
0.982295
0.983562
0.984756
0.985863
0.986877
0.98779
0.988603
0.989314
0.989928
0.990444
0.990873
0.991213
0.991469
0.991652
0.991765
0.991813
0.991798
0.99173
0.991614
0.991452
0.991252
0.991015
0.990752
0.990459
0.990147
0.989816
0.989471
0.989116
0.988751
0.988384
0.988011
0.987639
0.987269
0.986902
0.986539
0.986183
0.985833
0.985488
0.985154
0.984825
0.984506
0.984195
0.983894
0.983602
0.983317
0.98304
0.982775
0.982517
0.982266
0.98202
0.981782
0.981549
0.981324
0.981104
0.980893
0.980693
0.980499
0.980313
0.980141
0.979981
0.979831
0.979698
0.979578
0.979472
0.979387
0.979319
0.979267
0.979237
0.979222
0.979224
0.979239
0.979269
0.979302
0.979337
0.979364
0.979369
0.979338
0.979257
0.979096
0.97883
0.978422
0.977835
0.977018
0.975911
0.974446
0.972548
0.970119
0.967053
0.963233
0.958506
0.952714
0.945667
0.937147
0.926899
0.914609
0.899848
0.881974
0.85993
0.831824
0.793675
0.734973
0.627748
0.427434
0.158254
0.820679
0.943951
0.958741
0.965049
0.968595
0.971439
0.97443
0.978457
0.983749
0.99008
0.995629
0.998144
0.999184
0.99962
0.999243
0.997704
0.994928
0.991121
0.98665
0.981915
0.977288
0.973067
0.969477
0.966651
0.964648
0.963466
0.963053
0.963133
0.963703
0.964684
0.965993
0.967547
0.96927
0.971093
0.972957
0.974815
0.976625
0.978359
0.98
0.981527
0.982935
0.984219
0.985376
0.986409
0.987322
0.988118
0.988805
0.989388
0.989875
0.990271
0.990585
0.990824
0.990992
0.991097
0.991145
0.99114
0.991093
0.991004
0.990879
0.990724
0.99054
0.990336
0.990113
0.989876
0.989625
0.989367
0.9891
0.988829
0.988556
0.988282
0.988009
0.987736
0.987466
0.987202
0.986941
0.986682
0.986432
0.986183
0.985944
0.985706
0.985478
0.985252
0.985034
0.984821
0.984615
0.984409
0.984207
0.98401
0.983814
0.983624
0.983435
0.983252
0.983074
0.982901
0.982733
0.98257
0.982414
0.982265
0.982124
0.98199
0.981862
0.981743
0.981628
0.98152
0.981415
0.981312
0.981207
0.981095
0.980972
0.98083
0.980658
0.980442
0.980172
0.979825
0.97938
0.978808
0.97808
0.97715
0.975975
0.974502
0.972668
0.970399
0.96761
0.964211
0.960082
0.955095
0.94911
0.941951
0.933422
0.923281
0.911228
0.896836
0.879472
0.858096
0.830863
0.793945
0.737291
0.633901
0.438376
0.167429
0.850833
0.948858
0.961039
0.966202
0.969277
0.971931
0.97491
0.978789
0.984333
0.991082
0.996851
0.998886
0.999578
0.999825
0.999033
0.996648
0.992629
0.987329
0.981274
0.975002
0.968984
0.963589
0.959077
0.955597
0.953204
0.951879
0.951535
0.951772
0.952644
0.954044
0.955858
0.957974
0.960289
0.962718
0.965185
0.96763
0.970006
0.972279
0.974424
0.976422
0.97827
0.979961
0.981496
0.982878
0.984113
0.985208
0.986172
0.987009
0.987734
0.988352
0.988873
0.989305
0.989655
0.989932
0.990142
0.990292
0.990389
0.990438
0.990446
0.990417
0.990355
0.990265
0.990152
0.990019
0.989869
0.989704
0.989529
0.989345
0.989155
0.988957
0.988757
0.988558
0.988355
0.988152
0.98795
0.987749
0.987549
0.987352
0.987156
0.986963
0.986773
0.986587
0.986404
0.986223
0.986044
0.985865
0.985686
0.985511
0.985332
0.985157
0.98498
0.984804
0.984629
0.984458
0.984284
0.984113
0.983941
0.98377
0.983601
0.983429
0.983258
0.983085
0.982906
0.982724
0.982534
0.982332
0.982115
0.981877
0.981611
0.981308
0.980959
0.980553
0.98007
0.979493
0.978798
0.977963
0.976953
0.97573
0.974252
0.972467
0.970319
0.967738
0.964652
0.960967
0.956581
0.951383
0.945236
0.937979
0.929433
0.919365
0.907482
0.893365
0.876385
0.855515
0.82895
0.792962
0.737828
0.637256
0.445465
0.173902
0.872224
0.952578
0.96288
0.966948
0.969626
0.972136
0.975151
0.979065
0.984675
0.991843
0.997863
0.999395
0.999805
0.999929
0.998627
0.995139
0.989538
0.982396
0.974443
0.966374
0.958763
0.952051
0.946535
0.942378
0.939629
0.938234
0.937885
0.938391
0.939712
0.941691
0.94417
0.947002
0.950054
0.953215
0.956395
0.959522
0.962542
0.965418
0.968123
0.970642
0.972967
0.975098
0.977036
0.978789
0.980365
0.981772
0.983023
0.984129
0.985098
0.985942
0.986675
0.987302
0.987834
0.988281
0.98865
0.98895
0.989188
0.98937
0.989504
0.989594
0.989643
0.98966
0.989649
0.989609
0.989549
0.989471
0.989376
0.989267
0.989149
0.98902
0.988884
0.98874
0.988593
0.988442
0.988287
0.988132
0.987974
0.987814
0.987653
0.987494
0.987332
0.98717
0.98701
0.986852
0.986691
0.986528
0.986364
0.986197
0.986029
0.985857
0.985683
0.985508
0.985327
0.985146
0.98496
0.984771
0.984576
0.984378
0.984174
0.983963
0.983746
0.983515
0.983276
0.983021
0.982745
0.982451
0.982128
0.981773
0.981376
0.980929
0.980421
0.97984
0.979169
0.978386
0.977478
0.97641
0.975154
0.973676
0.971934
0.96988
0.967463
0.964617
0.961275
0.957352
0.952753
0.947374
0.941088
0.933748
0.925179
0.915163
0.903404
0.889494
0.872807
0.852326
0.826275
0.791002
0.737002
0.638503
0.449606
0.178182
0.887965
0.955241
0.963931
0.967345
0.969676
0.972044
0.975115
0.979265
0.984818
0.992356
0.998678
0.999714
0.999924
0.999976
0.998013
0.993105
0.985534
0.976176
0.966005
0.955879
0.946485
0.938327
0.931745
0.926918
0.923877
0.922527
0.922251
0.923177
0.925109
0.927835
0.931144
0.934845
0.93877
0.942783
0.946776
0.950667
0.954401
0.957931
0.961239
0.964312
0.967142
0.969732
0.972091
0.974226
0.976152
0.977879
0.979423
0.980797
0.982014
0.983087
0.984028
0.98485
0.985564
0.986179
0.986706
0.987154
0.987527
0.987837
0.988089
0.98829
0.988449
0.988563
0.988644
0.988694
0.988716
0.988714
0.988691
0.988649
0.988593
0.988521
0.98844
0.988346
0.988246
0.988134
0.988021
0.987899
0.987772
0.987642
0.987509
0.987371
0.98723
0.987088
0.986942
0.986793
0.986642
0.986487
0.986328
0.986164
0.985996
0.985822
0.985642
0.985456
0.985266
0.985068
0.984864
0.984651
0.98443
0.9842
0.983958
0.983705
0.983436
0.983151
0.982847
0.982519
0.982166
0.981778
0.981358
0.980891
0.980373
0.979794
0.97914
0.978402
0.977559
0.976597
0.975491
0.974218
0.972747
0.971044
0.969074
0.966789
0.96414
0.961067
0.957505
0.953379
0.948596
0.943063
0.936662
0.929247
0.920654
0.910671
0.899008
0.885256
0.868795
0.848619
0.822976
0.788257
0.735117
0.638135
0.451462
0.180699
0.899779
0.957114
0.964481
0.967414
0.969414
0.971647
0.974775
0.979173
0.984949
0.992611
0.999298
0.999892
0.999977
0.999994
0.997171
0.990459
0.980495
0.968536
0.955833
0.943414
0.932061
0.922342
0.914646
0.909176
0.905947
0.904804
0.904869
0.906411
0.909161
0.912828
0.917143
0.921863
0.926783
0.931745
0.936624
0.941338
0.945821
0.95004
0.953967
0.957603
0.960944
0.963997
0.966775
0.969293
0.971565
0.973611
0.975443
0.977081
0.978541
0.979839
0.980985
0.981997
0.982886
0.983664
0.984342
0.984927
0.985435
0.985865
0.986233
0.986539
0.986796
0.987003
0.987169
0.987299
0.987397
0.987463
0.987505
0.987522
0.98752
0.9875
0.987464
0.987411
0.98735
0.987273
0.987189
0.987096
0.986994
0.986884
0.986768
0.986645
0.98652
0.986384
0.986245
0.986104
0.985955
0.985802
0.98564
0.985472
0.985296
0.985113
0.984921
0.984721
0.984511
0.984294
0.984065
0.983825
0.983573
0.983306
0.983024
0.982722
0.982402
0.982061
0.981691
0.981294
0.980863
0.98039
0.979872
0.979303
0.978671
0.977966
0.977181
0.976297
0.9753
0.974171
0.972891
0.971435
0.969773
0.967877
0.965705
0.963216
0.960365
0.957095
0.953347
0.949043
0.944109
0.938446
0.931942
0.924464
0.915852
0.905893
0.894303
0.880677
0.864396
0.844464
0.819146
0.784875
0.732383
0.636503
0.45154
0.181814
0.908732
0.958393
0.964659
0.967134
0.968845
0.970923
0.974107
0.97878
0.985008
0.99266
0.999728
0.999972
0.999995
0.999999
0.996069
0.98712
0.974309
0.959375
0.943856
0.928932
0.91546
0.904065
0.895209
0.889148
0.885892
0.884994
0.885668
0.888153
0.892052
0.896965
0.902532
0.908458
0.914505
0.9205
0.926317
0.931873
0.937113
0.942008
0.946545
0.950725
0.954556
0.958051
0.961228
0.964107
0.966706
0.969053
0.971159
0.973047
0.974735
0.976241
0.977584
0.978778
0.979832
0.980766
0.981586
0.982305
0.982933
0.983481
0.983953
0.984359
0.984704
0.984997
0.985242
0.985445
0.985607
0.985737
0.985833
0.985903
0.985949
0.985971
0.985972
0.985956
0.985926
0.985878
0.985817
0.985745
0.98566
0.985564
0.985459
0.985346
0.985225
0.985095
0.984957
0.984811
0.984659
0.984501
0.98433
0.984151
0.983963
0.983766
0.983557
0.983336
0.983106
0.982861
0.982603
0.982332
0.982042
0.981736
0.981409
0.981061
0.980688
0.980287
0.979855
0.979388
0.978877
0.978321
0.977713
0.977044
0.976306
0.975484
0.974575
0.973558
0.97242
0.971143
0.969708
0.968085
0.966255
0.964183
0.961834
0.95917
0.956144
0.952706
0.948795
0.944347
0.939281
0.933504
0.926919
0.919388
0.910759
0.900816
0.88929
0.87577
0.859638
0.839907
0.814861
0.780953
0.728967
0.633876
0.450229
0.18182
0.915526
0.959172
0.964476
0.966458
0.967956
0.969855
0.97308
0.978045
0.984763
0.992703
0.999962
0.999998
1
1
0.99467
0.983003
0.96689
0.948633
0.930058
0.912457
0.896716
0.883516
0.873431
0.866855
0.863805
0.862769
0.864519
0.868488
0.874056
0.880648
0.887798
0.895146
0.902447
0.909532
0.916295
0.922673
0.928626
0.934151
0.939239
0.943911
0.94818
0.952071
0.955603
0.958803
0.961693
0.964305
0.966656
0.968769
0.970664
0.972361
0.973879
0.975234
0.97644
0.977512
0.978462
0.979302
0.980042
0.980693
0.981261
0.981757
0.982185
0.982554
0.982869
0.983136
0.983358
0.983539
0.983685
0.983801
0.983885
0.983942
0.983977
0.983988
0.983981
0.983954
0.983909
0.983851
0.983778
0.98369
0.983589
0.98348
0.983358
0.983224
0.983081
0.982931
0.982768
0.982597
0.982415
0.982219
0.982012
0.981794
0.981561
0.981317
0.981059
0.980783
0.980494
0.980184
0.979857
0.979507
0.979136
0.978737
0.978309
0.977849
0.977353
0.976813
0.976228
0.975592
0.974896
0.974133
0.973292
0.972367
0.97134
0.970202
0.968935
0.967523
0.965944
0.964178
0.962198
0.959972
0.957466
0.95465
0.951473
0.947889
0.943841
0.939269
0.934092
0.928226
0.921573
0.913997
0.905354
0.895435
0.883963
0.87053
0.854531
0.83498
0.810172
0.776575
0.724986
0.630448
0.447822
0.180949
0.920611
0.959558
0.964013
0.965525
0.966732
0.968409
0.971656
0.976933
0.984207
0.992743
1
0.999999
0.999998
0.999999
0.992942
0.97804
0.958174
0.936304
0.914506
0.894112
0.875969
0.860774
0.849301
0.842291
0.839785
0.839662
0.842992
0.848916
0.856541
0.865089
0.873978
0.882816
0.891361
0.899476
0.907099
0.914189
0.920754
0.926796
0.932338
0.937406
0.942028
0.946234
0.950053
0.953513
0.956643
0.959473
0.962024
0.964321
0.966389
0.968249
0.969913
0.971407
0.972742
0.973934
0.974993
0.975938
0.976775
0.977515
0.978169
0.978741
0.979241
0.979674
0.98005
0.980372
0.980641
0.980871
0.981056
0.981207
0.981324
0.981408
0.981466
0.981496
0.981507
0.981493
0.98146
0.981408
0.981337
0.981254
0.981151
0.981038
0.980908
0.980769
0.980615
0.98045
0.980273
0.980085
0.979881
0.979665
0.979436
0.979193
0.978934
0.978658
0.978368
0.97806
0.977732
0.977384
0.977013
0.97662
0.976199
0.975747
0.975265
0.974743
0.974181
0.973576
0.972917
0.972201
0.971423
0.970567
0.969634
0.968605
0.967472
0.966222
0.964837
0.963303
0.961598
0.959701
0.957586
0.955226
0.952589
0.949638
0.946331
0.942625
0.93846
0.933783
0.928517
0.922576
0.915868
0.908266
0.899617
0.889722
0.8783
0.864957
0.849081
0.829697
0.805112
0.771797
0.720524
0.626374
0.444541
0.179391
0.924312
0.959618
0.963304
0.96431
0.965155
0.966561
0.969797
0.975397
0.983305
0.992603
1
1
0.999998
0.999997
0.990862
0.972166
0.948133
0.92245
0.897371
0.874165
0.853502
0.836012
0.822765
0.815377
0.812389
0.81437
0.820884
0.830155
0.840724
0.851631
0.862329
0.872545
0.882134
0.891054
0.899305
0.906903
0.913879
0.920271
0.926113
0.931443
0.9363
0.940716
0.944727
0.948364
0.951663
0.954646
0.957341
0.959778
0.961974
0.963953
0.965733
0.967332
0.968768
0.970054
0.971206
0.97223
0.973145
0.973957
0.974677
0.975311
0.975867
0.976354
0.976776
0.977141
0.977453
0.977715
0.977931
0.978107
0.978248
0.978352
0.978427
0.97847
0.978487
0.978479
0.97845
0.978398
0.978325
0.978236
0.978128
0.978004
0.977863
0.977707
0.977537
0.977352
0.977155
0.976945
0.976716
0.976475
0.976217
0.975942
0.975653
0.975344
0.975017
0.97467
0.974302
0.97391
0.973496
0.973053
0.972579
0.972075
0.971534
0.970954
0.970326
0.969652
0.968921
0.96813
0.967269
0.966329
0.965305
0.964182
0.962953
0.961598
0.960107
0.958463
0.956645
0.954633
0.952401
0.949924
0.947173
0.944108
0.94069
0.936883
0.932625
0.927861
0.922521
0.916526
0.909778
0.902156
0.893512
0.883648
0.872288
0.859034
0.843279
0.824063
0.799696
0.766651
0.715652
0.621761
0.440553
0.17729
0.926833
0.959397
0.962355
0.962725
0.963041
0.964282
0.967463
0.973391
0.982009
0.992249
0.999997
0.999997
0.999998
0.999996
0.988404
0.965321
0.936768
0.907221
0.878986
0.853125
0.82991
0.80968
0.793715
0.785634
0.782978
0.789684
0.801827
0.815748
0.829517
0.842462
0.854444
0.865479
0.875614
0.884907
0.89342
0.901211
0.908335
0.914846
0.920792
0.926212
0.931154
0.935659
0.939751
0.943469
0.946843
0.949909
0.952685
0.955196
0.957467
0.959519
0.96137
0.963039
0.964541
0.965891
0.967102
0.968186
0.969154
0.970016
0.970782
0.971461
0.972058
0.972579
0.973037
0.97343
0.973765
0.974052
0.974288
0.974479
0.974633
0.974745
0.974825
0.974873
0.97489
0.974881
0.974846
0.974789
0.974705
0.974602
0.974481
0.974339
0.974181
0.974003
0.97381
0.973601
0.973377
0.973138
0.97288
0.972606
0.972316
0.972006
0.971678
0.971331
0.970963
0.970575
0.970163
0.969727
0.969261
0.968768
0.968243
0.967681
0.967082
0.966439
0.965749
0.965008
0.964205
0.963341
0.962401
0.961381
0.960272
0.959064
0.957743
0.956295
0.954709
0.952967
0.951049
0.948936
0.946603
0.944027
0.941173
0.938016
0.93451
0.930614
0.926279
0.921449
0.916054
0.910018
0.903242
0.895619
0.886994
0.877173
0.865883
0.85273
0.837112
0.81807
0.793937
0.761164
0.710415
0.616688
0.435984
0.174752
0.92829
0.958946
0.961216
0.960837
0.960443
0.96156
0.964611
0.970853
0.980256
0.991669
1
1
0.999998
1
0.985545
0.957443
0.924123
0.890895
0.859933
0.831942
0.806484
0.783176
0.762436
0.746424
0.753017
0.77536
0.795595
0.811271
0.825688
0.839005
0.851338
0.862286
0.872272
0.881383
0.889713
0.897336
0.904309
0.910685
0.916517
0.921845
0.926716
0.931156
0.935212
0.938899
0.942259
0.945314
0.948094
0.950616
0.952903
0.954977
0.956848
0.958542
0.960071
0.961448
0.962687
0.963798
0.964792
0.965682
0.96647
0.967171
0.967788
0.968329
0.9688
0.969206
0.969555
0.969846
0.970089
0.970285
0.970437
0.970549
0.970626
0.970666
0.970674
0.970653
0.970605
0.970527
0.970428
0.970306
0.970161
0.969996
0.969811
0.969605
0.969383
0.969142
0.968885
0.96861
0.968318
0.968006
0.967677
0.967327
0.966956
0.966567
0.966155
0.96572
0.965259
0.964772
0.964256
0.963708
0.963129
0.96251
0.961851
0.961146
0.960392
0.959583
0.958713
0.957775
0.956764
0.955667
0.954481
0.953192
0.951788
0.950256
0.948585
0.946757
0.944753
0.942551
0.940136
0.937473
0.934539
0.931301
0.927721
0.923758
0.919364
0.914485
0.909051
0.90299
0.89621
0.888599
0.880007
0.870245
0.859041
0.846003
0.830543
0.81171
0.787831
0.755342
0.704841
0.611205
0.430911
0.171852
0.928702
0.958338
0.960041
0.958907
0.95775
0.958393
0.961218
0.967723
0.977961
0.990837
0.999998
1
1
0.999998
0.982248
0.948436
0.910291
0.873948
0.841238
0.812443
0.786237
0.761521
0.736225
0.751252
0.765304
0.783754
0.800672
0.814922
0.828128
0.840368
0.851674
0.861822
0.871125
0.879662
0.887663
0.895267
0.901812
0.907813
0.913321
0.918375
0.923009
0.927257
0.931144
0.934694
0.937938
0.940901
0.9436
0.946056
0.948296
0.950329
0.952171
0.953841
0.955352
0.956717
0.957945
0.959049
0.96004
0.960924
0.961712
0.96241
0.963022
0.963559
0.964028
0.964427
0.964769
0.965054
0.965285
0.96547
0.965609
0.965707
0.965764
0.965787
0.965775
0.96573
0.965657
0.965557
0.965428
0.965276
0.965102
0.964904
0.964683
0.964444
0.964183
0.963905
0.963607
0.963291
0.962955
0.9626
0.962225
0.961829
0.96141
0.960973
0.96051
0.960024
0.959511
0.958971
0.958399
0.957796
0.957158
0.95648
0.95576
0.954993
0.954174
0.9533
0.952363
0.951357
0.950277
0.94911
0.94785
0.946488
0.94501
0.943404
0.941655
0.939752
0.937672
0.9354
0.932908
0.930177
0.927177
0.923876
0.92024
0.916225
0.911787
0.906873
0.901418
0.895353
0.888585
0.881008
0.872469
0.862792
0.8517
0.838816
0.82354
0.804946
0.781359
0.749197
0.698935
0.605336
0.425375
0.168629
0.927982
0.957614
0.958998
0.957141
0.954917
0.954752
0.9573
0.963942
0.975001
0.989715
0.999998
1
1
0.999999
0.978468
0.938161
0.89546
0.857228
0.824747
0.798172
0.776291
0.768511
0.770498
0.776151
0.786569
0.799536
0.812231
0.823937
0.835041
0.845467
0.855168
0.86405
0.87229
0.879955
0.887186
0.894032
0.90001
0.90595
0.911112
0.915738
0.92
0.923919
0.927521
0.93083
0.933863
0.936642
0.939184
0.941506
0.943622
0.945552
0.947313
0.948907
0.950353
0.95166
0.952839
0.953898
0.954848
0.955695
0.956451
0.957116
0.957701
0.958212
0.958649
0.959025
0.959337
0.959595
0.9598
0.959954
0.960063
0.96013
0.960157
0.960146
0.960101
0.960022
0.959915
0.959776
0.95961
0.959418
0.959202
0.95896
0.958699
0.958414
0.958108
0.957784
0.957436
0.957071
0.956685
0.956277
0.95585
0.955401
0.954931
0.954437
0.953921
0.953377
0.952807
0.95221
0.951579
0.950917
0.950218
0.949478
0.948695
0.947867
0.946983
0.946044
0.945044
0.943973
0.942823
0.941591
0.940263
0.938834
0.937289
0.935615
0.933803
0.931832
0.92969
0.927353
0.924804
0.922016
0.918962
0.915612
0.911932
0.907885
0.90342
0.898492
0.893037
0.886988
0.880254
0.872731
0.864283
0.854717
0.843778
0.831081
0.816052
0.797749
0.774508
0.742707
0.6927
0.599079
0.419368
0.165084
0.926626
0.95613
0.958115
0.956107
0.952256
0.949963
0.952992
0.959504
0.971206
0.988227
0.999997
0.999998
1
0.999998
0.974091
0.926408
0.880017
0.842274
0.813818
0.798672
0.792031
0.791675
0.79507
0.800149
0.808026
0.817241
0.826615
0.835729
0.844541
0.852938
0.860858
0.868269
0.87525
0.881837
0.888085
0.893967
0.899275
0.904486
0.909077
0.913783
0.917553
0.921037
0.92426
0.927229
0.929961
0.932474
0.934777
0.936894
0.93883
0.940596
0.942208
0.943671
0.945002
0.946206
0.947289
0.948264
0.949136
0.949912
0.950597
0.951201
0.951726
0.952181
0.952566
0.952888
0.953151
0.953358
0.953515
0.953621
0.953682
0.9537
0.95368
0.953623
0.953526
0.9534
0.953241
0.953052
0.952834
0.95259
0.952323
0.952028
0.951711
0.951371
0.951009
0.950626
0.950222
0.949797
0.949352
0.948885
0.948399
0.94789
0.947357
0.946802
0.946223
0.945619
0.944986
0.944324
0.943631
0.942906
0.942141
0.941338
0.940493
0.939597
0.938652
0.937647
0.936583
0.935447
0.934234
0.932939
0.93155
0.930056
0.928449
0.926717
0.924846
0.92282
0.92062
0.918232
0.915634
0.912799
0.909704
0.906322
0.902613
0.898546
0.894074
0.88915
0.88372
0.877713
0.871045
0.863621
0.855302
0.845904
0.835175
0.822733
0.808006
0.790065
0.767238
0.735856
0.686118
0.5924
0.41283
0.16117
0.925206
0.953147
0.956737
0.955438
0.951961
0.947104
0.948777
0.954524
0.966338
0.98625
1
0.999999
1
0.999997
0.968935
0.912844
0.864844
0.832046
0.818963
0.813161
0.81226
0.814563
0.81723
0.82193
0.827972
0.834675
0.841563
0.848406
0.855107
0.861579
0.867781
0.873703
0.879359
0.884756
0.889898
0.894751
0.899264
0.903631
0.907611
0.911644
0.915272
0.918402
0.921167
0.923722
0.926077
0.928249
0.930252
0.932091
0.933774
0.93532
0.936725
0.938006
0.939165
0.940216
0.941157
0.942003
0.942753
0.94342
0.944001
0.944506
0.94494
0.945305
0.945606
0.945849
0.946033
0.946166
0.946249
0.946286
0.946275
0.946226
0.946136
0.946012
0.945849
0.945655
0.945429
0.945175
0.944891
0.944579
0.944244
0.943882
0.943498
0.94309
0.942659
0.942208
0.941733
0.941239
0.940724
0.940189
0.939631
0.939051
0.93845
0.937826
0.937175
0.936501
0.9358
0.935069
0.934306
0.933512
0.932678
0.931807
0.930893
0.929931
0.928918
0.927851
0.926719
0.925518
0.924244
0.922885
0.921434
0.91988
0.918218
0.916427
0.914501
0.912423
0.910175
0.90774
0.9051
0.902231
0.899104
0.895699
0.891982
0.887915
0.883459
0.878572
0.873204
0.867283
0.860737
0.853469
0.845341
0.836185
0.825748
0.813646
0.799318
0.781834
0.759507
0.72861
0.679146
0.585223
0.405619
0.156774
0.923624
0.948529
0.95414
0.954331
0.952181
0.949076
0.946543
0.949504
0.960049
0.983627
1
1
1
1
0.962665
0.897
0.852063
0.836886
0.831883
0.831112
0.832775
0.834353
0.837382
0.841375
0.845944
0.850803
0.855764
0.86072
0.865611
0.870392
0.87504
0.879541
0.883887
0.88807
0.892083
0.895906
0.899539
0.903031
0.90632
0.909587
0.912577
0.91557
0.917931
0.920016
0.921933
0.923701
0.925334
0.926833
0.928211
0.929465
0.930612
0.931652
0.932588
0.933432
0.934185
0.93485
0.935436
0.935945
0.936381
0.936748
0.937052
0.937293
0.937474
0.937603
0.937681
0.937708
0.937688
0.937623
0.937518
0.937375
0.937193
0.936977
0.936725
0.936443
0.936129
0.935788
0.935417
0.935022
0.9346
0.934154
0.933687
0.933193
0.932681
0.932144
0.931586
0.931008
0.930409
0.92979
0.92915
0.928487
0.927806
0.9271
0.92637
0.925616
0.924834
0.924024
0.923185
0.922312
0.921404
0.920455
0.919467
0.918431
0.917345
0.916206
0.915001
0.913733
0.912389
0.910964
0.909445
0.907831
0.906106
0.904256
0.902274
0.900144
0.897848
0.895372
0.892698
0.889802
0.886661
0.883255
0.879551
0.875521
0.87113
0.866329
0.861082
0.855325
0.848982
0.841961
0.834139
0.82534
0.815313
0.803682
0.789882
0.772979
0.751263
0.720924
0.671725
0.577401
0.397473
0.151725
0.921691
0.942137
0.949339
0.951452
0.951135
0.949744
0.948573
0.946297
0.951812
0.980047
1
1
0.999999
1
0.954694
0.878294
0.85201
0.847975
0.847775
0.849013
0.850187
0.852344
0.855094
0.85819
0.861478
0.864858
0.86827
0.871676
0.875055
0.878385
0.881654
0.884851
0.887966
0.890989
0.893916
0.896736
0.89945
0.90207
0.904589
0.907048
0.909357
0.911687
0.914013
0.915564
0.916984
0.918291
0.919494
0.920595
0.921599
0.922509
0.923333
0.924072
0.924733
0.925312
0.925819
0.926256
0.926623
0.926926
0.927167
0.92735
0.927477
0.927549
0.927573
0.927547
0.927476
0.927361
0.927203
0.927006
0.92677
0.926498
0.926195
0.925856
0.925486
0.925088
0.92466
0.924205
0.923725
0.923219
0.922689
0.922135
0.921558
0.920963
0.920344
0.919703
0.91904
0.91836
0.917658
0.916936
0.916196
0.915434
0.914654
0.913849
0.913022
0.912169
0.911291
0.910386
0.909452
0.908485
0.907484
0.906443
0.90536
0.904234
0.903057
0.901827
0.900535
0.899179
0.897748
0.896239
0.894643
0.89295
0.891151
0.889235
0.887191
0.885006
0.882668
0.880163
0.877471
0.874576
0.871462
0.868103
0.86448
0.860565
0.856322
0.851723
0.84672
0.841262
0.835273
0.82867
0.821325
0.813065
0.803631
0.792658
0.779565
0.763407
0.742439
0.712739
0.663742
0.568646
0.38781
0.145755
0.918946
0.93359
0.941102
0.94482
0.946363
0.946638
0.946217
0.945437
0.941505
0.974888
0.999999
1
1
1
0.94372
0.862541
0.860913
0.861524
0.862448
0.863564
0.865228
0.867159
0.86921
0.871313
0.873436
0.875569
0.8777
0.879825
0.881935
0.884027
0.886094
0.888125
0.890121
0.892072
0.893976
0.895823
0.897621
0.899365
0.901052
0.902691
0.90427
0.905878
0.907855
0.908954
0.909844
0.910638
0.911353
0.911993
0.912563
0.913064
0.913503
0.913875
0.914182
0.914434
0.914631
0.914768
0.914854
0.914891
0.914875
0.914813
0.914706
0.914556
0.914363
0.914129
0.913854
0.913545
0.9132
0.912821
0.912409
0.911964
0.911491
0.910988
0.910457
0.909901
0.909317
0.908711
0.90808
0.907426
0.906749
0.906052
0.905333
0.904592
0.903833
0.903052
0.902251
0.901431
0.90059
0.899733
0.898852
0.897954
0.897035
0.896092
0.895126
0.894137
0.893122
0.892079
0.891006
0.8899
0.88876
0.887584
0.886367
0.885108
0.883798
0.88244
0.881023
0.879549
0.878005
0.876391
0.874699
0.872923
0.871054
0.869084
0.867007
0.864812
0.86249
0.860029
0.85742
0.854646
0.851692
0.848544
0.845185
0.841586
0.837724
0.833569
0.829072
0.824189
0.818841
0.812947
0.80637
0.798936
0.790383
0.780338
0.7682
0.753004
0.732954
0.703961
0.654995
0.558321
0.375016
0.137515
0.913163
0.921749
0.927402
0.931166
0.933649
0.935201
0.93597
0.935584
0.935046
0.964814
1
1
0.999998
1
0.92494
0.8675
0.868212
0.868892
0.869847
0.870942
0.872067
0.873177
0.874269
0.875349
0.876418
0.877483
0.878542
0.879593
0.880636
0.881665
0.882683
0.883681
0.884657
0.885614
0.886542
0.887441
0.888317
0.889161
0.889976
0.890769
0.891554
0.892386
0.893571
0.894102
0.894389
0.89459
0.894736
0.894819
0.894856
0.894848
0.894792
0.894689
0.894546
0.894359
0.894131
0.893861
0.893557
0.893212
0.892829
0.892411
0.89196
0.891471
0.890954
0.8904
0.889819
0.889205
0.888563
0.887895
0.887196
0.886472
0.885723
0.884948
0.884149
0.883323
0.882477
0.881608
0.880717
0.879802
0.878868
0.87791
0.876932
0.875935
0.874915
0.873874
0.872811
0.871727
0.870631
0.869524
0.868404
0.867275
0.866131
0.864974
0.863803
0.862616
0.861412
0.860194
0.858957
0.857701
0.856426
0.855131
0.853813
0.852472
0.851105
0.849712
0.84829
0.846836
0.845349
0.843827
0.842265
0.840662
0.839009
0.837307
0.83555
0.833729
0.83184
0.829873
0.827821
0.82567
0.823408
0.821018
0.818485
0.815782
0.812883
0.809753
0.806348
0.802609
0.798461
0.793804
0.7885
0.78237
0.775139
0.766415
0.755583
0.741644
0.722719
0.694491
0.645196
0.545342
0.35532
0.117826
)
;

boundaryField
{
    walls
    {
        type            zeroGradient;
    }
    top
    {
        type            zeroGradient;
    }
    bottom
    {
        type            zeroGradient;
    }
    frontAndBack
    {
        type            empty;
    }
    inlet
    {
        type            uniformFixedValue;
        uniformValue    
        {
            type            constant;
            value           1;
        }
        value           uniform 1;
    }
    outlet
    {
        type            zeroGradient;
    }
}


// ************************************************************************* //
