/*--------------------------------*- C++ -*----------------------------------*\
  =========                 |
  \\      /  F ield         | OpenFOAM: The Open Source CFD Toolbox
   \\    /   O peration     | Website:  https://openfoam.org
    \\  /    A nd           | Version:  12
     \\/     M anipulation  |
\*---------------------------------------------------------------------------*/
FoamFile
{
    format      ascii;
    class       volScalarField;
    location    "300";
    object      T;
}
// * * * * * * * * * * * * * * * * * * * * * * * * * * * * * * * * * * * * * //

dimensions      [];

internalField   nonuniform List<scalar> 
4480
(
1.90807e-08
2.00052e-06
0.00115536
0.0213873
0.0817666
0.1677
0.259413
0.345457
0.421181
0.485637
0.539547
0.584228
0.621083
0.651404
0.676295
0.696671
0.713278
0.726723
0.737487
0.745961
0.752464
0.757251
0.760528
0.762461
0.763187
0.76282
0.761452
0.75954
0.757604
0.755634
0.75362
0.751552
0.749418
0.747207
0.744909
0.742514
0.740008
0.737381
0.734618
0.731709
0.72864
0.725394
0.721954
0.718311
0.714444
0.710333
0.705962
0.701315
0.696367
0.691095
0.685484
0.679512
0.673147
0.666372
0.65916
0.651482
0.64332
0.634644
0.62542
0.615628
0.605229
0.594197
0.582494
0.570088
0.556931
0.542985
0.528188
0.51249
0.495808
0.47808
0.459215
0.439141
0.417791
0.39513
0.371166
0.345972
0.319697
0.292575
0.264925
0.23714
0.209664
0.182962
0.157488
0.133777
0.112169
0.0928779
0.0760035
0.0615395
0.0493856
0.0393673
0.0312599
0.0248113
0.0197631
0.0158674
0.0128986
0.0106605
0.00898913
0.00775252
0.00684807
0.00619885
0.00574946
0.00546208
0.00531298
0.00529021
0.00539144
0.00562359
0.00600286
0.00655595
0.00732238
0.00835819
0.00974097
0.0115768
0.0140094
0.0172316
0.021499
0.0271458
0.0345993
0.0443956
0.0571936
0.0738375
0.0956121
0.124818
0.165366
0.225796
0.33661
0.529151
0.693756
0.845377
0.81664
0.588504
0.41605
0.235712
0.12496
0.0659093
0.0322773
0.0139997
0.00503445
0.00131932
0.000196118
8.5081e-06
9.70375e-09
0.000111702
0.0134566
0.100097
0.24271
0.387849
0.510702
0.606906
0.679911
0.734846
0.776319
0.807916
0.832266
0.851243
0.866165
0.877988
0.887389
0.894862
0.900776
0.90541
0.908975
0.911628
0.913496
0.914675
0.915245
0.915261
0.914772
0.913646
0.911827
0.90938
0.90637
0.902859
0.898907
0.894571
0.889898
0.884939
0.879736
0.874324
0.868733
0.862991
0.857121
0.85114
0.845056
0.838883
0.832625
0.82628
0.81985
0.813329
0.806709
0.799983
0.793137
0.786166
0.779048
0.77177
0.76432
0.756676
0.748828
0.740753
0.732435
0.72386
0.715003
0.705855
0.696388
0.68659
0.676441
0.665924
0.65501
0.643678
0.631907
0.61967
0.606931
0.593659
0.579818
0.565371
0.550274
0.534496
0.517999
0.500748
0.482729
0.463919
0.444315
0.423936
0.402803
0.381035
0.358767
0.336131
0.313299
0.290471
0.267862
0.24571
0.224248
0.203705
0.184288
0.166179
0.149521
0.134412
0.120913
0.109041
0.0987765
0.0900722
0.0828597
0.0770593
0.072591
0.0693816
0.0673761
0.0665412
0.0668761
0.0684155
0.0712389
0.0754737
0.0813041
0.0889751
0.098803
0.111176
0.126561
0.145502
0.168614
0.196589
0.230201
0.270374
0.318339
0.375804
0.444831
0.527482
0.624563
0.729084
0.823455
0.893303
0.862379
0.701052
0.541673
0.390742
0.262517
0.163201
0.0920382
0.0455991
0.0187841
0.0058023
0.00109072
7.54924e-05
2.55901e-06
0.00169756
0.0614988
0.237372
0.429931
0.583309
0.691904
0.765894
0.816266
0.851222
0.876195
0.894625
0.908627
0.919524
0.928145
0.935041
0.940585
0.945042
0.948609
0.951435
0.953638
0.955306
0.956515
0.95732
0.957768
0.957893
0.957722
0.957211
0.956311
0.955037
0.953401
0.951405
0.949059
0.946363
0.943333
0.939974
0.936304
0.932337
0.928091
0.923584
0.918836
0.913865
0.908693
0.903335
0.897807
0.89213
0.88631
0.880363
0.874295
0.868116
0.861833
0.855446
0.848955
0.842363
0.835671
0.828869
0.821962
0.81494
0.807797
0.800531
0.793134
0.7856
0.777918
0.770088
0.762097
0.753939
0.745606
0.737089
0.728377
0.719466
0.710334
0.70098
0.691385
0.681537
0.671414
0.661007
0.650296
0.639257
0.627872
0.616124
0.603981
0.591428
0.578433
0.564977
0.551053
0.536657
0.521784
0.506438
0.490635
0.474416
0.457833
0.440959
0.423895
0.406753
0.389677
0.372827
0.356376
0.340509
0.325423
0.311313
0.298372
0.286788
0.276743
0.268405
0.26194
0.257506
0.255258
0.25536
0.257986
0.263318
0.271567
0.282958
0.29774
0.316171
0.338515
0.365018
0.395901
0.431329
0.471405
0.516162
0.565533
0.619248
0.676578
0.73597
0.794718
0.848656
0.892379
0.919537
0.896153
0.786551
0.661841
0.528055
0.394261
0.27133
0.168668
0.0918565
0.0416981
0.0144002
0.00315636
0.000279723
6.83912e-05
0.0115651
0.164249
0.407406
0.602499
0.729096
0.80639
0.853819
0.884116
0.904672
0.919562
0.930969
0.940053
0.947436
0.953488
0.958453
0.962516
0.965815
0.968471
0.970583
0.972234
0.973493
0.974416
0.975054
0.975439
0.9756
0.97556
0.975303
0.974812
0.974095
0.973153
0.971983
0.970583
0.968947
0.967067
0.964942
0.962568
0.95994
0.957062
0.953935
0.950566
0.946961
0.943129
0.939082
0.934831
0.930392
0.925773
0.920991
0.916057
0.910985
0.905786
0.900467
0.895044
0.889519
0.883905
0.878206
0.872427
0.866569
0.860643
0.854644
0.84858
0.842445
0.836247
0.829984
0.82365
0.81725
0.810783
0.804242
0.79763
0.790938
0.784166
0.777313
0.770369
0.763334
0.756198
0.748957
0.741606
0.734141
0.726548
0.718821
0.710954
0.702942
0.694778
0.686422
0.677892
0.669175
0.660262
0.651152
0.641838
0.632319
0.622601
0.612697
0.602631
0.592428
0.58214
0.571818
0.561544
0.551404
0.541512
0.532002
0.523026
0.514749
0.507363
0.501068
0.496085
0.49263
0.490943
0.491249
0.493779
0.49875
0.506367
0.51681
0.530226
0.546722
0.566343
0.589072
0.614816
0.643384
0.674488
0.707723
0.74255
0.778228
0.813763
0.847827
0.878761
0.904578
0.922854
0.930366
0.913451
0.840986
0.749126
0.63892
0.513135
0.380877
0.255398
0.149831
0.0732464
0.0273318
0.00656541
0.000664902
0.000722565
0.0455737
0.314059
0.575939
0.736361
0.823576
0.87122
0.899015
0.916952
0.929918
0.94019
0.948753
0.955999
0.962105
0.96719
0.971367
0.974756
0.977471
0.979614
0.981281
0.982558
0.983513
0.984204
0.984678
0.984972
0.985111
0.985116
0.984979
0.984682
0.984228
0.983619
0.982856
0.981937
0.980856
0.97961
0.97819
0.976589
0.974803
0.972824
0.970651
0.968277
0.965706
0.962935
0.95997
0.956813
0.953473
0.949957
0.946274
0.942434
0.938448
0.934328
0.930083
0.925726
0.921268
0.916719
0.912091
0.907391
0.902624
0.897806
0.892938
0.888029
0.883082
0.878108
0.873107
0.868077
0.863033
0.857967
0.852883
0.847786
0.842673
0.837544
0.832396
0.827234
0.822053
0.816854
0.81163
0.806387
0.801115
0.795812
0.790484
0.785122
0.779727
0.7743
0.768817
0.763291
0.757722
0.75211
0.746454
0.740763
0.735042
0.729297
0.72354
0.717789
0.712061
0.706383
0.700786
0.695314
0.690016
0.68495
0.680191
0.67582
0.671934
0.668647
0.666083
0.664373
0.66367
0.664121
0.665882
0.669107
0.673945
0.680517
0.688933
0.699259
0.711527
0.725712
0.741728
0.759432
0.778602
0.798946
0.820083
0.841547
0.862766
0.88304
0.901528
0.917231
0.928953
0.935154
0.933647
0.919494
0.871484
0.804475
0.718764
0.61023
0.481654
0.344368
0.215308
0.111972
0.0443277
0.0112932
0.00122967
0.00425167
0.121835
0.483426
0.714243
0.824993
0.877552
0.904989
0.921611
0.933504
0.943281
0.95193
0.959614
0.966267
0.971859
0.976427
0.980078
0.982939
0.985134
0.986789
0.988007
0.988882
0.989493
0.989906
0.990168
0.990317
0.990381
0.990375
0.990303
0.990118
0.989827
0.989431
0.988926
0.988311
0.987583
0.986734
0.98576
0.984655
0.98341
0.982022
0.980486
0.978794
0.976942
0.974929
0.972756
0.97042
0.967924
0.965273
0.962469
0.959524
0.95644
0.953228
0.949898
0.94646
0.942923
0.939298
0.935597
0.931829
0.928003
0.924128
0.920215
0.916275
0.912309
0.908329
0.904338
0.900343
0.896351
0.892361
0.888381
0.884415
0.880458
0.876517
0.87259
0.868681
0.864789
0.86091
0.857048
0.853198
0.849366
0.845548
0.84174
0.837945
0.834167
0.830403
0.826641
0.822881
0.819133
0.8154
0.811685
0.807994
0.804335
0.800721
0.797162
0.793671
0.790266
0.78697
0.783807
0.780808
0.778009
0.775443
0.773158
0.771211
0.769653
0.768556
0.76799
0.768029
0.76876
0.770261
0.772626
0.775932
0.780252
0.785655
0.79218
0.799853
0.808667
0.818582
0.829514
0.841344
0.853893
0.866942
0.880206
0.893344
0.905942
0.917504
0.92744
0.93504
0.939421
0.939426
0.933445
0.919208
0.886809
0.836196
0.770725
0.68221
0.566175
0.427881
0.283075
0.155502
0.0646955
0.0172103
0.00195967
0.016705
0.245923
0.640364
0.809435
0.875847
0.905709
0.922197
0.933552
0.942989
0.951768
0.960101
0.967631
0.974037
0.979234
0.983306
0.986405
0.98869
0.990314
0.991414
0.992114
0.992518
0.992715
0.992779
0.992769
0.992721
0.992665
0.992611
0.992565
0.992462
0.992302
0.99208
0.991791
0.991429
0.990988
0.990461
0.989837
0.989115
0.988284
0.987339
0.986276
0.985088
0.983769
0.98232
0.980736
0.979018
0.977162
0.975172
0.973051
0.970804
0.968434
0.965948
0.963357
0.960664
0.957879
0.955014
0.952078
0.949077
0.946026
0.942933
0.939804
0.936651
0.93348
0.930301
0.927118
0.923943
0.920776
0.917622
0.914489
0.911376
0.90829
0.905229
0.902199
0.899194
0.896225
0.893285
0.890375
0.887494
0.884644
0.881827
0.879042
0.876283
0.873559
0.870871
0.868196
0.86555
0.862933
0.860347
0.857797
0.855291
0.852835
0.850435
0.848104
0.845856
0.8437
0.841658
0.839743
0.837985
0.836402
0.835024
0.833885
0.833015
0.832458
0.832253
0.832441
0.833074
0.834197
0.835858
0.838104
0.840977
0.844518
0.848749
0.853688
0.859334
0.865669
0.872645
0.880188
0.8882
0.896545
0.905045
0.913484
0.921597
0.929061
0.935493
0.940435
0.943318
0.943441
0.939893
0.931458
0.916583
0.892392
0.852948
0.801673
0.730969
0.631126
0.500057
0.34791
0.200888
0.0874057
0.0241307
0.00284837
0.0493111
0.40293
0.760062
0.864779
0.902205
0.920207
0.931609
0.940754
0.949381
0.958101
0.966632
0.97418
0.98032
0.98504
0.988524
0.99099
0.992632
0.993614
0.994087
0.994185
0.994031
0.99373
0.993372
0.993019
0.992719
0.992498
0.992367
0.992324
0.992288
0.992248
0.992196
0.992119
0.992007
0.991847
0.991627
0.991337
0.990966
0.990508
0.989955
0.989298
0.988536
0.987661
0.986671
0.985563
0.984335
0.982992
0.981529
0.979949
0.978256
0.976457
0.974552
0.972549
0.970457
0.968282
0.96603
0.963713
0.961339
0.958916
0.956453
0.953961
0.951448
0.948916
0.946381
0.943845
0.941313
0.938796
0.936296
0.933819
0.931363
0.928937
0.926543
0.924182
0.921852
0.91956
0.917299
0.915075
0.912888
0.910735
0.90862
0.906539
0.904493
0.902488
0.900517
0.89858
0.896666
0.894786
0.892941
0.891133
0.889371
0.887661
0.886001
0.884408
0.882891
0.881454
0.880114
0.878888
0.877787
0.876833
0.876042
0.875442
0.875049
0.874899
0.875007
0.875413
0.876142
0.87722
0.878683
0.880549
0.882849
0.885594
0.8888
0.892461
0.896568
0.901097
0.906001
0.911215
0.916651
0.922194
0.927696
0.932983
0.937828
0.941974
0.945099
0.946825
0.94668
0.944084
0.938299
0.9284
0.913282
0.891784
0.861035
0.818692
0.76135
0.677086
0.557778
0.405604
0.245147
0.111262
0.0318495
0.00390192
0.119034
0.561947
0.832972
0.89291
0.915782
0.92835
0.937464
0.945712
0.954231
0.963296
0.972203
0.979733
0.985468
0.989586
0.9924
0.994179
0.99512
0.995386
0.995138
0.994528
0.993703
0.992798
0.991916
0.99114
0.990524
0.990097
0.989865
0.989814
0.98984
0.989928
0.99006
0.990216
0.990374
0.990519
0.99063
0.99069
0.990688
0.990607
0.99044
0.990181
0.98982
0.989356
0.988783
0.988099
0.987303
0.986396
0.985378
0.984254
0.983025
0.981695
0.980269
0.978751
0.977151
0.975473
0.973724
0.971915
0.970049
0.968139
0.96619
0.964213
0.962215
0.960203
0.958182
0.956162
0.954149
0.952145
0.95016
0.948195
0.946252
0.944339
0.942455
0.940601
0.93878
0.93699
0.935238
0.93352
0.931837
0.93019
0.928576
0.926999
0.925454
0.923949
0.922479
0.921045
0.919631
0.918249
0.916901
0.915588
0.914315
0.913082
0.911901
0.91077
0.909705
0.908706
0.907787
0.906958
0.90623
0.905611
0.905126
0.904781
0.9046
0.904593
0.904784
0.90519
0.905831
0.906724
0.907889
0.909336
0.911079
0.913124
0.915475
0.918118
0.921041
0.924212
0.927589
0.931109
0.934698
0.938249
0.941637
0.944707
0.947269
0.949101
0.949926
0.949416
0.947176
0.942714
0.935427
0.924586
0.909374
0.888963
0.862546
0.82721
0.778782
0.707112
0.600641
0.453583
0.28578
0.135098
0.0401735
0.00513848
0.238876
0.692943
0.866295
0.906986
0.923565
0.933529
0.941501
0.949415
0.95814
0.967749
0.977089
0.98446
0.989628
0.993049
0.995159
0.99622
0.996402
0.995855
0.994753
0.993284
0.991636
0.989978
0.988449
0.987152
0.98615
0.985473
0.985122
0.985055
0.985155
0.985395
0.985746
0.986177
0.986655
0.987152
0.987641
0.988099
0.988503
0.988838
0.989089
0.989247
0.989304
0.989254
0.989091
0.988815
0.988429
0.987932
0.987322
0.986605
0.985785
0.984867
0.983851
0.982748
0.981564
0.980303
0.978977
0.977591
0.976148
0.974663
0.97314
0.971584
0.97001
0.968419
0.966819
0.965216
0.963618
0.962028
0.960451
0.958893
0.957354
0.95584
0.954348
0.952888
0.951455
0.950055
0.948684
0.947343
0.946036
0.944758
0.943515
0.9423
0.94112
0.939972
0.938854
0.937771
0.936706
0.935671
0.934663
0.933684
0.932736
0.931828
0.930957
0.930129
0.92935
0.92863
0.927968
0.927376
0.92686
0.926432
0.926102
0.925876
0.925772
0.925797
0.925965
0.926292
0.926784
0.927455
0.928314
0.929366
0.93062
0.932073
0.933719
0.935546
0.937536
0.939657
0.941864
0.944102
0.946298
0.948359
0.950173
0.9516
0.952476
0.952599
0.951732
0.949585
0.945819
0.940006
0.931651
0.920161
0.904907
0.885245
0.860482
0.829347
0.787729
0.725094
0.630143
0.490941
0.321069
0.157933
0.0489417
0.00658696
0.36702
0.776428
0.887619
0.915377
0.928565
0.937091
0.944426
0.952268
0.961363
0.971633
0.981399
0.988437
0.992899
0.995589
0.996998
0.997319
0.996652
0.995142
0.992994
0.990458
0.987781
0.985188
0.982861
0.980929
0.979463
0.978498
0.978022
0.977945
0.978145
0.978581
0.97921
0.979982
0.980852
0.981778
0.982719
0.983643
0.984521
0.985329
0.986053
0.986673
0.987183
0.987578
0.987848
0.987996
0.98802
0.987924
0.98771
0.987382
0.986944
0.986403
0.985764
0.985033
0.98422
0.983327
0.982365
0.981339
0.98026
0.979135
0.977967
0.97677
0.975547
0.974306
0.973052
0.971794
0.970534
0.969279
0.968034
0.966799
0.965583
0.964383
0.963208
0.962054
0.960924
0.95982
0.958739
0.95769
0.956665
0.955667
0.954697
0.95375
0.952833
0.951946
0.951081
0.950247
0.949434
0.948639
0.947866
0.947118
0.9464
0.945705
0.945045
0.944416
0.943824
0.943276
0.942771
0.942323
0.94193
0.941601
0.941341
0.941163
0.94107
0.94107
0.941169
0.941382
0.941705
0.942156
0.942728
0.94343
0.94426
0.945212
0.946279
0.947443
0.94868
0.949963
0.951248
0.952477
0.953588
0.954489
0.955082
0.955243
0.954821
0.953635
0.951473
0.94808
0.943152
0.936323
0.927168
0.915202
0.899912
0.880769
0.857139
0.82778
0.789454
0.734561
0.648695
0.518112
0.350158
0.179057
0.0580358
0.00828671
0.497758
0.826084
0.901294
0.922008
0.932249
0.939598
0.946559
0.954464
0.964023
0.975018
0.985197
0.991711
0.995378
0.997362
0.998104
0.997633
0.995969
0.993267
0.989806
0.985926
0.981967
0.978225
0.97493
0.972242
0.970243
0.968961
0.968372
0.968307
0.968655
0.969358
0.970348
0.971557
0.972919
0.974372
0.975864
0.97735
0.978791
0.980156
0.981421
0.982568
0.983584
0.984466
0.985208
0.985804
0.986263
0.986582
0.986769
0.986827
0.986765
0.986588
0.986304
0.985921
0.985447
0.984889
0.984256
0.983555
0.982795
0.981982
0.981128
0.980235
0.979313
0.978369
0.977407
0.976434
0.975459
0.97448
0.973506
0.972538
0.971581
0.970638
0.96971
0.9688
0.967908
0.967036
0.966186
0.965356
0.96455
0.963762
0.962997
0.962254
0.961533
0.960836
0.960157
0.959504
0.958864
0.958244
0.957637
0.957051
0.956485
0.955937
0.955414
0.954916
0.954445
0.954003
0.953597
0.953228
0.952899
0.952616
0.952384
0.952204
0.952083
0.952027
0.952041
0.952125
0.952284
0.952521
0.952834
0.953225
0.953689
0.954216
0.954793
0.955405
0.956026
0.956624
0.957156
0.957574
0.957811
0.957789
0.957411
0.956563
0.955109
0.952886
0.949699
0.945323
0.939486
0.931861
0.922085
0.909748
0.894413
0.875628
0.852788
0.824661
0.788182
0.736427
0.657135
0.536328
0.372937
0.198056
0.0673806
0.0102886
0.614981
0.85697
0.910594
0.92674
0.935246
0.941521
0.948076
0.956105
0.966166
0.977935
0.988508
0.994325
0.997168
0.99853
0.998632
0.997263
0.994364
0.990153
0.985034
0.979478
0.973945
0.968816
0.964378
0.960818
0.958229
0.956627
0.955961
0.95595
0.956522
0.95759
0.959056
0.960825
0.962806
0.964915
0.967081
0.969243
0.971352
0.973367
0.975259
0.977008
0.9786
0.980025
0.981281
0.982367
0.983287
0.984044
0.984649
0.985104
0.985419
0.985605
0.98567
0.985625
0.985474
0.985231
0.984903
0.9845
0.98403
0.9835
0.982924
0.982299
0.981643
0.980955
0.980246
0.97952
0.978781
0.978038
0.977289
0.976542
0.975801
0.975066
0.974341
0.973628
0.972928
0.97224
0.971569
0.970912
0.970271
0.969647
0.96904
0.96845
0.967874
0.967314
0.966775
0.96625
0.965738
0.965237
0.964749
0.964273
0.963811
0.963362
0.962929
0.962516
0.962118
0.96174
0.961387
0.961058
0.960754
0.960483
0.960242
0.960034
0.959867
0.959739
0.95965
0.959607
0.959605
0.959645
0.959722
0.959837
0.959978
0.960137
0.960299
0.960444
0.960544
0.960573
0.960484
0.96023
0.959746
0.958964
0.957791
0.95612
0.953825
0.950762
0.946748
0.941576
0.935004
0.926738
0.916459
0.903812
0.888424
0.869883
0.847596
0.820328
0.785111
0.735467
0.659964
0.544996
0.387379
0.213367
0.0767454
0.012656
0.685909
0.886214
0.917159
0.930127
0.937368
0.943136
0.949164
0.957247
0.96782
0.980394
0.991364
0.996334
0.998389
0.999248
0.998706
0.996246
0.991777
0.985648
0.978457
0.970851
0.963428
0.956667
0.950917
0.946393
0.943184
0.941288
0.940619
0.940738
0.94164
0.9432
0.945287
0.947767
0.950518
0.953429
0.956407
0.959374
0.962265
0.965033
0.967648
0.970078
0.972314
0.974344
0.976166
0.977784
0.979201
0.980424
0.981465
0.982333
0.983037
0.983591
0.984005
0.98429
0.984457
0.984518
0.984482
0.984357
0.984159
0.983891
0.983565
0.983187
0.982764
0.982307
0.981819
0.981308
0.980777
0.980233
0.979679
0.97912
0.978558
0.977998
0.977441
0.976887
0.976339
0.975803
0.975274
0.974752
0.974245
0.973744
0.973258
0.972779
0.972315
0.971859
0.971418
0.970986
0.970567
0.970151
0.969742
0.969342
0.968948
0.968564
0.968186
0.967819
0.967464
0.96712
0.966789
0.966471
0.966168
0.965881
0.965615
0.965365
0.965133
0.964923
0.96473
0.964555
0.964397
0.964253
0.964116
0.96398
0.963837
0.963673
0.963473
0.963213
0.962871
0.962412
0.961796
0.960975
0.959892
0.958472
0.956634
0.954278
0.951288
0.947524
0.942822
0.936995
0.929812
0.921014
0.910319
0.897409
0.881957
0.863576
0.841677
0.815
0.780628
0.732372
0.659422
0.548632
0.395677
0.22344
0.083538
0.0145787
0.733401
0.896508
0.921897
0.932495
0.938764
0.944142
0.950143
0.957923
0.968991
0.982387
0.993782
0.9978
0.999165
0.999654
0.998405
0.994559
0.988078
0.979545
0.969815
0.959757
0.950121
0.941496
0.934288
0.928731
0.924909
0.922786
0.922226
0.922591
0.923972
0.926196
0.929083
0.932453
0.936145
0.940021
0.943958
0.947863
0.951657
0.955287
0.958711
0.961901
0.964846
0.967537
0.969974
0.972161
0.974108
0.975824
0.977324
0.978616
0.97972
0.980648
0.981414
0.98203
0.982511
0.982869
0.983115
0.983261
0.983318
0.983296
0.983204
0.983052
0.982846
0.982596
0.982307
0.981985
0.981638
0.981268
0.980882
0.980483
0.980076
0.97966
0.979241
0.978823
0.978404
0.977986
0.977571
0.97716
0.976752
0.976351
0.975954
0.975563
0.975179
0.974803
0.974432
0.974068
0.973709
0.973351
0.972995
0.972644
0.972291
0.971945
0.971598
0.971255
0.970916
0.970583
0.970252
0.969927
0.969605
0.969288
0.968979
0.96867
0.968368
0.968069
0.967767
0.967465
0.967158
0.966839
0.966503
0.96614
0.96574
0.965287
0.964766
0.964155
0.963426
0.962546
0.961474
0.960167
0.958567
0.956606
0.954204
0.951268
0.947689
0.943335
0.938058
0.931673
0.923973
0.914729
0.903678
0.890537
0.875014
0.856736
0.835101
0.80882
0.774987
0.727596
0.656319
0.548488
0.399274
0.229268
0.0880364
0.0159883
0.768016
0.904289
0.925697
0.934034
0.939493
0.944569
0.950635
0.958481
0.969678
0.9839
0.995784
0.998805
0.999616
0.999861
0.997763
0.992128
0.983096
0.971608
0.958846
0.945928
0.93377
0.923066
0.91428
0.907663
0.903284
0.901054
0.900483
0.901276
0.903365
0.906503
0.910441
0.914943
0.9198
0.924835
0.929902
0.934888
0.939707
0.944297
0.948615
0.952636
0.956348
0.959746
0.962834
0.965622
0.968123
0.97035
0.972322
0.974055
0.975565
0.976871
0.977991
0.978937
0.979727
0.980376
0.980896
0.981302
0.981605
0.981815
0.981945
0.982003
0.981997
0.981936
0.981829
0.981678
0.981494
0.981281
0.981042
0.980783
0.980508
0.980219
0.979919
0.979609
0.979295
0.978975
0.978652
0.978328
0.978003
0.977676
0.97735
0.977026
0.976699
0.976376
0.976055
0.975737
0.975419
0.975097
0.974774
0.974447
0.974119
0.973787
0.973454
0.973117
0.972776
0.972434
0.972089
0.971739
0.971384
0.971025
0.97066
0.970287
0.969907
0.969511
0.969103
0.968675
0.96822
0.967736
0.967213
0.966641
0.966006
0.965294
0.964486
0.963561
0.962489
0.961237
0.959773
0.958043
0.955995
0.953566
0.950679
0.947244
0.94316
0.938301
0.932527
0.925667
0.917528
0.907896
0.896536
0.883194
0.867595
0.849379
0.827918
0.801884
0.768353
0.721437
0.651185
0.545429
0.399233
0.231704
0.0905763
0.0169064
0.794015
0.909847
0.927868
0.93486
0.939608
0.944401
0.950574
0.958888
0.969967
0.984921
0.997391
0.999436
0.99985
0.999953
0.996776
0.988843
0.976643
0.961608
0.945313
0.92914
0.914172
0.901203
0.890754
0.883095
0.878267
0.876113
0.875659
0.877112
0.880163
0.884476
0.889719
0.895588
0.90182
0.908197
0.914548
0.920743
0.92669
0.932319
0.937594
0.942497
0.947012
0.951146
0.954908
0.958312
0.961378
0.964124
0.966572
0.968745
0.970662
0.972345
0.973812
0.975085
0.976179
0.977112
0.9779
0.978557
0.979093
0.979525
0.979863
0.980116
0.980299
0.980412
0.98047
0.980478
0.980441
0.980366
0.980258
0.980121
0.979961
0.979778
0.97958
0.979363
0.979137
0.978896
0.978649
0.978393
0.978129
0.97786
0.977587
0.977309
0.977026
0.976741
0.976452
0.97616
0.975864
0.975563
0.975255
0.97494
0.974618
0.974287
0.973949
0.973601
0.973246
0.972882
0.972508
0.972122
0.971724
0.971313
0.970885
0.97044
0.969973
0.969483
0.968963
0.968409
0.967816
0.967171
0.966473
0.965704
0.964854
0.963905
0.962837
0.961629
0.960251
0.958674
0.956856
0.954754
0.952316
0.949477
0.946169
0.942304
0.937782
0.932486
0.92628
0.919007
0.910481
0.900514
0.888886
0.875364
0.85969
0.841504
0.820152
0.794248
0.760831
0.714089
0.644386
0.540052
0.396344
0.231449
0.0914978
0.0173889
0.813832
0.913758
0.929016
0.935026
0.939102
0.943618
0.949905
0.958713
0.970231
0.985429
0.998615
0.999786
0.999955
0.999988
0.995414
0.98457
0.968525
0.949339
0.92903
0.909244
0.891211
0.875814
0.863645
0.855003
0.849896
0.848074
0.848159
0.850578
0.854909
0.860695
0.867512
0.874977
0.882769
0.890635
0.898379
0.905866
0.912995
0.919708
0.925965
0.931759
0.937086
0.941956
0.946388
0.950402
0.954024
0.957282
0.960197
0.962799
0.965112
0.967162
0.968968
0.970555
0.971941
0.973147
0.974188
0.97508
0.975843
0.976482
0.977018
0.977454
0.977808
0.978083
0.978292
0.978441
0.978538
0.978586
0.978595
0.978565
0.978504
0.978415
0.978301
0.978163
0.978008
0.977832
0.977644
0.977442
0.977227
0.977
0.976764
0.976517
0.976264
0.975999
0.975727
0.97545
0.975163
0.974869
0.974561
0.974244
0.973913
0.973571
0.973214
0.972846
0.972461
0.972066
0.971652
0.97122
0.97077
0.970297
0.969801
0.969275
0.96872
0.968132
0.9675
0.966824
0.966093
0.965299
0.964431
0.96348
0.962428
0.961259
0.959955
0.95849
0.956838
0.954964
0.952835
0.950404
0.94762
0.944426
0.940747
0.936502
0.931595
0.925915
0.919332
0.911692
0.902833
0.892571
0.880706
0.867027
0.851285
0.83311
0.811812
0.785943
0.752487
0.705682
0.636165
0.532791
0.39119
0.229062
0.0911144
0.0175055
0.829027
0.91643
0.929408
0.934485
0.937973
0.94218
0.948579
0.957936
0.970352
0.985526
0.999463
0.999945
0.99999
0.999998
0.993629
0.979177
0.95857
0.934647
0.909894
0.886186
0.864863
0.84689
0.832952
0.823425
0.818298
0.816866
0.817906
0.821799
0.827922
0.835647
0.844415
0.853757
0.863306
0.872785
0.881994
0.8908
0.899115
0.906893
0.914108
0.92076
0.926862
0.932432
0.937497
0.942088
0.946233
0.949971
0.953327
0.956332
0.959015
0.961407
0.963533
0.965417
0.967076
0.968538
0.969817
0.970932
0.9719
0.972737
0.97345
0.974057
0.974566
0.974989
0.975335
0.975612
0.975825
0.975985
0.976091
0.976156
0.976181
0.976169
0.976125
0.976053
0.975957
0.975835
0.975691
0.975529
0.975349
0.97515
0.974937
0.97471
0.974472
0.974218
0.973951
0.973673
0.973383
0.973083
0.972763
0.97243
0.97208
0.971716
0.971333
0.970931
0.970511
0.97007
0.969608
0.969123
0.968611
0.96807
0.967498
0.966891
0.966244
0.965553
0.964812
0.964014
0.963147
0.962206
0.96118
0.960055
0.958816
0.957443
0.955922
0.954222
0.95232
0.950184
0.947776
0.945049
0.941961
0.938447
0.93444
0.929862
0.924616
0.918596
0.911677
0.903719
0.894563
0.884039
0.871973
0.85816
0.842357
0.824174
0.802889
0.776976
0.743355
0.696297
0.626697
0.523948
0.384215
0.224991
0.0896982
0.0173265
0.840644
0.918079
0.929065
0.933146
0.9362
0.940046
0.946532
0.956477
0.96987
0.985613
0.999926
0.999995
1
1
0.991364
0.972532
0.946641
0.917449
0.887898
0.86003
0.835223
0.814505
0.798722
0.788446
0.783668
0.782028
0.784748
0.790945
0.799655
0.809983
0.821199
0.832747
0.84424
0.855412
0.866091
0.876177
0.885607
0.894367
0.902447
0.909872
0.916663
0.922856
0.928482
0.933582
0.938191
0.942353
0.9461
0.949466
0.952483
0.955183
0.957593
0.959741
0.961649
0.96334
0.964834
0.96615
0.967305
0.968314
0.969191
0.969949
0.970599
0.971153
0.97162
0.972009
0.972325
0.972577
0.972772
0.972917
0.973012
0.973064
0.97308
0.973058
0.973006
0.972923
0.972811
0.972677
0.972519
0.972338
0.972136
0.971918
0.971681
0.971424
0.971152
0.970866
0.970561
0.970241
0.969902
0.969542
0.969162
0.968763
0.968341
0.967898
0.967433
0.966939
0.966422
0.965873
0.965294
0.964679
0.964029
0.963334
0.962593
0.961799
0.960946
0.960024
0.959027
0.957946
0.956768
0.95548
0.954064
0.952506
0.950781
0.948869
0.946741
0.944365
0.941706
0.938719
0.935359
0.931561
0.927261
0.922386
0.916838
0.910515
0.903297
0.895055
0.885638
0.874891
0.862652
0.848723
0.832867
0.814673
0.793358
0.767324
0.733432
0.685972
0.616093
0.513751
0.375752
0.219588
0.0874765
0.0169162
0.849382
0.918911
0.928157
0.931285
0.933755
0.937154
0.943692
0.954265
0.968774
0.985694
1
0.999999
0.999998
0.999999
0.988566
0.964525
0.932645
0.897747
0.863168
0.831003
0.802548
0.778838
0.761008
0.750131
0.746225
0.746018
0.751183
0.760393
0.772266
0.785601
0.799495
0.813337
0.826748
0.83951
0.851517
0.862709
0.873085
0.882651
0.891437
0.89948
0.906824
0.913512
0.919589
0.925099
0.930086
0.934595
0.938662
0.942323
0.945617
0.948577
0.951226
0.953598
0.955717
0.957604
0.959281
0.960769
0.962085
0.963244
0.964262
0.96515
0.965922
0.966585
0.967156
0.967639
0.96804
0.968374
0.968639
0.968847
0.968999
0.969101
0.969159
0.969174
0.969153
0.969096
0.969006
0.968886
0.968735
0.968562
0.96836
0.968138
0.967889
0.967623
0.967334
0.967025
0.966695
0.966347
0.965974
0.965578
0.96516
0.964718
0.964251
0.963755
0.963234
0.962683
0.9621
0.961484
0.960831
0.960139
0.959403
0.958616
0.95778
0.956879
0.955914
0.954877
0.953752
0.952534
0.951212
0.949766
0.948188
0.946454
0.944544
0.942438
0.940104
0.937513
0.934627
0.931406
0.927799
0.923749
0.91919
0.914046
0.908226
0.901633
0.894148
0.885652
0.876008
0.865068
0.852684
0.83867
0.82277
0.804551
0.783169
0.756957
0.722696
0.674713
0.60442
0.502357
0.366048
0.213127
0.0846342
0.0163303
0.855739
0.919069
0.926744
0.928849
0.930596
0.933453
0.939977
0.951212
0.966989
0.98542
1
1
0.999998
0.999997
0.985197
0.955053
0.91654
0.875654
0.836003
0.79956
0.76733
0.740227
0.719812
0.708448
0.703831
0.706884
0.716934
0.731264
0.747635
0.764575
0.781237
0.797184
0.812196
0.826193
0.839167
0.851138
0.862148
0.872253
0.881502
0.889951
0.89766
0.904675
0.911053
0.916841
0.922092
0.926844
0.931139
0.935021
0.938519
0.941671
0.944505
0.94705
0.949332
0.951374
0.953199
0.95482
0.956264
0.957543
0.958673
0.959665
0.960532
0.961286
0.961936
0.962493
0.962965
0.963357
0.963676
0.963929
0.964124
0.96426
0.964349
0.964387
0.964381
0.964335
0.964253
0.964135
0.963982
0.963801
0.963589
0.963349
0.963082
0.962789
0.962472
0.96213
0.961766
0.961379
0.960963
0.960523
0.960056
0.959559
0.959036
0.958483
0.957898
0.95728
0.956626
0.955934
0.955204
0.954426
0.9536
0.952722
0.951784
0.950782
0.949704
0.948548
0.947299
0.945952
0.944489
0.942898
0.941166
0.93927
0.937192
0.934906
0.932385
0.929601
0.926512
0.923079
0.919251
0.914973
0.91018
0.904794
0.898727
0.891892
0.88417
0.875451
0.865608
0.85451
0.842011
0.827928
0.811995
0.793742
0.772265
0.745809
0.711095
0.662497
0.591701
0.489867
0.355292
0.205822
0.0813175
0.0156145
0.860035
0.918648
0.924838
0.925665
0.926355
0.928885
0.935304
0.947216
0.964423
0.984721
0.999997
0.999997
0.999998
0.999996
0.981216
0.944023
0.898337
0.851424
0.80695
0.766536
0.730546
0.699437
0.675076
0.662782
0.658735
0.668995
0.68759
0.708969
0.730196
0.750232
0.768847
0.786044
0.801884
0.816445
0.829815
0.842076
0.853309
0.863593
0.872997
0.881584
0.889421
0.896568
0.903071
0.908983
0.914354
0.919232
0.923652
0.927652
0.93127
0.934538
0.937487
0.940143
0.942532
0.944677
0.9466
0.948319
0.949852
0.951213
0.952422
0.953488
0.954423
0.955237
0.955947
0.956554
0.957067
0.9575
0.957853
0.958134
0.958351
0.958504
0.958603
0.958649
0.958646
0.958597
0.958507
0.958378
0.958208
0.958005
0.95777
0.9575
0.957202
0.956872
0.956515
0.956131
0.95572
0.955282
0.954813
0.954317
0.953791
0.953233
0.952643
0.952023
0.951365
0.950674
0.949944
0.949172
0.948354
0.947489
0.946572
0.945596
0.944558
0.943448
0.942262
0.940992
0.939623
0.93815
0.936556
0.934828
0.932951
0.930907
0.928674
0.926225
0.923536
0.920574
0.917301
0.913675
0.909647
0.905161
0.90015
0.894546
0.888259
0.881199
0.873266
0.864353
0.854344
0.843118
0.830531
0.816406
0.800451
0.782153
0.760542
0.733786
0.698554
0.649271
0.577936
0.476347
0.343615
0.19783
0.0776403
0.014805
0.862446
0.917753
0.922547
0.921865
0.921129
0.923414
0.929584
0.942156
0.960953
0.98358
1
1
0.999998
1
0.976586
0.931334
0.878115
0.825516
0.776955
0.733446
0.694237
0.658679
0.627371
0.60331
0.613313
0.647046
0.677852
0.701903
0.724114
0.744711
0.763864
0.780923
0.796522
0.810796
0.823876
0.835866
0.846855
0.856921
0.866141
0.874576
0.882294
0.889341
0.895778
0.90164
0.906984
0.911845
0.916268
0.920283
0.923924
0.927226
0.930207
0.932904
0.935336
0.937526
0.939494
0.941258
0.942834
0.944242
0.945488
0.946592
0.947562
0.948409
0.949142
0.949772
0.950308
0.950752
0.951116
0.951404
0.951622
0.951774
0.951866
0.9519
0.951881
0.951814
0.9517
0.95154
0.951341
0.951103
0.950828
0.950517
0.950173
0.949793
0.949384
0.948943
0.948473
0.947973
0.947442
0.946877
0.946283
0.945653
0.944989
0.944291
0.943556
0.942782
0.941967
0.941107
0.9402
0.939241
0.93823
0.937156
0.936015
0.934801
0.933507
0.932122
0.93064
0.929045
0.927329
0.925472
0.923463
0.921282
0.918904
0.916306
0.913463
0.910339
0.906897
0.903093
0.898882
0.894202
0.888993
0.883183
0.876691
0.869432
0.861312
0.852236
0.842092
0.830771
0.818134
0.803986
0.788013
0.769656
0.747876
0.720763
0.684954
0.634958
0.563089
0.46182
0.331104
0.189265
0.0736857
0.0139287
0.862995
0.916522
0.920172
0.917967
0.915688
0.917026
0.922763
0.935904
0.956406
0.981945
0.999998
1
1
0.999998
0.97125
0.916837
0.856035
0.798707
0.747648
0.703143
0.663046
0.625622
0.587786
0.610328
0.631636
0.659607
0.685434
0.707332
0.727703
0.746656
0.764225
0.780045
0.794583
0.807961
0.82052
0.832486
0.842801
0.852275
0.860983
0.868982
0.876324
0.88306
0.889229
0.89487
0.900027
0.904739
0.909033
0.912943
0.916507
0.919742
0.922676
0.925334
0.927737
0.929907
0.931859
0.933613
0.935183
0.936583
0.937828
0.938928
0.939891
0.940733
0.941463
0.942083
0.942607
0.943041
0.943387
0.943656
0.943851
0.943979
0.94404
0.944044
0.94399
0.943882
0.943726
0.943523
0.943274
0.942983
0.942654
0.942285
0.941877
0.941437
0.940959
0.94045
0.939908
0.939333
0.938724
0.938083
0.937406
0.936694
0.935945
0.935162
0.934338
0.933475
0.932568
0.931616
0.930613
0.92956
0.928449
0.927275
0.926032
0.924714
0.923313
0.921821
0.920226
0.918518
0.916686
0.91471
0.912576
0.910266
0.907756
0.90502
0.90203
0.898754
0.895151
0.891181
0.886791
0.881929
0.876532
0.87053
0.863852
0.856414
0.848133
0.838921
0.828679
0.817301
0.804641
0.790495
0.774507
0.756078
0.734093
0.706586
0.670159
0.619437
0.54709
0.446285
0.317804
0.180199
0.0695108
0.0130048
0.861504
0.915047
0.918055
0.914389
0.909949
0.909659
0.91486
0.928343
0.950541
0.979732
0.999998
1
1
0.999999
0.965129
0.900314
0.832409
0.772348
0.721916
0.681085
0.647817
0.636086
0.639175
0.647863
0.66375
0.683541
0.703014
0.721058
0.73823
0.754409
0.769505
0.783369
0.796259
0.808276
0.819635
0.83041
0.839836
0.849216
0.857375
0.8647
0.871451
0.877666
0.883383
0.888637
0.893457
0.897875
0.901918
0.905611
0.908981
0.912052
0.91485
0.917386
0.919685
0.921763
0.923635
0.925316
0.926821
0.928162
0.929353
0.930402
0.93132
0.932117
0.932798
0.933377
0.933854
0.934241
0.934542
0.934762
0.934906
0.93498
0.934989
0.934934
0.934822
0.934653
0.934435
0.934165
0.933848
0.933486
0.933082
0.932636
0.932153
0.93163
0.931071
0.930478
0.929847
0.929183
0.928485
0.92775
0.92698
0.926175
0.925334
0.924453
0.923535
0.922573
0.921568
0.920519
0.919417
0.918265
0.917053
0.915777
0.914432
0.913012
0.911506
0.909907
0.908207
0.906391
0.904443
0.902354
0.9001
0.897667
0.895027
0.892155
0.889024
0.885596
0.881836
0.877697
0.873135
0.868094
0.862514
0.856332
0.849482
0.841891
0.83348
0.824171
0.81387
0.802472
0.789821
0.775691
0.759699
0.741178
0.718963
0.691025
0.653979
0.602566
0.529846
0.429693
0.303725
0.170671
0.065148
0.0120445
0.858861
0.912171
0.916247
0.912268
0.904524
0.899922
0.906124
0.919443
0.943018
0.976798
0.999997
0.999998
1
0.999998
0.958045
0.881425
0.807869
0.748875
0.704955
0.681813
0.671717
0.671232
0.676492
0.684319
0.696411
0.710572
0.725028
0.739132
0.752804
0.765869
0.778222
0.78981
0.800747
0.811088
0.820912
0.830175
0.838549
0.846781
0.85404
0.861489
0.867466
0.872991
0.878102
0.882816
0.887157
0.891151
0.894815
0.898179
0.901256
0.904064
0.906627
0.908953
0.911065
0.912975
0.914694
0.916237
0.917616
0.91884
0.91992
0.920866
0.921687
0.922392
0.922984
0.923475
0.923868
0.92417
0.924388
0.924525
0.924586
0.924576
0.924501
0.924363
0.924161
0.923907
0.923597
0.923237
0.922827
0.922371
0.921873
0.921331
0.920748
0.920125
0.919465
0.918768
0.918035
0.917266
0.916462
0.915622
0.914749
0.913839
0.91289
0.911905
0.910881
0.909817
0.908708
0.907553
0.90635
0.905094
0.903778
0.9024
0.900954
0.899428
0.89782
0.896115
0.894308
0.89238
0.89032
0.888113
0.885739
0.883175
0.8804
0.877387
0.874105
0.870519
0.866589
0.862277
0.857536
0.852314
0.846557
0.84021
0.833208
0.825491
0.816987
0.807622
0.797311
0.785934
0.773328
0.759243
0.743253
0.724641
0.702186
0.673818
0.63617
0.58415
0.511221
0.411973
0.28884
0.160681
0.0606067
0.0110514
0.856094
0.90658
0.913494
0.910886
0.903875
0.893975
0.897498
0.909422
0.933361
0.97291
1
0.999999
1
0.999997
0.949701
0.859643
0.78383
0.732907
0.712849
0.70398
0.70264
0.706231
0.710381
0.717648
0.726982
0.737349
0.748026
0.75866
0.769094
0.779196
0.788896
0.798173
0.807049
0.815533
0.823628
0.831278
0.838403
0.845304
0.851596
0.857983
0.863735
0.868698
0.873086
0.877139
0.88088
0.88433
0.88751
0.890432
0.893106
0.895558
0.89779
0.89982
0.901658
0.903319
0.904807
0.906141
0.907321
0.908365
0.909273
0.910057
0.910725
0.911281
0.911732
0.912087
0.912348
0.912522
0.912614
0.912628
0.912565
0.912436
0.912238
0.91198
0.911659
0.911285
0.910855
0.910375
0.909845
0.909268
0.908649
0.907985
0.907282
0.906538
0.905756
0.904937
0.904081
0.903191
0.902266
0.901308
0.900315
0.899287
0.898225
0.897126
0.895987
0.894811
0.893593
0.892329
0.891015
0.889651
0.888227
0.886741
0.885185
0.88355
0.881828
0.880011
0.878084
0.876033
0.873847
0.871505
0.868988
0.866274
0.863344
0.860161
0.856705
0.852937
0.84882
0.844318
0.839388
0.833986
0.828059
0.821563
0.814444
0.806643
0.798096
0.788736
0.778472
0.767175
0.754668
0.740666
0.724702
0.706019
0.683347
0.654589
0.616428
0.563951
0.491045
0.393015
0.273082
0.150193
0.055873
0.0100218
0.853011
0.898017
0.908488
0.908704
0.904315
0.897973
0.892793
0.899255
0.920879
0.967738
1
1
1
1
0.939553
0.834222
0.76367
0.740364
0.73273
0.731589
0.734198
0.736674
0.741387
0.747588
0.754686
0.762243
0.76997
0.777704
0.785348
0.792833
0.80012
0.807186
0.81402
0.820606
0.82693
0.832963
0.8387
0.844222
0.849424
0.854598
0.859336
0.864077
0.867823
0.871127
0.874167
0.876972
0.87956
0.881936
0.884116
0.886103
0.887915
0.889555
0.89103
0.892356
0.893534
0.894572
0.895481
0.896265
0.89693
0.897483
0.897931
0.898278
0.898526
0.898687
0.89876
0.898752
0.898664
0.898503
0.898272
0.897975
0.897614
0.897194
0.896714
0.896181
0.895594
0.89496
0.894277
0.893551
0.89278
0.891969
0.89112
0.890229
0.889305
0.888344
0.887348
0.886319
0.885257
0.884164
0.883039
0.88188
0.880691
0.879465
0.878203
0.876904
0.875561
0.874173
0.872739
0.871249
0.8697
0.868084
0.866396
0.864625
0.862762
0.860797
0.858713
0.856503
0.854144
0.851623
0.848916
0.846008
0.842871
0.839478
0.835804
0.83182
0.82749
0.822781
0.817661
0.812087
0.806019
0.799419
0.792237
0.784423
0.775921
0.76665
0.756523
0.745398
0.733071
0.719227
0.703369
0.684692
0.661891
0.632869
0.594367
0.541676
0.469109
0.37267
0.256343
0.139126
0.050909
0.00895028
0.849246
0.886198
0.89944
0.903244
0.902407
0.89949
0.89709
0.892695
0.90452
0.960688
1
1
0.999999
1
0.926655
0.804241
0.763467
0.757463
0.757242
0.759203
0.761063
0.764437
0.768731
0.773564
0.778697
0.783979
0.789317
0.794653
0.799952
0.80518
0.810317
0.815347
0.820252
0.825018
0.829634
0.834085
0.838372
0.842514
0.846495
0.850386
0.854038
0.857723
0.861401
0.863851
0.866093
0.868156
0.870051
0.871783
0.873359
0.874786
0.876072
0.877221
0.878242
0.879132
0.879904
0.880561
0.881105
0.881544
0.881881
0.882121
0.88227
0.882328
0.882304
0.882197
0.882015
0.881759
0.881431
0.881037
0.880578
0.880059
0.879484
0.878851
0.878166
0.877432
0.87665
0.875821
0.874951
0.874039
0.873088
0.872097
0.871072
0.870013
0.86892
0.867792
0.866632
0.865443
0.864222
0.862969
0.861689
0.860375
0.85903
0.857648
0.856228
0.854766
0.85326
0.851706
0.850098
0.84843
0.846696
0.844887
0.842994
0.841013
0.838929
0.836734
0.834411
0.83195
0.829332
0.826545
0.82357
0.820388
0.816978
0.813319
0.809388
0.805159
0.800609
0.795712
0.790435
0.784751
0.778628
0.772027
0.76491
0.75723
0.748921
0.739913
0.730093
0.719313
0.707338
0.693833
0.678259
0.65978
0.637064
0.608034
0.5695
0.516963
0.445151
0.35074
0.238434
0.127297
0.0456065
0.00783725
0.843888
0.870374
0.884084
0.890843
0.893547
0.89387
0.892931
0.89134
0.88408
0.950533
0.999999
1
1
1
0.908895
0.778795
0.777048
0.778175
0.779672
0.781453
0.784073
0.787104
0.79032
0.79362
0.796954
0.800303
0.803652
0.806993
0.810313
0.813606
0.816859
0.82006
0.823205
0.82628
0.82928
0.832193
0.835026
0.837774
0.840432
0.843013
0.845498
0.848025
0.851123
0.852836
0.85422
0.855451
0.856551
0.857532
0.858398
0.859152
0.859802
0.860346
0.860786
0.861132
0.861386
0.861544
0.861617
0.861607
0.861511
0.861338
0.861089
0.860769
0.860378
0.859918
0.859393
0.858808
0.858163
0.857462
0.856706
0.855897
0.85504
0.854133
0.853182
0.852188
0.851151
0.850075
0.848961
0.847809
0.84662
0.845398
0.844141
0.842849
0.841527
0.840169
0.838779
0.837355
0.835896
0.834404
0.832872
0.831305
0.829696
0.828041
0.826339
0.824588
0.822781
0.820915
0.818983
0.81698
0.8149
0.812738
0.810485
0.808134
0.805674
0.8031
0.800398
0.797563
0.794578
0.791435
0.788121
0.784625
0.780929
0.77702
0.772883
0.768502
0.763859
0.758934
0.753708
0.748154
0.742245
0.73595
0.729232
0.722034
0.714295
0.70593
0.696808
0.686766
0.675542
0.662773
0.647886
0.630021
0.607834
0.579265
0.541208
0.489361
0.418844
0.326933
0.219017
0.114291
0.0396063
0.00660888
0.832592
0.848181
0.858484
0.865345
0.869844
0.872619
0.873949
0.873148
0.872068
0.930691
1
1
0.999998
1
0.878476
0.785516
0.786717
0.78786
0.789372
0.791077
0.792833
0.794574
0.796293
0.797998
0.79969
0.801375
0.803051
0.804714
0.806363
0.807989
0.809593
0.811165
0.8127
0.814199
0.815652
0.817057
0.818419
0.819729
0.82099
0.822213
0.823416
0.824685
0.826487
0.827246
0.827635
0.827887
0.828045
0.828108
0.82809
0.827995
0.827822
0.827572
0.827253
0.82686
0.826398
0.825867
0.825274
0.824614
0.82389
0.823106
0.822264
0.82136
0.820404
0.819389
0.818324
0.817205
0.816035
0.814817
0.81355
0.812235
0.810876
0.809472
0.808023
0.806528
0.804993
0.803416
0.801797
0.800135
0.798432
0.796687
0.7949
0.793072
0.791199
0.789282
0.78732
0.785312
0.783274
0.781207
0.779107
0.776978
0.774813
0.772613
0.770375
0.768097
0.765775
0.763412
0.761003
0.758544
0.756035
0.753474
0.750858
0.748182
0.745444
0.742642
0.739772
0.736828
0.733807
0.730705
0.727514
0.724229
0.72084
0.717341
0.713722
0.709969
0.70607
0.702006
0.69776
0.693304
0.688608
0.683635
0.678337
0.672654
0.666505
0.659784
0.652348
0.643999
0.634457
0.623317
0.609987
0.593585
0.572761
0.545476
0.508708
0.458341
0.389821
0.300941
0.197698
0.0995422
0.0321998
0.00462616
)
;

boundaryField
{
    walls
    {
        type            zeroGradient;
    }
    top
    {
        type            zeroGradient;
    }
    bottom
    {
        type            zeroGradient;
    }
    frontAndBack
    {
        type            empty;
    }
    inlet
    {
        type            uniformFixedValue;
        uniformValue    
        {
            type            constant;
            value           1;
        }
        value           uniform 1;
    }
    outlet
    {
        type            zeroGradient;
    }
}


// ************************************************************************* //
