/*--------------------------------*- C++ -*----------------------------------*\
  =========                 |
  \\      /  F ield         | OpenFOAM: The Open Source CFD Toolbox
   \\    /   O peration     | Website:  https://openfoam.org
    \\  /    A nd           | Version:  13
     \\/     M anipulation  |
\*---------------------------------------------------------------------------*/
FoamFile
{
    format      ascii;
    class       faceList;
    location    "constant/polyMesh";
    object      faces;
}
// * * * * * * * * * * * * * * * * * * * * * * * * * * * * * * * * * * * * * //


4566
(
4(1 72 214 143)
4(142 143 214 213)
4(2 73 215 144)
4(143 144 215 214)
4(3 74 216 145)
4(144 145 216 215)
4(4 75 217 146)
4(145 146 217 216)
4(5 76 218 147)
4(146 147 218 217)
4(6 77 219 148)
4(147 148 219 218)
4(7 78 220 149)
4(148 149 220 219)
4(8 79 221 150)
4(149 150 221 220)
4(9 80 222 151)
4(150 151 222 221)
4(10 81 223 152)
4(151 152 223 222)
4(11 82 224 153)
4(152 153 224 223)
4(12 83 225 154)
4(153 154 225 224)
4(13 84 226 155)
4(154 155 226 225)
4(14 85 227 156)
4(155 156 227 226)
4(15 86 228 157)
4(156 157 228 227)
4(16 87 229 158)
4(157 158 229 228)
4(17 88 230 159)
4(158 159 230 229)
4(18 89 231 160)
4(159 160 231 230)
4(19 90 232 161)
4(160 161 232 231)
4(20 91 233 162)
4(161 162 233 232)
4(21 92 234 163)
4(162 163 234 233)
4(22 93 235 164)
4(163 164 235 234)
4(23 94 236 165)
4(164 165 236 235)
4(24 95 237 166)
4(165 166 237 236)
4(25 96 238 167)
4(166 167 238 237)
4(26 97 239 168)
4(167 168 239 238)
4(27 98 240 169)
4(168 169 240 239)
4(28 99 241 170)
4(169 170 241 240)
4(29 100 242 171)
4(170 171 242 241)
4(30 101 243 172)
4(171 172 243 242)
4(31 102 244 173)
4(172 173 244 243)
4(32 103 245 174)
4(173 174 245 244)
4(33 104 246 175)
4(174 175 246 245)
4(34 105 247 176)
4(175 176 247 246)
4(35 106 248 177)
4(176 177 248 247)
4(36 107 249 178)
4(177 178 249 248)
4(37 108 250 179)
4(178 179 250 249)
4(38 109 251 180)
4(179 180 251 250)
4(39 110 252 181)
4(180 181 252 251)
4(40 111 253 182)
4(181 182 253 252)
4(41 112 254 183)
4(182 183 254 253)
4(42 113 255 184)
4(183 184 255 254)
4(43 114 256 185)
4(184 185 256 255)
4(44 115 257 186)
4(185 186 257 256)
4(45 116 258 187)
4(186 187 258 257)
4(46 117 259 188)
4(187 188 259 258)
4(47 118 260 189)
4(188 189 260 259)
4(48 119 261 190)
4(189 190 261 260)
4(49 120 262 191)
4(190 191 262 261)
4(50 121 263 192)
4(191 192 263 262)
4(51 122 264 193)
4(192 193 264 263)
4(52 123 265 194)
4(193 194 265 264)
4(53 124 266 195)
4(194 195 266 265)
4(54 125 267 196)
4(195 196 267 266)
4(55 126 268 197)
4(196 197 268 267)
4(56 127 269 198)
4(197 198 269 268)
4(57 128 270 199)
4(198 199 270 269)
4(58 129 271 200)
4(199 200 271 270)
4(59 130 272 201)
4(200 201 272 271)
4(60 131 273 202)
4(201 202 273 272)
4(61 132 274 203)
4(202 203 274 273)
4(62 133 275 204)
4(203 204 275 274)
4(63 134 276 205)
4(204 205 276 275)
4(64 135 277 206)
4(205 206 277 276)
4(65 136 278 207)
4(206 207 278 277)
4(66 137 279 208)
4(207 208 279 278)
4(67 138 280 209)
4(208 209 280 279)
4(68 139 281 210)
4(209 210 281 280)
4(69 140 282 211)
4(210 211 282 281)
4(211 212 283 282)
4(143 214 356 285)
4(284 285 356 355)
4(144 215 357 286)
4(285 286 357 356)
4(145 216 358 287)
4(286 287 358 357)
4(146 217 359 288)
4(287 288 359 358)
4(147 218 360 289)
4(288 289 360 359)
4(148 219 361 290)
4(289 290 361 360)
4(149 220 362 291)
4(290 291 362 361)
4(150 221 363 292)
4(291 292 363 362)
4(151 222 364 293)
4(292 293 364 363)
4(152 223 365 294)
4(293 294 365 364)
4(153 224 366 295)
4(294 295 366 365)
4(154 225 367 296)
4(295 296 367 366)
4(155 226 368 297)
4(296 297 368 367)
4(156 227 369 298)
4(297 298 369 368)
4(157 228 370 299)
4(298 299 370 369)
4(158 229 371 300)
4(299 300 371 370)
4(159 230 372 301)
4(300 301 372 371)
4(160 231 373 302)
4(301 302 373 372)
4(161 232 374 303)
4(302 303 374 373)
4(162 233 375 304)
4(303 304 375 374)
4(163 234 376 305)
4(304 305 376 375)
4(164 235 377 306)
4(305 306 377 376)
4(165 236 378 307)
4(306 307 378 377)
4(166 237 379 308)
4(307 308 379 378)
4(167 238 380 309)
4(308 309 380 379)
4(168 239 381 310)
4(309 310 381 380)
4(169 240 382 311)
4(310 311 382 381)
4(170 241 383 312)
4(311 312 383 382)
4(171 242 384 313)
4(312 313 384 383)
4(172 243 385 314)
4(313 314 385 384)
4(173 244 386 315)
4(314 315 386 385)
4(174 245 387 316)
4(315 316 387 386)
4(175 246 388 317)
4(316 317 388 387)
4(176 247 389 318)
4(317 318 389 388)
4(177 248 390 319)
4(318 319 390 389)
4(178 249 391 320)
4(319 320 391 390)
4(179 250 392 321)
4(320 321 392 391)
4(180 251 393 322)
4(321 322 393 392)
4(181 252 394 323)
4(322 323 394 393)
4(182 253 395 324)
4(323 324 395 394)
4(183 254 396 325)
4(324 325 396 395)
4(184 255 397 326)
4(325 326 397 396)
4(185 256 398 327)
4(326 327 398 397)
4(186 257 399 328)
4(327 328 399 398)
4(187 258 400 329)
4(328 329 400 399)
4(188 259 401 330)
4(329 330 401 400)
4(189 260 402 331)
4(330 331 402 401)
4(190 261 403 332)
4(331 332 403 402)
4(191 262 404 333)
4(332 333 404 403)
4(192 263 405 334)
4(333 334 405 404)
4(193 264 406 335)
4(334 335 406 405)
4(194 265 407 336)
4(335 336 407 406)
4(195 266 408 337)
4(336 337 408 407)
4(196 267 409 338)
4(337 338 409 408)
4(197 268 410 339)
4(338 339 410 409)
4(198 269 411 340)
4(339 340 411 410)
4(199 270 412 341)
4(340 341 412 411)
4(200 271 413 342)
4(341 342 413 412)
4(201 272 414 343)
4(342 343 414 413)
4(202 273 415 344)
4(343 344 415 414)
4(203 274 416 345)
4(344 345 416 415)
4(204 275 417 346)
4(345 346 417 416)
4(205 276 418 347)
4(346 347 418 417)
4(206 277 419 348)
4(347 348 419 418)
4(207 278 420 349)
4(348 349 420 419)
4(208 279 421 350)
4(349 350 421 420)
4(209 280 422 351)
4(350 351 422 421)
4(210 281 423 352)
4(351 352 423 422)
4(211 282 424 353)
4(352 353 424 423)
4(353 354 425 424)
4(285 356 498 427)
4(426 427 498 497)
4(286 357 499 428)
4(427 428 499 498)
4(287 358 500 429)
4(428 429 500 499)
4(288 359 501 430)
4(429 430 501 500)
4(289 360 502 431)
4(430 431 502 501)
4(290 361 503 432)
4(431 432 503 502)
4(291 362 504 433)
4(432 433 504 503)
4(292 363 505 434)
4(433 434 505 504)
4(293 364 506 435)
4(434 435 506 505)
4(294 365 507 436)
4(435 436 507 506)
4(295 366 508 437)
4(436 437 508 507)
4(296 367 509 438)
4(437 438 509 508)
4(297 368 510 439)
4(438 439 510 509)
4(298 369 511 440)
4(439 440 511 510)
4(299 370 512 441)
4(440 441 512 511)
4(300 371 513 442)
4(441 442 513 512)
4(301 372 514 443)
4(442 443 514 513)
4(302 373 515 444)
4(443 444 515 514)
4(303 374 516 445)
4(444 445 516 515)
4(304 375 517 446)
4(445 446 517 516)
4(305 376 518 447)
4(446 447 518 517)
4(306 377 519 448)
4(447 448 519 518)
4(307 378 520 449)
4(448 449 520 519)
4(308 379 521 450)
4(449 450 521 520)
4(309 380 522 451)
4(450 451 522 521)
4(310 381 523 452)
4(451 452 523 522)
4(311 382 524 453)
4(452 453 524 523)
4(312 383 525 454)
4(453 454 525 524)
4(313 384 526 455)
4(454 455 526 525)
4(314 385 527 456)
4(455 456 527 526)
4(315 386 528 457)
4(456 457 528 527)
4(316 387 529 458)
4(457 458 529 528)
4(317 388 530 459)
4(458 459 530 529)
4(318 389 531 460)
4(459 460 531 530)
4(319 390 532 461)
4(460 461 532 531)
4(320 391 533 462)
4(461 462 533 532)
4(321 392 534 463)
4(462 463 534 533)
4(322 393 535 464)
4(463 464 535 534)
4(323 394 536 465)
4(464 465 536 535)
4(324 395 537 466)
4(465 466 537 536)
4(325 396 538 467)
4(466 467 538 537)
4(326 397 539 468)
4(467 468 539 538)
4(327 398 540 469)
4(468 469 540 539)
4(328 399 541 470)
4(469 470 541 540)
4(329 400 542 471)
4(470 471 542 541)
4(330 401 543 472)
4(471 472 543 542)
4(331 402 544 473)
4(472 473 544 543)
4(332 403 545 474)
4(473 474 545 544)
4(333 404 546 475)
4(474 475 546 545)
4(334 405 547 476)
4(475 476 547 546)
4(335 406 548 477)
4(476 477 548 547)
4(336 407 549 478)
4(477 478 549 548)
4(337 408 550 479)
4(478 479 550 549)
4(338 409 551 480)
4(479 480 551 550)
4(339 410 552 481)
4(480 481 552 551)
4(340 411 553 482)
4(481 482 553 552)
4(341 412 554 483)
4(482 483 554 553)
4(342 413 555 484)
4(483 484 555 554)
4(343 414 556 485)
4(484 485 556 555)
4(344 415 557 486)
4(485 486 557 556)
4(345 416 558 487)
4(486 487 558 557)
4(346 417 559 488)
4(487 488 559 558)
4(347 418 560 489)
4(488 489 560 559)
4(348 419 561 490)
4(489 490 561 560)
4(349 420 562 491)
4(490 491 562 561)
4(350 421 563 492)
4(491 492 563 562)
4(351 422 564 493)
4(492 493 564 563)
4(352 423 565 494)
4(493 494 565 564)
4(353 424 566 495)
4(494 495 566 565)
4(495 496 567 566)
4(427 498 640 569)
4(568 569 640 639)
4(428 499 641 570)
4(569 570 641 640)
4(429 500 642 571)
4(570 571 642 641)
4(430 501 643 572)
4(571 572 643 642)
4(431 502 644 573)
4(572 573 644 643)
4(432 503 645 574)
4(573 574 645 644)
4(433 504 646 575)
4(574 575 646 645)
4(434 505 647 576)
4(575 576 647 646)
4(435 506 648 577)
4(576 577 648 647)
4(436 507 649 578)
4(577 578 649 648)
4(437 508 650 579)
4(578 579 650 649)
4(438 509 651 580)
4(579 580 651 650)
4(439 510 652 581)
4(580 581 652 651)
4(440 511 653 582)
4(581 582 653 652)
4(441 512 654 583)
4(582 583 654 653)
4(442 513 655 584)
4(583 584 655 654)
4(443 514 656 585)
4(584 585 656 655)
4(444 515 657 586)
4(585 586 657 656)
4(445 516 658 587)
4(586 587 658 657)
4(446 517 659 588)
4(587 588 659 658)
4(447 518 660 589)
4(588 589 660 659)
4(448 519 661 590)
4(589 590 661 660)
4(449 520 662 591)
4(590 591 662 661)
4(450 521 663 592)
4(591 592 663 662)
4(451 522 664 593)
4(592 593 664 663)
4(452 523 665 594)
4(593 594 665 664)
4(453 524 666 595)
4(594 595 666 665)
4(454 525 667 596)
4(595 596 667 666)
4(455 526 668 597)
4(596 597 668 667)
4(456 527 669 598)
4(597 598 669 668)
4(457 528 670 599)
4(598 599 670 669)
4(458 529 671 600)
4(599 600 671 670)
4(459 530 672 601)
4(600 601 672 671)
4(460 531 673 602)
4(601 602 673 672)
4(461 532 674 603)
4(602 603 674 673)
4(462 533 675 604)
4(603 604 675 674)
4(463 534 676 605)
4(604 605 676 675)
4(464 535 677 606)
4(605 606 677 676)
4(465 536 678 607)
4(606 607 678 677)
4(466 537 679 608)
4(607 608 679 678)
4(467 538 680 609)
4(608 609 680 679)
4(468 539 681 610)
4(609 610 681 680)
4(469 540 682 611)
4(610 611 682 681)
4(470 541 683 612)
4(611 612 683 682)
4(471 542 684 613)
4(612 613 684 683)
4(472 543 685 614)
4(613 614 685 684)
4(473 544 686 615)
4(614 615 686 685)
4(474 545 687 616)
4(615 616 687 686)
4(475 546 688 617)
4(616 617 688 687)
4(476 547 689 618)
4(617 618 689 688)
4(477 548 690 619)
4(618 619 690 689)
4(478 549 691 620)
4(619 620 691 690)
4(479 550 692 621)
4(620 621 692 691)
4(480 551 693 622)
4(621 622 693 692)
4(481 552 694 623)
4(622 623 694 693)
4(482 553 695 624)
4(623 624 695 694)
4(483 554 696 625)
4(624 625 696 695)
4(484 555 697 626)
4(625 626 697 696)
4(485 556 698 627)
4(626 627 698 697)
4(486 557 699 628)
4(627 628 699 698)
4(487 558 700 629)
4(628 629 700 699)
4(488 559 701 630)
4(629 630 701 700)
4(489 560 702 631)
4(630 631 702 701)
4(490 561 703 632)
4(631 632 703 702)
4(491 562 704 633)
4(632 633 704 703)
4(492 563 705 634)
4(633 634 705 704)
4(493 564 706 635)
4(634 635 706 705)
4(494 565 707 636)
4(635 636 707 706)
4(495 566 708 637)
4(636 637 708 707)
4(637 638 709 708)
4(569 640 782 711)
4(710 711 782 781)
4(570 641 783 712)
4(711 712 783 782)
4(571 642 784 713)
4(712 713 784 783)
4(572 643 785 714)
4(713 714 785 784)
4(573 644 786 715)
4(714 715 786 785)
4(574 645 787 716)
4(715 716 787 786)
4(575 646 788 717)
4(716 717 788 787)
4(576 647 789 718)
4(717 718 789 788)
4(577 648 790 719)
4(718 719 790 789)
4(578 649 791 720)
4(719 720 791 790)
4(579 650 792 721)
4(720 721 792 791)
4(580 651 793 722)
4(721 722 793 792)
4(581 652 794 723)
4(722 723 794 793)
4(582 653 795 724)
4(723 724 795 794)
4(583 654 796 725)
4(724 725 796 795)
4(584 655 797 726)
4(725 726 797 796)
4(585 656 798 727)
4(726 727 798 797)
4(586 657 799 728)
4(727 728 799 798)
4(587 658 800 729)
4(728 729 800 799)
4(588 659 801 730)
4(729 730 801 800)
4(589 660 802 731)
4(730 731 802 801)
4(590 661 803 732)
4(731 732 803 802)
4(591 662 804 733)
4(732 733 804 803)
4(592 663 805 734)
4(733 734 805 804)
4(593 664 806 735)
4(734 735 806 805)
4(594 665 807 736)
4(735 736 807 806)
4(595 666 808 737)
4(736 737 808 807)
4(596 667 809 738)
4(737 738 809 808)
4(597 668 810 739)
4(738 739 810 809)
4(598 669 811 740)
4(739 740 811 810)
4(599 670 812 741)
4(740 741 812 811)
4(600 671 813 742)
4(741 742 813 812)
4(601 672 814 743)
4(742 743 814 813)
4(602 673 815 744)
4(743 744 815 814)
4(603 674 816 745)
4(744 745 816 815)
4(604 675 817 746)
4(745 746 817 816)
4(605 676 818 747)
4(746 747 818 817)
4(606 677 819 748)
4(747 748 819 818)
4(607 678 820 749)
4(748 749 820 819)
4(608 679 821 750)
4(749 750 821 820)
4(609 680 822 751)
4(750 751 822 821)
4(610 681 823 752)
4(751 752 823 822)
4(611 682 824 753)
4(752 753 824 823)
4(612 683 825 754)
4(753 754 825 824)
4(613 684 826 755)
4(754 755 826 825)
4(614 685 827 756)
4(755 756 827 826)
4(615 686 828 757)
4(756 757 828 827)
4(616 687 829 758)
4(757 758 829 828)
4(617 688 830 759)
4(758 759 830 829)
4(618 689 831 760)
4(759 760 831 830)
4(619 690 832 761)
4(760 761 832 831)
4(620 691 833 762)
4(761 762 833 832)
4(621 692 834 763)
4(762 763 834 833)
4(622 693 835 764)
4(763 764 835 834)
4(623 694 836 765)
4(764 765 836 835)
4(624 695 837 766)
4(765 766 837 836)
4(625 696 838 767)
4(766 767 838 837)
4(626 697 839 768)
4(767 768 839 838)
4(627 698 840 769)
4(768 769 840 839)
4(628 699 841 770)
4(769 770 841 840)
4(629 700 842 771)
4(770 771 842 841)
4(630 701 843 772)
4(771 772 843 842)
4(631 702 844 773)
4(772 773 844 843)
4(632 703 845 774)
4(773 774 845 844)
4(633 704 846 775)
4(774 775 846 845)
4(634 705 847 776)
4(775 776 847 846)
4(635 706 848 777)
4(776 777 848 847)
4(636 707 849 778)
4(777 778 849 848)
4(637 708 850 779)
4(778 779 850 849)
4(779 780 851 850)
4(711 782 924 853)
4(852 853 924 923)
4(712 783 925 854)
4(853 854 925 924)
4(713 784 926 855)
4(854 855 926 925)
4(714 785 927 856)
4(855 856 927 926)
4(715 786 928 857)
4(856 857 928 927)
4(716 787 929 858)
4(857 858 929 928)
4(717 788 930 859)
4(858 859 930 929)
4(718 789 931 860)
4(859 860 931 930)
4(719 790 932 861)
4(860 861 932 931)
4(720 791 933 862)
4(861 862 933 932)
4(721 792 934 863)
4(862 863 934 933)
4(722 793 935 864)
4(863 864 935 934)
4(723 794 936 865)
4(864 865 936 935)
4(724 795 937 866)
4(865 866 937 936)
4(725 796 938 867)
4(866 867 938 937)
4(726 797 939 868)
4(867 868 939 938)
4(727 798 940 869)
4(868 869 940 939)
4(728 799 941 870)
4(869 870 941 940)
4(729 800 942 871)
4(870 871 942 941)
4(730 801 943 872)
4(871 872 943 942)
4(731 802 944 873)
4(872 873 944 943)
4(732 803 945 874)
4(873 874 945 944)
4(733 804 946 875)
4(874 875 946 945)
4(734 805 947 876)
4(875 876 947 946)
4(735 806 948 877)
4(876 877 948 947)
4(736 807 949 878)
4(877 878 949 948)
4(737 808 950 879)
4(878 879 950 949)
4(738 809 951 880)
4(879 880 951 950)
4(739 810 952 881)
4(880 881 952 951)
4(740 811 953 882)
4(881 882 953 952)
4(741 812 954 883)
4(882 883 954 953)
4(742 813 955 884)
4(883 884 955 954)
4(743 814 956 885)
4(884 885 956 955)
4(744 815 957 886)
4(885 886 957 956)
4(745 816 958 887)
4(886 887 958 957)
4(746 817 959 888)
4(887 888 959 958)
4(747 818 960 889)
4(888 889 960 959)
4(748 819 961 890)
4(889 890 961 960)
4(749 820 962 891)
4(890 891 962 961)
4(750 821 963 892)
4(891 892 963 962)
4(751 822 964 893)
4(892 893 964 963)
4(752 823 965 894)
4(893 894 965 964)
4(753 824 966 895)
4(894 895 966 965)
4(754 825 967 896)
4(895 896 967 966)
4(755 826 968 897)
4(896 897 968 967)
4(756 827 969 898)
4(897 898 969 968)
4(757 828 970 899)
4(898 899 970 969)
4(758 829 971 900)
4(899 900 971 970)
4(759 830 972 901)
4(900 901 972 971)
4(760 831 973 902)
4(901 902 973 972)
4(761 832 974 903)
4(902 903 974 973)
4(762 833 975 904)
4(903 904 975 974)
4(763 834 976 905)
4(904 905 976 975)
4(764 835 977 906)
4(905 906 977 976)
4(765 836 978 907)
4(906 907 978 977)
4(766 837 979 908)
4(907 908 979 978)
4(767 838 980 909)
4(908 909 980 979)
4(768 839 981 910)
4(909 910 981 980)
4(769 840 982 911)
4(910 911 982 981)
4(770 841 983 912)
4(911 912 983 982)
4(771 842 984 913)
4(912 913 984 983)
4(772 843 985 914)
4(913 914 985 984)
4(773 844 986 915)
4(914 915 986 985)
4(774 845 987 916)
4(915 916 987 986)
4(775 846 988 917)
4(916 917 988 987)
4(776 847 989 918)
4(917 918 989 988)
4(777 848 990 919)
4(918 919 990 989)
4(778 849 991 920)
4(919 920 991 990)
4(779 850 992 921)
4(920 921 992 991)
4(921 922 993 992)
4(853 924 1066 995)
4(994 995 1066 1065)
4(854 925 1067 996)
4(995 996 1067 1066)
4(855 926 1068 997)
4(996 997 1068 1067)
4(856 927 1069 998)
4(997 998 1069 1068)
4(857 928 1070 999)
4(998 999 1070 1069)
4(858 929 1071 1000)
4(999 1000 1071 1070)
4(859 930 1072 1001)
4(1000 1001 1072 1071)
4(860 931 1073 1002)
4(1001 1002 1073 1072)
4(861 932 1074 1003)
4(1002 1003 1074 1073)
4(862 933 1075 1004)
4(1003 1004 1075 1074)
4(863 934 1076 1005)
4(1004 1005 1076 1075)
4(864 935 1077 1006)
4(1005 1006 1077 1076)
4(865 936 1078 1007)
4(1006 1007 1078 1077)
4(866 937 1079 1008)
4(1007 1008 1079 1078)
4(867 938 1080 1009)
4(1008 1009 1080 1079)
4(868 939 1081 1010)
4(1009 1010 1081 1080)
4(869 940 1082 1011)
4(1010 1011 1082 1081)
4(870 941 1083 1012)
4(1011 1012 1083 1082)
4(871 942 1084 1013)
4(1012 1013 1084 1083)
4(872 943 1085 1014)
4(1013 1014 1085 1084)
4(873 944 1086 1015)
4(1014 1015 1086 1085)
4(874 945 1087 1016)
4(1015 1016 1087 1086)
4(875 946 1088 1017)
4(1016 1017 1088 1087)
4(876 947 1089 1018)
4(1017 1018 1089 1088)
4(877 948 1090 1019)
4(1018 1019 1090 1089)
4(878 949 1091 1020)
4(1019 1020 1091 1090)
4(879 950 1092 1021)
4(1020 1021 1092 1091)
4(880 951 1093 1022)
4(1021 1022 1093 1092)
4(881 952 1094 1023)
4(1022 1023 1094 1093)
4(882 953 1095 1024)
4(1023 1024 1095 1094)
4(883 954 1096 1025)
4(1024 1025 1096 1095)
4(884 955 1097 1026)
4(1025 1026 1097 1096)
4(885 956 1098 1027)
4(1026 1027 1098 1097)
4(886 957 1099 1028)
4(1027 1028 1099 1098)
4(887 958 1100 1029)
4(1028 1029 1100 1099)
4(888 959 1101 1030)
4(1029 1030 1101 1100)
4(889 960 1102 1031)
4(1030 1031 1102 1101)
4(890 961 1103 1032)
4(1031 1032 1103 1102)
4(891 962 1104 1033)
4(1032 1033 1104 1103)
4(892 963 1105 1034)
4(1033 1034 1105 1104)
4(893 964 1106 1035)
4(1034 1035 1106 1105)
4(894 965 1107 1036)
4(1035 1036 1107 1106)
4(895 966 1108 1037)
4(1036 1037 1108 1107)
4(896 967 1109 1038)
4(1037 1038 1109 1108)
4(897 968 1110 1039)
4(1038 1039 1110 1109)
4(898 969 1111 1040)
4(1039 1040 1111 1110)
4(899 970 1112 1041)
4(1040 1041 1112 1111)
4(900 971 1113 1042)
4(1041 1042 1113 1112)
4(901 972 1114 1043)
4(1042 1043 1114 1113)
4(902 973 1115 1044)
4(1043 1044 1115 1114)
4(903 974 1116 1045)
4(1044 1045 1116 1115)
4(904 975 1117 1046)
4(1045 1046 1117 1116)
4(905 976 1118 1047)
4(1046 1047 1118 1117)
4(906 977 1119 1048)
4(1047 1048 1119 1118)
4(907 978 1120 1049)
4(1048 1049 1120 1119)
4(908 979 1121 1050)
4(1049 1050 1121 1120)
4(909 980 1122 1051)
4(1050 1051 1122 1121)
4(910 981 1123 1052)
4(1051 1052 1123 1122)
4(911 982 1124 1053)
4(1052 1053 1124 1123)
4(912 983 1125 1054)
4(1053 1054 1125 1124)
4(913 984 1126 1055)
4(1054 1055 1126 1125)
4(914 985 1127 1056)
4(1055 1056 1127 1126)
4(915 986 1128 1057)
4(1056 1057 1128 1127)
4(916 987 1129 1058)
4(1057 1058 1129 1128)
4(917 988 1130 1059)
4(1058 1059 1130 1129)
4(918 989 1131 1060)
4(1059 1060 1131 1130)
4(919 990 1132 1061)
4(1060 1061 1132 1131)
4(920 991 1133 1062)
4(1061 1062 1133 1132)
4(921 992 1134 1063)
4(1062 1063 1134 1133)
4(1063 1064 1135 1134)
4(995 1066 1208 1137)
4(1136 1137 1208 1207)
4(996 1067 1209 1138)
4(1137 1138 1209 1208)
4(997 1068 1210 1139)
4(1138 1139 1210 1209)
4(998 1069 1211 1140)
4(1139 1140 1211 1210)
4(999 1070 1212 1141)
4(1140 1141 1212 1211)
4(1000 1071 1213 1142)
4(1141 1142 1213 1212)
4(1001 1072 1214 1143)
4(1142 1143 1214 1213)
4(1002 1073 1215 1144)
4(1143 1144 1215 1214)
4(1003 1074 1216 1145)
4(1144 1145 1216 1215)
4(1004 1075 1217 1146)
4(1145 1146 1217 1216)
4(1005 1076 1218 1147)
4(1146 1147 1218 1217)
4(1006 1077 1219 1148)
4(1147 1148 1219 1218)
4(1007 1078 1220 1149)
4(1148 1149 1220 1219)
4(1008 1079 1221 1150)
4(1149 1150 1221 1220)
4(1009 1080 1222 1151)
4(1150 1151 1222 1221)
4(1010 1081 1223 1152)
4(1151 1152 1223 1222)
4(1011 1082 1224 1153)
4(1152 1153 1224 1223)
4(1012 1083 1225 1154)
4(1153 1154 1225 1224)
4(1013 1084 1226 1155)
4(1154 1155 1226 1225)
4(1014 1085 1227 1156)
4(1155 1156 1227 1226)
4(1015 1086 1228 1157)
4(1156 1157 1228 1227)
4(1016 1087 1229 1158)
4(1157 1158 1229 1228)
4(1017 1088 1230 1159)
4(1158 1159 1230 1229)
4(1018 1089 1231 1160)
4(1159 1160 1231 1230)
4(1019 1090 1232 1161)
4(1160 1161 1232 1231)
4(1020 1091 1233 1162)
4(1161 1162 1233 1232)
4(1021 1092 1234 1163)
4(1162 1163 1234 1233)
4(1022 1093 1235 1164)
4(1163 1164 1235 1234)
4(1023 1094 1236 1165)
4(1164 1165 1236 1235)
4(1024 1095 1237 1166)
4(1165 1166 1237 1236)
4(1025 1096 1238 1167)
4(1166 1167 1238 1237)
4(1026 1097 1239 1168)
4(1167 1168 1239 1238)
4(1027 1098 1240 1169)
4(1168 1169 1240 1239)
4(1028 1099 1241 1170)
4(1169 1170 1241 1240)
4(1029 1100 1242 1171)
4(1170 1171 1242 1241)
4(1030 1101 1243 1172)
4(1171 1172 1243 1242)
4(1031 1102 1244 1173)
4(1172 1173 1244 1243)
4(1032 1103 1245 1174)
4(1173 1174 1245 1244)
4(1033 1104 1246 1175)
4(1174 1175 1246 1245)
4(1034 1105 1247 1176)
4(1175 1176 1247 1246)
4(1035 1106 1248 1177)
4(1176 1177 1248 1247)
4(1036 1107 1249 1178)
4(1177 1178 1249 1248)
4(1037 1108 1250 1179)
4(1178 1179 1250 1249)
4(1038 1109 1251 1180)
4(1179 1180 1251 1250)
4(1039 1110 1252 1181)
4(1180 1181 1252 1251)
4(1040 1111 1253 1182)
4(1181 1182 1253 1252)
4(1041 1112 1254 1183)
4(1182 1183 1254 1253)
4(1042 1113 1255 1184)
4(1183 1184 1255 1254)
4(1043 1114 1256 1185)
4(1184 1185 1256 1255)
4(1044 1115 1257 1186)
4(1185 1186 1257 1256)
4(1045 1116 1258 1187)
4(1186 1187 1258 1257)
4(1046 1117 1259 1188)
4(1187 1188 1259 1258)
4(1047 1118 1260 1189)
4(1188 1189 1260 1259)
4(1048 1119 1261 1190)
4(1189 1190 1261 1260)
4(1049 1120 1262 1191)
4(1190 1191 1262 1261)
4(1050 1121 1263 1192)
4(1191 1192 1263 1262)
4(1051 1122 1264 1193)
4(1192 1193 1264 1263)
4(1052 1123 1265 1194)
4(1193 1194 1265 1264)
4(1053 1124 1266 1195)
4(1194 1195 1266 1265)
4(1054 1125 1267 1196)
4(1195 1196 1267 1266)
4(1055 1126 1268 1197)
4(1196 1197 1268 1267)
4(1056 1127 1269 1198)
4(1197 1198 1269 1268)
4(1057 1128 1270 1199)
4(1198 1199 1270 1269)
4(1058 1129 1271 1200)
4(1199 1200 1271 1270)
4(1059 1130 1272 1201)
4(1200 1201 1272 1271)
4(1060 1131 1273 1202)
4(1201 1202 1273 1272)
4(1061 1132 1274 1203)
4(1202 1203 1274 1273)
4(1062 1133 1275 1204)
4(1203 1204 1275 1274)
4(1063 1134 1276 1205)
4(1204 1205 1276 1275)
4(1205 1206 1277 1276)
4(1137 1208 1350 1279)
4(1278 1279 1350 1349)
4(1138 1209 1351 1280)
4(1279 1280 1351 1350)
4(1139 1210 1352 1281)
4(1280 1281 1352 1351)
4(1140 1211 1353 1282)
4(1281 1282 1353 1352)
4(1141 1212 1354 1283)
4(1282 1283 1354 1353)
4(1142 1213 1355 1284)
4(1283 1284 1355 1354)
4(1143 1214 1356 1285)
4(1284 1285 1356 1355)
4(1144 1215 1357 1286)
4(1285 1286 1357 1356)
4(1145 1216 1358 1287)
4(1286 1287 1358 1357)
4(1146 1217 1359 1288)
4(1287 1288 1359 1358)
4(1147 1218 1360 1289)
4(1288 1289 1360 1359)
4(1148 1219 1361 1290)
4(1289 1290 1361 1360)
4(1149 1220 1362 1291)
4(1290 1291 1362 1361)
4(1150 1221 1363 1292)
4(1291 1292 1363 1362)
4(1151 1222 1364 1293)
4(1292 1293 1364 1363)
4(1152 1223 1365 1294)
4(1293 1294 1365 1364)
4(1153 1224 1366 1295)
4(1294 1295 1366 1365)
4(1154 1225 1367 1296)
4(1295 1296 1367 1366)
4(1155 1226 1368 1297)
4(1296 1297 1368 1367)
4(1156 1227 1369 1298)
4(1297 1298 1369 1368)
4(1157 1228 1370 1299)
4(1298 1299 1370 1369)
4(1158 1229 1371 1300)
4(1299 1300 1371 1370)
4(1159 1230 1372 1301)
4(1300 1301 1372 1371)
4(1160 1231 1373 1302)
4(1301 1302 1373 1372)
4(1161 1232 1374 1303)
4(1302 1303 1374 1373)
4(1162 1233 1375 1304)
4(1303 1304 1375 1374)
4(1163 1234 1376 1305)
4(1304 1305 1376 1375)
4(1164 1235 1377 1306)
4(1305 1306 1377 1376)
4(1165 1236 1378 1307)
4(1306 1307 1378 1377)
4(1166 1237 1379 1308)
4(1307 1308 1379 1378)
4(1167 1238 1380 1309)
4(1308 1309 1380 1379)
4(1168 1239 1381 1310)
4(1309 1310 1381 1380)
4(1169 1240 1382 1311)
4(1310 1311 1382 1381)
4(1170 1241 1383 1312)
4(1311 1312 1383 1382)
4(1171 1242 1384 1313)
4(1312 1313 1384 1383)
4(1172 1243 1385 1314)
4(1313 1314 1385 1384)
4(1173 1244 1386 1315)
4(1314 1315 1386 1385)
4(1174 1245 1387 1316)
4(1315 1316 1387 1386)
4(1175 1246 1388 1317)
4(1316 1317 1388 1387)
4(1176 1247 1389 1318)
4(1317 1318 1389 1388)
4(1177 1248 1390 1319)
4(1318 1319 1390 1389)
4(1178 1249 1391 1320)
4(1319 1320 1391 1390)
4(1179 1250 1392 1321)
4(1320 1321 1392 1391)
4(1180 1251 1393 1322)
4(1321 1322 1393 1392)
4(1181 1252 1394 1323)
4(1322 1323 1394 1393)
4(1182 1253 1395 1324)
4(1323 1324 1395 1394)
4(1183 1254 1396 1325)
4(1324 1325 1396 1395)
4(1184 1255 1397 1326)
4(1325 1326 1397 1396)
4(1185 1256 1398 1327)
4(1326 1327 1398 1397)
4(1186 1257 1399 1328)
4(1327 1328 1399 1398)
4(1187 1258 1400 1329)
4(1328 1329 1400 1399)
4(1188 1259 1401 1330)
4(1329 1330 1401 1400)
4(1189 1260 1402 1331)
4(1330 1331 1402 1401)
4(1190 1261 1403 1332)
4(1331 1332 1403 1402)
4(1191 1262 1404 1333)
4(1332 1333 1404 1403)
4(1192 1263 1405 1334)
4(1333 1334 1405 1404)
4(1193 1264 1406 1335)
4(1334 1335 1406 1405)
4(1194 1265 1407 1336)
4(1335 1336 1407 1406)
4(1195 1266 1408 1337)
4(1336 1337 1408 1407)
4(1196 1267 1409 1338)
4(1337 1338 1409 1408)
4(1197 1268 1410 1339)
4(1338 1339 1410 1409)
4(1198 1269 1411 1340)
4(1339 1340 1411 1410)
4(1199 1270 1412 1341)
4(1340 1341 1412 1411)
4(1200 1271 1413 1342)
4(1341 1342 1413 1412)
4(1201 1272 1414 1343)
4(1342 1343 1414 1413)
4(1202 1273 1415 1344)
4(1343 1344 1415 1414)
4(1203 1274 1416 1345)
4(1344 1345 1416 1415)
4(1204 1275 1417 1346)
4(1345 1346 1417 1416)
4(1205 1276 1418 1347)
4(1346 1347 1418 1417)
4(1347 1348 1419 1418)
4(1279 1350 1492 1421)
4(1420 1421 1492 1491)
4(1280 1351 1493 1422)
4(1421 1422 1493 1492)
4(1281 1352 1494 1423)
4(1422 1423 1494 1493)
4(1282 1353 1495 1424)
4(1423 1424 1495 1494)
4(1283 1354 1496 1425)
4(1424 1425 1496 1495)
4(1284 1355 1497 1426)
4(1425 1426 1497 1496)
4(1285 1356 1498 1427)
4(1426 1427 1498 1497)
4(1286 1357 1499 1428)
4(1427 1428 1499 1498)
4(1287 1358 1500 1429)
4(1428 1429 1500 1499)
4(1288 1359 1501 1430)
4(1429 1430 1501 1500)
4(1289 1360 1502 1431)
4(1430 1431 1502 1501)
4(1290 1361 1503 1432)
4(1431 1432 1503 1502)
4(1291 1362 1504 1433)
4(1432 1433 1504 1503)
4(1292 1363 1505 1434)
4(1433 1434 1505 1504)
4(1293 1364 1506 1435)
4(1434 1435 1506 1505)
4(1294 1365 1507 1436)
4(1435 1436 1507 1506)
4(1295 1366 1508 1437)
4(1436 1437 1508 1507)
4(1296 1367 1509 1438)
4(1437 1438 1509 1508)
4(1297 1368 1510 1439)
4(1438 1439 1510 1509)
4(1298 1369 1511 1440)
4(1439 1440 1511 1510)
4(1299 1370 1512 1441)
4(1440 1441 1512 1511)
4(1300 1371 1513 1442)
4(1441 1442 1513 1512)
4(1301 1372 1514 1443)
4(1442 1443 1514 1513)
4(1302 1373 1515 1444)
4(1443 1444 1515 1514)
4(1303 1374 1516 1445)
4(1444 1445 1516 1515)
4(1304 1375 1517 1446)
4(1445 1446 1517 1516)
4(1305 1376 1518 1447)
4(1446 1447 1518 1517)
4(1306 1377 1519 1448)
4(1447 1448 1519 1518)
4(1307 1378 1520 1449)
4(1448 1449 1520 1519)
4(1308 1379 1521 1450)
4(1449 1450 1521 1520)
4(1309 1380 1522 1451)
4(1450 1451 1522 1521)
4(1310 1381 1523 1452)
4(1451 1452 1523 1522)
4(1311 1382 1524 1453)
4(1452 1453 1524 1523)
4(1312 1383 1525 1454)
4(1453 1454 1525 1524)
4(1313 1384 1526 1455)
4(1454 1455 1526 1525)
4(1314 1385 1527 1456)
4(1455 1456 1527 1526)
4(1315 1386 1528 1457)
4(1456 1457 1528 1527)
4(1316 1387 1529 1458)
4(1457 1458 1529 1528)
4(1317 1388 1530 1459)
4(1458 1459 1530 1529)
4(1318 1389 1531 1460)
4(1459 1460 1531 1530)
4(1319 1390 1532 1461)
4(1460 1461 1532 1531)
4(1320 1391 1533 1462)
4(1461 1462 1533 1532)
4(1321 1392 1534 1463)
4(1462 1463 1534 1533)
4(1322 1393 1535 1464)
4(1463 1464 1535 1534)
4(1323 1394 1536 1465)
4(1464 1465 1536 1535)
4(1324 1395 1537 1466)
4(1465 1466 1537 1536)
4(1325 1396 1538 1467)
4(1466 1467 1538 1537)
4(1326 1397 1539 1468)
4(1467 1468 1539 1538)
4(1327 1398 1540 1469)
4(1468 1469 1540 1539)
4(1328 1399 1541 1470)
4(1469 1470 1541 1540)
4(1329 1400 1542 1471)
4(1470 1471 1542 1541)
4(1330 1401 1543 1472)
4(1471 1472 1543 1542)
4(1331 1402 1544 1473)
4(1472 1473 1544 1543)
4(1332 1403 1545 1474)
4(1473 1474 1545 1544)
4(1333 1404 1546 1475)
4(1474 1475 1546 1545)
4(1334 1405 1547 1476)
4(1475 1476 1547 1546)
4(1335 1406 1548 1477)
4(1476 1477 1548 1547)
4(1336 1407 1549 1478)
4(1477 1478 1549 1548)
4(1337 1408 1550 1479)
4(1478 1479 1550 1549)
4(1338 1409 1551 1480)
4(1479 1480 1551 1550)
4(1339 1410 1552 1481)
4(1480 1481 1552 1551)
4(1340 1411 1553 1482)
4(1481 1482 1553 1552)
4(1341 1412 1554 1483)
4(1482 1483 1554 1553)
4(1342 1413 1555 1484)
4(1483 1484 1555 1554)
4(1343 1414 1556 1485)
4(1484 1485 1556 1555)
4(1344 1415 1557 1486)
4(1485 1486 1557 1556)
4(1345 1416 1558 1487)
4(1486 1487 1558 1557)
4(1346 1417 1559 1488)
4(1487 1488 1559 1558)
4(1347 1418 1560 1489)
4(1488 1489 1560 1559)
4(1489 1490 1561 1560)
4(1421 1492 1634 1563)
4(1562 1563 1634 1633)
4(1422 1493 1635 1564)
4(1563 1564 1635 1634)
4(1423 1494 1636 1565)
4(1564 1565 1636 1635)
4(1424 1495 1637 1566)
4(1565 1566 1637 1636)
4(1425 1496 1638 1567)
4(1566 1567 1638 1637)
4(1426 1497 1639 1568)
4(1567 1568 1639 1638)
4(1427 1498 1640 1569)
4(1568 1569 1640 1639)
4(1428 1499 1641 1570)
4(1569 1570 1641 1640)
4(1429 1500 1642 1571)
4(1570 1571 1642 1641)
4(1430 1501 1643 1572)
4(1571 1572 1643 1642)
4(1431 1502 1644 1573)
4(1572 1573 1644 1643)
4(1432 1503 1645 1574)
4(1573 1574 1645 1644)
4(1433 1504 1646 1575)
4(1574 1575 1646 1645)
4(1434 1505 1647 1576)
4(1575 1576 1647 1646)
4(1435 1506 1648 1577)
4(1576 1577 1648 1647)
4(1436 1507 1649 1578)
4(1577 1578 1649 1648)
4(1437 1508 1650 1579)
4(1578 1579 1650 1649)
4(1438 1509 1651 1580)
4(1579 1580 1651 1650)
4(1439 1510 1652 1581)
4(1580 1581 1652 1651)
4(1440 1511 1653 1582)
4(1581 1582 1653 1652)
4(1441 1512 1654 1583)
4(1582 1583 1654 1653)
4(1442 1513 1655 1584)
4(1583 1584 1655 1654)
4(1443 1514 1656 1585)
4(1584 1585 1656 1655)
4(1444 1515 1657 1586)
4(1585 1586 1657 1656)
4(1445 1516 1658 1587)
4(1586 1587 1658 1657)
4(1446 1517 1659 1588)
4(1587 1588 1659 1658)
4(1447 1518 1660 1589)
4(1588 1589 1660 1659)
4(1448 1519 1661 1590)
4(1589 1590 1661 1660)
4(1449 1520 1662 1591)
4(1590 1591 1662 1661)
4(1450 1521 1663 1592)
4(1591 1592 1663 1662)
4(1451 1522 1664 1593)
4(1592 1593 1664 1663)
4(1452 1523 1665 1594)
4(1593 1594 1665 1664)
4(1453 1524 1666 1595)
4(1594 1595 1666 1665)
4(1454 1525 1667 1596)
4(1595 1596 1667 1666)
4(1455 1526 1668 1597)
4(1596 1597 1668 1667)
4(1456 1527 1669 1598)
4(1597 1598 1669 1668)
4(1457 1528 1670 1599)
4(1598 1599 1670 1669)
4(1458 1529 1671 1600)
4(1599 1600 1671 1670)
4(1459 1530 1672 1601)
4(1600 1601 1672 1671)
4(1460 1531 1673 1602)
4(1601 1602 1673 1672)
4(1461 1532 1674 1603)
4(1602 1603 1674 1673)
4(1462 1533 1675 1604)
4(1603 1604 1675 1674)
4(1463 1534 1676 1605)
4(1604 1605 1676 1675)
4(1464 1535 1677 1606)
4(1605 1606 1677 1676)
4(1465 1536 1678 1607)
4(1606 1607 1678 1677)
4(1466 1537 1679 1608)
4(1607 1608 1679 1678)
4(1467 1538 1680 1609)
4(1608 1609 1680 1679)
4(1468 1539 1681 1610)
4(1609 1610 1681 1680)
4(1469 1540 1682 1611)
4(1610 1611 1682 1681)
4(1470 1541 1683 1612)
4(1611 1612 1683 1682)
4(1471 1542 1684 1613)
4(1612 1613 1684 1683)
4(1472 1543 1685 1614)
4(1613 1614 1685 1684)
4(1473 1544 1686 1615)
4(1614 1615 1686 1685)
4(1474 1545 1687 1616)
4(1615 1616 1687 1686)
4(1475 1546 1688 1617)
4(1616 1617 1688 1687)
4(1476 1547 1689 1618)
4(1617 1618 1689 1688)
4(1477 1548 1690 1619)
4(1618 1619 1690 1689)
4(1478 1549 1691 1620)
4(1619 1620 1691 1690)
4(1479 1550 1692 1621)
4(1620 1621 1692 1691)
4(1480 1551 1693 1622)
4(1621 1622 1693 1692)
4(1481 1552 1694 1623)
4(1622 1623 1694 1693)
4(1482 1553 1695 1624)
4(1623 1624 1695 1694)
4(1483 1554 1696 1625)
4(1624 1625 1696 1695)
4(1484 1555 1697 1626)
4(1625 1626 1697 1696)
4(1485 1556 1698 1627)
4(1626 1627 1698 1697)
4(1486 1557 1699 1628)
4(1627 1628 1699 1698)
4(1487 1558 1700 1629)
4(1628 1629 1700 1699)
4(1488 1559 1701 1630)
4(1629 1630 1701 1700)
4(1489 1560 1702 1631)
4(1630 1631 1702 1701)
4(1631 1632 1703 1702)
4(1563 1634 1776 1705)
4(1704 1705 1776 1775)
4(1564 1635 1777 1706)
4(1705 1706 1777 1776)
4(1565 1636 1778 1707)
4(1706 1707 1778 1777)
4(1566 1637 1779 1708)
4(1707 1708 1779 1778)
4(1567 1638 1780 1709)
4(1708 1709 1780 1779)
4(1568 1639 1781 1710)
4(1709 1710 1781 1780)
4(1569 1640 1782 1711)
4(1710 1711 1782 1781)
4(1570 1641 1783 1712)
4(1711 1712 1783 1782)
4(1571 1642 1784 1713)
4(1712 1713 1784 1783)
4(1572 1643 1785 1714)
4(1713 1714 1785 1784)
4(1573 1644 1786 1715)
4(1714 1715 1786 1785)
4(1574 1645 1787 1716)
4(1715 1716 1787 1786)
4(1575 1646 1788 1717)
4(1716 1717 1788 1787)
4(1576 1647 1789 1718)
4(1717 1718 1789 1788)
4(1577 1648 1790 1719)
4(1718 1719 1790 1789)
4(1578 1649 1791 1720)
4(1719 1720 1791 1790)
4(1579 1650 1792 1721)
4(1720 1721 1792 1791)
4(1580 1651 1793 1722)
4(1721 1722 1793 1792)
4(1581 1652 1794 1723)
4(1722 1723 1794 1793)
4(1582 1653 1795 1724)
4(1723 1724 1795 1794)
4(1583 1654 1796 1725)
4(1724 1725 1796 1795)
4(1584 1655 1797 1726)
4(1725 1726 1797 1796)
4(1585 1656 1798 1727)
4(1726 1727 1798 1797)
4(1586 1657 1799 1728)
4(1727 1728 1799 1798)
4(1587 1658 1800 1729)
4(1728 1729 1800 1799)
4(1588 1659 1801 1730)
4(1729 1730 1801 1800)
4(1589 1660 1802 1731)
4(1730 1731 1802 1801)
4(1590 1661 1803 1732)
4(1731 1732 1803 1802)
4(1591 1662 1804 1733)
4(1732 1733 1804 1803)
4(1592 1663 1805 1734)
4(1733 1734 1805 1804)
4(1593 1664 1806 1735)
4(1734 1735 1806 1805)
4(1594 1665 1807 1736)
4(1735 1736 1807 1806)
4(1595 1666 1808 1737)
4(1736 1737 1808 1807)
4(1596 1667 1809 1738)
4(1737 1738 1809 1808)
4(1597 1668 1810 1739)
4(1738 1739 1810 1809)
4(1598 1669 1811 1740)
4(1739 1740 1811 1810)
4(1599 1670 1812 1741)
4(1740 1741 1812 1811)
4(1600 1671 1813 1742)
4(1741 1742 1813 1812)
4(1601 1672 1814 1743)
4(1742 1743 1814 1813)
4(1602 1673 1815 1744)
4(1743 1744 1815 1814)
4(1603 1674 1816 1745)
4(1744 1745 1816 1815)
4(1604 1675 1817 1746)
4(1745 1746 1817 1816)
4(1605 1676 1818 1747)
4(1746 1747 1818 1817)
4(1606 1677 1819 1748)
4(1747 1748 1819 1818)
4(1607 1678 1820 1749)
4(1748 1749 1820 1819)
4(1608 1679 1821 1750)
4(1749 1750 1821 1820)
4(1609 1680 1822 1751)
4(1750 1751 1822 1821)
4(1610 1681 1823 1752)
4(1751 1752 1823 1822)
4(1611 1682 1824 1753)
4(1752 1753 1824 1823)
4(1612 1683 1825 1754)
4(1753 1754 1825 1824)
4(1613 1684 1826 1755)
4(1754 1755 1826 1825)
4(1614 1685 1827 1756)
4(1755 1756 1827 1826)
4(1615 1686 1828 1757)
4(1756 1757 1828 1827)
4(1616 1687 1829 1758)
4(1757 1758 1829 1828)
4(1617 1688 1830 1759)
4(1758 1759 1830 1829)
4(1618 1689 1831 1760)
4(1759 1760 1831 1830)
4(1619 1690 1832 1761)
4(1760 1761 1832 1831)
4(1620 1691 1833 1762)
4(1761 1762 1833 1832)
4(1621 1692 1834 1763)
4(1762 1763 1834 1833)
4(1622 1693 1835 1764)
4(1763 1764 1835 1834)
4(1623 1694 1836 1765)
4(1764 1765 1836 1835)
4(1624 1695 1837 1766)
4(1765 1766 1837 1836)
4(1625 1696 1838 1767)
4(1766 1767 1838 1837)
4(1626 1697 1839 1768)
4(1767 1768 1839 1838)
4(1627 1698 1840 1769)
4(1768 1769 1840 1839)
4(1628 1699 1841 1770)
4(1769 1770 1841 1840)
4(1629 1700 1842 1771)
4(1770 1771 1842 1841)
4(1630 1701 1843 1772)
4(1771 1772 1843 1842)
4(1631 1702 1844 1773)
4(1772 1773 1844 1843)
4(1773 1774 1845 1844)
4(1705 1776 1918 1847)
4(1846 1847 1918 1917)
4(1706 1777 1919 1848)
4(1847 1848 1919 1918)
4(1707 1778 1920 1849)
4(1848 1849 1920 1919)
4(1708 1779 1921 1850)
4(1849 1850 1921 1920)
4(1709 1780 1922 1851)
4(1850 1851 1922 1921)
4(1710 1781 1923 1852)
4(1851 1852 1923 1922)
4(1711 1782 1924 1853)
4(1852 1853 1924 1923)
4(1712 1783 1925 1854)
4(1853 1854 1925 1924)
4(1713 1784 1926 1855)
4(1854 1855 1926 1925)
4(1714 1785 1927 1856)
4(1855 1856 1927 1926)
4(1715 1786 1928 1857)
4(1856 1857 1928 1927)
4(1716 1787 1929 1858)
4(1857 1858 1929 1928)
4(1717 1788 1930 1859)
4(1858 1859 1930 1929)
4(1718 1789 1931 1860)
4(1859 1860 1931 1930)
4(1719 1790 1932 1861)
4(1860 1861 1932 1931)
4(1720 1791 1933 1862)
4(1861 1862 1933 1932)
4(1721 1792 1934 1863)
4(1862 1863 1934 1933)
4(1722 1793 1935 1864)
4(1863 1864 1935 1934)
4(1723 1794 1936 1865)
4(1864 1865 1936 1935)
4(1724 1795 1937 1866)
4(1865 1866 1937 1936)
4(1725 1796 1938 1867)
4(1866 1867 1938 1937)
4(1726 1797 1939 1868)
4(1867 1868 1939 1938)
4(1727 1798 1940 1869)
4(1868 1869 1940 1939)
4(1728 1799 1941 1870)
4(1869 1870 1941 1940)
4(1729 1800 1942 1871)
4(1870 1871 1942 1941)
4(1730 1801 1943 1872)
4(1871 1872 1943 1942)
4(1731 1802 1944 1873)
4(1872 1873 1944 1943)
4(1732 1803 1945 1874)
4(1873 1874 1945 1944)
4(1733 1804 1946 1875)
4(1874 1875 1946 1945)
4(1734 1805 1947 1876)
4(1875 1876 1947 1946)
4(1735 1806 1948 1877)
4(1876 1877 1948 1947)
4(1736 1807 1949 1878)
4(1877 1878 1949 1948)
4(1737 1808 1950 1879)
4(1878 1879 1950 1949)
4(1738 1809 1951 1880)
4(1879 1880 1951 1950)
4(1739 1810 1952 1881)
4(1880 1881 1952 1951)
4(1740 1811 1953 1882)
4(1881 1882 1953 1952)
4(1741 1812 1954 1883)
4(1882 1883 1954 1953)
4(1742 1813 1955 1884)
4(1883 1884 1955 1954)
4(1743 1814 1956 1885)
4(1884 1885 1956 1955)
4(1744 1815 1957 1886)
4(1885 1886 1957 1956)
4(1745 1816 1958 1887)
4(1886 1887 1958 1957)
4(1746 1817 1959 1888)
4(1887 1888 1959 1958)
4(1747 1818 1960 1889)
4(1888 1889 1960 1959)
4(1748 1819 1961 1890)
4(1889 1890 1961 1960)
4(1749 1820 1962 1891)
4(1890 1891 1962 1961)
4(1750 1821 1963 1892)
4(1891 1892 1963 1962)
4(1751 1822 1964 1893)
4(1892 1893 1964 1963)
4(1752 1823 1965 1894)
4(1893 1894 1965 1964)
4(1753 1824 1966 1895)
4(1894 1895 1966 1965)
4(1754 1825 1967 1896)
4(1895 1896 1967 1966)
4(1755 1826 1968 1897)
4(1896 1897 1968 1967)
4(1756 1827 1969 1898)
4(1897 1898 1969 1968)
4(1757 1828 1970 1899)
4(1898 1899 1970 1969)
4(1758 1829 1971 1900)
4(1899 1900 1971 1970)
4(1759 1830 1972 1901)
4(1900 1901 1972 1971)
4(1760 1831 1973 1902)
4(1901 1902 1973 1972)
4(1761 1832 1974 1903)
4(1902 1903 1974 1973)
4(1762 1833 1975 1904)
4(1903 1904 1975 1974)
4(1763 1834 1976 1905)
4(1904 1905 1976 1975)
4(1764 1835 1977 1906)
4(1905 1906 1977 1976)
4(1765 1836 1978 1907)
4(1906 1907 1978 1977)
4(1766 1837 1979 1908)
4(1907 1908 1979 1978)
4(1767 1838 1980 1909)
4(1908 1909 1980 1979)
4(1768 1839 1981 1910)
4(1909 1910 1981 1980)
4(1769 1840 1982 1911)
4(1910 1911 1982 1981)
4(1770 1841 1983 1912)
4(1911 1912 1983 1982)
4(1771 1842 1984 1913)
4(1912 1913 1984 1983)
4(1772 1843 1985 1914)
4(1913 1914 1985 1984)
4(1773 1844 1986 1915)
4(1914 1915 1986 1985)
4(1915 1916 1987 1986)
4(1847 1918 2060 1989)
4(1988 1989 2060 2059)
4(1848 1919 2061 1990)
4(1989 1990 2061 2060)
4(1849 1920 2062 1991)
4(1990 1991 2062 2061)
4(1850 1921 2063 1992)
4(1991 1992 2063 2062)
4(1851 1922 2064 1993)
4(1992 1993 2064 2063)
4(1852 1923 2065 1994)
4(1993 1994 2065 2064)
4(1853 1924 2066 1995)
4(1994 1995 2066 2065)
4(1854 1925 2067 1996)
4(1995 1996 2067 2066)
4(1855 1926 2068 1997)
4(1996 1997 2068 2067)
4(1856 1927 2069 1998)
4(1997 1998 2069 2068)
4(1857 1928 2070 1999)
4(1998 1999 2070 2069)
4(1858 1929 2071 2000)
4(1999 2000 2071 2070)
4(1859 1930 2072 2001)
4(2000 2001 2072 2071)
4(1860 1931 2073 2002)
4(2001 2002 2073 2072)
4(1861 1932 2074 2003)
4(2002 2003 2074 2073)
4(1862 1933 2075 2004)
4(2003 2004 2075 2074)
4(1863 1934 2076 2005)
4(2004 2005 2076 2075)
4(1864 1935 2077 2006)
4(2005 2006 2077 2076)
4(1865 1936 2078 2007)
4(2006 2007 2078 2077)
4(1866 1937 2079 2008)
4(2007 2008 2079 2078)
4(1867 1938 2080 2009)
4(2008 2009 2080 2079)
4(1868 1939 2081 2010)
4(2009 2010 2081 2080)
4(1869 1940 2082 2011)
4(2010 2011 2082 2081)
4(1870 1941 2083 2012)
4(2011 2012 2083 2082)
4(1871 1942 2084 2013)
4(2012 2013 2084 2083)
4(1872 1943 2085 2014)
4(2013 2014 2085 2084)
4(1873 1944 2086 2015)
4(2014 2015 2086 2085)
4(1874 1945 2087 2016)
4(2015 2016 2087 2086)
4(1875 1946 2088 2017)
4(2016 2017 2088 2087)
4(1876 1947 2089 2018)
4(2017 2018 2089 2088)
4(1877 1948 2090 2019)
4(2018 2019 2090 2089)
4(1878 1949 2091 2020)
4(2019 2020 2091 2090)
4(1879 1950 2092 2021)
4(2020 2021 2092 2091)
4(1880 1951 2093 2022)
4(2021 2022 2093 2092)
4(1881 1952 2094 2023)
4(2022 2023 2094 2093)
4(1882 1953 2095 2024)
4(2023 2024 2095 2094)
4(1883 1954 2096 2025)
4(2024 2025 2096 2095)
4(1884 1955 2097 2026)
4(2025 2026 2097 2096)
4(1885 1956 2098 2027)
4(2026 2027 2098 2097)
4(1886 1957 2099 2028)
4(2027 2028 2099 2098)
4(1887 1958 2100 2029)
4(2028 2029 2100 2099)
4(1888 1959 2101 2030)
4(2029 2030 2101 2100)
4(1889 1960 2102 2031)
4(2030 2031 2102 2101)
4(1890 1961 2103 2032)
4(2031 2032 2103 2102)
4(1891 1962 2104 2033)
4(2032 2033 2104 2103)
4(1892 1963 2105 2034)
4(2033 2034 2105 2104)
4(1893 1964 2106 2035)
4(2034 2035 2106 2105)
4(1894 1965 2107 2036)
4(2035 2036 2107 2106)
4(1895 1966 2108 2037)
4(2036 2037 2108 2107)
4(1896 1967 2109 2038)
4(2037 2038 2109 2108)
4(1897 1968 2110 2039)
4(2038 2039 2110 2109)
4(1898 1969 2111 2040)
4(2039 2040 2111 2110)
4(1899 1970 2112 2041)
4(2040 2041 2112 2111)
4(1900 1971 2113 2042)
4(2041 2042 2113 2112)
4(1901 1972 2114 2043)
4(2042 2043 2114 2113)
4(1902 1973 2115 2044)
4(2043 2044 2115 2114)
4(1903 1974 2116 2045)
4(2044 2045 2116 2115)
4(1904 1975 2117 2046)
4(2045 2046 2117 2116)
4(1905 1976 2118 2047)
4(2046 2047 2118 2117)
4(1906 1977 2119 2048)
4(2047 2048 2119 2118)
4(1907 1978 2120 2049)
4(2048 2049 2120 2119)
4(1908 1979 2121 2050)
4(2049 2050 2121 2120)
4(1909 1980 2122 2051)
4(2050 2051 2122 2121)
4(1910 1981 2123 2052)
4(2051 2052 2123 2122)
4(1911 1982 2124 2053)
4(2052 2053 2124 2123)
4(1912 1983 2125 2054)
4(2053 2054 2125 2124)
4(1913 1984 2126 2055)
4(2054 2055 2126 2125)
4(1914 1985 2127 2056)
4(2055 2056 2127 2126)
4(1915 1986 2128 2057)
4(2056 2057 2128 2127)
4(2057 2058 2129 2128)
4(1989 2060 2202 2131)
4(2130 2131 2202 2201)
4(1990 2061 2203 2132)
4(2131 2132 2203 2202)
4(1991 2062 2204 2133)
4(2132 2133 2204 2203)
4(1992 2063 2205 2134)
4(2133 2134 2205 2204)
4(1993 2064 2206 2135)
4(2134 2135 2206 2205)
4(1994 2065 2207 2136)
4(2135 2136 2207 2206)
4(1995 2066 2208 2137)
4(2136 2137 2208 2207)
4(1996 2067 2209 2138)
4(2137 2138 2209 2208)
4(1997 2068 2210 2139)
4(2138 2139 2210 2209)
4(1998 2069 2211 2140)
4(2139 2140 2211 2210)
4(1999 2070 2212 2141)
4(2140 2141 2212 2211)
4(2000 2071 2213 2142)
4(2141 2142 2213 2212)
4(2001 2072 2214 2143)
4(2142 2143 2214 2213)
4(2002 2073 2215 2144)
4(2143 2144 2215 2214)
4(2003 2074 2216 2145)
4(2144 2145 2216 2215)
4(2004 2075 2217 2146)
4(2145 2146 2217 2216)
4(2005 2076 2218 2147)
4(2146 2147 2218 2217)
4(2006 2077 2219 2148)
4(2147 2148 2219 2218)
4(2007 2078 2220 2149)
4(2148 2149 2220 2219)
4(2008 2079 2221 2150)
4(2149 2150 2221 2220)
4(2009 2080 2222 2151)
4(2150 2151 2222 2221)
4(2010 2081 2223 2152)
4(2151 2152 2223 2222)
4(2011 2082 2224 2153)
4(2152 2153 2224 2223)
4(2012 2083 2225 2154)
4(2153 2154 2225 2224)
4(2013 2084 2226 2155)
4(2154 2155 2226 2225)
4(2014 2085 2227 2156)
4(2155 2156 2227 2226)
4(2015 2086 2228 2157)
4(2156 2157 2228 2227)
4(2016 2087 2229 2158)
4(2157 2158 2229 2228)
4(2017 2088 2230 2159)
4(2158 2159 2230 2229)
4(2018 2089 2231 2160)
4(2159 2160 2231 2230)
4(2019 2090 2232 2161)
4(2160 2161 2232 2231)
4(2020 2091 2233 2162)
4(2161 2162 2233 2232)
4(2021 2092 2234 2163)
4(2162 2163 2234 2233)
4(2022 2093 2235 2164)
4(2163 2164 2235 2234)
4(2023 2094 2236 2165)
4(2164 2165 2236 2235)
4(2024 2095 2237 2166)
4(2165 2166 2237 2236)
4(2025 2096 2238 2167)
4(2166 2167 2238 2237)
4(2026 2097 2239 2168)
4(2167 2168 2239 2238)
4(2027 2098 2240 2169)
4(2168 2169 2240 2239)
4(2028 2099 2241 2170)
4(2169 2170 2241 2240)
4(2029 2100 2242 2171)
4(2170 2171 2242 2241)
4(2030 2101 2243 2172)
4(2171 2172 2243 2242)
4(2031 2102 2244 2173)
4(2172 2173 2244 2243)
4(2032 2103 2245 2174)
4(2173 2174 2245 2244)
4(2033 2104 2246 2175)
4(2174 2175 2246 2245)
4(2034 2105 2247 2176)
4(2175 2176 2247 2246)
4(2035 2106 2248 2177)
4(2176 2177 2248 2247)
4(2036 2107 2249 2178)
4(2177 2178 2249 2248)
4(2037 2108 2250 2179)
4(2178 2179 2250 2249)
4(2038 2109 2251 2180)
4(2179 2180 2251 2250)
4(2039 2110 2252 2181)
4(2180 2181 2252 2251)
4(2040 2111 2253 2182)
4(2181 2182 2253 2252)
4(2041 2112 2254 2183)
4(2182 2183 2254 2253)
4(2042 2113 2255 2184)
4(2183 2184 2255 2254)
4(2043 2114 2256 2185)
4(2184 2185 2256 2255)
4(2044 2115 2257 2186)
4(2185 2186 2257 2256)
4(2045 2116 2258 2187)
4(2186 2187 2258 2257)
4(2046 2117 2259 2188)
4(2187 2188 2259 2258)
4(2047 2118 2260 2189)
4(2188 2189 2260 2259)
4(2048 2119 2261 2190)
4(2189 2190 2261 2260)
4(2049 2120 2262 2191)
4(2190 2191 2262 2261)
4(2050 2121 2263 2192)
4(2191 2192 2263 2262)
4(2051 2122 2264 2193)
4(2192 2193 2264 2263)
4(2052 2123 2265 2194)
4(2193 2194 2265 2264)
4(2053 2124 2266 2195)
4(2194 2195 2266 2265)
4(2054 2125 2267 2196)
4(2195 2196 2267 2266)
4(2055 2126 2268 2197)
4(2196 2197 2268 2267)
4(2056 2127 2269 2198)
4(2197 2198 2269 2268)
4(2057 2128 2270 2199)
4(2198 2199 2270 2269)
4(2199 2200 2271 2270)
4(2131 2202 2344 2273)
4(2132 2203 2345 2274)
4(2133 2204 2346 2275)
4(2134 2205 2347 2276)
4(2135 2206 2348 2277)
4(2136 2207 2349 2278)
4(2137 2208 2350 2279)
4(2138 2209 2351 2280)
4(2139 2210 2352 2281)
4(2140 2211 2353 2282)
4(2141 2212 2354 2283)
4(2142 2213 2355 2284)
4(2143 2214 2356 2285)
4(2144 2215 2357 2286)
4(2145 2216 2358 2287)
4(2146 2217 2359 2288)
4(2147 2218 2360 2289)
4(2148 2219 2361 2290)
4(2149 2220 2362 2291)
4(2150 2221 2363 2292)
4(2151 2222 2364 2293)
4(2152 2223 2365 2294)
4(2153 2224 2366 2295)
4(2154 2225 2367 2296)
4(2155 2226 2368 2297)
4(2156 2227 2369 2298)
4(2157 2228 2370 2299)
4(2158 2229 2371 2300)
4(2159 2230 2372 2301)
4(2160 2231 2373 2302)
4(2161 2232 2374 2303)
4(2162 2233 2375 2304)
4(2163 2234 2376 2305)
4(2164 2235 2377 2306)
4(2165 2236 2378 2307)
4(2166 2237 2379 2308)
4(2167 2238 2380 2309)
4(2168 2239 2381 2310)
4(2169 2240 2382 2311)
4(2170 2241 2383 2312)
4(2171 2242 2384 2313)
4(2172 2243 2385 2314)
4(2173 2244 2386 2315)
4(2174 2245 2387 2316)
4(2175 2246 2388 2317)
4(2176 2247 2389 2318)
4(2177 2248 2390 2319)
4(2178 2249 2391 2320)
4(2179 2250 2392 2321)
4(2180 2251 2393 2322)
4(2181 2252 2394 2323)
4(2182 2253 2395 2324)
4(2183 2254 2396 2325)
4(2184 2255 2397 2326)
4(2185 2256 2398 2327)
4(2186 2257 2399 2328)
4(2187 2258 2400 2329)
4(2188 2259 2401 2330)
4(2189 2260 2402 2331)
4(2190 2261 2403 2332)
4(2191 2262 2404 2333)
4(2192 2263 2405 2334)
4(2193 2264 2406 2335)
4(2194 2265 2407 2336)
4(2195 2266 2408 2337)
4(2196 2267 2409 2338)
4(2197 2268 2410 2339)
4(2198 2269 2411 2340)
4(2199 2270 2412 2341)
4(0 142 213 71)
4(142 284 355 213)
4(284 426 497 355)
4(426 568 639 497)
4(568 710 781 639)
4(710 852 923 781)
4(852 994 1065 923)
4(994 1136 1207 1065)
4(1136 1278 1349 1207)
4(1278 1420 1491 1349)
4(1420 1562 1633 1491)
4(1562 1704 1775 1633)
4(1704 1846 1917 1775)
4(1846 1988 2059 1917)
4(1988 2130 2201 2059)
4(2130 2272 2343 2201)
4(70 141 283 212)
4(212 283 425 354)
4(354 425 567 496)
4(496 567 709 638)
4(638 709 851 780)
4(780 851 993 922)
4(922 993 1135 1064)
4(1064 1135 1277 1206)
4(1206 1277 1419 1348)
4(1348 1419 1561 1490)
4(1490 1561 1703 1632)
4(1632 1703 1845 1774)
4(1774 1845 1987 1916)
4(1916 1987 2129 2058)
4(2058 2129 2271 2200)
4(2200 2271 2413 2342)
4(2272 2273 2344 2343)
4(2273 2274 2345 2344)
4(2274 2275 2346 2345)
4(2275 2276 2347 2346)
4(2276 2277 2348 2347)
4(2277 2278 2349 2348)
4(2278 2279 2350 2349)
4(2279 2280 2351 2350)
4(2280 2281 2352 2351)
4(2281 2282 2353 2352)
4(2282 2283 2354 2353)
4(2283 2284 2355 2354)
4(2284 2285 2356 2355)
4(2285 2286 2357 2356)
4(2286 2287 2358 2357)
4(2287 2288 2359 2358)
4(2288 2289 2360 2359)
4(2289 2290 2361 2360)
4(2290 2291 2362 2361)
4(2291 2292 2363 2362)
4(2292 2293 2364 2363)
4(2293 2294 2365 2364)
4(2294 2295 2366 2365)
4(2295 2296 2367 2366)
4(2296 2297 2368 2367)
4(2297 2298 2369 2368)
4(2298 2299 2370 2369)
4(2299 2300 2371 2370)
4(2300 2301 2372 2371)
4(2301 2302 2373 2372)
4(2302 2303 2374 2373)
4(2303 2304 2375 2374)
4(2304 2305 2376 2375)
4(2305 2306 2377 2376)
4(2306 2307 2378 2377)
4(2307 2308 2379 2378)
4(2308 2309 2380 2379)
4(2309 2310 2381 2380)
4(2310 2311 2382 2381)
4(2311 2312 2383 2382)
4(2312 2313 2384 2383)
4(2313 2314 2385 2384)
4(2314 2315 2386 2385)
4(2315 2316 2387 2386)
4(2316 2317 2388 2387)
4(2317 2318 2389 2388)
4(2318 2319 2390 2389)
4(2319 2320 2391 2390)
4(2320 2321 2392 2391)
4(2321 2322 2393 2392)
4(2322 2323 2394 2393)
4(2323 2324 2395 2394)
4(2324 2325 2396 2395)
4(2325 2326 2397 2396)
4(2326 2327 2398 2397)
4(2327 2328 2399 2398)
4(2328 2329 2400 2399)
4(2329 2330 2401 2400)
4(2330 2331 2402 2401)
4(2331 2332 2403 2402)
4(2332 2333 2404 2403)
4(2333 2334 2405 2404)
4(2334 2335 2406 2405)
4(2335 2336 2407 2406)
4(2336 2337 2408 2407)
4(2337 2338 2409 2408)
4(2338 2339 2410 2409)
4(2339 2340 2411 2410)
4(2340 2341 2412 2411)
4(2341 2342 2413 2412)
4(0 71 72 1)
4(1 72 73 2)
4(2 73 74 3)
4(3 74 75 4)
4(4 75 76 5)
4(5 76 77 6)
4(6 77 78 7)
4(7 78 79 8)
4(8 79 80 9)
4(9 80 81 10)
4(10 81 82 11)
4(11 82 83 12)
4(12 83 84 13)
4(13 84 85 14)
4(14 85 86 15)
4(15 86 87 16)
4(16 87 88 17)
4(17 88 89 18)
4(18 89 90 19)
4(19 90 91 20)
4(20 91 92 21)
4(21 92 93 22)
4(22 93 94 23)
4(23 94 95 24)
4(24 95 96 25)
4(25 96 97 26)
4(26 97 98 27)
4(27 98 99 28)
4(28 99 100 29)
4(29 100 101 30)
4(30 101 102 31)
4(31 102 103 32)
4(32 103 104 33)
4(33 104 105 34)
4(34 105 106 35)
4(35 106 107 36)
4(36 107 108 37)
4(37 108 109 38)
4(38 109 110 39)
4(39 110 111 40)
4(40 111 112 41)
4(41 112 113 42)
4(42 113 114 43)
4(43 114 115 44)
4(44 115 116 45)
4(45 116 117 46)
4(46 117 118 47)
4(47 118 119 48)
4(48 119 120 49)
4(49 120 121 50)
4(50 121 122 51)
4(51 122 123 52)
4(52 123 124 53)
4(53 124 125 54)
4(54 125 126 55)
4(55 126 127 56)
4(56 127 128 57)
4(57 128 129 58)
4(58 129 130 59)
4(59 130 131 60)
4(60 131 132 61)
4(61 132 133 62)
4(62 133 134 63)
4(63 134 135 64)
4(64 135 136 65)
4(65 136 137 66)
4(66 137 138 67)
4(67 138 139 68)
4(68 139 140 69)
4(69 140 141 70)
4(0 1 143 142)
4(142 143 285 284)
4(284 285 427 426)
4(426 427 569 568)
4(568 569 711 710)
4(710 711 853 852)
4(852 853 995 994)
4(994 995 1137 1136)
4(1136 1137 1279 1278)
4(1278 1279 1421 1420)
4(1420 1421 1563 1562)
4(1562 1563 1705 1704)
4(1704 1705 1847 1846)
4(1846 1847 1989 1988)
4(1988 1989 2131 2130)
4(2130 2131 2273 2272)
4(1 2 144 143)
4(143 144 286 285)
4(285 286 428 427)
4(427 428 570 569)
4(569 570 712 711)
4(711 712 854 853)
4(853 854 996 995)
4(995 996 1138 1137)
4(1137 1138 1280 1279)
4(1279 1280 1422 1421)
4(1421 1422 1564 1563)
4(1563 1564 1706 1705)
4(1705 1706 1848 1847)
4(1847 1848 1990 1989)
4(1989 1990 2132 2131)
4(2131 2132 2274 2273)
4(2 3 145 144)
4(144 145 287 286)
4(286 287 429 428)
4(428 429 571 570)
4(570 571 713 712)
4(712 713 855 854)
4(854 855 997 996)
4(996 997 1139 1138)
4(1138 1139 1281 1280)
4(1280 1281 1423 1422)
4(1422 1423 1565 1564)
4(1564 1565 1707 1706)
4(1706 1707 1849 1848)
4(1848 1849 1991 1990)
4(1990 1991 2133 2132)
4(2132 2133 2275 2274)
4(3 4 146 145)
4(145 146 288 287)
4(287 288 430 429)
4(429 430 572 571)
4(571 572 714 713)
4(713 714 856 855)
4(855 856 998 997)
4(997 998 1140 1139)
4(1139 1140 1282 1281)
4(1281 1282 1424 1423)
4(1423 1424 1566 1565)
4(1565 1566 1708 1707)
4(1707 1708 1850 1849)
4(1849 1850 1992 1991)
4(1991 1992 2134 2133)
4(2133 2134 2276 2275)
4(4 5 147 146)
4(146 147 289 288)
4(288 289 431 430)
4(430 431 573 572)
4(572 573 715 714)
4(714 715 857 856)
4(856 857 999 998)
4(998 999 1141 1140)
4(1140 1141 1283 1282)
4(1282 1283 1425 1424)
4(1424 1425 1567 1566)
4(1566 1567 1709 1708)
4(1708 1709 1851 1850)
4(1850 1851 1993 1992)
4(1992 1993 2135 2134)
4(2134 2135 2277 2276)
4(5 6 148 147)
4(147 148 290 289)
4(289 290 432 431)
4(431 432 574 573)
4(573 574 716 715)
4(715 716 858 857)
4(857 858 1000 999)
4(999 1000 1142 1141)
4(1141 1142 1284 1283)
4(1283 1284 1426 1425)
4(1425 1426 1568 1567)
4(1567 1568 1710 1709)
4(1709 1710 1852 1851)
4(1851 1852 1994 1993)
4(1993 1994 2136 2135)
4(2135 2136 2278 2277)
4(6 7 149 148)
4(148 149 291 290)
4(290 291 433 432)
4(432 433 575 574)
4(574 575 717 716)
4(716 717 859 858)
4(858 859 1001 1000)
4(1000 1001 1143 1142)
4(1142 1143 1285 1284)
4(1284 1285 1427 1426)
4(1426 1427 1569 1568)
4(1568 1569 1711 1710)
4(1710 1711 1853 1852)
4(1852 1853 1995 1994)
4(1994 1995 2137 2136)
4(2136 2137 2279 2278)
4(7 8 150 149)
4(149 150 292 291)
4(291 292 434 433)
4(433 434 576 575)
4(575 576 718 717)
4(717 718 860 859)
4(859 860 1002 1001)
4(1001 1002 1144 1143)
4(1143 1144 1286 1285)
4(1285 1286 1428 1427)
4(1427 1428 1570 1569)
4(1569 1570 1712 1711)
4(1711 1712 1854 1853)
4(1853 1854 1996 1995)
4(1995 1996 2138 2137)
4(2137 2138 2280 2279)
4(8 9 151 150)
4(150 151 293 292)
4(292 293 435 434)
4(434 435 577 576)
4(576 577 719 718)
4(718 719 861 860)
4(860 861 1003 1002)
4(1002 1003 1145 1144)
4(1144 1145 1287 1286)
4(1286 1287 1429 1428)
4(1428 1429 1571 1570)
4(1570 1571 1713 1712)
4(1712 1713 1855 1854)
4(1854 1855 1997 1996)
4(1996 1997 2139 2138)
4(2138 2139 2281 2280)
4(9 10 152 151)
4(151 152 294 293)
4(293 294 436 435)
4(435 436 578 577)
4(577 578 720 719)
4(719 720 862 861)
4(861 862 1004 1003)
4(1003 1004 1146 1145)
4(1145 1146 1288 1287)
4(1287 1288 1430 1429)
4(1429 1430 1572 1571)
4(1571 1572 1714 1713)
4(1713 1714 1856 1855)
4(1855 1856 1998 1997)
4(1997 1998 2140 2139)
4(2139 2140 2282 2281)
4(10 11 153 152)
4(152 153 295 294)
4(294 295 437 436)
4(436 437 579 578)
4(578 579 721 720)
4(720 721 863 862)
4(862 863 1005 1004)
4(1004 1005 1147 1146)
4(1146 1147 1289 1288)
4(1288 1289 1431 1430)
4(1430 1431 1573 1572)
4(1572 1573 1715 1714)
4(1714 1715 1857 1856)
4(1856 1857 1999 1998)
4(1998 1999 2141 2140)
4(2140 2141 2283 2282)
4(11 12 154 153)
4(153 154 296 295)
4(295 296 438 437)
4(437 438 580 579)
4(579 580 722 721)
4(721 722 864 863)
4(863 864 1006 1005)
4(1005 1006 1148 1147)
4(1147 1148 1290 1289)
4(1289 1290 1432 1431)
4(1431 1432 1574 1573)
4(1573 1574 1716 1715)
4(1715 1716 1858 1857)
4(1857 1858 2000 1999)
4(1999 2000 2142 2141)
4(2141 2142 2284 2283)
4(12 13 155 154)
4(154 155 297 296)
4(296 297 439 438)
4(438 439 581 580)
4(580 581 723 722)
4(722 723 865 864)
4(864 865 1007 1006)
4(1006 1007 1149 1148)
4(1148 1149 1291 1290)
4(1290 1291 1433 1432)
4(1432 1433 1575 1574)
4(1574 1575 1717 1716)
4(1716 1717 1859 1858)
4(1858 1859 2001 2000)
4(2000 2001 2143 2142)
4(2142 2143 2285 2284)
4(13 14 156 155)
4(155 156 298 297)
4(297 298 440 439)
4(439 440 582 581)
4(581 582 724 723)
4(723 724 866 865)
4(865 866 1008 1007)
4(1007 1008 1150 1149)
4(1149 1150 1292 1291)
4(1291 1292 1434 1433)
4(1433 1434 1576 1575)
4(1575 1576 1718 1717)
4(1717 1718 1860 1859)
4(1859 1860 2002 2001)
4(2001 2002 2144 2143)
4(2143 2144 2286 2285)
4(14 15 157 156)
4(156 157 299 298)
4(298 299 441 440)
4(440 441 583 582)
4(582 583 725 724)
4(724 725 867 866)
4(866 867 1009 1008)
4(1008 1009 1151 1150)
4(1150 1151 1293 1292)
4(1292 1293 1435 1434)
4(1434 1435 1577 1576)
4(1576 1577 1719 1718)
4(1718 1719 1861 1860)
4(1860 1861 2003 2002)
4(2002 2003 2145 2144)
4(2144 2145 2287 2286)
4(15 16 158 157)
4(157 158 300 299)
4(299 300 442 441)
4(441 442 584 583)
4(583 584 726 725)
4(725 726 868 867)
4(867 868 1010 1009)
4(1009 1010 1152 1151)
4(1151 1152 1294 1293)
4(1293 1294 1436 1435)
4(1435 1436 1578 1577)
4(1577 1578 1720 1719)
4(1719 1720 1862 1861)
4(1861 1862 2004 2003)
4(2003 2004 2146 2145)
4(2145 2146 2288 2287)
4(16 17 159 158)
4(158 159 301 300)
4(300 301 443 442)
4(442 443 585 584)
4(584 585 727 726)
4(726 727 869 868)
4(868 869 1011 1010)
4(1010 1011 1153 1152)
4(1152 1153 1295 1294)
4(1294 1295 1437 1436)
4(1436 1437 1579 1578)
4(1578 1579 1721 1720)
4(1720 1721 1863 1862)
4(1862 1863 2005 2004)
4(2004 2005 2147 2146)
4(2146 2147 2289 2288)
4(17 18 160 159)
4(159 160 302 301)
4(301 302 444 443)
4(443 444 586 585)
4(585 586 728 727)
4(727 728 870 869)
4(869 870 1012 1011)
4(1011 1012 1154 1153)
4(1153 1154 1296 1295)
4(1295 1296 1438 1437)
4(1437 1438 1580 1579)
4(1579 1580 1722 1721)
4(1721 1722 1864 1863)
4(1863 1864 2006 2005)
4(2005 2006 2148 2147)
4(2147 2148 2290 2289)
4(18 19 161 160)
4(160 161 303 302)
4(302 303 445 444)
4(444 445 587 586)
4(586 587 729 728)
4(728 729 871 870)
4(870 871 1013 1012)
4(1012 1013 1155 1154)
4(1154 1155 1297 1296)
4(1296 1297 1439 1438)
4(1438 1439 1581 1580)
4(1580 1581 1723 1722)
4(1722 1723 1865 1864)
4(1864 1865 2007 2006)
4(2006 2007 2149 2148)
4(2148 2149 2291 2290)
4(19 20 162 161)
4(161 162 304 303)
4(303 304 446 445)
4(445 446 588 587)
4(587 588 730 729)
4(729 730 872 871)
4(871 872 1014 1013)
4(1013 1014 1156 1155)
4(1155 1156 1298 1297)
4(1297 1298 1440 1439)
4(1439 1440 1582 1581)
4(1581 1582 1724 1723)
4(1723 1724 1866 1865)
4(1865 1866 2008 2007)
4(2007 2008 2150 2149)
4(2149 2150 2292 2291)
4(20 21 163 162)
4(162 163 305 304)
4(304 305 447 446)
4(446 447 589 588)
4(588 589 731 730)
4(730 731 873 872)
4(872 873 1015 1014)
4(1014 1015 1157 1156)
4(1156 1157 1299 1298)
4(1298 1299 1441 1440)
4(1440 1441 1583 1582)
4(1582 1583 1725 1724)
4(1724 1725 1867 1866)
4(1866 1867 2009 2008)
4(2008 2009 2151 2150)
4(2150 2151 2293 2292)
4(21 22 164 163)
4(163 164 306 305)
4(305 306 448 447)
4(447 448 590 589)
4(589 590 732 731)
4(731 732 874 873)
4(873 874 1016 1015)
4(1015 1016 1158 1157)
4(1157 1158 1300 1299)
4(1299 1300 1442 1441)
4(1441 1442 1584 1583)
4(1583 1584 1726 1725)
4(1725 1726 1868 1867)
4(1867 1868 2010 2009)
4(2009 2010 2152 2151)
4(2151 2152 2294 2293)
4(22 23 165 164)
4(164 165 307 306)
4(306 307 449 448)
4(448 449 591 590)
4(590 591 733 732)
4(732 733 875 874)
4(874 875 1017 1016)
4(1016 1017 1159 1158)
4(1158 1159 1301 1300)
4(1300 1301 1443 1442)
4(1442 1443 1585 1584)
4(1584 1585 1727 1726)
4(1726 1727 1869 1868)
4(1868 1869 2011 2010)
4(2010 2011 2153 2152)
4(2152 2153 2295 2294)
4(23 24 166 165)
4(165 166 308 307)
4(307 308 450 449)
4(449 450 592 591)
4(591 592 734 733)
4(733 734 876 875)
4(875 876 1018 1017)
4(1017 1018 1160 1159)
4(1159 1160 1302 1301)
4(1301 1302 1444 1443)
4(1443 1444 1586 1585)
4(1585 1586 1728 1727)
4(1727 1728 1870 1869)
4(1869 1870 2012 2011)
4(2011 2012 2154 2153)
4(2153 2154 2296 2295)
4(24 25 167 166)
4(166 167 309 308)
4(308 309 451 450)
4(450 451 593 592)
4(592 593 735 734)
4(734 735 877 876)
4(876 877 1019 1018)
4(1018 1019 1161 1160)
4(1160 1161 1303 1302)
4(1302 1303 1445 1444)
4(1444 1445 1587 1586)
4(1586 1587 1729 1728)
4(1728 1729 1871 1870)
4(1870 1871 2013 2012)
4(2012 2013 2155 2154)
4(2154 2155 2297 2296)
4(25 26 168 167)
4(167 168 310 309)
4(309 310 452 451)
4(451 452 594 593)
4(593 594 736 735)
4(735 736 878 877)
4(877 878 1020 1019)
4(1019 1020 1162 1161)
4(1161 1162 1304 1303)
4(1303 1304 1446 1445)
4(1445 1446 1588 1587)
4(1587 1588 1730 1729)
4(1729 1730 1872 1871)
4(1871 1872 2014 2013)
4(2013 2014 2156 2155)
4(2155 2156 2298 2297)
4(26 27 169 168)
4(168 169 311 310)
4(310 311 453 452)
4(452 453 595 594)
4(594 595 737 736)
4(736 737 879 878)
4(878 879 1021 1020)
4(1020 1021 1163 1162)
4(1162 1163 1305 1304)
4(1304 1305 1447 1446)
4(1446 1447 1589 1588)
4(1588 1589 1731 1730)
4(1730 1731 1873 1872)
4(1872 1873 2015 2014)
4(2014 2015 2157 2156)
4(2156 2157 2299 2298)
4(27 28 170 169)
4(169 170 312 311)
4(311 312 454 453)
4(453 454 596 595)
4(595 596 738 737)
4(737 738 880 879)
4(879 880 1022 1021)
4(1021 1022 1164 1163)
4(1163 1164 1306 1305)
4(1305 1306 1448 1447)
4(1447 1448 1590 1589)
4(1589 1590 1732 1731)
4(1731 1732 1874 1873)
4(1873 1874 2016 2015)
4(2015 2016 2158 2157)
4(2157 2158 2300 2299)
4(28 29 171 170)
4(170 171 313 312)
4(312 313 455 454)
4(454 455 597 596)
4(596 597 739 738)
4(738 739 881 880)
4(880 881 1023 1022)
4(1022 1023 1165 1164)
4(1164 1165 1307 1306)
4(1306 1307 1449 1448)
4(1448 1449 1591 1590)
4(1590 1591 1733 1732)
4(1732 1733 1875 1874)
4(1874 1875 2017 2016)
4(2016 2017 2159 2158)
4(2158 2159 2301 2300)
4(29 30 172 171)
4(171 172 314 313)
4(313 314 456 455)
4(455 456 598 597)
4(597 598 740 739)
4(739 740 882 881)
4(881 882 1024 1023)
4(1023 1024 1166 1165)
4(1165 1166 1308 1307)
4(1307 1308 1450 1449)
4(1449 1450 1592 1591)
4(1591 1592 1734 1733)
4(1733 1734 1876 1875)
4(1875 1876 2018 2017)
4(2017 2018 2160 2159)
4(2159 2160 2302 2301)
4(30 31 173 172)
4(172 173 315 314)
4(314 315 457 456)
4(456 457 599 598)
4(598 599 741 740)
4(740 741 883 882)
4(882 883 1025 1024)
4(1024 1025 1167 1166)
4(1166 1167 1309 1308)
4(1308 1309 1451 1450)
4(1450 1451 1593 1592)
4(1592 1593 1735 1734)
4(1734 1735 1877 1876)
4(1876 1877 2019 2018)
4(2018 2019 2161 2160)
4(2160 2161 2303 2302)
4(31 32 174 173)
4(173 174 316 315)
4(315 316 458 457)
4(457 458 600 599)
4(599 600 742 741)
4(741 742 884 883)
4(883 884 1026 1025)
4(1025 1026 1168 1167)
4(1167 1168 1310 1309)
4(1309 1310 1452 1451)
4(1451 1452 1594 1593)
4(1593 1594 1736 1735)
4(1735 1736 1878 1877)
4(1877 1878 2020 2019)
4(2019 2020 2162 2161)
4(2161 2162 2304 2303)
4(32 33 175 174)
4(174 175 317 316)
4(316 317 459 458)
4(458 459 601 600)
4(600 601 743 742)
4(742 743 885 884)
4(884 885 1027 1026)
4(1026 1027 1169 1168)
4(1168 1169 1311 1310)
4(1310 1311 1453 1452)
4(1452 1453 1595 1594)
4(1594 1595 1737 1736)
4(1736 1737 1879 1878)
4(1878 1879 2021 2020)
4(2020 2021 2163 2162)
4(2162 2163 2305 2304)
4(33 34 176 175)
4(175 176 318 317)
4(317 318 460 459)
4(459 460 602 601)
4(601 602 744 743)
4(743 744 886 885)
4(885 886 1028 1027)
4(1027 1028 1170 1169)
4(1169 1170 1312 1311)
4(1311 1312 1454 1453)
4(1453 1454 1596 1595)
4(1595 1596 1738 1737)
4(1737 1738 1880 1879)
4(1879 1880 2022 2021)
4(2021 2022 2164 2163)
4(2163 2164 2306 2305)
4(34 35 177 176)
4(176 177 319 318)
4(318 319 461 460)
4(460 461 603 602)
4(602 603 745 744)
4(744 745 887 886)
4(886 887 1029 1028)
4(1028 1029 1171 1170)
4(1170 1171 1313 1312)
4(1312 1313 1455 1454)
4(1454 1455 1597 1596)
4(1596 1597 1739 1738)
4(1738 1739 1881 1880)
4(1880 1881 2023 2022)
4(2022 2023 2165 2164)
4(2164 2165 2307 2306)
4(35 36 178 177)
4(177 178 320 319)
4(319 320 462 461)
4(461 462 604 603)
4(603 604 746 745)
4(745 746 888 887)
4(887 888 1030 1029)
4(1029 1030 1172 1171)
4(1171 1172 1314 1313)
4(1313 1314 1456 1455)
4(1455 1456 1598 1597)
4(1597 1598 1740 1739)
4(1739 1740 1882 1881)
4(1881 1882 2024 2023)
4(2023 2024 2166 2165)
4(2165 2166 2308 2307)
4(36 37 179 178)
4(178 179 321 320)
4(320 321 463 462)
4(462 463 605 604)
4(604 605 747 746)
4(746 747 889 888)
4(888 889 1031 1030)
4(1030 1031 1173 1172)
4(1172 1173 1315 1314)
4(1314 1315 1457 1456)
4(1456 1457 1599 1598)
4(1598 1599 1741 1740)
4(1740 1741 1883 1882)
4(1882 1883 2025 2024)
4(2024 2025 2167 2166)
4(2166 2167 2309 2308)
4(37 38 180 179)
4(179 180 322 321)
4(321 322 464 463)
4(463 464 606 605)
4(605 606 748 747)
4(747 748 890 889)
4(889 890 1032 1031)
4(1031 1032 1174 1173)
4(1173 1174 1316 1315)
4(1315 1316 1458 1457)
4(1457 1458 1600 1599)
4(1599 1600 1742 1741)
4(1741 1742 1884 1883)
4(1883 1884 2026 2025)
4(2025 2026 2168 2167)
4(2167 2168 2310 2309)
4(38 39 181 180)
4(180 181 323 322)
4(322 323 465 464)
4(464 465 607 606)
4(606 607 749 748)
4(748 749 891 890)
4(890 891 1033 1032)
4(1032 1033 1175 1174)
4(1174 1175 1317 1316)
4(1316 1317 1459 1458)
4(1458 1459 1601 1600)
4(1600 1601 1743 1742)
4(1742 1743 1885 1884)
4(1884 1885 2027 2026)
4(2026 2027 2169 2168)
4(2168 2169 2311 2310)
4(39 40 182 181)
4(181 182 324 323)
4(323 324 466 465)
4(465 466 608 607)
4(607 608 750 749)
4(749 750 892 891)
4(891 892 1034 1033)
4(1033 1034 1176 1175)
4(1175 1176 1318 1317)
4(1317 1318 1460 1459)
4(1459 1460 1602 1601)
4(1601 1602 1744 1743)
4(1743 1744 1886 1885)
4(1885 1886 2028 2027)
4(2027 2028 2170 2169)
4(2169 2170 2312 2311)
4(40 41 183 182)
4(182 183 325 324)
4(324 325 467 466)
4(466 467 609 608)
4(608 609 751 750)
4(750 751 893 892)
4(892 893 1035 1034)
4(1034 1035 1177 1176)
4(1176 1177 1319 1318)
4(1318 1319 1461 1460)
4(1460 1461 1603 1602)
4(1602 1603 1745 1744)
4(1744 1745 1887 1886)
4(1886 1887 2029 2028)
4(2028 2029 2171 2170)
4(2170 2171 2313 2312)
4(41 42 184 183)
4(183 184 326 325)
4(325 326 468 467)
4(467 468 610 609)
4(609 610 752 751)
4(751 752 894 893)
4(893 894 1036 1035)
4(1035 1036 1178 1177)
4(1177 1178 1320 1319)
4(1319 1320 1462 1461)
4(1461 1462 1604 1603)
4(1603 1604 1746 1745)
4(1745 1746 1888 1887)
4(1887 1888 2030 2029)
4(2029 2030 2172 2171)
4(2171 2172 2314 2313)
4(42 43 185 184)
4(184 185 327 326)
4(326 327 469 468)
4(468 469 611 610)
4(610 611 753 752)
4(752 753 895 894)
4(894 895 1037 1036)
4(1036 1037 1179 1178)
4(1178 1179 1321 1320)
4(1320 1321 1463 1462)
4(1462 1463 1605 1604)
4(1604 1605 1747 1746)
4(1746 1747 1889 1888)
4(1888 1889 2031 2030)
4(2030 2031 2173 2172)
4(2172 2173 2315 2314)
4(43 44 186 185)
4(185 186 328 327)
4(327 328 470 469)
4(469 470 612 611)
4(611 612 754 753)
4(753 754 896 895)
4(895 896 1038 1037)
4(1037 1038 1180 1179)
4(1179 1180 1322 1321)
4(1321 1322 1464 1463)
4(1463 1464 1606 1605)
4(1605 1606 1748 1747)
4(1747 1748 1890 1889)
4(1889 1890 2032 2031)
4(2031 2032 2174 2173)
4(2173 2174 2316 2315)
4(44 45 187 186)
4(186 187 329 328)
4(328 329 471 470)
4(470 471 613 612)
4(612 613 755 754)
4(754 755 897 896)
4(896 897 1039 1038)
4(1038 1039 1181 1180)
4(1180 1181 1323 1322)
4(1322 1323 1465 1464)
4(1464 1465 1607 1606)
4(1606 1607 1749 1748)
4(1748 1749 1891 1890)
4(1890 1891 2033 2032)
4(2032 2033 2175 2174)
4(2174 2175 2317 2316)
4(45 46 188 187)
4(187 188 330 329)
4(329 330 472 471)
4(471 472 614 613)
4(613 614 756 755)
4(755 756 898 897)
4(897 898 1040 1039)
4(1039 1040 1182 1181)
4(1181 1182 1324 1323)
4(1323 1324 1466 1465)
4(1465 1466 1608 1607)
4(1607 1608 1750 1749)
4(1749 1750 1892 1891)
4(1891 1892 2034 2033)
4(2033 2034 2176 2175)
4(2175 2176 2318 2317)
4(46 47 189 188)
4(188 189 331 330)
4(330 331 473 472)
4(472 473 615 614)
4(614 615 757 756)
4(756 757 899 898)
4(898 899 1041 1040)
4(1040 1041 1183 1182)
4(1182 1183 1325 1324)
4(1324 1325 1467 1466)
4(1466 1467 1609 1608)
4(1608 1609 1751 1750)
4(1750 1751 1893 1892)
4(1892 1893 2035 2034)
4(2034 2035 2177 2176)
4(2176 2177 2319 2318)
4(47 48 190 189)
4(189 190 332 331)
4(331 332 474 473)
4(473 474 616 615)
4(615 616 758 757)
4(757 758 900 899)
4(899 900 1042 1041)
4(1041 1042 1184 1183)
4(1183 1184 1326 1325)
4(1325 1326 1468 1467)
4(1467 1468 1610 1609)
4(1609 1610 1752 1751)
4(1751 1752 1894 1893)
4(1893 1894 2036 2035)
4(2035 2036 2178 2177)
4(2177 2178 2320 2319)
4(48 49 191 190)
4(190 191 333 332)
4(332 333 475 474)
4(474 475 617 616)
4(616 617 759 758)
4(758 759 901 900)
4(900 901 1043 1042)
4(1042 1043 1185 1184)
4(1184 1185 1327 1326)
4(1326 1327 1469 1468)
4(1468 1469 1611 1610)
4(1610 1611 1753 1752)
4(1752 1753 1895 1894)
4(1894 1895 2037 2036)
4(2036 2037 2179 2178)
4(2178 2179 2321 2320)
4(49 50 192 191)
4(191 192 334 333)
4(333 334 476 475)
4(475 476 618 617)
4(617 618 760 759)
4(759 760 902 901)
4(901 902 1044 1043)
4(1043 1044 1186 1185)
4(1185 1186 1328 1327)
4(1327 1328 1470 1469)
4(1469 1470 1612 1611)
4(1611 1612 1754 1753)
4(1753 1754 1896 1895)
4(1895 1896 2038 2037)
4(2037 2038 2180 2179)
4(2179 2180 2322 2321)
4(50 51 193 192)
4(192 193 335 334)
4(334 335 477 476)
4(476 477 619 618)
4(618 619 761 760)
4(760 761 903 902)
4(902 903 1045 1044)
4(1044 1045 1187 1186)
4(1186 1187 1329 1328)
4(1328 1329 1471 1470)
4(1470 1471 1613 1612)
4(1612 1613 1755 1754)
4(1754 1755 1897 1896)
4(1896 1897 2039 2038)
4(2038 2039 2181 2180)
4(2180 2181 2323 2322)
4(51 52 194 193)
4(193 194 336 335)
4(335 336 478 477)
4(477 478 620 619)
4(619 620 762 761)
4(761 762 904 903)
4(903 904 1046 1045)
4(1045 1046 1188 1187)
4(1187 1188 1330 1329)
4(1329 1330 1472 1471)
4(1471 1472 1614 1613)
4(1613 1614 1756 1755)
4(1755 1756 1898 1897)
4(1897 1898 2040 2039)
4(2039 2040 2182 2181)
4(2181 2182 2324 2323)
4(52 53 195 194)
4(194 195 337 336)
4(336 337 479 478)
4(478 479 621 620)
4(620 621 763 762)
4(762 763 905 904)
4(904 905 1047 1046)
4(1046 1047 1189 1188)
4(1188 1189 1331 1330)
4(1330 1331 1473 1472)
4(1472 1473 1615 1614)
4(1614 1615 1757 1756)
4(1756 1757 1899 1898)
4(1898 1899 2041 2040)
4(2040 2041 2183 2182)
4(2182 2183 2325 2324)
4(53 54 196 195)
4(195 196 338 337)
4(337 338 480 479)
4(479 480 622 621)
4(621 622 764 763)
4(763 764 906 905)
4(905 906 1048 1047)
4(1047 1048 1190 1189)
4(1189 1190 1332 1331)
4(1331 1332 1474 1473)
4(1473 1474 1616 1615)
4(1615 1616 1758 1757)
4(1757 1758 1900 1899)
4(1899 1900 2042 2041)
4(2041 2042 2184 2183)
4(2183 2184 2326 2325)
4(54 55 197 196)
4(196 197 339 338)
4(338 339 481 480)
4(480 481 623 622)
4(622 623 765 764)
4(764 765 907 906)
4(906 907 1049 1048)
4(1048 1049 1191 1190)
4(1190 1191 1333 1332)
4(1332 1333 1475 1474)
4(1474 1475 1617 1616)
4(1616 1617 1759 1758)
4(1758 1759 1901 1900)
4(1900 1901 2043 2042)
4(2042 2043 2185 2184)
4(2184 2185 2327 2326)
4(55 56 198 197)
4(197 198 340 339)
4(339 340 482 481)
4(481 482 624 623)
4(623 624 766 765)
4(765 766 908 907)
4(907 908 1050 1049)
4(1049 1050 1192 1191)
4(1191 1192 1334 1333)
4(1333 1334 1476 1475)
4(1475 1476 1618 1617)
4(1617 1618 1760 1759)
4(1759 1760 1902 1901)
4(1901 1902 2044 2043)
4(2043 2044 2186 2185)
4(2185 2186 2328 2327)
4(56 57 199 198)
4(198 199 341 340)
4(340 341 483 482)
4(482 483 625 624)
4(624 625 767 766)
4(766 767 909 908)
4(908 909 1051 1050)
4(1050 1051 1193 1192)
4(1192 1193 1335 1334)
4(1334 1335 1477 1476)
4(1476 1477 1619 1618)
4(1618 1619 1761 1760)
4(1760 1761 1903 1902)
4(1902 1903 2045 2044)
4(2044 2045 2187 2186)
4(2186 2187 2329 2328)
4(57 58 200 199)
4(199 200 342 341)
4(341 342 484 483)
4(483 484 626 625)
4(625 626 768 767)
4(767 768 910 909)
4(909 910 1052 1051)
4(1051 1052 1194 1193)
4(1193 1194 1336 1335)
4(1335 1336 1478 1477)
4(1477 1478 1620 1619)
4(1619 1620 1762 1761)
4(1761 1762 1904 1903)
4(1903 1904 2046 2045)
4(2045 2046 2188 2187)
4(2187 2188 2330 2329)
4(58 59 201 200)
4(200 201 343 342)
4(342 343 485 484)
4(484 485 627 626)
4(626 627 769 768)
4(768 769 911 910)
4(910 911 1053 1052)
4(1052 1053 1195 1194)
4(1194 1195 1337 1336)
4(1336 1337 1479 1478)
4(1478 1479 1621 1620)
4(1620 1621 1763 1762)
4(1762 1763 1905 1904)
4(1904 1905 2047 2046)
4(2046 2047 2189 2188)
4(2188 2189 2331 2330)
4(59 60 202 201)
4(201 202 344 343)
4(343 344 486 485)
4(485 486 628 627)
4(627 628 770 769)
4(769 770 912 911)
4(911 912 1054 1053)
4(1053 1054 1196 1195)
4(1195 1196 1338 1337)
4(1337 1338 1480 1479)
4(1479 1480 1622 1621)
4(1621 1622 1764 1763)
4(1763 1764 1906 1905)
4(1905 1906 2048 2047)
4(2047 2048 2190 2189)
4(2189 2190 2332 2331)
4(60 61 203 202)
4(202 203 345 344)
4(344 345 487 486)
4(486 487 629 628)
4(628 629 771 770)
4(770 771 913 912)
4(912 913 1055 1054)
4(1054 1055 1197 1196)
4(1196 1197 1339 1338)
4(1338 1339 1481 1480)
4(1480 1481 1623 1622)
4(1622 1623 1765 1764)
4(1764 1765 1907 1906)
4(1906 1907 2049 2048)
4(2048 2049 2191 2190)
4(2190 2191 2333 2332)
4(61 62 204 203)
4(203 204 346 345)
4(345 346 488 487)
4(487 488 630 629)
4(629 630 772 771)
4(771 772 914 913)
4(913 914 1056 1055)
4(1055 1056 1198 1197)
4(1197 1198 1340 1339)
4(1339 1340 1482 1481)
4(1481 1482 1624 1623)
4(1623 1624 1766 1765)
4(1765 1766 1908 1907)
4(1907 1908 2050 2049)
4(2049 2050 2192 2191)
4(2191 2192 2334 2333)
4(62 63 205 204)
4(204 205 347 346)
4(346 347 489 488)
4(488 489 631 630)
4(630 631 773 772)
4(772 773 915 914)
4(914 915 1057 1056)
4(1056 1057 1199 1198)
4(1198 1199 1341 1340)
4(1340 1341 1483 1482)
4(1482 1483 1625 1624)
4(1624 1625 1767 1766)
4(1766 1767 1909 1908)
4(1908 1909 2051 2050)
4(2050 2051 2193 2192)
4(2192 2193 2335 2334)
4(63 64 206 205)
4(205 206 348 347)
4(347 348 490 489)
4(489 490 632 631)
4(631 632 774 773)
4(773 774 916 915)
4(915 916 1058 1057)
4(1057 1058 1200 1199)
4(1199 1200 1342 1341)
4(1341 1342 1484 1483)
4(1483 1484 1626 1625)
4(1625 1626 1768 1767)
4(1767 1768 1910 1909)
4(1909 1910 2052 2051)
4(2051 2052 2194 2193)
4(2193 2194 2336 2335)
4(64 65 207 206)
4(206 207 349 348)
4(348 349 491 490)
4(490 491 633 632)
4(632 633 775 774)
4(774 775 917 916)
4(916 917 1059 1058)
4(1058 1059 1201 1200)
4(1200 1201 1343 1342)
4(1342 1343 1485 1484)
4(1484 1485 1627 1626)
4(1626 1627 1769 1768)
4(1768 1769 1911 1910)
4(1910 1911 2053 2052)
4(2052 2053 2195 2194)
4(2194 2195 2337 2336)
4(65 66 208 207)
4(207 208 350 349)
4(349 350 492 491)
4(491 492 634 633)
4(633 634 776 775)
4(775 776 918 917)
4(917 918 1060 1059)
4(1059 1060 1202 1201)
4(1201 1202 1344 1343)
4(1343 1344 1486 1485)
4(1485 1486 1628 1627)
4(1627 1628 1770 1769)
4(1769 1770 1912 1911)
4(1911 1912 2054 2053)
4(2053 2054 2196 2195)
4(2195 2196 2338 2337)
4(66 67 209 208)
4(208 209 351 350)
4(350 351 493 492)
4(492 493 635 634)
4(634 635 777 776)
4(776 777 919 918)
4(918 919 1061 1060)
4(1060 1061 1203 1202)
4(1202 1203 1345 1344)
4(1344 1345 1487 1486)
4(1486 1487 1629 1628)
4(1628 1629 1771 1770)
4(1770 1771 1913 1912)
4(1912 1913 2055 2054)
4(2054 2055 2197 2196)
4(2196 2197 2339 2338)
4(67 68 210 209)
4(209 210 352 351)
4(351 352 494 493)
4(493 494 636 635)
4(635 636 778 777)
4(777 778 920 919)
4(919 920 1062 1061)
4(1061 1062 1204 1203)
4(1203 1204 1346 1345)
4(1345 1346 1488 1487)
4(1487 1488 1630 1629)
4(1629 1630 1772 1771)
4(1771 1772 1914 1913)
4(1913 1914 2056 2055)
4(2055 2056 2198 2197)
4(2197 2198 2340 2339)
4(68 69 211 210)
4(210 211 353 352)
4(352 353 495 494)
4(494 495 637 636)
4(636 637 779 778)
4(778 779 921 920)
4(920 921 1063 1062)
4(1062 1063 1205 1204)
4(1204 1205 1347 1346)
4(1346 1347 1489 1488)
4(1488 1489 1631 1630)
4(1630 1631 1773 1772)
4(1772 1773 1915 1914)
4(1914 1915 2057 2056)
4(2056 2057 2199 2198)
4(2198 2199 2341 2340)
4(69 70 212 211)
4(211 212 354 353)
4(353 354 496 495)
4(495 496 638 637)
4(637 638 780 779)
4(779 780 922 921)
4(921 922 1064 1063)
4(1063 1064 1206 1205)
4(1205 1206 1348 1347)
4(1347 1348 1490 1489)
4(1489 1490 1632 1631)
4(1631 1632 1774 1773)
4(1773 1774 1916 1915)
4(1915 1916 2058 2057)
4(2057 2058 2200 2199)
4(2199 2200 2342 2341)
4(71 213 214 72)
4(213 355 356 214)
4(355 497 498 356)
4(497 639 640 498)
4(639 781 782 640)
4(781 923 924 782)
4(923 1065 1066 924)
4(1065 1207 1208 1066)
4(1207 1349 1350 1208)
4(1349 1491 1492 1350)
4(1491 1633 1634 1492)
4(1633 1775 1776 1634)
4(1775 1917 1918 1776)
4(1917 2059 2060 1918)
4(2059 2201 2202 2060)
4(2201 2343 2344 2202)
4(72 214 215 73)
4(214 356 357 215)
4(356 498 499 357)
4(498 640 641 499)
4(640 782 783 641)
4(782 924 925 783)
4(924 1066 1067 925)
4(1066 1208 1209 1067)
4(1208 1350 1351 1209)
4(1350 1492 1493 1351)
4(1492 1634 1635 1493)
4(1634 1776 1777 1635)
4(1776 1918 1919 1777)
4(1918 2060 2061 1919)
4(2060 2202 2203 2061)
4(2202 2344 2345 2203)
4(73 215 216 74)
4(215 357 358 216)
4(357 499 500 358)
4(499 641 642 500)
4(641 783 784 642)
4(783 925 926 784)
4(925 1067 1068 926)
4(1067 1209 1210 1068)
4(1209 1351 1352 1210)
4(1351 1493 1494 1352)
4(1493 1635 1636 1494)
4(1635 1777 1778 1636)
4(1777 1919 1920 1778)
4(1919 2061 2062 1920)
4(2061 2203 2204 2062)
4(2203 2345 2346 2204)
4(74 216 217 75)
4(216 358 359 217)
4(358 500 501 359)
4(500 642 643 501)
4(642 784 785 643)
4(784 926 927 785)
4(926 1068 1069 927)
4(1068 1210 1211 1069)
4(1210 1352 1353 1211)
4(1352 1494 1495 1353)
4(1494 1636 1637 1495)
4(1636 1778 1779 1637)
4(1778 1920 1921 1779)
4(1920 2062 2063 1921)
4(2062 2204 2205 2063)
4(2204 2346 2347 2205)
4(75 217 218 76)
4(217 359 360 218)
4(359 501 502 360)
4(501 643 644 502)
4(643 785 786 644)
4(785 927 928 786)
4(927 1069 1070 928)
4(1069 1211 1212 1070)
4(1211 1353 1354 1212)
4(1353 1495 1496 1354)
4(1495 1637 1638 1496)
4(1637 1779 1780 1638)
4(1779 1921 1922 1780)
4(1921 2063 2064 1922)
4(2063 2205 2206 2064)
4(2205 2347 2348 2206)
4(76 218 219 77)
4(218 360 361 219)
4(360 502 503 361)
4(502 644 645 503)
4(644 786 787 645)
4(786 928 929 787)
4(928 1070 1071 929)
4(1070 1212 1213 1071)
4(1212 1354 1355 1213)
4(1354 1496 1497 1355)
4(1496 1638 1639 1497)
4(1638 1780 1781 1639)
4(1780 1922 1923 1781)
4(1922 2064 2065 1923)
4(2064 2206 2207 2065)
4(2206 2348 2349 2207)
4(77 219 220 78)
4(219 361 362 220)
4(361 503 504 362)
4(503 645 646 504)
4(645 787 788 646)
4(787 929 930 788)
4(929 1071 1072 930)
4(1071 1213 1214 1072)
4(1213 1355 1356 1214)
4(1355 1497 1498 1356)
4(1497 1639 1640 1498)
4(1639 1781 1782 1640)
4(1781 1923 1924 1782)
4(1923 2065 2066 1924)
4(2065 2207 2208 2066)
4(2207 2349 2350 2208)
4(78 220 221 79)
4(220 362 363 221)
4(362 504 505 363)
4(504 646 647 505)
4(646 788 789 647)
4(788 930 931 789)
4(930 1072 1073 931)
4(1072 1214 1215 1073)
4(1214 1356 1357 1215)
4(1356 1498 1499 1357)
4(1498 1640 1641 1499)
4(1640 1782 1783 1641)
4(1782 1924 1925 1783)
4(1924 2066 2067 1925)
4(2066 2208 2209 2067)
4(2208 2350 2351 2209)
4(79 221 222 80)
4(221 363 364 222)
4(363 505 506 364)
4(505 647 648 506)
4(647 789 790 648)
4(789 931 932 790)
4(931 1073 1074 932)
4(1073 1215 1216 1074)
4(1215 1357 1358 1216)
4(1357 1499 1500 1358)
4(1499 1641 1642 1500)
4(1641 1783 1784 1642)
4(1783 1925 1926 1784)
4(1925 2067 2068 1926)
4(2067 2209 2210 2068)
4(2209 2351 2352 2210)
4(80 222 223 81)
4(222 364 365 223)
4(364 506 507 365)
4(506 648 649 507)
4(648 790 791 649)
4(790 932 933 791)
4(932 1074 1075 933)
4(1074 1216 1217 1075)
4(1216 1358 1359 1217)
4(1358 1500 1501 1359)
4(1500 1642 1643 1501)
4(1642 1784 1785 1643)
4(1784 1926 1927 1785)
4(1926 2068 2069 1927)
4(2068 2210 2211 2069)
4(2210 2352 2353 2211)
4(81 223 224 82)
4(223 365 366 224)
4(365 507 508 366)
4(507 649 650 508)
4(649 791 792 650)
4(791 933 934 792)
4(933 1075 1076 934)
4(1075 1217 1218 1076)
4(1217 1359 1360 1218)
4(1359 1501 1502 1360)
4(1501 1643 1644 1502)
4(1643 1785 1786 1644)
4(1785 1927 1928 1786)
4(1927 2069 2070 1928)
4(2069 2211 2212 2070)
4(2211 2353 2354 2212)
4(82 224 225 83)
4(224 366 367 225)
4(366 508 509 367)
4(508 650 651 509)
4(650 792 793 651)
4(792 934 935 793)
4(934 1076 1077 935)
4(1076 1218 1219 1077)
4(1218 1360 1361 1219)
4(1360 1502 1503 1361)
4(1502 1644 1645 1503)
4(1644 1786 1787 1645)
4(1786 1928 1929 1787)
4(1928 2070 2071 1929)
4(2070 2212 2213 2071)
4(2212 2354 2355 2213)
4(83 225 226 84)
4(225 367 368 226)
4(367 509 510 368)
4(509 651 652 510)
4(651 793 794 652)
4(793 935 936 794)
4(935 1077 1078 936)
4(1077 1219 1220 1078)
4(1219 1361 1362 1220)
4(1361 1503 1504 1362)
4(1503 1645 1646 1504)
4(1645 1787 1788 1646)
4(1787 1929 1930 1788)
4(1929 2071 2072 1930)
4(2071 2213 2214 2072)
4(2213 2355 2356 2214)
4(84 226 227 85)
4(226 368 369 227)
4(368 510 511 369)
4(510 652 653 511)
4(652 794 795 653)
4(794 936 937 795)
4(936 1078 1079 937)
4(1078 1220 1221 1079)
4(1220 1362 1363 1221)
4(1362 1504 1505 1363)
4(1504 1646 1647 1505)
4(1646 1788 1789 1647)
4(1788 1930 1931 1789)
4(1930 2072 2073 1931)
4(2072 2214 2215 2073)
4(2214 2356 2357 2215)
4(85 227 228 86)
4(227 369 370 228)
4(369 511 512 370)
4(511 653 654 512)
4(653 795 796 654)
4(795 937 938 796)
4(937 1079 1080 938)
4(1079 1221 1222 1080)
4(1221 1363 1364 1222)
4(1363 1505 1506 1364)
4(1505 1647 1648 1506)
4(1647 1789 1790 1648)
4(1789 1931 1932 1790)
4(1931 2073 2074 1932)
4(2073 2215 2216 2074)
4(2215 2357 2358 2216)
4(86 228 229 87)
4(228 370 371 229)
4(370 512 513 371)
4(512 654 655 513)
4(654 796 797 655)
4(796 938 939 797)
4(938 1080 1081 939)
4(1080 1222 1223 1081)
4(1222 1364 1365 1223)
4(1364 1506 1507 1365)
4(1506 1648 1649 1507)
4(1648 1790 1791 1649)
4(1790 1932 1933 1791)
4(1932 2074 2075 1933)
4(2074 2216 2217 2075)
4(2216 2358 2359 2217)
4(87 229 230 88)
4(229 371 372 230)
4(371 513 514 372)
4(513 655 656 514)
4(655 797 798 656)
4(797 939 940 798)
4(939 1081 1082 940)
4(1081 1223 1224 1082)
4(1223 1365 1366 1224)
4(1365 1507 1508 1366)
4(1507 1649 1650 1508)
4(1649 1791 1792 1650)
4(1791 1933 1934 1792)
4(1933 2075 2076 1934)
4(2075 2217 2218 2076)
4(2217 2359 2360 2218)
4(88 230 231 89)
4(230 372 373 231)
4(372 514 515 373)
4(514 656 657 515)
4(656 798 799 657)
4(798 940 941 799)
4(940 1082 1083 941)
4(1082 1224 1225 1083)
4(1224 1366 1367 1225)
4(1366 1508 1509 1367)
4(1508 1650 1651 1509)
4(1650 1792 1793 1651)
4(1792 1934 1935 1793)
4(1934 2076 2077 1935)
4(2076 2218 2219 2077)
4(2218 2360 2361 2219)
4(89 231 232 90)
4(231 373 374 232)
4(373 515 516 374)
4(515 657 658 516)
4(657 799 800 658)
4(799 941 942 800)
4(941 1083 1084 942)
4(1083 1225 1226 1084)
4(1225 1367 1368 1226)
4(1367 1509 1510 1368)
4(1509 1651 1652 1510)
4(1651 1793 1794 1652)
4(1793 1935 1936 1794)
4(1935 2077 2078 1936)
4(2077 2219 2220 2078)
4(2219 2361 2362 2220)
4(90 232 233 91)
4(232 374 375 233)
4(374 516 517 375)
4(516 658 659 517)
4(658 800 801 659)
4(800 942 943 801)
4(942 1084 1085 943)
4(1084 1226 1227 1085)
4(1226 1368 1369 1227)
4(1368 1510 1511 1369)
4(1510 1652 1653 1511)
4(1652 1794 1795 1653)
4(1794 1936 1937 1795)
4(1936 2078 2079 1937)
4(2078 2220 2221 2079)
4(2220 2362 2363 2221)
4(91 233 234 92)
4(233 375 376 234)
4(375 517 518 376)
4(517 659 660 518)
4(659 801 802 660)
4(801 943 944 802)
4(943 1085 1086 944)
4(1085 1227 1228 1086)
4(1227 1369 1370 1228)
4(1369 1511 1512 1370)
4(1511 1653 1654 1512)
4(1653 1795 1796 1654)
4(1795 1937 1938 1796)
4(1937 2079 2080 1938)
4(2079 2221 2222 2080)
4(2221 2363 2364 2222)
4(92 234 235 93)
4(234 376 377 235)
4(376 518 519 377)
4(518 660 661 519)
4(660 802 803 661)
4(802 944 945 803)
4(944 1086 1087 945)
4(1086 1228 1229 1087)
4(1228 1370 1371 1229)
4(1370 1512 1513 1371)
4(1512 1654 1655 1513)
4(1654 1796 1797 1655)
4(1796 1938 1939 1797)
4(1938 2080 2081 1939)
4(2080 2222 2223 2081)
4(2222 2364 2365 2223)
4(93 235 236 94)
4(235 377 378 236)
4(377 519 520 378)
4(519 661 662 520)
4(661 803 804 662)
4(803 945 946 804)
4(945 1087 1088 946)
4(1087 1229 1230 1088)
4(1229 1371 1372 1230)
4(1371 1513 1514 1372)
4(1513 1655 1656 1514)
4(1655 1797 1798 1656)
4(1797 1939 1940 1798)
4(1939 2081 2082 1940)
4(2081 2223 2224 2082)
4(2223 2365 2366 2224)
4(94 236 237 95)
4(236 378 379 237)
4(378 520 521 379)
4(520 662 663 521)
4(662 804 805 663)
4(804 946 947 805)
4(946 1088 1089 947)
4(1088 1230 1231 1089)
4(1230 1372 1373 1231)
4(1372 1514 1515 1373)
4(1514 1656 1657 1515)
4(1656 1798 1799 1657)
4(1798 1940 1941 1799)
4(1940 2082 2083 1941)
4(2082 2224 2225 2083)
4(2224 2366 2367 2225)
4(95 237 238 96)
4(237 379 380 238)
4(379 521 522 380)
4(521 663 664 522)
4(663 805 806 664)
4(805 947 948 806)
4(947 1089 1090 948)
4(1089 1231 1232 1090)
4(1231 1373 1374 1232)
4(1373 1515 1516 1374)
4(1515 1657 1658 1516)
4(1657 1799 1800 1658)
4(1799 1941 1942 1800)
4(1941 2083 2084 1942)
4(2083 2225 2226 2084)
4(2225 2367 2368 2226)
4(96 238 239 97)
4(238 380 381 239)
4(380 522 523 381)
4(522 664 665 523)
4(664 806 807 665)
4(806 948 949 807)
4(948 1090 1091 949)
4(1090 1232 1233 1091)
4(1232 1374 1375 1233)
4(1374 1516 1517 1375)
4(1516 1658 1659 1517)
4(1658 1800 1801 1659)
4(1800 1942 1943 1801)
4(1942 2084 2085 1943)
4(2084 2226 2227 2085)
4(2226 2368 2369 2227)
4(97 239 240 98)
4(239 381 382 240)
4(381 523 524 382)
4(523 665 666 524)
4(665 807 808 666)
4(807 949 950 808)
4(949 1091 1092 950)
4(1091 1233 1234 1092)
4(1233 1375 1376 1234)
4(1375 1517 1518 1376)
4(1517 1659 1660 1518)
4(1659 1801 1802 1660)
4(1801 1943 1944 1802)
4(1943 2085 2086 1944)
4(2085 2227 2228 2086)
4(2227 2369 2370 2228)
4(98 240 241 99)
4(240 382 383 241)
4(382 524 525 383)
4(524 666 667 525)
4(666 808 809 667)
4(808 950 951 809)
4(950 1092 1093 951)
4(1092 1234 1235 1093)
4(1234 1376 1377 1235)
4(1376 1518 1519 1377)
4(1518 1660 1661 1519)
4(1660 1802 1803 1661)
4(1802 1944 1945 1803)
4(1944 2086 2087 1945)
4(2086 2228 2229 2087)
4(2228 2370 2371 2229)
4(99 241 242 100)
4(241 383 384 242)
4(383 525 526 384)
4(525 667 668 526)
4(667 809 810 668)
4(809 951 952 810)
4(951 1093 1094 952)
4(1093 1235 1236 1094)
4(1235 1377 1378 1236)
4(1377 1519 1520 1378)
4(1519 1661 1662 1520)
4(1661 1803 1804 1662)
4(1803 1945 1946 1804)
4(1945 2087 2088 1946)
4(2087 2229 2230 2088)
4(2229 2371 2372 2230)
4(100 242 243 101)
4(242 384 385 243)
4(384 526 527 385)
4(526 668 669 527)
4(668 810 811 669)
4(810 952 953 811)
4(952 1094 1095 953)
4(1094 1236 1237 1095)
4(1236 1378 1379 1237)
4(1378 1520 1521 1379)
4(1520 1662 1663 1521)
4(1662 1804 1805 1663)
4(1804 1946 1947 1805)
4(1946 2088 2089 1947)
4(2088 2230 2231 2089)
4(2230 2372 2373 2231)
4(101 243 244 102)
4(243 385 386 244)
4(385 527 528 386)
4(527 669 670 528)
4(669 811 812 670)
4(811 953 954 812)
4(953 1095 1096 954)
4(1095 1237 1238 1096)
4(1237 1379 1380 1238)
4(1379 1521 1522 1380)
4(1521 1663 1664 1522)
4(1663 1805 1806 1664)
4(1805 1947 1948 1806)
4(1947 2089 2090 1948)
4(2089 2231 2232 2090)
4(2231 2373 2374 2232)
4(102 244 245 103)
4(244 386 387 245)
4(386 528 529 387)
4(528 670 671 529)
4(670 812 813 671)
4(812 954 955 813)
4(954 1096 1097 955)
4(1096 1238 1239 1097)
4(1238 1380 1381 1239)
4(1380 1522 1523 1381)
4(1522 1664 1665 1523)
4(1664 1806 1807 1665)
4(1806 1948 1949 1807)
4(1948 2090 2091 1949)
4(2090 2232 2233 2091)
4(2232 2374 2375 2233)
4(103 245 246 104)
4(245 387 388 246)
4(387 529 530 388)
4(529 671 672 530)
4(671 813 814 672)
4(813 955 956 814)
4(955 1097 1098 956)
4(1097 1239 1240 1098)
4(1239 1381 1382 1240)
4(1381 1523 1524 1382)
4(1523 1665 1666 1524)
4(1665 1807 1808 1666)
4(1807 1949 1950 1808)
4(1949 2091 2092 1950)
4(2091 2233 2234 2092)
4(2233 2375 2376 2234)
4(104 246 247 105)
4(246 388 389 247)
4(388 530 531 389)
4(530 672 673 531)
4(672 814 815 673)
4(814 956 957 815)
4(956 1098 1099 957)
4(1098 1240 1241 1099)
4(1240 1382 1383 1241)
4(1382 1524 1525 1383)
4(1524 1666 1667 1525)
4(1666 1808 1809 1667)
4(1808 1950 1951 1809)
4(1950 2092 2093 1951)
4(2092 2234 2235 2093)
4(2234 2376 2377 2235)
4(105 247 248 106)
4(247 389 390 248)
4(389 531 532 390)
4(531 673 674 532)
4(673 815 816 674)
4(815 957 958 816)
4(957 1099 1100 958)
4(1099 1241 1242 1100)
4(1241 1383 1384 1242)
4(1383 1525 1526 1384)
4(1525 1667 1668 1526)
4(1667 1809 1810 1668)
4(1809 1951 1952 1810)
4(1951 2093 2094 1952)
4(2093 2235 2236 2094)
4(2235 2377 2378 2236)
4(106 248 249 107)
4(248 390 391 249)
4(390 532 533 391)
4(532 674 675 533)
4(674 816 817 675)
4(816 958 959 817)
4(958 1100 1101 959)
4(1100 1242 1243 1101)
4(1242 1384 1385 1243)
4(1384 1526 1527 1385)
4(1526 1668 1669 1527)
4(1668 1810 1811 1669)
4(1810 1952 1953 1811)
4(1952 2094 2095 1953)
4(2094 2236 2237 2095)
4(2236 2378 2379 2237)
4(107 249 250 108)
4(249 391 392 250)
4(391 533 534 392)
4(533 675 676 534)
4(675 817 818 676)
4(817 959 960 818)
4(959 1101 1102 960)
4(1101 1243 1244 1102)
4(1243 1385 1386 1244)
4(1385 1527 1528 1386)
4(1527 1669 1670 1528)
4(1669 1811 1812 1670)
4(1811 1953 1954 1812)
4(1953 2095 2096 1954)
4(2095 2237 2238 2096)
4(2237 2379 2380 2238)
4(108 250 251 109)
4(250 392 393 251)
4(392 534 535 393)
4(534 676 677 535)
4(676 818 819 677)
4(818 960 961 819)
4(960 1102 1103 961)
4(1102 1244 1245 1103)
4(1244 1386 1387 1245)
4(1386 1528 1529 1387)
4(1528 1670 1671 1529)
4(1670 1812 1813 1671)
4(1812 1954 1955 1813)
4(1954 2096 2097 1955)
4(2096 2238 2239 2097)
4(2238 2380 2381 2239)
4(109 251 252 110)
4(251 393 394 252)
4(393 535 536 394)
4(535 677 678 536)
4(677 819 820 678)
4(819 961 962 820)
4(961 1103 1104 962)
4(1103 1245 1246 1104)
4(1245 1387 1388 1246)
4(1387 1529 1530 1388)
4(1529 1671 1672 1530)
4(1671 1813 1814 1672)
4(1813 1955 1956 1814)
4(1955 2097 2098 1956)
4(2097 2239 2240 2098)
4(2239 2381 2382 2240)
4(110 252 253 111)
4(252 394 395 253)
4(394 536 537 395)
4(536 678 679 537)
4(678 820 821 679)
4(820 962 963 821)
4(962 1104 1105 963)
4(1104 1246 1247 1105)
4(1246 1388 1389 1247)
4(1388 1530 1531 1389)
4(1530 1672 1673 1531)
4(1672 1814 1815 1673)
4(1814 1956 1957 1815)
4(1956 2098 2099 1957)
4(2098 2240 2241 2099)
4(2240 2382 2383 2241)
4(111 253 254 112)
4(253 395 396 254)
4(395 537 538 396)
4(537 679 680 538)
4(679 821 822 680)
4(821 963 964 822)
4(963 1105 1106 964)
4(1105 1247 1248 1106)
4(1247 1389 1390 1248)
4(1389 1531 1532 1390)
4(1531 1673 1674 1532)
4(1673 1815 1816 1674)
4(1815 1957 1958 1816)
4(1957 2099 2100 1958)
4(2099 2241 2242 2100)
4(2241 2383 2384 2242)
4(112 254 255 113)
4(254 396 397 255)
4(396 538 539 397)
4(538 680 681 539)
4(680 822 823 681)
4(822 964 965 823)
4(964 1106 1107 965)
4(1106 1248 1249 1107)
4(1248 1390 1391 1249)
4(1390 1532 1533 1391)
4(1532 1674 1675 1533)
4(1674 1816 1817 1675)
4(1816 1958 1959 1817)
4(1958 2100 2101 1959)
4(2100 2242 2243 2101)
4(2242 2384 2385 2243)
4(113 255 256 114)
4(255 397 398 256)
4(397 539 540 398)
4(539 681 682 540)
4(681 823 824 682)
4(823 965 966 824)
4(965 1107 1108 966)
4(1107 1249 1250 1108)
4(1249 1391 1392 1250)
4(1391 1533 1534 1392)
4(1533 1675 1676 1534)
4(1675 1817 1818 1676)
4(1817 1959 1960 1818)
4(1959 2101 2102 1960)
4(2101 2243 2244 2102)
4(2243 2385 2386 2244)
4(114 256 257 115)
4(256 398 399 257)
4(398 540 541 399)
4(540 682 683 541)
4(682 824 825 683)
4(824 966 967 825)
4(966 1108 1109 967)
4(1108 1250 1251 1109)
4(1250 1392 1393 1251)
4(1392 1534 1535 1393)
4(1534 1676 1677 1535)
4(1676 1818 1819 1677)
4(1818 1960 1961 1819)
4(1960 2102 2103 1961)
4(2102 2244 2245 2103)
4(2244 2386 2387 2245)
4(115 257 258 116)
4(257 399 400 258)
4(399 541 542 400)
4(541 683 684 542)
4(683 825 826 684)
4(825 967 968 826)
4(967 1109 1110 968)
4(1109 1251 1252 1110)
4(1251 1393 1394 1252)
4(1393 1535 1536 1394)
4(1535 1677 1678 1536)
4(1677 1819 1820 1678)
4(1819 1961 1962 1820)
4(1961 2103 2104 1962)
4(2103 2245 2246 2104)
4(2245 2387 2388 2246)
4(116 258 259 117)
4(258 400 401 259)
4(400 542 543 401)
4(542 684 685 543)
4(684 826 827 685)
4(826 968 969 827)
4(968 1110 1111 969)
4(1110 1252 1253 1111)
4(1252 1394 1395 1253)
4(1394 1536 1537 1395)
4(1536 1678 1679 1537)
4(1678 1820 1821 1679)
4(1820 1962 1963 1821)
4(1962 2104 2105 1963)
4(2104 2246 2247 2105)
4(2246 2388 2389 2247)
4(117 259 260 118)
4(259 401 402 260)
4(401 543 544 402)
4(543 685 686 544)
4(685 827 828 686)
4(827 969 970 828)
4(969 1111 1112 970)
4(1111 1253 1254 1112)
4(1253 1395 1396 1254)
4(1395 1537 1538 1396)
4(1537 1679 1680 1538)
4(1679 1821 1822 1680)
4(1821 1963 1964 1822)
4(1963 2105 2106 1964)
4(2105 2247 2248 2106)
4(2247 2389 2390 2248)
4(118 260 261 119)
4(260 402 403 261)
4(402 544 545 403)
4(544 686 687 545)
4(686 828 829 687)
4(828 970 971 829)
4(970 1112 1113 971)
4(1112 1254 1255 1113)
4(1254 1396 1397 1255)
4(1396 1538 1539 1397)
4(1538 1680 1681 1539)
4(1680 1822 1823 1681)
4(1822 1964 1965 1823)
4(1964 2106 2107 1965)
4(2106 2248 2249 2107)
4(2248 2390 2391 2249)
4(119 261 262 120)
4(261 403 404 262)
4(403 545 546 404)
4(545 687 688 546)
4(687 829 830 688)
4(829 971 972 830)
4(971 1113 1114 972)
4(1113 1255 1256 1114)
4(1255 1397 1398 1256)
4(1397 1539 1540 1398)
4(1539 1681 1682 1540)
4(1681 1823 1824 1682)
4(1823 1965 1966 1824)
4(1965 2107 2108 1966)
4(2107 2249 2250 2108)
4(2249 2391 2392 2250)
4(120 262 263 121)
4(262 404 405 263)
4(404 546 547 405)
4(546 688 689 547)
4(688 830 831 689)
4(830 972 973 831)
4(972 1114 1115 973)
4(1114 1256 1257 1115)
4(1256 1398 1399 1257)
4(1398 1540 1541 1399)
4(1540 1682 1683 1541)
4(1682 1824 1825 1683)
4(1824 1966 1967 1825)
4(1966 2108 2109 1967)
4(2108 2250 2251 2109)
4(2250 2392 2393 2251)
4(121 263 264 122)
4(263 405 406 264)
4(405 547 548 406)
4(547 689 690 548)
4(689 831 832 690)
4(831 973 974 832)
4(973 1115 1116 974)
4(1115 1257 1258 1116)
4(1257 1399 1400 1258)
4(1399 1541 1542 1400)
4(1541 1683 1684 1542)
4(1683 1825 1826 1684)
4(1825 1967 1968 1826)
4(1967 2109 2110 1968)
4(2109 2251 2252 2110)
4(2251 2393 2394 2252)
4(122 264 265 123)
4(264 406 407 265)
4(406 548 549 407)
4(548 690 691 549)
4(690 832 833 691)
4(832 974 975 833)
4(974 1116 1117 975)
4(1116 1258 1259 1117)
4(1258 1400 1401 1259)
4(1400 1542 1543 1401)
4(1542 1684 1685 1543)
4(1684 1826 1827 1685)
4(1826 1968 1969 1827)
4(1968 2110 2111 1969)
4(2110 2252 2253 2111)
4(2252 2394 2395 2253)
4(123 265 266 124)
4(265 407 408 266)
4(407 549 550 408)
4(549 691 692 550)
4(691 833 834 692)
4(833 975 976 834)
4(975 1117 1118 976)
4(1117 1259 1260 1118)
4(1259 1401 1402 1260)
4(1401 1543 1544 1402)
4(1543 1685 1686 1544)
4(1685 1827 1828 1686)
4(1827 1969 1970 1828)
4(1969 2111 2112 1970)
4(2111 2253 2254 2112)
4(2253 2395 2396 2254)
4(124 266 267 125)
4(266 408 409 267)
4(408 550 551 409)
4(550 692 693 551)
4(692 834 835 693)
4(834 976 977 835)
4(976 1118 1119 977)
4(1118 1260 1261 1119)
4(1260 1402 1403 1261)
4(1402 1544 1545 1403)
4(1544 1686 1687 1545)
4(1686 1828 1829 1687)
4(1828 1970 1971 1829)
4(1970 2112 2113 1971)
4(2112 2254 2255 2113)
4(2254 2396 2397 2255)
4(125 267 268 126)
4(267 409 410 268)
4(409 551 552 410)
4(551 693 694 552)
4(693 835 836 694)
4(835 977 978 836)
4(977 1119 1120 978)
4(1119 1261 1262 1120)
4(1261 1403 1404 1262)
4(1403 1545 1546 1404)
4(1545 1687 1688 1546)
4(1687 1829 1830 1688)
4(1829 1971 1972 1830)
4(1971 2113 2114 1972)
4(2113 2255 2256 2114)
4(2255 2397 2398 2256)
4(126 268 269 127)
4(268 410 411 269)
4(410 552 553 411)
4(552 694 695 553)
4(694 836 837 695)
4(836 978 979 837)
4(978 1120 1121 979)
4(1120 1262 1263 1121)
4(1262 1404 1405 1263)
4(1404 1546 1547 1405)
4(1546 1688 1689 1547)
4(1688 1830 1831 1689)
4(1830 1972 1973 1831)
4(1972 2114 2115 1973)
4(2114 2256 2257 2115)
4(2256 2398 2399 2257)
4(127 269 270 128)
4(269 411 412 270)
4(411 553 554 412)
4(553 695 696 554)
4(695 837 838 696)
4(837 979 980 838)
4(979 1121 1122 980)
4(1121 1263 1264 1122)
4(1263 1405 1406 1264)
4(1405 1547 1548 1406)
4(1547 1689 1690 1548)
4(1689 1831 1832 1690)
4(1831 1973 1974 1832)
4(1973 2115 2116 1974)
4(2115 2257 2258 2116)
4(2257 2399 2400 2258)
4(128 270 271 129)
4(270 412 413 271)
4(412 554 555 413)
4(554 696 697 555)
4(696 838 839 697)
4(838 980 981 839)
4(980 1122 1123 981)
4(1122 1264 1265 1123)
4(1264 1406 1407 1265)
4(1406 1548 1549 1407)
4(1548 1690 1691 1549)
4(1690 1832 1833 1691)
4(1832 1974 1975 1833)
4(1974 2116 2117 1975)
4(2116 2258 2259 2117)
4(2258 2400 2401 2259)
4(129 271 272 130)
4(271 413 414 272)
4(413 555 556 414)
4(555 697 698 556)
4(697 839 840 698)
4(839 981 982 840)
4(981 1123 1124 982)
4(1123 1265 1266 1124)
4(1265 1407 1408 1266)
4(1407 1549 1550 1408)
4(1549 1691 1692 1550)
4(1691 1833 1834 1692)
4(1833 1975 1976 1834)
4(1975 2117 2118 1976)
4(2117 2259 2260 2118)
4(2259 2401 2402 2260)
4(130 272 273 131)
4(272 414 415 273)
4(414 556 557 415)
4(556 698 699 557)
4(698 840 841 699)
4(840 982 983 841)
4(982 1124 1125 983)
4(1124 1266 1267 1125)
4(1266 1408 1409 1267)
4(1408 1550 1551 1409)
4(1550 1692 1693 1551)
4(1692 1834 1835 1693)
4(1834 1976 1977 1835)
4(1976 2118 2119 1977)
4(2118 2260 2261 2119)
4(2260 2402 2403 2261)
4(131 273 274 132)
4(273 415 416 274)
4(415 557 558 416)
4(557 699 700 558)
4(699 841 842 700)
4(841 983 984 842)
4(983 1125 1126 984)
4(1125 1267 1268 1126)
4(1267 1409 1410 1268)
4(1409 1551 1552 1410)
4(1551 1693 1694 1552)
4(1693 1835 1836 1694)
4(1835 1977 1978 1836)
4(1977 2119 2120 1978)
4(2119 2261 2262 2120)
4(2261 2403 2404 2262)
4(132 274 275 133)
4(274 416 417 275)
4(416 558 559 417)
4(558 700 701 559)
4(700 842 843 701)
4(842 984 985 843)
4(984 1126 1127 985)
4(1126 1268 1269 1127)
4(1268 1410 1411 1269)
4(1410 1552 1553 1411)
4(1552 1694 1695 1553)
4(1694 1836 1837 1695)
4(1836 1978 1979 1837)
4(1978 2120 2121 1979)
4(2120 2262 2263 2121)
4(2262 2404 2405 2263)
4(133 275 276 134)
4(275 417 418 276)
4(417 559 560 418)
4(559 701 702 560)
4(701 843 844 702)
4(843 985 986 844)
4(985 1127 1128 986)
4(1127 1269 1270 1128)
4(1269 1411 1412 1270)
4(1411 1553 1554 1412)
4(1553 1695 1696 1554)
4(1695 1837 1838 1696)
4(1837 1979 1980 1838)
4(1979 2121 2122 1980)
4(2121 2263 2264 2122)
4(2263 2405 2406 2264)
4(134 276 277 135)
4(276 418 419 277)
4(418 560 561 419)
4(560 702 703 561)
4(702 844 845 703)
4(844 986 987 845)
4(986 1128 1129 987)
4(1128 1270 1271 1129)
4(1270 1412 1413 1271)
4(1412 1554 1555 1413)
4(1554 1696 1697 1555)
4(1696 1838 1839 1697)
4(1838 1980 1981 1839)
4(1980 2122 2123 1981)
4(2122 2264 2265 2123)
4(2264 2406 2407 2265)
4(135 277 278 136)
4(277 419 420 278)
4(419 561 562 420)
4(561 703 704 562)
4(703 845 846 704)
4(845 987 988 846)
4(987 1129 1130 988)
4(1129 1271 1272 1130)
4(1271 1413 1414 1272)
4(1413 1555 1556 1414)
4(1555 1697 1698 1556)
4(1697 1839 1840 1698)
4(1839 1981 1982 1840)
4(1981 2123 2124 1982)
4(2123 2265 2266 2124)
4(2265 2407 2408 2266)
4(136 278 279 137)
4(278 420 421 279)
4(420 562 563 421)
4(562 704 705 563)
4(704 846 847 705)
4(846 988 989 847)
4(988 1130 1131 989)
4(1130 1272 1273 1131)
4(1272 1414 1415 1273)
4(1414 1556 1557 1415)
4(1556 1698 1699 1557)
4(1698 1840 1841 1699)
4(1840 1982 1983 1841)
4(1982 2124 2125 1983)
4(2124 2266 2267 2125)
4(2266 2408 2409 2267)
4(137 279 280 138)
4(279 421 422 280)
4(421 563 564 422)
4(563 705 706 564)
4(705 847 848 706)
4(847 989 990 848)
4(989 1131 1132 990)
4(1131 1273 1274 1132)
4(1273 1415 1416 1274)
4(1415 1557 1558 1416)
4(1557 1699 1700 1558)
4(1699 1841 1842 1700)
4(1841 1983 1984 1842)
4(1983 2125 2126 1984)
4(2125 2267 2268 2126)
4(2267 2409 2410 2268)
4(138 280 281 139)
4(280 422 423 281)
4(422 564 565 423)
4(564 706 707 565)
4(706 848 849 707)
4(848 990 991 849)
4(990 1132 1133 991)
4(1132 1274 1275 1133)
4(1274 1416 1417 1275)
4(1416 1558 1559 1417)
4(1558 1700 1701 1559)
4(1700 1842 1843 1701)
4(1842 1984 1985 1843)
4(1984 2126 2127 1985)
4(2126 2268 2269 2127)
4(2268 2410 2411 2269)
4(139 281 282 140)
4(281 423 424 282)
4(423 565 566 424)
4(565 707 708 566)
4(707 849 850 708)
4(849 991 992 850)
4(991 1133 1134 992)
4(1133 1275 1276 1134)
4(1275 1417 1418 1276)
4(1417 1559 1560 1418)
4(1559 1701 1702 1560)
4(1701 1843 1844 1702)
4(1843 1985 1986 1844)
4(1985 2127 2128 1986)
4(2127 2269 2270 2128)
4(2269 2411 2412 2270)
4(140 282 283 141)
4(282 424 425 283)
4(424 566 567 425)
4(566 708 709 567)
4(708 850 851 709)
4(850 992 993 851)
4(992 1134 1135 993)
4(1134 1276 1277 1135)
4(1276 1418 1419 1277)
4(1418 1560 1561 1419)
4(1560 1702 1703 1561)
4(1702 1844 1845 1703)
4(1844 1986 1987 1845)
4(1986 2128 2129 1987)
4(2128 2270 2271 2129)
4(2270 2412 2413 2271)
)


// ************************************************************************* //
