/*--------------------------------*- C++ -*----------------------------------*\
  =========                 |
  \\      /  F ield         | OpenFOAM: The Open Source CFD Toolbox
   \\    /   O peration     | Website:  https://openfoam.org
    \\  /    A nd           | Version:  12
     \\/     M anipulation  |
\*---------------------------------------------------------------------------*/
FoamFile
{
    format      ascii;
    class       volScalarField;
    location    "80";
    object      T;
}
// * * * * * * * * * * * * * * * * * * * * * * * * * * * * * * * * * * * * * //

dimensions      [];

internalField   nonuniform List<scalar> 
4480
(
6.72926e-18
4.29182e-15
7.68277e-11
8.32771e-08
1.07258e-05
0.000256776
0.00188497
0.00688574
0.0167488
0.0316715
0.0507586
0.0725749
0.0956077
0.11853
0.140302
0.160176
0.177659
0.192461
0.204437
0.213552
0.219842
0.223389
0.224306
0.222723
0.218782
0.212637
0.204447
0.195117
0.185661
0.176044
0.166241
0.156231
0.146003
0.135558
0.12491
0.114091
0.103151
0.0921657
0.0812353
0.070487
0.0600719
0.0501579
0.0409207
0.0325272
0.0251169
0.0187847
0.0135669
0.00943569
0.00630268
0.00403359
0.00246809
0.00144131
0.000802146
0.000424997
0.00021421
0.000102672
4.67944e-05
2.02849e-05
8.36775e-06
3.28722e-06
1.23098e-06
4.39925e-07
1.50237e-07
4.90991e-08
1.53795e-08
4.62489e-09
1.3375e-09
3.72654e-10
1.00215e-10
2.60618e-11
6.56703e-12
1.60658e-12
3.8239e-13
8.87391e-14
2.0123e-14
4.46933e-15
9.74537e-16
2.09132e-16
4.42771e-17
9.27125e-18
1.9245e-18
3.96885e-19
8.14722e-20
1.29205e-19
1.52702e-19
1.41535e-19
1.14621e-19
8.55647e-20
6.07232e-20
4.17806e-20
2.82526e-20
1.89681e-20
1.27456e-20
8.62864e-21
5.91863e-21
4.13356e-21
2.95215e-21
2.16444e-21
1.63482e-21
1.27609e-21
1.03232e-21
8.67717e-22
7.59559e-22
6.93816e-22
6.62502e-22
6.62271e-22
6.93949e-22
7.6294e-22
8.80721e-22
1.068e-21
1.36074e-21
1.82146e-21
2.56074e-21
3.77883e-21
5.84839e-21
9.48313e-21
1.60921e-20
2.85481e-20
5.29373e-20
1.02958e-19
2.12775e-19
4.78342e-19
1.19e-18
3.40019e-18
1.29113e-17
5.3412e-17
1.14679e-16
1.368e-16
3.55947e-17
5.02578e-19
7.56842e-21
5.42583e-23
3.35881e-25
2.10748e-27
1.27271e-29
5.80914e-32
2.10812e-34
4.43651e-37
4.40319e-40
1.21929e-43
1.28282e-17
1.38319e-12
6.92262e-09
3.3065e-06
0.000222647
0.00310088
0.0150421
0.0408115
0.0797632
0.12774
0.179911
0.232291
0.282137
0.327803
0.368452
0.403797
0.433878
0.458923
0.479249
0.4952
0.50711
0.515279
0.519975
0.521415
0.519779
0.515203
0.507788
0.497773
0.486036
0.472683
0.45782
0.441548
0.423963
0.405157
0.385217
0.364231
0.342288
0.319482
0.295923
0.271739
0.247092
0.222177
0.197233
0.172553
0.148471
0.125361
0.103618
0.083625
0.0657204
0.050159
0.0370783
0.0264792
0.018225
0.012064
0.00766615
0.00466959
0.00272332
0.00151946
0.000810678
0.000413541
0.000201726
9.41374e-05
4.20527e-05
1.7998e-05
7.38735e-06
2.91125e-06
1.10288e-06
4.02171e-07
1.41359e-07
4.79592e-08
1.5728e-08
4.99286e-09
1.53642e-09
4.58948e-10
1.33261e-10
3.76628e-11
1.03743e-11
2.78864e-12
7.32415e-13
1.8818e-13
4.73535e-14
1.16843e-14
2.83018e-15
1.03485e-15
5.3851e-16
3.08864e-16
1.79616e-16
1.0439e-16
6.06383e-17
3.53044e-17
2.06713e-17
1.22149e-17
7.30957e-18
4.44445e-18
2.75456e-18
1.74548e-18
1.13415e-18
7.5773e-19
5.21886e-19
3.71466e-19
2.73858e-19
2.09556e-19
1.6675e-19
1.38213e-19
1.19507e-19
1.07927e-19
1.01905e-19
1.00673e-19
1.04112e-19
1.12737e-19
1.27817e-19
1.51687e-19
1.88326e-19
2.44423e-19
3.31313e-19
4.68549e-19
6.90703e-19
1.06074e-18
1.6977e-18
2.8378e-18
4.97766e-18
9.21037e-18
1.79606e-17
3.65108e-17
7.50787e-17
1.40905e-16
2.0101e-16
1.78686e-16
4.6151e-17
9.91467e-19
1.95052e-20
2.97774e-22
3.57515e-24
3.38569e-26
2.81355e-28
1.68533e-30
7.81554e-33
2.11765e-35
2.80547e-38
1.23042e-41
1.13755e-14
1.32554e-10
2.33901e-07
5.31216e-05
0.00195537
0.0166393
0.056693
0.120375
0.19702
0.276327
0.351705
0.419891
0.479725
0.53119
0.574818
0.611373
0.641666
0.666478
0.686514
0.702387
0.714619
0.723636
0.729788
0.733344
0.734509
0.733425
0.730182
0.724559
0.716648
0.706515
0.694231
0.679858
0.663468
0.645124
0.624893
0.602837
0.579019
0.5535
0.526348
0.497634
0.467449
0.435905
0.403151
0.369385
0.334864
0.299921
0.26496
0.230469
0.196994
0.16512
0.135426
0.108439
0.0845809
0.064121
0.0471465
0.033555
0.0230757
0.0153098
0.00978695
0.00602222
0.00356446
0.00202853
0.00110983
0.000583814
0.00029538
0.000143818
6.74343e-05
3.04757e-05
1.32877e-05
5.59539e-06
2.27811e-06
8.9782e-07
3.42915e-07
1.27083e-07
4.57515e-08
1.60199e-08
5.46201e-09
1.81542e-09
5.88863e-10
1.86611e-10
5.78356e-11
1.75483e-11
5.21771e-12
1.64656e-12
5.85664e-13
2.33529e-13
1.0175e-13
4.71483e-14
2.27988e-14
1.13818e-14
5.83477e-15
3.06429e-15
1.64753e-15
9.07109e-16
5.11929e-16
2.96513e-16
1.76536e-16
1.08219e-16
6.84251e-17
4.47019e-17
3.02255e-17
2.11867e-17
1.54188e-17
1.16659e-17
9.18737e-18
7.53865e-18
6.45002e-18
5.75751e-18
5.36337e-18
5.21415e-18
5.28894e-18
5.59467e-18
6.16686e-18
7.07616e-18
8.4419e-18
1.04565e-17
1.34279e-17
1.7851e-17
2.45324e-17
3.48026e-17
5.08519e-17
7.61361e-17
1.15422e-16
1.7324e-16
2.4796e-16
3.17646e-16
3.2806e-16
2.29244e-16
6.1229e-17
1.92174e-18
4.92737e-20
1.05878e-21
1.81268e-23
2.37267e-25
2.64184e-27
2.06863e-29
1.23521e-31
4.32471e-34
7.60062e-37
4.69313e-40
1.72444e-12
5.71978e-09
4.15944e-06
0.000478282
0.0100628
0.0551851
0.139707
0.242396
0.343859
0.434798
0.512893
0.578762
0.633836
0.679597
0.717398
0.748434
0.773749
0.794237
0.810664
0.823669
0.833787
0.841451
0.847007
0.850733
0.852833
0.853458
0.852713
0.850434
0.846386
0.840569
0.832958
0.823519
0.812216
0.799005
0.783843
0.766694
0.74752
0.726286
0.702966
0.677537
0.649984
0.620308
0.58853
0.554702
0.518922
0.481347
0.442211
0.401843
0.360673
0.319243
0.278192
0.238237
0.200128
0.164595
0.132287
0.103706
0.0791612
0.0587385
0.0423048
0.0295352
0.0199661
0.0130575
0.00825567
0.00504404
0.00297742
0.00169798
0.000935686
0.000498404
0.000256746
0.000127987
6.17847e-05
2.89071e-05
1.31194e-05
5.78114e-06
2.4758e-06
1.03144e-06
4.18437e-07
1.65463e-07
6.38375e-08
2.40535e-08
8.85977e-09
3.19311e-09
1.12707e-09
3.98317e-10
1.4492e-10
5.47586e-11
2.16031e-11
8.91017e-12
3.83461e-12
1.71571e-12
7.95023e-13
3.80316e-13
1.87408e-13
9.50124e-14
4.95371e-14
2.65647e-14
1.46609e-14
8.33453e-15
4.88575e-15
2.95686e-15
1.84978e-15
1.19766e-15
8.03501e-16
5.59176e-16
4.04049e-16
3.03375e-16
2.36833e-16
1.92301e-16
1.62422e-16
1.42683e-16
1.3031e-16
1.23638e-16
1.21746e-16
1.24256e-16
1.31233e-16
1.43155e-16
1.60929e-16
1.85946e-16
2.20124e-16
2.65854e-16
3.25598e-16
4.00567e-16
4.87667e-16
5.74278e-16
6.3272e-16
6.20606e-16
5.00159e-16
2.87179e-16
7.96018e-17
3.70063e-18
1.17473e-19
3.18172e-21
6.92813e-23
1.15376e-24
1.62788e-26
1.60766e-28
1.20799e-30
5.35954e-33
1.21653e-35
1.0028e-38
1.07828e-10
1.38297e-07
4.57675e-05
0.00280183
0.0351808
0.131151
0.258931
0.381056
0.483443
0.566457
0.634264
0.690313
0.736792
0.775171
0.806607
0.832122
0.852641
0.868989
0.88188
0.891933
0.89966
0.905485
0.909746
0.912709
0.914577
0.915498
0.915575
0.914763
0.912823
0.909745
0.905485
0.899979
0.893144
0.884882
0.875087
0.863645
0.850438
0.835354
0.818272
0.799082
0.77767
0.753934
0.727776
0.699119
0.667905
0.634116
0.597787
0.559019
0.51801
0.475069
0.430632
0.385269
0.339678
0.294665
0.251095
0.209838
0.171697
0.13734
0.107238
0.0816249
0.060491
0.0436004
0.0305375
0.0207688
0.0137084
0.00877828
0.00545254
0.00328507
0.00192001
0.0010889
0.000599465
0.000320509
0.00016652
8.41232e-05
4.13519e-05
1.97936e-05
9.23298e-06
4.20039e-06
1.86518e-06
8.09088e-07
3.43135e-07
1.42393e-07
5.78654e-08
2.32129e-08
9.33528e-09
3.78228e-09
1.55116e-09
6.46638e-10
2.74957e-10
1.19556e-10
5.32486e-11
2.43169e-11
1.1392e-11
5.47684e-12
2.7029e-12
1.36989e-12
7.1343e-13
3.82072e-13
2.10597e-13
1.1959e-13
7.00367e-14
4.23441e-14
2.64566e-14
1.70981e-14
1.14389e-14
7.92738e-15
5.69352e-15
4.23882e-15
3.2713e-15
2.61631e-15
2.16721e-15
1.85769e-15
1.64581e-15
1.50464e-15
1.41672e-15
1.37053e-15
1.35829e-15
1.37419e-15
1.41287e-15
1.46767e-15
1.52831e-15
1.57798e-15
1.59086e-15
1.53296e-15
1.37069e-15
1.08977e-15
7.2068e-16
3.53364e-16
1.00188e-16
7.09396e-18
2.67762e-19
8.6876e-21
2.27962e-22
4.59592e-24
7.87568e-26
9.47607e-28
8.71198e-30
4.77663e-32
1.3627e-34
1.44692e-37
3.76785e-09
2.14775e-06
0.000344363
0.0116796
0.0912115
0.243167
0.390656
0.505136
0.59099
0.658719
0.715265
0.763345
0.803796
0.837153
0.864112
0.885524
0.90227
0.915175
0.924979
0.932311
0.937704
0.941595
0.944332
0.946179
0.947335
0.947941
0.948085
0.94778
0.946784
0.945099
0.942699
0.939533
0.935529
0.930594
0.924621
0.917483
0.909047
0.899163
0.88768
0.874436
0.859265
0.841996
0.82246
0.800487
0.775916
0.748597
0.718408
0.685266
0.64915
0.610116
0.568332
0.524092
0.477839
0.430172
0.381837
0.333708
0.28673
0.241864
0.200012
0.161939
0.12821
0.0991469
0.0748165
0.0550437
0.0394555
0.0275398
0.0187109
0.0123709
0.00795856
0.00498189
0.00303487
0.0017996
0.00103906
0.000584408
0.000320334
0.000171213
8.92822e-05
4.54526e-05
2.26045e-05
1.09892e-05
5.22595e-06
2.43276e-06
1.10935e-06
4.97093e-07
2.21143e-07
9.79537e-08
4.3328e-08
1.91965e-08
8.54428e-09
3.83163e-09
1.73591e-09
7.96513e-10
3.70985e-10
1.75747e-10
8.48322e-11
4.17896e-11
2.10399e-11
1.08412e-11
5.72445e-12
3.10137e-12
1.72607e-12
9.87953e-13
5.82167e-13
3.53508e-13
2.21382e-13
1.43073e-13
9.54615e-14
6.57739e-14
4.67961e-14
3.43677e-14
2.60374e-14
2.03291e-14
1.63351e-14
1.34848e-14
1.14107e-14
9.87036e-15
8.69849e-15
7.77734e-15
7.01829e-15
6.34991e-15
5.71107e-15
5.04889e-15
4.32248e-15
3.5134e-15
2.63983e-15
1.76595e-15
9.94089e-16
4.29768e-16
1.2126e-16
1.35837e-17
5.93052e-19
2.23568e-20
6.84859e-22
1.61954e-23
3.27089e-25
4.66512e-27
5.11957e-29
3.3895e-31
1.18734e-33
1.58359e-36
8.70785e-08
2.35522e-05
0.00189732
0.0367736
0.185804
0.371696
0.506212
0.595923
0.662219
0.718378
0.768961
0.813486
0.850869
0.880981
0.90449
0.922389
0.935689
0.945317
0.952071
0.956637
0.959587
0.961387
0.962408
0.96293
0.963148
0.963194
0.963135
0.963
0.962488
0.961599
0.960308
0.958574
0.956339
0.953533
0.950065
0.94583
0.940711
0.934573
0.927267
0.918634
0.908498
0.896672
0.882962
0.867159
0.849052
0.82842
0.805051
0.778743
0.749326
0.716665
0.680703
0.641474
0.599129
0.553974
0.506476
0.457276
0.407173
0.357101
0.308067
0.26109
0.21712
0.176965
0.141223
0.110245
0.0841204
0.0626975
0.0456218
0.0323965
0.0224443
0.0151681
0.00999897
0.00642986
0.00403399
0.00246978
0.00147605
0.00086144
0.000491145
0.000273689
0.000149138
7.9512e-05
4.14983e-05
2.12147e-05
1.06295e-05
5.22512e-06
2.53919e-06
1.22214e-06
5.83744e-07
2.77267e-07
1.31243e-07
6.20468e-08
2.93634e-08
1.39423e-08
6.65726e-09
3.20386e-09
1.55751e-09
7.66462e-10
3.82598e-10
1.94101e-10
1.00261e-10
5.28206e-11
2.84263e-11
1.565e-11
8.82567e-12
5.10405e-12
3.02994e-12
1.84772e-12
1.15811e-12
7.46283e-13
4.94415e-13
3.36654e-13
2.35451e-13
1.68966e-13
1.24241e-13
9.34308e-14
7.16868e-14
5.5954e-14
4.42675e-14
3.5339e-14
2.8309e-14
2.25993e-14
1.7823e-14
1.37334e-14
1.01939e-14
7.15661e-15
4.63851e-15
2.68535e-15
1.32416e-15
5.1766e-16
1.43092e-16
2.21594e-17
1.2931e-18
5.54604e-20
1.941e-21
5.26746e-23
1.22696e-24
2.03159e-26
2.60907e-28
2.0467e-30
8.64298e-33
1.4234e-35
1.49616e-06
0.000195703
0.00803573
0.0911163
0.309753
0.488037
0.588132
0.652778
0.706583
0.758431
0.808213
0.851915
0.887294
0.914417
0.934447
0.948733
0.958474
0.96468
0.968208
0.969794
0.970064
0.969533
0.968615
0.967606
0.966713
0.966057
0.965688
0.965601
0.965441
0.965174
0.964759
0.964141
0.96326
0.962046
0.960419
0.958292
0.955565
0.952131
0.947868
0.942633
0.936281
0.928636
0.919516
0.908719
0.896024
0.881201
0.864
0.844167
0.82145
0.795613
0.766442
0.733785
0.697565
0.657818
0.614715
0.568596
0.51998
0.46957
0.41823
0.366952
0.316792
0.268797
0.223928
0.182984
0.146544
0.114937
0.0882296
0.0662545
0.048651
0.0349242
0.0245045
0.0168042
0.0112629
0.00737884
0.0047261
0.00296007
0.00181347
0.00108713
0.000637936
0.000366593
0.000206395
0.000113902
6.16453e-05
3.2733e-05
1.71395e-05
8.86513e-06
4.5358e-06
2.29905e-06
1.15624e-06
5.77913e-07
2.87567e-07
1.42713e-07
7.077e-08
3.51349e-08
1.74983e-08
8.75995e-09
4.41704e-09
2.24782e-09
1.15676e-09
6.03126e-10
3.19178e-10
1.71732e-10
9.40867e-11
5.25605e-11
2.99744e-11
1.74668e-11
1.04077e-11
6.34389e-12
3.95619e-12
2.52364e-12
1.64576e-12
1.09616e-12
7.44651e-13
5.14982e-13
3.61699e-13
2.57224e-13
1.8453e-13
1.32931e-13
9.56195e-14
6.82076e-14
4.78379e-14
3.26407e-14
2.13803e-14
1.32195e-14
7.54922e-15
3.86836e-15
1.70948e-15
6.16022e-16
1.6694e-16
2.99978e-17
2.80335e-18
1.34648e-19
5.29879e-21
1.62399e-22
4.29323e-24
8.12354e-26
1.20231e-27
1.10119e-29
5.52939e-32
1.11192e-34
2.10673e-05
0.00130259
0.0270577
0.182728
0.436171
0.570896
0.636444
0.686221
0.736072
0.788887
0.840464
0.883873
0.916838
0.940456
0.956662
0.967134
0.97315
0.975728
0.975761
0.974048
0.971298
0.96811
0.964954
0.962173
0.959988
0.958512
0.95777
0.957706
0.957881
0.958237
0.958697
0.959178
0.95959
0.959849
0.959865
0.959548
0.95881
0.957555
0.955682
0.953084
0.949634
0.9452
0.939621
0.932726
0.924319
0.914185
0.902085
0.887762
0.870941
0.851338
0.828673
0.802678
0.773131
0.73987
0.702832
0.662085
0.617851
0.57054
0.520749
0.469265
0.417029
0.365086
0.314523
0.26639
0.221619
0.180956
0.144918
0.113762
0.0874969
0.0659101
0.0486134
0.0351018
0.0248107
0.0171664
0.0116275
0.00771109
0.0050079
0.00318576
0.0019857
0.00121313
0.000726684
0.000426982
0.000246195
0.000139364
7.76705e-05
4.26978e-05
2.31771e-05
1.24366e-05
6.60458e-06
3.47559e-06
1.8148e-06
9.41554e-07
4.86097e-07
2.5011e-07
1.28462e-07
6.59771e-08
3.39421e-08
1.75221e-08
9.09321e-09
4.75235e-09
2.50567e-09
1.33503e-09
7.1995e-10
3.93537e-10
2.18323e-10
1.23058e-10
7.05324e-11
4.11319e-11
2.44119e-11
1.47444e-11
9.05887e-12
5.6568e-12
3.58561e-12
2.30291e-12
1.49521e-12
9.7849e-13
6.43055e-13
4.22492e-13
2.75983e-13
1.78042e-13
1.1251e-13
6.89491e-14
4.04728e-14
2.24081e-14
1.14762e-14
5.30213e-15
2.13825e-15
7.20457e-16
1.91319e-16
3.69992e-17
4.66976e-18
3.23461e-19
1.4138e-20
4.83425e-22
1.43281e-23
3.06121e-25
5.16078e-27
5.4579e-29
3.22668e-31
7.86785e-34
0.000232941
0.00728758
0.0739229
0.30222
0.534324
0.617279
0.662458
0.70763
0.758572
0.814647
0.868662
0.911082
0.940731
0.960315
0.972524
0.979119
0.981272
0.979944
0.976077
0.970591
0.964335
0.958038
0.952267
0.947421
0.943744
0.941338
0.940196
0.940144
0.940705
0.941775
0.943229
0.944938
0.946771
0.948606
0.950326
0.951827
0.953007
0.953775
0.95404
0.953711
0.952691
0.950871
0.948131
0.944334
0.939324
0.93292
0.924912
0.91507
0.903135
0.888826
0.871837
0.851864
0.828605
0.80178
0.771173
0.736643
0.698167
0.655885
0.610105
0.561338
0.510292
0.45785
0.405032
0.35293
0.30264
0.255176
0.211402
0.171969
0.137287
0.107511
0.0825604
0.0621548
0.0458657
0.0331725
0.0235147
0.0163378
0.0111275
0.00743058
0.00486592
0.00312562
0.00197001
0.00121872
0.000740281
0.000441692
0.000259279
0.000150003
8.56004e-05
4.8225e-05
2.68466e-05
1.47826e-05
8.05934e-06
4.35521e-06
2.33552e-06
1.24438e-06
6.5959e-07
3.4829e-07
1.83471e-07
9.65599e-08
5.08489e-08
2.68341e-08
1.42129e-08
7.56702e-09
4.05549e-09
2.19096e-09
1.19463e-09
6.5814e-10
3.66662e-10
2.06708e-10
1.17965e-10
6.81513e-11
3.98459e-11
2.35599e-11
1.40716e-11
8.47583e-12
5.13729e-12
3.1245e-12
1.90019e-12
1.15055e-12
6.89962e-13
4.07177e-13
2.34654e-13
1.30826e-13
6.97636e-14
3.50888e-14
1.63606e-14
6.92026e-15
2.58383e-15
8.22663e-16
2.13917e-16
4.30697e-17
6.29353e-18
6.18151e-19
3.72721e-20
1.40845e-21
4.63599e-23
1.10818e-24
2.10936e-26
2.55498e-28
1.76623e-30
5.2011e-33
0.00140897
0.026292
0.163366
0.421494
0.589308
0.639173
0.678009
0.723647
0.777323
0.837291
0.893622
0.933991
0.95951
0.974864
0.98317
0.985911
0.983973
0.978268
0.969866
0.959917
0.949496
0.939516
0.930674
0.923441
0.918072
0.914655
0.913132
0.913137
0.914198
0.916149
0.918804
0.921973
0.925467
0.929114
0.932754
0.936249
0.939478
0.942337
0.944736
0.946586
0.94781
0.948325
0.948036
0.946845
0.944632
0.941258
0.936557
0.930336
0.922372
0.91241
0.900167
0.885332
0.867582
0.846585
0.82203
0.793649
0.76125
0.72475
0.684207
0.639868
0.59217
0.541757
0.489464
0.436282
0.3833
0.331634
0.282351
0.236387
0.194492
0.157182
0.124724
0.09714
0.074242
0.0556722
0.040957
0.029561
0.020933
0.0145449
0.00991815
0.00663856
0.00436263
0.00281562
0.00178517
0.00111228
0.000681646
0.000411501
0.000244873
0.000143737
8.3287e-05
4.76755e-05
2.69825e-05
1.51116e-05
8.38253e-06
4.61001e-06
2.51612e-06
1.36437e-06
7.35866e-07
3.95221e-07
2.11635e-07
1.13132e-07
6.04477e-08
3.23238e-08
1.732e-08
9.31045e-09
5.02644e-09
2.728e-09
1.4896e-09
8.18857e-10
4.53334e-10
2.52778e-10
1.41928e-10
8.01934e-11
4.55514e-11
2.59721e-11
1.48344e-11
8.46546e-12
4.81077e-12
2.71141e-12
1.50815e-12
8.22934e-13
4.37352e-13
2.24432e-13
1.10053e-13
5.09231e-14
2.18969e-14
8.58817e-15
3.00314e-15
9.10752e-16
2.31774e-16
4.76325e-17
7.57042e-18
8.87817e-19
7.3195e-20
4.05871e-21
1.47274e-22
3.91133e-24
8.35052e-26
1.15166e-27
9.26637e-30
3.28859e-32
0.0056725
0.0653167
0.272611
0.515187
0.614406
0.650745
0.689408
0.736493
0.793089
0.857129
0.915569
0.952803
0.973697
0.985
0.989677
0.988507
0.982004
0.971135
0.957277
0.941947
0.926551
0.912238
0.89985
0.889919
0.882707
0.878257
0.876444
0.876612
0.878361
0.881446
0.885599
0.890551
0.89604
0.901827
0.9077
0.913477
0.919004
0.924156
0.928828
0.932936
0.936406
0.939175
0.941175
0.942331
0.942566
0.941773
0.939833
0.936596
0.931882
0.925478
0.917136
0.90657
0.893468
0.877489
0.858286
0.83552
0.808888
0.778156
0.743195
0.704019
0.660819
0.613989
0.564133
0.512055
0.458729
0.405239
0.352717
0.302259
0.254851
0.211302
0.172198
0.137877
0.108436
0.0837484
0.0635105
0.0472881
0.0345698
0.0248143
0.017491
0.0121089
0.0082348
0.0055025
0.00361358
0.00233299
0.00148143
0.000926383
0.000570783
0.000346712
0.00020775
0.000122873
7.17801e-05
4.14458e-05
2.36703e-05
1.33817e-05
7.49469e-06
4.16201e-06
2.29375e-06
1.25572e-06
6.83528e-07
3.70315e-07
1.99883e-07
1.07598e-07
5.78219e-08
3.1049e-08
1.66748e-08
8.96345e-09
4.82594e-09
2.60377e-09
1.40821e-09
7.63485e-10
4.14861e-10
2.25803e-10
1.22989e-10
6.69433e-11
3.63443e-11
1.96334e-11
1.05207e-11
5.57113e-12
2.90192e-12
1.47864e-12
7.32124e-13
3.49467e-13
1.59299e-13
6.85652e-14
2.74925e-14
1.01053e-14
3.34034e-15
9.70863e-16
2.41749e-16
5.00885e-17
8.36527e-18
1.08916e-18
1.06874e-19
7.64964e-21
3.87947e-22
1.36193e-23
3.24545e-25
5.07532e-27
4.73909e-29
2.02557e-31
0.017101
0.124263
0.37563
0.569192
0.628745
0.660043
0.698251
0.746468
0.805927
0.874209
0.934636
0.967766
0.983914
0.991657
0.992995
0.98761
0.975695
0.958516
0.938001
0.916205
0.894952
0.875657
0.859297
0.846444
0.83733
0.831927
0.830008
0.830526
0.833236
0.837794
0.843827
0.850964
0.858856
0.867182
0.875665
0.88407
0.892205
0.899913
0.907078
0.913607
0.919433
0.924499
0.928757
0.932161
0.934659
0.936183
0.936656
0.935965
0.933976
0.930524
0.925401
0.918363
0.909121
0.897358
0.882723
0.864849
0.843376
0.817974
0.788384
0.754439
0.716134
0.67363
0.627303
0.577744
0.525749
0.472294
0.418472
0.365428
0.314281
0.266042
0.221551
0.181426
0.146044
0.115534
0.0898052
0.0685819
0.0514536
0.037925
0.0274642
0.0195429
0.0136665
0.00939415
0.00634869
0.00421935
0.00275829
0.00177539
0.00112563
0.00070331
0.000433268
0.000263295
0.000157921
9.35386e-05
5.47456e-05
3.16798e-05
1.81374e-05
1.02806e-05
5.7732e-06
3.21434e-06
1.77569e-06
9.74043e-07
5.30964e-07
2.8785e-07
1.55313e-07
8.34669e-08
4.47069e-08
2.38809e-08
1.27279e-08
6.77101e-09
3.59597e-09
1.90651e-09
1.00878e-09
5.3241e-10
2.80017e-10
1.4657e-10
7.62177e-11
3.92853e-11
2.00136e-11
1.00418e-11
4.94123e-12
2.3723e-12
1.10449e-12
4.95063e-13
2.11809e-13
8.56282e-14
3.23226e-14
1.12341e-14
3.53705e-15
9.90114e-16
2.4126e-16
4.99945e-17
8.59254e-18
1.19312e-18
1.30282e-19
1.08833e-20
6.76135e-22
3.02996e-23
9.4344e-25
1.92828e-26
2.31859e-28
1.23305e-30
0.0406263
0.213093
0.456783
0.597294
0.637827
0.668865
0.705023
0.753568
0.815843
0.888543
0.950986
0.979212
0.990862
0.995739
0.993877
0.98359
0.964987
0.940006
0.911429
0.882018
0.854067
0.829249
0.808636
0.79279
0.781864
0.775716
0.773989
0.775141
0.779178
0.785627
0.793989
0.803771
0.814516
0.825812
0.837305
0.848703
0.859765
0.870312
0.880209
0.88935
0.897674
0.90513
0.911688
0.917322
0.922004
0.925702
0.928368
0.929934
0.930306
0.92936
0.926934
0.922826
0.91679
0.908534
0.897728
0.884005
0.866987
0.846286
0.821557
0.792516
0.758992
0.720967
0.678608
0.632302
0.582654
0.53049
0.476805
0.422718
0.369393
0.31796
0.269438
0.22467
0.184273
0.148623
0.117846
0.091851
0.0703662
0.0529835
0.039213
0.0285275
0.0204032
0.0143482
0.00992316
0.00675066
0.00451792
0.00297673
0.00193154
0.0012348
0.000778009
0.000483343
0.000296206
0.000179143
0.000106974
6.31021e-05
3.67892e-05
2.12099e-05
1.20988e-05
6.83236e-06
3.82192e-06
2.11898e-06
1.16509e-06
6.35678e-07
3.44349e-07
1.85301e-07
9.91012e-08
5.26968e-08
2.78697e-08
1.46625e-08
7.67425e-09
3.99537e-09
2.06832e-09
1.06402e-09
5.43449e-10
2.75223e-10
1.37974e-10
6.83222e-11
3.33287e-11
1.59641e-11
7.47857e-12
3.41029e-12
1.50531e-12
6.38926e-13
2.58758e-13
9.90875e-14
3.55006e-14
1.17553e-14
3.54756e-15
9.60313e-16
2.29079e-16
4.72306e-17
8.24279e-18
1.19108e-18
1.39217e-19
1.28381e-20
9.0864e-22
4.77757e-23
1.78774e-24
4.4606e-26
6.59179e-28
4.31078e-30
0.0721695
0.290233
0.513878
0.611725
0.64404
0.674895
0.711295
0.757869
0.822859
0.900118
0.964774
0.987545
0.995269
0.99804
0.99284
0.976496
0.949497
0.914959
0.876836
0.838735
0.803421
0.772763
0.747846
0.729143
0.716673
0.710138
0.709005
0.711188
0.717012
0.725847
0.737039
0.749954
0.76401
0.778697
0.79358
0.808304
0.82259
0.836226
0.849057
0.860979
0.871928
0.881864
0.890771
0.89864
0.90547
0.911254
0.915977
0.919601
0.922075
0.923312
0.923192
0.921555
0.918193
0.912855
0.905235
0.894987
0.881725
0.865044
0.844545
0.819863
0.790711
0.756925
0.718506
0.675658
0.628812
0.578632
0.525995
0.471948
0.417647
0.364276
0.312969
0.26473
0.22037
0.180472
0.145366
0.115143
0.0896774
0.068672
0.0517045
0.0382784
0.0278673
0.0199531
0.0140531
0.00973782
0.00663982
0.00445645
0.00294526
0.00191732
0.00122983
0.000777546
0.000484718
0.000298056
0.00018085
0.000108323
6.40747e-05
3.7445e-05
2.16286e-05
1.23532e-05
6.97973e-06
3.90293e-06
2.16085e-06
1.185e-06
6.43937e-07
3.46859e-07
1.8526e-07
9.81369e-08
5.15673e-08
2.68799e-08
1.38981e-08
7.1261e-09
3.62178e-09
1.82336e-09
9.08426e-10
4.47325e-10
2.17353e-10
1.03998e-10
4.88773e-11
2.24946e-11
1.01004e-11
4.4055e-12
1.85698e-12
7.51885e-13
2.90383e-13
1.06101e-13
3.63335e-14
1.15358e-14
3.35442e-15
8.81115e-16
2.05901e-16
4.20952e-17
7.39426e-18
1.09439e-18
1.33621e-19
1.31464e-20
1.01436e-21
5.93581e-23
2.51779e-24
7.2268e-26
1.24136e-27
9.49633e-30
0.11002
0.359703
0.55642
0.619157
0.647545
0.677797
0.714661
0.76142
0.827
0.908888
0.976152
0.993237
0.997827
0.999211
0.990152
0.966107
0.928635
0.882641
0.833574
0.785949
0.742927
0.70644
0.677464
0.656293
0.642748
0.636327
0.635375
0.63915
0.647404
0.65929
0.673957
0.690599
0.708493
0.72702
0.745666
0.764023
0.781774
0.798689
0.814605
0.829418
0.843069
0.855532
0.866805
0.8769
0.885837
0.893634
0.900302
0.905839
0.910218
0.913392
0.915278
0.915751
0.914644
0.911739
0.906764
0.899394
0.889253
0.875932
0.859
0.83804
0.812684
0.78266
0.747838
0.708272
0.664245
0.616279
0.565127
0.511758
0.457287
0.402915
0.34984
0.299176
0.251881
0.2087
0.170133
0.136429
0.107603
0.0834648
0.0636714
0.0477705
0.0352517
0.0255892
0.0182747
0.012842
0.00888164
0.00604599
0.00405228
0.00267487
0.00173938
0.00111455
0.000703958
0.000438395
0.000269272
0.000163179
9.75934e-05
5.76239e-05
3.36009e-05
1.93557e-05
1.10183e-05
6.2001e-06
3.44981e-06
1.89854e-06
1.03368e-06
5.56898e-07
2.96936e-07
1.56707e-07
8.18571e-08
4.23183e-08
2.16477e-08
1.09535e-08
5.47916e-09
2.70755e-09
1.3204e-09
6.3467e-10
3.002e-10
1.39454e-10
6.34698e-11
2.82203e-11
1.22158e-11
5.12722e-12
2.07673e-12
8.07249e-13
2.99212e-13
1.04974e-13
3.45654e-14
1.05796e-14
2.97747e-15
7.61172e-16
1.74388e-16
3.52783e-17
6.20011e-18
9.29954e-19
1.16706e-19
1.19809e-20
9.79436e-22
6.16295e-23
2.84917e-24
9.01658e-26
1.7231e-27
1.47589e-29
0.148947
0.412193
0.576516
0.622368
0.648061
0.6773
0.71473
0.764049
0.828777
0.914787
0.985257
0.996805
0.999154
0.999735
0.985871
0.952013
0.901719
0.842392
0.781253
0.723687
0.673068
0.631183
0.598738
0.575747
0.561778
0.556094
0.555774
0.56174
0.572994
0.588462
0.607083
0.627871
0.649958
0.672614
0.695248
0.717402
0.738734
0.758998
0.778034
0.795748
0.812089
0.827047
0.84064
0.8529
0.863866
0.873581
0.88208
0.889385
0.895501
0.900406
0.904049
0.906342
0.907147
0.906278
0.903492
0.898488
0.890899
0.880321
0.866306
0.848402
0.826186
0.799301
0.767524
0.730799
0.689286
0.643395
0.593781
0.541335
0.487135
0.432375
0.378291
0.326068
0.276766
0.231248
0.190144
0.153827
0.122425
0.095842
0.0738041
0.0559051
0.0416578
0.0305391
0.0220285
0.0156369
0.0109252
0.00751335
0.00508707
0.00339176
0.00222744
0.00144116
0.00091887
0.000577478
0.000357822
0.000218654
0.0001318
7.83881e-05
4.60114e-05
2.66602e-05
1.52525e-05
8.61764e-06
4.80935e-06
2.65159e-06
1.44445e-06
7.77519e-07
4.13569e-07
2.17369e-07
1.12879e-07
5.79031e-08
2.93309e-08
1.4665e-08
7.23269e-09
3.51584e-09
1.68274e-09
7.91958e-10
3.65928e-10
1.65677e-10
7.33324e-11
3.16449e-11
1.32703e-11
5.38738e-12
2.10802e-12
7.90954e-13
2.82911e-13
9.58165e-14
3.04917e-14
9.0385e-15
2.4713e-15
6.16466e-16
1.38598e-16
2.77087e-17
4.85288e-18
7.32272e-19
9.3419e-20
9.85649e-21
8.37371e-22
5.53494e-23
2.71481e-24
9.19425e-26
1.89354e-27
1.75676e-29
0.185546
0.449892
0.585546
0.62222
0.645279
0.673167
0.711171
0.763236
0.830395
0.917735
0.99218
0.998783
0.999742
0.999931
0.979899
0.933694
0.868094
0.793769
0.719911
0.65259
0.595069
0.548698
0.513724
0.48979
0.476179
0.471909
0.473443
0.482248
0.497063
0.516561
0.53947
0.56463
0.59104
0.617876
0.644488
0.670384
0.695204
0.718708
0.740736
0.761212
0.780103
0.797418
0.813192
0.827477
0.840334
0.851826
0.862007
0.870922
0.878599
0.885043
0.890224
0.894079
0.8965
0.897325
0.896333
0.893237
0.887692
0.879281
0.867554
0.852027
0.832241
0.807781
0.778356
0.743832
0.704292
0.660063
0.611739
0.560157
0.506367
0.451561
0.396996
0.343905
0.29341
0.246454
0.20375
0.165755
0.132672
0.104473
0.0809317
0.0616787
0.0462461
0.0341173
0.0247676
0.0176956
0.0124447
0.00861498
0.00587133
0.00394016
0.00260417
0.00169548
0.00108761
0.000687537
0.000428401
0.000263163
0.000159404
9.52262e-05
5.61139e-05
3.26221e-05
1.87129e-05
1.05929e-05
5.91794e-06
3.26318e-06
1.77597e-06
9.53997e-07
5.0576e-07
2.64586e-07
1.36559e-07
6.95134e-08
3.48844e-08
1.72492e-08
8.39801e-09
4.0223e-09
1.89318e-09
8.74504e-10
3.95817e-10
1.75215e-10
7.56864e-11
3.18196e-11
1.29797e-11
5.11889e-12
1.94372e-12
7.07245e-13
2.45256e-13
8.05528e-14
2.48824e-14
7.17117e-15
1.91109e-15
4.66242e-16
1.02971e-16
2.03311e-17
3.53893e-18
5.34522e-19
6.87874e-20
7.3807e-21
6.42903e-22
4.39168e-23
2.24248e-24
7.95721e-26
1.72596e-27
1.6928e-29
0.217983
0.476182
0.588492
0.618321
0.638953
0.665152
0.703721
0.758898
0.831177
0.918302
0.996968
0.999685
0.999947
0.999988
0.972041
0.910611
0.827228
0.736673
0.650163
0.57406
0.511022
0.461578
0.425315
0.401464
0.389056
0.386129
0.390421
0.402996
0.422204
0.446382
0.474
0.503732
0.53448
0.565372
0.595741
0.625098
0.653098
0.679519
0.704226
0.72716
0.748314
0.767715
0.78542
0.801499
0.816028
0.829092
0.840757
0.851089
0.860129
0.867902
0.874401
0.879579
0.88334
0.885547
0.885985
0.884379
0.880385
0.873587
0.863512
0.849664
0.831544
0.80871
0.780825
0.747715
0.709421
0.666241
0.61874
0.567744
0.514298
0.459601
0.404931
0.351545
0.3006
0.253075
0.20972
0.171031
0.137244
0.108358
0.0841705
0.0643283
0.0483733
0.0357937
0.0260645
0.0186807
0.0131794
0.00915343
0.00625866
0.0042137
0.00279385
0.00182464
0.00117397
0.000744243
0.000464969
0.00028632
0.000173803
0.000104017
6.13811e-05
3.57189e-05
2.04987e-05
1.16022e-05
6.47664e-06
3.56574e-06
1.93605e-06
1.03658e-06
5.47192e-07
2.84727e-07
1.45995e-07
7.37386e-08
3.66674e-08
1.794e-08
8.62956e-09
4.07731e-09
1.89013e-09
8.58546e-10
3.81506e-10
1.65538e-10
6.99848e-11
2.87555e-11
1.14491e-11
4.4023e-12
1.62838e-12
5.76843e-13
1.94705e-13
6.22589e-14
1.87364e-14
5.26769e-15
1.37214e-15
3.28069e-16
7.12489e-17
1.38906e-17
2.3989e-18
3.61424e-19
4.66645e-20
5.05389e-21
4.47054e-22
3.11944e-23
1.63588e-24
5.98968e-26
1.34565e-27
1.37055e-29
0.245275
0.493422
0.58654
0.610152
0.628859
0.652973
0.692014
0.750573
0.82849
0.918821
0.999587
0.999971
0.999998
1
0.962058
0.882254
0.778796
0.67146
0.573334
0.490392
0.423986
0.373338
0.337202
0.314469
0.304046
0.301006
0.30929
0.326861
0.351496
0.381083
0.413806
0.448195
0.483115
0.517719
0.551389
0.583693
0.614337
0.643147
0.670025
0.694946
0.717925
0.739017
0.758289
0.775831
0.791732
0.80609
0.818985
0.830491
0.840664
0.849538
0.857114
0.863357
0.868182
0.871449
0.872951
0.872407
0.869461
0.863684
0.854587
0.84165
0.824355
0.802242
0.774963
0.742346
0.704439
0.661555
0.614288
0.563488
0.510226
0.455727
0.401282
0.348158
0.297512
0.250314
0.207304
0.168964
0.135516
0.106945
0.0830424
0.0634477
0.0477012
0.0352918
0.0256977
0.018418
0.012995
0.00902674
0.00617325
0.0041571
0.00275693
0.00180089
0.00115887
0.000734731
0.000459015
0.000282604
0.000171486
0.000102569
6.04747e-05
3.51493e-05
2.01399e-05
1.13761e-05
6.33436e-06
3.47659e-06
1.88058e-06
1.0024e-06
5.26376e-07
2.72227e-07
1.38605e-07
6.94445e-08
3.42181e-08
1.65705e-08
7.87988e-09
3.67604e-09
1.68042e-09
7.51697e-10
3.28525e-10
1.40021e-10
5.80754e-11
2.33827e-11
9.11324e-12
3.42703e-12
1.23885e-12
4.28684e-13
1.41316e-13
4.4139e-14
1.29824e-14
3.57095e-15
9.11413e-16
2.13958e-16
4.57426e-17
8.80667e-18
1.5074e-18
2.26004e-19
2.9165e-20
3.17131e-21
2.82925e-22
1.99971e-23
1.06646e-24
3.98456e-26
9.15895e-28
9.56073e-30
0.266966
0.503606
0.581129
0.599163
0.614788
0.636308
0.675637
0.737869
0.822273
0.9193
0.999999
0.999999
0.999998
0.999999
0.949721
0.848189
0.722735
0.599043
0.491591
0.404899
0.338051
0.288376
0.253716
0.232907
0.224989
0.225471
0.238376
0.261199
0.291233
0.325968
0.363337
0.401767
0.440132
0.477651
0.5138
0.54823
0.580733
0.611189
0.639551
0.665827
0.690061
0.712322
0.732698
0.751284
0.768182
0.783492
0.797302
0.80969
0.820719
0.830425
0.838805
0.845827
0.851398
0.855369
0.857515
0.85754
0.85506
0.849619
0.840708
0.827786
0.810332
0.787897
0.760165
0.72701
0.688544
0.645161
0.597522
0.546553
0.493376
0.439245
0.38546
0.333264
0.283774
0.237902
0.196322
0.159445
0.127434
0.100223
0.0775621
0.0590672
0.0442669
0.0326501
0.0237029
0.0169388
0.0119173
0.00825544
0.00563079
0.00378204
0.0025019
0.00163025
0.00104649
0.000661855
0.000412458
0.000253293
0.000153293
9.14327e-05
5.37492e-05
3.11412e-05
1.7782e-05
1.00065e-05
5.54879e-06
3.0316e-06
1.63163e-06
8.64868e-07
4.5136e-07
2.31839e-07
1.17152e-07
5.82072e-08
2.84184e-08
1.36237e-08
6.40738e-09
2.95337e-09
1.33256e-09
5.87754e-10
2.53018e-10
1.06112e-10
4.32633e-11
1.71071e-11
6.54248e-12
2.41246e-12
8.54642e-13
2.89711e-13
9.35441e-14
2.86218e-14
8.25039e-15
2.22582e-15
5.57854e-16
1.28803e-16
2.71378e-17
5.16138e-18
8.75137e-19
1.30373e-19
1.67714e-20
1.82409e-21
1.63317e-22
1.16215e-23
6.25788e-25
2.36649e-26
5.51564e-28
5.84395e-30
0.282871
0.508152
0.572704
0.584812
0.596463
0.61482
0.654109
0.720269
0.812107
0.91777
1
1
0.999998
0.999997
0.934837
0.808052
0.659282
0.520992
0.408081
0.322003
0.25833
0.211828
0.179516
0.160864
0.152331
0.158671
0.17903
0.209216
0.24556
0.285309
0.326516
0.367847
0.408398
0.447576
0.485006
0.520455
0.553795
0.584972
0.613982
0.64086
0.665671
0.688494
0.709426
0.728565
0.746019
0.76188
0.776236
0.789169
0.800726
0.810937
0.819791
0.827234
0.833152
0.837365
0.839617
0.839562
0.836788
0.830803
0.821077
0.807068
0.788283
0.764328
0.734971
0.700201
0.660262
0.615674
0.567226
0.51594
0.463002
0.409684
0.357257
0.306901
0.259632
0.216246
0.177291
0.14306
0.113607
0.0887848
0.0682837
0.051684
0.0385019
0.0282312
0.020377
0.0144796
0.0101305
0.00697956
0.00473536
0.00316421
0.00208266
0.00135039
0.000862653
0.000542984
0.00033678
0.000205844
0.000123989
7.36012e-05
4.30571e-05
2.48225e-05
1.41013e-05
7.89304e-06
4.35249e-06
2.36408e-06
1.26449e-06
6.65852e-07
3.4506e-07
1.75909e-07
8.81746e-08
4.34319e-08
2.10083e-08
9.97119e-09
4.63959e-09
2.11413e-09
9.42274e-10
4.10216e-10
1.74159e-10
7.1976e-11
2.88961e-11
1.12429e-11
4.22809e-12
1.53221e-12
5.33219e-13
1.77512e-13
5.62823e-14
1.69119e-14
4.78917e-15
1.2701e-15
3.13203e-16
7.12386e-17
1.48086e-17
2.7838e-18
4.67502e-19
6.91384e-20
8.85081e-21
9.60329e-22
8.59866e-23
6.1333e-24
3.31728e-25
1.26215e-26
2.96318e-28
3.16396e-30
0.292866
0.50804
0.56133
0.566025
0.571671
0.588175
0.626905
0.697155
0.797465
0.913849
0.999997
0.999997
0.999998
0.999996
0.917232
0.761522
0.589001
0.439667
0.327083
0.247285
0.190861
0.149304
0.119133
0.101478
0.0954732
0.110909
0.140949
0.178942
0.220618
0.26365
0.306723
0.348999
0.389919
0.429116
0.46636
0.501522
0.534539
0.565403
0.594137
0.620791
0.645439
0.668167
0.68906
0.708217
0.72573
0.741694
0.756179
0.769244
0.780926
0.791228
0.800107
0.80747
0.813157
0.816937
0.818495
0.81744
0.813309
0.805589
0.793754
0.777306
0.75583
0.729058
0.696923
0.659592
0.617502
0.571357
0.522087
0.47081
0.41875
0.36715
0.317196
0.269931
0.226205
0.18663
0.151576
0.121173
0.0953413
0.0738339
0.0562778
0.0422223
0.0311817
0.0226697
0.0162262
0.0114356
0.00793625
0.00542439
0.00365182
0.00242182
0.00158233
0.00101863
0.000646162
0.000403925
0.000248838
0.00015108
9.04021e-05
5.3312e-05
3.09835e-05
1.77446e-05
1.00136e-05
5.5673e-06
3.04895e-06
1.64441e-06
8.73195e-07
4.56361e-07
2.34656e-07
1.18655e-07
5.89707e-08
2.87882e-08
1.37946e-08
6.48278e-09
2.98511e-09
1.34535e-09
5.9272e-10
2.54915e-10
1.06851e-10
4.35724e-11
1.72507e-11
6.61538e-12
2.45086e-12
8.74603e-13
2.99627e-13
9.81734e-14
3.0634e-14
9.06009e-15
2.52599e-15
6.59857e-16
1.60393e-16
3.59937e-17
7.39051e-18
1.37417e-18
2.2861e-19
3.35484e-20
4.26921e-21
4.61297e-22
4.12054e-23
2.93694e-24
1.58957e-25
6.05876e-27
1.42591e-28
1.52639e-30
0.296751
0.504128
0.547719
0.543485
0.540878
0.556105
0.593503
0.667801
0.777635
0.907436
1
1
0.999998
1
0.896734
0.708255
0.512841
0.358406
0.254151
0.187386
0.142281
0.106611
0.0769464
0.0513261
0.0613743
0.095934
0.137614
0.177744
0.219475
0.262125
0.305118
0.345951
0.385212
0.42268
0.458227
0.49178
0.523312
0.552828
0.580365
0.60597
0.629712
0.651659
0.671896
0.690492
0.707529
0.72307
0.737167
0.749843
0.761094
0.770877
0.779087
0.785576
0.790112
0.792393
0.792043
0.788624
0.781652
0.770637
0.755113
0.734705
0.709166
0.678439
0.642692
0.602342
0.558053
0.510705
0.461354
0.411159
0.361305
0.312924
0.267025
0.224434
0.185761
0.151384
0.121456
0.0959272
0.0745825
0.057083
0.0430095
0.0319029
0.023299
0.0167538
0.0118632
0.0082725
0.00568145
0.00384355
0.00256183
0.00168251
0.00108893
0.000694567
0.000436645
0.000270563
0.000165252
9.94879e-05
5.90385e-05
3.45323e-05
1.99074e-05
1.13099e-05
6.33153e-06
3.49209e-06
1.89715e-06
1.01495e-06
5.34547e-07
2.77055e-07
1.41255e-07
7.08079e-08
3.48784e-08
1.6871e-08
8.00775e-09
3.72644e-09
1.69851e-09
7.57449e-10
3.3007e-10
1.40349e-10
5.81391e-11
2.34207e-11
9.15628e-12
3.466e-12
1.2671e-12
4.46066e-13
1.50722e-13
4.87014e-14
1.49864e-14
4.37136e-15
1.20229e-15
3.09948e-16
7.43912e-17
1.64954e-17
3.34953e-18
6.16529e-19
1.01648e-19
1.48009e-20
1.87124e-21
2.01131e-22
1.78937e-23
1.27166e-24
6.86904e-26
2.61477e-27
6.14761e-29
6.57291e-31
0.294062
0.497246
0.533629
0.520165
0.508512
0.518436
0.553511
0.631409
0.75162
0.898245
0.999998
1
1
0.999998
0.873107
0.647766
0.432241
0.281817
0.196179
0.14949
0.119077
0.0904497
0.0640729
0.0791214
0.0966577
0.127594
0.163843
0.200619
0.238869
0.27785
0.316784
0.354031
0.389947
0.424369
0.457793
0.490613
0.519662
0.5469
0.572384
0.596154
0.618253
0.638735
0.657644
0.675028
0.690928
0.705368
0.718344
0.729828
0.739755
0.748
0.754388
0.758683
0.760584
0.759727
0.755704
0.748079
0.736422
0.720348
0.699564
0.673909
0.643402
0.608276
0.568981
0.52618
0.480736
0.433644
0.385983
0.338844
0.293254
0.250122
0.210184
0.173977
0.141827
0.113854
0.0899964
0.0700449
0.053678
0.0405037
0.0300945
0.0220189
0.0158654
0.0112586
0.00786918
0.00541776
0.0036744
0.00245512
0.00161684
0.00104954
0.000671588
0.000423656
0.000263482
0.00016156
9.76705e-05
5.82158e-05
3.42097e-05
1.98183e-05
1.13175e-05
6.37024e-06
3.53355e-06
1.93123e-06
1.03973e-06
5.51257e-07
2.87731e-07
1.47791e-07
7.467e-08
3.70896e-08
1.81013e-08
8.67397e-09
4.07797e-09
1.87934e-09
8.48143e-10
3.7441e-10
1.61469e-10
6.79321e-11
2.78361e-11
1.10893e-11
4.28632e-12
1.60383e-12
5.79457e-13
2.01569e-13
6.72929e-14
2.14825e-14
6.53138e-15
1.88251e-15
5.11724e-16
1.30424e-16
3.09607e-17
6.79364e-18
1.36596e-18
2.49135e-19
4.07327e-20
5.88649e-21
7.39235e-22
7.89911e-23
6.99174e-24
4.94703e-25
2.66193e-26
1.00976e-27
2.36588e-29
2.5199e-31
0.283742
0.487823
0.521245
0.498541
0.473993
0.474722
0.506966
0.587226
0.718023
0.885781
0.999997
1
1
0.999998
0.845958
0.579289
0.349403
0.216224
0.161015
0.139676
0.125956
0.11998
0.125111
0.133943
0.151589
0.1775
0.207581
0.239391
0.27257
0.306319
0.339869
0.372358
0.403891
0.434389
0.464122
0.493111
0.5191
0.545402
0.568686
0.589873
0.609549
0.62775
0.644487
0.659756
0.673538
0.68579
0.69644
0.705379
0.712455
0.71747
0.720179
0.720276
0.717433
0.711291
0.701495
0.687718
0.669699
0.647281
0.620444
0.589331
0.554274
0.51579
0.474566
0.431435
0.387321
0.343192
0.299995
0.2586
0.219755
0.184047
0.15188
0.123476
0.0988837
0.0779988
0.0605972
0.046367
0.0349431
0.025937
0.0189628
0.0136563
0.00968813
0.00677093
0.00466217
0.00316292
0.00211433
0.00139273
0.000904575
0.000579344
0.000365909
0.000227916
0.00014001
8.48259e-05
5.06857e-05
2.98687e-05
1.73579e-05
9.94712e-06
5.62039e-06
3.13073e-06
1.71893e-06
9.3006e-07
4.95785e-07
2.603e-07
1.34554e-07
6.84518e-08
3.42557e-08
1.68541e-08
8.14765e-09
3.86733e-09
1.80092e-09
8.22043e-10
3.67426e-10
1.60629e-10
6.85974e-11
2.85754e-11
1.15926e-11
4.5718e-12
1.74919e-12
6.47811e-13
2.31642e-13
7.97462e-14
2.63478e-14
8.32467e-15
2.50512e-15
7.14766e-16
1.92376e-16
4.85594e-17
1.14201e-17
2.48351e-18
4.95104e-19
8.95751e-20
1.45347e-20
2.08567e-21
2.60201e-22
2.76335e-23
2.43191e-24
1.7114e-25
9.16109e-27
3.45741e-28
8.05866e-30
8.53492e-32
0.268956
0.4718
0.510341
0.485568
0.440567
0.416313
0.45518
0.534913
0.674881
0.869247
0.999997
0.999998
1
0.999997
0.814544
0.501584
0.267946
0.170158
0.155474
0.160299
0.163692
0.170696
0.180919
0.192854
0.210749
0.233213
0.258415
0.285153
0.312843
0.340869
0.368701
0.395934
0.42254
0.448454
0.4737
0.49802
0.520386
0.542615
0.562407
0.582452
0.598646
0.61338
0.626631
0.638322
0.648361
0.656637
0.662998
0.667276
0.669254
0.668696
0.665344
0.658928
0.64919
0.635898
0.618876
0.598031
0.573378
0.54506
0.513363
0.478719
0.441695
0.402977
0.363327
0.323555
0.284462
0.246799
0.211226
0.17828
0.148352
0.121684
0.0983666
0.078358
0.0615033
0.0475634
0.0362401
0.027205
0.0201211
0.0146628
0.0105283
0.00744895
0.00519342
0.00356826
0.00241618
0.00161246
0.00106062
0.000687627
0.000439764
0.000277461
0.000172713
0.000106071
6.42727e-05
3.8425e-05
2.26646e-05
1.31889e-05
7.57117e-06
4.28717e-06
2.39429e-06
1.3186e-06
7.15968e-07
3.83194e-07
2.02102e-07
1.05004e-07
5.37243e-08
2.70565e-08
1.34061e-08
6.53151e-09
3.12705e-09
1.47013e-09
6.78141e-10
3.06644e-10
1.35786e-10
5.88145e-11
2.48863e-11
1.02721e-11
4.1293e-12
1.61374e-12
6.11858e-13
2.24569e-13
7.95856e-14
2.71567e-14
8.89408e-15
2.78589e-15
8.31244e-16
2.35202e-16
6.27904e-17
1.57246e-17
3.66984e-18
7.92199e-19
1.5681e-19
2.81767e-20
4.54192e-21
6.47585e-22
8.02865e-23
8.47401e-24
7.41185e-25
5.18368e-26
2.75741e-27
1.03396e-28
2.39383e-30
2.51718e-32
0.253419
0.445094
0.493185
0.477486
0.43587
0.379619
0.403478
0.47554
0.619413
0.847393
1
0.999999
1
0.999996
0.777519
0.412748
0.194424
0.154024
0.176489
0.192519
0.206075
0.219151
0.230821
0.245623
0.263259
0.28301
0.304122
0.326039
0.348371
0.370764
0.392937
0.414696
0.435958
0.456623
0.476578
0.495569
0.513256
0.53027
0.545475
0.560243
0.572618
0.582492
0.590313
0.596317
0.600378
0.602349
0.602069
0.599362
0.594048
0.585964
0.574953
0.560903
0.543744
0.523483
0.5002
0.47408
0.445401
0.414549
0.381998
0.348302
0.314069
0.279926
0.246495
0.214357
0.184019
0.155899
0.130302
0.107419
0.0873263
0.069996
0.0553107
0.0430836
0.033079
0.025033
0.0186717
0.0137267
0.00994644
0.00710391
0.00500119
0.00347065
0.00237427
0.00160122
0.0010646
0.000697843
0.000450995
0.000287366
0.00018071
0.000112168
6.87248e-05
4.15638e-05
2.48127e-05
1.46211e-05
8.50379e-06
4.88142e-06
2.76529e-06
1.54577e-06
8.52513e-07
4.63801e-07
2.48854e-07
1.31655e-07
6.86563e-08
3.52803e-08
1.78577e-08
8.89955e-09
4.36458e-09
2.10525e-09
9.98093e-10
4.64759e-10
2.12384e-10
9.51591e-11
4.17609e-11
1.79298e-11
7.52156e-12
3.0785e-12
1.22735e-12
4.75784e-13
1.78974e-13
6.51823e-14
2.29263e-14
7.76565e-15
2.52516e-15
7.85464e-16
2.32786e-16
6.5438e-17
1.73595e-17
4.32084e-18
1.00247e-18
2.15163e-19
4.23524e-20
7.56838e-21
1.2133e-21
1.72029e-22
2.12054e-23
2.22463e-24
1.93324e-25
1.3427e-26
7.08933e-28
2.63734e-29
6.05436e-31
6.30531e-33
0.23607
0.406411
0.464511
0.465065
0.438711
0.402394
0.373678
0.414457
0.547588
0.818251
1
1
1
1
0.732463
0.310143
0.14155
0.165645
0.194798
0.21581
0.231651
0.245509
0.260008
0.275388
0.291549
0.30826
0.325278
0.342394
0.359433
0.376234
0.392658
0.408591
0.423934
0.438572
0.45237
0.465157
0.476795
0.487348
0.496349
0.504179
0.509763
0.512616
0.513129
0.511717
0.508247
0.502621
0.494757
0.484588
0.472079
0.457221
0.440058
0.420678
0.399228
0.375921
0.351027
0.324877
0.297853
0.270374
0.242879
0.21581
0.18959
0.164605
0.141186
0.119595
0.100018
0.082559
0.0672476
0.0540418
0.0428405
0.0334961
0.0258288
0.0196405
0.014727
0.0108888
0.00793857
0.0057069
0.00404539
0.0028277
0.00194908
0.00132484
0.000888075
0.000587085
0.000382763
0.000246118
0.00015608
9.76196e-05
6.02885e-05
3.67724e-05
2.21513e-05
1.31783e-05
7.74279e-06
4.4925e-06
2.57399e-06
1.45618e-06
8.13341e-07
4.48456e-07
2.44057e-07
1.3107e-07
6.94484e-08
3.62958e-08
1.8705e-08
9.50208e-09
4.75628e-09
2.34484e-09
1.13797e-09
5.43346e-10
2.55074e-10
1.17648e-10
5.32686e-11
2.36555e-11
1.02923e-11
4.38246e-12
1.82382e-12
7.40759e-13
2.93158e-13
1.12843e-13
4.21618e-14
1.52565e-14
5.33322e-15
1.79596e-15
5.80764e-16
1.79704e-16
5.29952e-17
1.48276e-17
3.91604e-18
9.70608e-19
2.24276e-19
4.79474e-20
9.40098e-21
1.67325e-21
2.67114e-22
3.77002e-23
4.62335e-24
4.82183e-25
4.16172e-26
2.8677e-27
1.50061e-28
5.52778e-30
1.25559e-31
1.29002e-33
0.214974
0.354132
0.417552
0.435822
0.42926
0.411933
0.398094
0.373749
0.453265
0.778579
1
1
0.999999
1
0.67518
0.190755
0.12707
0.164035
0.187259
0.203301
0.2182
0.231776
0.244795
0.257551
0.270127
0.28251
0.294646
0.306466
0.317892
0.328837
0.339215
0.348938
0.357913
0.366037
0.373203
0.379294
0.38421
0.387866
0.39006
0.390767
0.389484
0.385713
0.377831
0.370273
0.361077
0.350259
0.337875
0.324001
0.308741
0.29223
0.274635
0.256149
0.236995
0.217418
0.197681
0.178053
0.158802
0.140184
0.122434
0.105755
0.0903091
0.0762171
0.0635525
0.0523418
0.0425695
0.034181
0.0270912
0.0211914
0.0163577
0.0124587
0.00936207
0.00694056
0.005076
0.00366221
0.00260648
0.00183001
0.00126749
0.000866038
0.000583766
0.000388203
0.000254687
0.000164852
0.000105274
6.63271e-05
4.1229e-05
2.52841e-05
1.53195e-05
9.17261e-06
5.42731e-06
3.17323e-06
1.83326e-06
1.04646e-06
5.90156e-07
3.28783e-07
1.80926e-07
9.83287e-08
5.27685e-08
2.79575e-08
1.46202e-08
7.54445e-09
3.84049e-09
1.9279e-09
9.54e-10
4.6514e-10
2.23342e-10
1.05551e-10
4.90653e-11
2.24179e-11
1.00593e-11
4.42886e-12
1.91127e-12
8.07535e-13
3.33615e-13
1.34571e-13
5.29149e-14
2.02462e-14
7.52263e-15
2.7082e-15
9.42275e-16
3.1596e-16
1.01781e-16
3.13855e-17
9.2272e-18
2.57466e-18
6.78325e-19
1.67757e-19
3.86843e-20
8.25388e-21
1.61502e-21
2.86797e-22
4.5659e-23
6.42234e-24
7.84139e-25
8.1311e-26
6.96568e-27
4.7543e-28
2.45883e-29
8.93615e-31
2.00219e-32
2.02965e-34
0.185558
0.284439
0.343745
0.374023
0.385136
0.38467
0.378219
0.368445
0.335726
0.721455
0.999999
1
1
0.999999
0.596269
0.0743102
0.107187
0.123271
0.134964
0.145713
0.154444
0.162288
0.169734
0.176956
0.183986
0.190795
0.197325
0.20351
0.209276
0.214554
0.219273
0.223361
0.226753
0.22938
0.231177
0.232081
0.232036
0.230983
0.228849
0.225576
0.220988
0.214776
0.204698
0.195735
0.186614
0.176871
0.166567
0.155806
0.144711
0.133407
0.122029
0.110709
0.0995813
0.0887723
0.0784005
0.06857
0.0593705
0.0508715
0.043122
0.0361501
0.0299625
0.0245463
0.0198713
0.0158928
0.0125551
0.00979522
0.00754591
0.00573929
0.00430929
0.00319388
0.0023365
0.00168703
0.00120221
0.000845519
0.000586879
0.000402029
0.000271801
0.000181356
0.000119429
7.76229e-05
4.97938e-05
3.15261e-05
1.97005e-05
1.21504e-05
7.39608e-06
4.4432e-06
2.63881e-06
1.54971e-06
8.99902e-07
5.1668e-07
2.93289e-07
1.64582e-07
9.12933e-08
5.00517e-08
2.71184e-08
1.45181e-08
7.67853e-09
4.01129e-09
2.06932e-09
1.05388e-09
5.29723e-10
2.62693e-10
1.28475e-10
6.194e-11
2.94229e-11
1.37632e-11
6.33565e-12
2.86809e-12
1.27577e-12
5.57103e-13
2.38583e-13
1.0009e-13
4.10802e-14
1.64719e-14
6.44208e-15
2.45302e-15
9.07594e-16
3.25551e-16
1.12924e-16
3.77709e-17
1.21436e-17
3.7393e-18
1.09831e-18
3.06305e-19
8.06883e-20
1.99578e-20
4.60357e-21
9.82549e-22
1.92279e-22
3.41359e-23
5.42914e-24
7.62038e-25
9.26912e-26
9.55319e-27
8.1084e-28
5.45997e-29
2.77088e-30
9.82052e-32
2.13781e-33
2.14928e-35
0.131961
0.18872
0.229544
0.25765
0.276028
0.286927
0.291408
0.286305
0.279949
0.609787
0.999999
1
0.999998
1
0.459539
0.0452543
0.0497842
0.0543895
0.0570256
0.0585691
0.0599676
0.0615718
0.063408
0.0653955
0.0674412
0.0694647
0.0713984
0.0731855
0.0747778
0.0761328
0.0772143
0.07799
0.0784323
0.0785188
0.0782301
0.0775518
0.076474
0.0749886
0.0730892
0.0707692
0.0679965
0.0646584
0.0598269
0.0553837
0.0514708
0.0475415
0.043603
0.0396939
0.0358565
0.0321303
0.0285515
0.0251521
0.0219591
0.0189937
0.0162715
0.0138016
0.0115876
0.00962708
0.00791247
0.00643187
0.00516973
0.00410775
0.003226
0.00250359
0.00191971
0.00145417
0.00108805
0.000804069
0.000586823
0.000422923
0.000300975
0.000211494
0.00014674
0.000100525
6.79947e-05
4.54096e-05
2.99428e-05
1.94945e-05
1.25318e-05
7.95422e-06
4.98501e-06
3.08474e-06
1.88474e-06
1.13699e-06
6.77208e-07
3.98224e-07
2.31655e-07
1.33342e-07
7.59398e-08
4.27872e-08
2.38484e-08
1.3148e-08
7.16924e-09
3.86581e-09
2.06112e-09
1.08641e-09
5.66021e-10
2.9143e-10
1.48251e-10
7.44921e-11
3.6961e-11
1.8103e-11
8.74918e-12
4.17067e-12
1.95999e-12
9.07553e-13
4.138e-13
1.85654e-13
8.18978e-14
3.549e-14
1.50929e-14
6.29195e-15
2.568e-15
1.02467e-15
3.99086e-16
1.51448e-16
5.58862e-17
2.00082e-17
6.93226e-18
2.31773e-18
7.45379e-19
2.2974e-19
6.75858e-20
1.88889e-20
4.98861e-21
1.23748e-21
2.86323e-22
6.1296e-23
1.20281e-23
2.13986e-24
3.40671e-25
4.77811e-26
5.79247e-27
5.92725e-28
4.96654e-29
3.27372e-30
1.60541e-31
5.38656e-33
1.0708e-34
9.08436e-37
)
;

boundaryField
{
    walls
    {
        type            zeroGradient;
    }
    top
    {
        type            zeroGradient;
    }
    bottom
    {
        type            zeroGradient;
    }
    frontAndBack
    {
        type            empty;
    }
    inlet
    {
        type            uniformFixedValue;
        uniformValue    
        {
            type            constant;
            value           1;
        }
        value           uniform 1;
    }
    outlet
    {
        type            zeroGradient;
    }
}


// ************************************************************************* //
