/*--------------------------------*- C++ -*----------------------------------*\
  =========                 |
  \\      /  F ield         | OpenFOAM: The Open Source CFD Toolbox
   \\    /   O peration     | Website:  https://openfoam.org
    \\  /    A nd           | Version:  12
     \\/     M anipulation  |
\*---------------------------------------------------------------------------*/
FoamFile
{
    format      ascii;
    class       volScalarField;
    location    "515";
    object      T;
}
// * * * * * * * * * * * * * * * * * * * * * * * * * * * * * * * * * * * * * //

dimensions      [];

internalField   nonuniform List<scalar> 
4480
(
7.37772e-06
0.000346605
0.0290941
0.144425
0.289615
0.421548
0.529265
0.613736
0.679069
0.729497
0.768553
0.798981
0.822837
0.841662
0.856593
0.868479
0.877956
0.885506
0.89149
0.896185
0.89981
0.90253
0.904475
0.905747
0.906425
0.906574
0.906246
0.905662
0.90507
0.904468
0.903854
0.903225
0.902575
0.901902
0.901204
0.900477
0.899717
0.898922
0.898084
0.897205
0.89628
0.895301
0.894263
0.893168
0.892006
0.890772
0.889461
0.888072
0.886594
0.885017
0.883345
0.881572
0.87968
0.87767
0.875535
0.873263
0.870855
0.868304
0.865594
0.862728
0.859688
0.856476
0.853079
0.849496
0.84571
0.841728
0.837526
0.833117
0.828472
0.823606
0.818494
0.813138
0.807528
0.801659
0.795522
0.789109
0.782414
0.775429
0.768144
0.760555
0.752651
0.744426
0.73587
0.727028
0.717907
0.708504
0.698817
0.688848
0.678597
0.668068
0.657265
0.646198
0.634876
0.623312
0.611528
0.599546
0.587402
0.575133
0.562797
0.550461
0.538205
0.52613
0.514343
0.502996
0.492232
0.482229
0.473179
0.465289
0.458772
0.453858
0.450775
0.449751
0.451003
0.454748
0.461165
0.470422
0.482631
0.497857
0.516106
0.537386
0.561956
0.590699
0.625156
0.669126
0.737647
0.837544
0.907313
0.959714
0.949967
0.876412
0.805209
0.698549
0.602759
0.525005
0.452948
0.38304
0.313372
0.24224
0.169206
0.0923369
3.00989e-06
0.00844648
0.13707
0.355569
0.545394
0.681975
0.774461
0.836209
0.877667
0.905923
0.925547
0.939457
0.949526
0.956954
0.962518
0.966752
0.970005
0.972518
0.974463
0.975964
0.977111
0.977963
0.978574
0.978975
0.979198
0.979261
0.97918
0.978858
0.978211
0.977272
0.976073
0.974646
0.973022
0.97123
0.969292
0.967237
0.965085
0.962855
0.960561
0.958221
0.955847
0.953449
0.951029
0.948601
0.946169
0.943731
0.941293
0.938853
0.93641
0.933964
0.93151
0.929053
0.92658
0.92409
0.92158
0.919042
0.916479
0.913878
0.911236
0.908554
0.905816
0.903031
0.90018
0.897268
0.894289
0.891243
0.888116
0.884908
0.88162
0.878251
0.87479
0.871239
0.867594
0.863856
0.860014
0.856075
0.852034
0.847883
0.843637
0.839281
0.834814
0.830249
0.825571
0.820801
0.815951
0.811014
0.805997
0.800913
0.795759
0.790552
0.785299
0.780014
0.774711
0.769412
0.76414
0.758915
0.753777
0.748751
0.74388
0.739216
0.734809
0.730716
0.727007
0.723747
0.721031
0.718933
0.717559
0.717
0.71737
0.718774
0.721323
0.725112
0.730248
0.736813
0.744872
0.754475
0.765639
0.778368
0.792644
0.808472
0.825926
0.845192
0.8665
0.890022
0.915548
0.940991
0.962183
0.97623
0.964644
0.922722
0.878682
0.829054
0.774689
0.715974
0.652016
0.581696
0.503664
0.416673
0.320484
0.21811
0.000512657
0.0557195
0.308877
0.561718
0.732002
0.833699
0.892715
0.927267
0.948048
0.96101
0.969432
0.97515
0.979188
0.982146
0.98437
0.98608
0.987413
0.988458
0.98928
0.989922
0.990419
0.990792
0.991062
0.991245
0.991349
0.991384
0.991355
0.991247
0.991026
0.990692
0.990245
0.989677
0.988989
0.988171
0.987227
0.986154
0.984956
0.983637
0.982202
0.980659
0.979016
0.977281
0.975464
0.973574
0.971617
0.969609
0.96755
0.965452
0.963318
0.961157
0.958976
0.956775
0.954556
0.952324
0.950086
0.947832
0.945574
0.943306
0.941028
0.938742
0.936445
0.93414
0.931819
0.929489
0.927144
0.924782
0.922405
0.920009
0.917592
0.915159
0.912696
0.910216
0.907709
0.905179
0.902616
0.900031
0.89742
0.894776
0.892106
0.889413
0.886685
0.883936
0.881153
0.878354
0.875528
0.87269
0.869845
0.866992
0.864134
0.861287
0.858454
0.855645
0.852878
0.850157
0.847505
0.844942
0.842485
0.84016
0.837997
0.836029
0.834282
0.832798
0.831625
0.830798
0.830374
0.830404
0.830932
0.832022
0.833731
0.836105
0.839197
0.84305
0.847705
0.853185
0.859506
0.86666
0.874636
0.883394
0.89289
0.903071
0.91387
0.925197
0.936892
0.948642
0.959932
0.969954
0.97761
0.981488
0.973121
0.946262
0.917886
0.886273
0.849929
0.807323
0.756669
0.695781
0.622031
0.532589
0.425365
0.300977
0.00654894
0.175735
0.504144
0.732361
0.855063
0.916784
0.948046
0.964553
0.973834
0.979474
0.983198
0.985852
0.987862
0.989439
0.990701
0.991719
0.992545
0.99321
0.993742
0.994163
0.99449
0.994738
0.994918
0.995043
0.995119
0.995151
0.995144
0.995094
0.994993
0.994844
0.994642
0.994383
0.994065
0.993681
0.993223
0.992689
0.992074
0.991369
0.990576
0.989691
0.988714
0.987647
0.98649
0.98525
0.983928
0.982533
0.981067
0.97954
0.977955
0.976322
0.974646
0.97293
0.971185
0.969412
0.967619
0.965811
0.963991
0.962158
0.960324
0.958484
0.956646
0.954804
0.952969
0.951138
0.949309
0.947485
0.945671
0.943859
0.942056
0.940255
0.938459
0.936672
0.934886
0.933107
0.931329
0.929553
0.927782
0.926018
0.924254
0.922489
0.920729
0.918975
0.91723
0.915478
0.913735
0.911999
0.910273
0.908565
0.906876
0.90521
0.903572
0.901972
0.900421
0.898921
0.897494
0.896142
0.89489
0.893746
0.892731
0.891869
0.891183
0.89069
0.890424
0.890409
0.890682
0.891261
0.89219
0.893492
0.895201
0.897341
0.899942
0.903017
0.906584
0.910646
0.915194
0.920211
0.925673
0.931534
0.93774
0.944217
0.950878
0.957588
0.964175
0.970389
0.975899
0.980271
0.982928
0.983043
0.977057
0.958592
0.938347
0.915911
0.889903
0.858565
0.819529
0.769486
0.703932
0.616924
0.501608
0.352109
0.0334009
0.355725
0.685065
0.853001
0.925905
0.957331
0.971726
0.979018
0.983226
0.986041
0.988159
0.989879
0.991316
0.992522
0.993524
0.994345
0.995011
0.995542
0.995958
0.996278
0.99652
0.996697
0.996824
0.996907
0.996959
0.996982
0.996982
0.996955
0.996898
0.996811
0.996692
0.996541
0.996358
0.996137
0.995877
0.995574
0.99522
0.994816
0.994352
0.993831
0.993242
0.992588
0.991864
0.991072
0.99021
0.989281
0.988288
0.987231
0.986116
0.984948
0.98373
0.982467
0.981166
0.979831
0.978469
0.977086
0.975684
0.974265
0.97284
0.971409
0.969976
0.968544
0.967119
0.965702
0.964289
0.962892
0.961505
0.960129
0.95877
0.957426
0.956096
0.954778
0.95348
0.952195
0.950927
0.949671
0.948435
0.947211
0.945996
0.944802
0.94362
0.942451
0.941299
0.940157
0.93903
0.937919
0.936824
0.935746
0.934693
0.933666
0.93267
0.931708
0.930791
0.929922
0.929107
0.928357
0.927684
0.9271
0.926612
0.926242
0.925996
0.925894
0.925955
0.926197
0.926634
0.927292
0.928185
0.92933
0.930746
0.932452
0.934448
0.936753
0.939361
0.942274
0.945478
0.948948
0.952661
0.956574
0.960636
0.964774
0.968906
0.972924
0.976686
0.980011
0.982669
0.984371
0.98472
0.983141
0.978341
0.965279
0.949527
0.932172
0.912265
0.888384
0.858288
0.818295
0.762585
0.681887
0.562499
0.386661
0.0988889
0.550522
0.822432
0.924432
0.960694
0.974734
0.98108
0.984574
0.986947
0.988858
0.990542
0.992039
0.993338
0.994438
0.995336
0.996054
0.996612
0.997033
0.997346
0.997566
0.997716
0.997813
0.997872
0.997905
0.997918
0.99792
0.997914
0.9979
0.997865
0.997811
0.997739
0.997645
0.997531
0.997394
0.997232
0.997043
0.996825
0.996572
0.996283
0.995955
0.995585
0.995167
0.994701
0.994185
0.993618
0.992997
0.992324
0.991597
0.990823
0.989999
0.98913
0.98822
0.987271
0.986289
0.985276
0.984239
0.983183
0.982109
0.981021
0.979927
0.978833
0.977733
0.976639
0.975549
0.974467
0.973398
0.972338
0.971294
0.970268
0.969254
0.968258
0.967279
0.966319
0.965378
0.964452
0.963546
0.962654
0.961784
0.96093
0.960091
0.959268
0.958466
0.957681
0.956912
0.956153
0.95541
0.954688
0.953983
0.953298
0.952636
0.952003
0.9514
0.95083
0.950298
0.949812
0.949378
0.949001
0.948694
0.948458
0.948303
0.948246
0.94829
0.948451
0.948742
0.949168
0.949749
0.950488
0.951405
0.952504
0.95379
0.955277
0.956957
0.958831
0.960893
0.96313
0.965518
0.968035
0.970641
0.973293
0.97593
0.978481
0.980856
0.982942
0.984602
0.985661
0.985897
0.985012
0.982592
0.978056
0.968853
0.955903
0.941575
0.925285
0.906038
0.88211
0.850126
0.803998
0.73206
0.61316
0.412348
0.207091
0.720431
0.908059
0.959498
0.975382
0.981615
0.984834
0.987002
0.98881
0.990501
0.992119
0.993594
0.994854
0.99588
0.996684
0.997293
0.997732
0.998031
0.998214
0.998312
0.998346
0.998338
0.998306
0.998266
0.998227
0.998196
0.998174
0.998164
0.998146
0.998122
0.998088
0.998043
0.997986
0.997915
0.997828
0.997721
0.997594
0.997443
0.997266
0.997063
0.996828
0.996559
0.996257
0.995917
0.99554
0.995121
0.994662
0.994161
0.993621
0.99304
0.992421
0.991769
0.991081
0.990361
0.989615
0.988846
0.988054
0.987248
0.98643
0.985601
0.984767
0.98393
0.983094
0.98226
0.981436
0.98062
0.979811
0.979017
0.978235
0.977469
0.976718
0.975984
0.975263
0.974563
0.97388
0.973212
0.972559
0.971923
0.971307
0.970709
0.970121
0.969553
0.969005
0.968464
0.967939
0.96743
0.966934
0.966455
0.965994
0.965554
0.965133
0.964737
0.964372
0.964033
0.963732
0.963465
0.963247
0.963076
0.962957
0.962903
0.962913
0.963003
0.963175
0.963436
0.963796
0.964262
0.964841
0.96554
0.96636
0.967312
0.96839
0.969595
0.970925
0.972371
0.973917
0.975544
0.97723
0.978946
0.980648
0.982288
0.983805
0.98512
0.986143
0.986763
0.986834
0.986179
0.984568
0.98169
0.977155
0.970211
0.959539
0.947208
0.933186
0.91677
0.896791
0.870474
0.832352
0.76986
0.655366
0.432956
0.346934
0.843694
0.951438
0.973976
0.981151
0.984506
0.986636
0.988368
0.990024
0.991715
0.993385
0.994871
0.996087
0.997024
0.997712
0.99819
0.998489
0.998639
0.99867
0.998612
0.998497
0.998352
0.998203
0.998066
0.997953
0.997873
0.997829
0.997817
0.997815
0.997821
0.997829
0.997836
0.997841
0.997839
0.997827
0.997801
0.997758
0.997699
0.99762
0.997515
0.997388
0.997233
0.99705
0.996838
0.996593
0.996319
0.996011
0.99567
0.995296
0.994891
0.994453
0.993983
0.993487
0.992964
0.992416
0.991846
0.991258
0.990655
0.990038
0.989413
0.988783
0.988146
0.987511
0.986877
0.986244
0.985621
0.985004
0.9844
0.983802
0.983218
0.982649
0.982095
0.98155
0.981025
0.980509
0.98001
0.979528
0.979057
0.978605
0.978165
0.977737
0.97733
0.976932
0.976549
0.976174
0.975814
0.975464
0.975127
0.974805
0.974503
0.974212
0.973943
0.973697
0.973471
0.97327
0.973102
0.972964
0.972864
0.972803
0.972789
0.97282
0.972911
0.973055
0.973267
0.973549
0.973902
0.974337
0.974848
0.975448
0.976129
0.9769
0.977748
0.978672
0.979666
0.980714
0.981799
0.9829
0.983988
0.985027
0.985978
0.986779
0.987374
0.987678
0.9876
0.987015
0.98578
0.983707
0.980568
0.976083
0.969955
0.961452
0.950551
0.938081
0.923477
0.905979
0.883367
0.851195
0.797371
0.68985
0.450481
0.503609
0.914382
0.968913
0.979538
0.983689
0.986014
0.98773
0.989299
0.990948
0.992718
0.994472
0.995964
0.997103
0.997924
0.998477
0.998807
0.998944
0.998913
0.998753
0.998498
0.998191
0.99787
0.997564
0.997299
0.99709
0.996948
0.996871
0.996857
0.996871
0.996912
0.996971
0.997043
0.99712
0.997202
0.997279
0.997346
0.997401
0.997438
0.997455
0.997454
0.997426
0.997377
0.9973
0.997196
0.997064
0.996904
0.996713
0.996496
0.99625
0.995975
0.995674
0.995345
0.994993
0.994617
0.994219
0.993803
0.993367
0.992919
0.992457
0.991987
0.991511
0.99103
0.990545
0.990062
0.989582
0.989105
0.988635
0.988171
0.987715
0.987271
0.986837
0.986413
0.986001
0.985598
0.98521
0.984834
0.98447
0.984119
0.983779
0.983452
0.983134
0.982832
0.982541
0.982261
0.981986
0.981723
0.981471
0.981229
0.980999
0.980778
0.980574
0.98038
0.980207
0.980048
0.97991
0.979794
0.979703
0.979633
0.979599
0.979592
0.979626
0.979695
0.979806
0.979962
0.980168
0.980424
0.980736
0.9811
0.98152
0.981994
0.982525
0.983102
0.983724
0.984381
0.98506
0.985744
0.986418
0.98705
0.98761
0.98806
0.98835
0.988429
0.988221
0.987644
0.9866
0.984963
0.982584
0.979281
0.974854
0.969084
0.961767
0.952378
0.94105
0.927695
0.911827
0.891569
0.863465
0.816695
0.717187
0.466067
0.656396
0.94382
0.974821
0.982068
0.985114
0.986974
0.988485
0.990003
0.991698
0.993583
0.995434
0.996898
0.997928
0.998611
0.999021
0.999187
0.999133
0.998881
0.998474
0.997966
0.997408
0.996856
0.996349
0.995922
0.995593
0.995371
0.995258
0.995238
0.995275
0.995361
0.995485
0.995638
0.995811
0.995994
0.996179
0.996361
0.99653
0.996683
0.996816
0.996926
0.997013
0.997072
0.997101
0.997103
0.997078
0.997025
0.996942
0.996831
0.996692
0.996529
0.996336
0.99612
0.995881
0.995619
0.99534
0.995044
0.994727
0.994401
0.994061
0.993709
0.993353
0.992992
0.992626
0.99226
0.991894
0.991531
0.991172
0.990819
0.990471
0.990131
0.989795
0.989472
0.989156
0.988851
0.988554
0.988266
0.98799
0.987721
0.987465
0.987215
0.986978
0.98675
0.986529
0.986321
0.986116
0.985921
0.985733
0.985552
0.985379
0.985218
0.985065
0.984922
0.984791
0.984676
0.984573
0.984486
0.984414
0.984364
0.984336
0.984326
0.984346
0.98439
0.984464
0.984571
0.98471
0.984883
0.985091
0.985332
0.985612
0.985924
0.986266
0.986634
0.987022
0.987423
0.987822
0.988204
0.98855
0.988837
0.989036
0.989109
0.989018
0.988706
0.988115
0.987169
0.985788
0.983857
0.981264
0.977855
0.973477
0.967958
0.961123
0.952805
0.942685
0.930257
0.915526
0.8968
0.871352
0.829811
0.738044
0.480417
0.762237
0.95939
0.97859
0.983602
0.986038
0.987639
0.989036
0.990547
0.992319
0.994344
0.996284
0.997687
0.998579
0.999117
0.999376
0.999362
0.999076
0.998544
0.99782
0.996982
0.996102
0.995252
0.994491
0.993861
0.993383
0.99307
0.992916
0.992893
0.992962
0.993109
0.99332
0.99358
0.993873
0.994188
0.994511
0.994832
0.995142
0.995434
0.995706
0.995949
0.996164
0.996349
0.996499
0.996616
0.996701
0.996755
0.996777
0.996768
0.996731
0.996665
0.996573
0.996455
0.996316
0.996153
0.99597
0.995768
0.995551
0.995322
0.995077
0.994824
0.994563
0.994296
0.994024
0.99375
0.993475
0.9932
0.992929
0.992657
0.992393
0.992131
0.991878
0.99163
0.991387
0.991153
0.990922
0.990705
0.990491
0.990286
0.990089
0.989895
0.989712
0.989539
0.989368
0.989208
0.989054
0.988903
0.988757
0.988618
0.988488
0.988361
0.988245
0.988133
0.98803
0.987938
0.987852
0.987782
0.987722
0.987675
0.987641
0.987626
0.987627
0.987646
0.987682
0.987743
0.987819
0.987922
0.988043
0.988186
0.988349
0.988529
0.988724
0.988926
0.989129
0.989326
0.989505
0.989647
0.98974
0.989754
0.989667
0.989449
0.989057
0.988445
0.987557
0.986329
0.984687
0.982539
0.979784
0.976301
0.971962
0.96662
0.960123
0.952297
0.942917
0.931641
0.91775
0.900087
0.876359
0.838398
0.753232
0.493981
0.843763
0.968046
0.981047
0.984821
0.986722
0.988108
0.989437
0.990967
0.992836
0.995009
0.997038
0.998339
0.999074
0.999471
0.999579
0.999355
0.998777
0.99788
0.996745
0.995478
0.994187
0.992967
0.991893
0.991018
0.990368
0.989951
0.989761
0.989743
0.98986
0.990093
0.99042
0.990819
0.991269
0.99175
0.992245
0.992743
0.993228
0.993693
0.994129
0.994531
0.994895
0.995222
0.995511
0.995756
0.995965
0.996133
0.996265
0.996362
0.996425
0.996457
0.996459
0.996433
0.996382
0.996308
0.996211
0.996095
0.995962
0.995814
0.995653
0.995479
0.995297
0.995108
0.994912
0.994711
0.994511
0.994307
0.994103
0.9939
0.993699
0.993501
0.993307
0.993117
0.992931
0.99275
0.992575
0.992405
0.992242
0.992081
0.991927
0.991778
0.991636
0.991501
0.991367
0.991241
0.991118
0.991002
0.990885
0.990775
0.990669
0.990567
0.990469
0.990378
0.990292
0.990211
0.990138
0.990073
0.990015
0.989966
0.989926
0.989895
0.989875
0.989867
0.989872
0.989887
0.989913
0.989951
0.989999
0.990058
0.990125
0.990195
0.990265
0.990331
0.990384
0.990415
0.99041
0.99036
0.990244
0.990044
0.98973
0.989274
0.98864
0.987785
0.986659
0.985207
0.983362
0.981041
0.978163
0.974626
0.970312
0.965098
0.958843
0.951371
0.94245
0.931729
0.918626
0.902017
0.879434
0.843764
0.763622
0.507083
0.896037
0.973365
0.982732
0.985695
0.987282
0.988468
0.989723
0.991281
0.993251
0.995582
0.997695
0.99886
0.999433
0.999705
0.999657
0.999175
0.998217
0.996843
0.995178
0.993369
0.991567
0.989895
0.988447
0.987286
0.986441
0.985921
0.985706
0.985706
0.985896
0.986249
0.986732
0.987313
0.987964
0.988658
0.989371
0.990084
0.990782
0.991452
0.992085
0.992674
0.993217
0.993709
0.994151
0.994542
0.994886
0.99518
0.995434
0.995642
0.995809
0.995941
0.996038
0.996105
0.996139
0.996148
0.996132
0.996094
0.996038
0.995962
0.995874
0.995769
0.995656
0.995532
0.9954
0.995264
0.99512
0.994977
0.994828
0.99468
0.994532
0.994384
0.994238
0.994095
0.993955
0.993815
0.993681
0.993548
0.99342
0.993295
0.993175
0.993059
0.992945
0.992834
0.992729
0.992627
0.992527
0.99243
0.992336
0.992243
0.992155
0.992067
0.991983
0.991904
0.991826
0.991749
0.991681
0.991615
0.991552
0.991497
0.991444
0.991396
0.991356
0.991321
0.99129
0.991267
0.991246
0.991229
0.991212
0.991199
0.99118
0.991158
0.991124
0.991074
0.990997
0.990891
0.990737
0.990525
0.990235
0.989852
0.989348
0.988696
0.987861
0.986809
0.985489
0.983853
0.981845
0.979388
0.976411
0.972824
0.968529
0.96341
0.957331
0.950119
0.941539
0.931244
0.918647
0.902657
0.880905
0.846608
0.77
0.519944
0.919673
0.978406
0.98393
0.98632
0.987674
0.98877
0.989931
0.9915
0.993572
0.996068
0.998267
0.999264
0.999677
0.999849
0.999629
0.998816
0.997363
0.995372
0.993035
0.990559
0.988138
0.985928
0.984048
0.982569
0.98152
0.980902
0.980687
0.98073
0.981029
0.981543
0.98223
0.983045
0.983949
0.984905
0.985883
0.986859
0.987808
0.98872
0.989585
0.99039
0.991135
0.991817
0.992435
0.99299
0.993484
0.993919
0.9943
0.99463
0.99491
0.995146
0.995341
0.995498
0.995621
0.995712
0.995774
0.995809
0.995825
0.995819
0.995795
0.995755
0.9957
0.995635
0.99556
0.995477
0.995386
0.995292
0.995192
0.995089
0.994984
0.994878
0.994772
0.994665
0.994558
0.994455
0.994352
0.994248
0.99415
0.99405
0.993955
0.993859
0.993769
0.993677
0.993591
0.993505
0.993423
0.993339
0.993258
0.993178
0.993098
0.99302
0.992941
0.992865
0.99279
0.992717
0.992644
0.992574
0.992503
0.992435
0.992371
0.992307
0.992242
0.992181
0.992118
0.992055
0.99199
0.991923
0.99185
0.991769
0.991679
0.991573
0.991448
0.991295
0.991111
0.990883
0.9906
0.990249
0.989816
0.989276
0.98861
0.987791
0.986789
0.985568
0.984086
0.982302
0.980155
0.977585
0.974529
0.970903
0.966618
0.961567
0.95562
0.948602
0.940282
0.930312
0.918111
0.902616
0.881519
0.848277
0.774184
0.529272
0.934473
0.980236
0.984798
0.986758
0.987936
0.988957
0.990115
0.991626
0.9938
0.996462
0.998751
0.999558
0.999833
0.999931
0.999506
0.998258
0.996159
0.993389
0.990223
0.986942
0.983791
0.980965
0.9786
0.976776
0.975521
0.974828
0.974649
0.974774
0.975233
0.975967
0.97692
0.97803
0.979244
0.980518
0.981812
0.983094
0.984341
0.985534
0.986661
0.98771
0.988684
0.989576
0.990388
0.991122
0.99178
0.992367
0.992889
0.993344
0.993744
0.99409
0.994386
0.994638
0.994849
0.995023
0.995164
0.995273
0.995357
0.995416
0.995454
0.995474
0.995475
0.995463
0.995439
0.995403
0.995359
0.995306
0.995247
0.995183
0.995116
0.995043
0.994969
0.994895
0.994817
0.994739
0.994661
0.994583
0.994503
0.994425
0.994347
0.994269
0.994193
0.994119
0.994044
0.99397
0.993897
0.993822
0.993747
0.993675
0.993598
0.993525
0.993448
0.993372
0.993294
0.993219
0.99314
0.993063
0.992982
0.992901
0.99282
0.992734
0.992649
0.99256
0.992464
0.992364
0.992259
0.992144
0.992019
0.991878
0.991721
0.99154
0.991333
0.991093
0.990811
0.990476
0.990078
0.989607
0.989043
0.98837
0.987565
0.986604
0.985458
0.984094
0.982479
0.980564
0.978301
0.975641
0.972518
0.968857
0.964579
0.959578
0.953729
0.946862
0.938745
0.929031
0.917148
0.902048
0.881476
0.849055
0.776838
0.535818
0.944721
0.981623
0.985492
0.987039
0.988064
0.989035
0.990207
0.991734
0.993932
0.996761
0.999151
0.99976
0.999923
0.999972
0.999289
0.997468
0.994543
0.990811
0.986651
0.982427
0.978438
0.974918
0.972024
0.969842
0.9684
0.967669
0.967487
0.967754
0.968449
0.969488
0.970791
0.972277
0.973879
0.975538
0.977206
0.978846
0.98043
0.981939
0.983359
0.984681
0.985902
0.987023
0.988044
0.988969
0.989803
0.990551
0.991218
0.991811
0.992334
0.992793
0.993196
0.993544
0.993844
0.994101
0.994319
0.994502
0.994652
0.994775
0.994873
0.994948
0.995002
0.995039
0.995063
0.995069
0.995066
0.995054
0.995031
0.995001
0.994966
0.994924
0.994878
0.994827
0.994774
0.994717
0.994659
0.9946
0.994538
0.994474
0.99441
0.994347
0.99428
0.994213
0.994147
0.994082
0.994014
0.993943
0.993874
0.993801
0.993728
0.993652
0.993574
0.993496
0.993412
0.993329
0.993243
0.993154
0.993059
0.992963
0.992863
0.992758
0.992649
0.992529
0.992404
0.99227
0.992121
0.991962
0.991785
0.991591
0.991372
0.991124
0.990841
0.990521
0.99015
0.98972
0.989225
0.988645
0.987968
0.987176
0.986249
0.985162
0.983893
0.982406
0.980673
0.978652
0.976295
0.973556
0.970377
0.966688
0.962411
0.957451
0.951677
0.944927
0.936974
0.927467
0.915842
0.901068
0.88092
0.849154
0.778348
0.540231
0.952126
0.982619
0.985888
0.987188
0.988081
0.988994
0.99019
0.99181
0.993988
0.996964
0.999475
0.999887
0.99997
0.99999
0.998966
0.996406
0.992452
0.98756
0.982236
0.97693
0.972002
0.967719
0.964261
0.961724
0.960126
0.959418
0.959275
0.959763
0.96078
0.962213
0.963952
0.965897
0.967958
0.970066
0.972162
0.974204
0.976164
0.978016
0.97975
0.981364
0.98285
0.98421
0.98545
0.986574
0.987589
0.988501
0.989319
0.990049
0.990698
0.991273
0.99178
0.992227
0.992618
0.992959
0.993254
0.99351
0.993725
0.993909
0.994064
0.994191
0.994298
0.994381
0.994446
0.994497
0.994531
0.994553
0.994564
0.994563
0.994556
0.99454
0.994518
0.994488
0.994456
0.994416
0.994375
0.994329
0.99428
0.994229
0.994175
0.994119
0.99406
0.994001
0.993939
0.993875
0.993809
0.993741
0.99367
0.993598
0.993522
0.993442
0.99336
0.993272
0.993183
0.99309
0.992993
0.99289
0.992782
0.992669
0.992548
0.992421
0.992285
0.992139
0.991982
0.991812
0.991627
0.991421
0.991198
0.990949
0.990673
0.990363
0.990012
0.989617
0.989165
0.988652
0.988064
0.987387
0.98661
0.985712
0.984679
0.983486
0.982108
0.980518
0.978684
0.97657
0.97413
0.971326
0.968101
0.964386
0.960111
0.95518
0.949469
0.942816
0.934995
0.925663
0.914259
0.899755
0.879971
0.848732
0.778976
0.542992
0.957609
0.983319
0.986093
0.987209
0.987975
0.988837
0.990055
0.991773
0.994039
0.997064
0.999721
0.999958
0.999991
0.999998
0.998526
0.995026
0.989821
0.983565
0.97691
0.970396
0.964433
0.959322
0.955273
0.952393
0.950694
0.950094
0.95013
0.950943
0.952393
0.954322
0.956593
0.959077
0.961663
0.964271
0.966834
0.969311
0.971664
0.973879
0.97594
0.977848
0.979602
0.981205
0.982664
0.983987
0.985182
0.986261
0.987227
0.988093
0.988866
0.989557
0.990168
0.99071
0.991189
0.991611
0.991982
0.992304
0.992588
0.99283
0.993041
0.993219
0.993373
0.993499
0.993606
0.993693
0.993763
0.993816
0.993857
0.993883
0.993901
0.993907
0.993906
0.993894
0.993879
0.993853
0.993824
0.99379
0.993752
0.993708
0.99366
0.993609
0.993556
0.993497
0.993436
0.993374
0.993307
0.993239
0.993164
0.993087
0.993006
0.99292
0.992829
0.992734
0.992632
0.992529
0.992417
0.9923
0.992176
0.992043
0.991902
0.991749
0.991588
0.991415
0.991224
0.99102
0.990797
0.990551
0.99028
0.989983
0.989651
0.989281
0.988868
0.988404
0.98788
0.987286
0.986615
0.985852
0.984985
0.983998
0.982869
0.98158
0.980108
0.978426
0.976507
0.97431
0.971806
0.968947
0.965681
0.961948
0.957676
0.952771
0.947113
0.940541
0.932834
0.92365
0.912435
0.898176
0.878699
0.847895
0.778922
0.544472
0.961722
0.983797
0.986155
0.987096
0.98775
0.98855
0.989791
0.991617
0.994062
0.997083
0.999892
0.999989
0.999998
0.999999
0.997953
0.993284
0.986589
0.978772
0.970636
0.962797
0.955711
0.949709
0.945039
0.941841
0.940125
0.939653
0.94001
0.941321
0.943378
0.945968
0.948902
0.952023
0.955207
0.958361
0.96142
0.964341
0.967094
0.969666
0.972049
0.974243
0.976254
0.978089
0.979758
0.98127
0.982635
0.98387
0.984979
0.985974
0.986864
0.987661
0.988374
0.98901
0.989572
0.990073
0.990515
0.990904
0.991247
0.991549
0.991809
0.992037
0.992232
0.992401
0.992545
0.992667
0.992766
0.99285
0.992914
0.992966
0.993005
0.99303
0.993045
0.99305
0.993048
0.993035
0.993015
0.99299
0.992958
0.992918
0.992874
0.992826
0.992774
0.992716
0.992653
0.992587
0.992516
0.992444
0.992363
0.992279
0.99219
0.992096
0.991996
0.991889
0.991777
0.991657
0.991531
0.991397
0.991253
0.9911
0.990936
0.99076
0.990572
0.990369
0.990148
0.98991
0.989647
0.98936
0.989046
0.9887
0.988318
0.987891
0.987419
0.98689
0.986298
0.985635
0.98489
0.984047
0.983099
0.982028
0.980816
0.979444
0.977891
0.976131
0.974136
0.971877
0.969316
0.966408
0.963113
0.959366
0.9551
0.950215
0.944608
0.938113
0.930506
0.921455
0.91041
0.896367
0.877169
0.846733
0.778342
0.544948
0.964824
0.984082
0.986078
0.986827
0.987401
0.988133
0.989387
0.991327
0.993964
0.9971
0.999985
0.999999
1
1
0.997224
0.991135
0.982711
0.973149
0.963399
0.954142
0.945847
0.93888
0.933551
0.930073
0.928461
0.927915
0.928842
0.930939
0.93388
0.937361
0.941135
0.945011
0.948859
0.952591
0.956152
0.959509
0.962638
0.965543
0.968216
0.97067
0.972913
0.974957
0.976811
0.978491
0.980008
0.981381
0.982618
0.983731
0.984729
0.985624
0.986426
0.987144
0.987784
0.988355
0.988863
0.989313
0.989711
0.990063
0.990373
0.990645
0.990881
0.991086
0.991263
0.991416
0.991544
0.99165
0.991739
0.991812
0.991868
0.991909
0.991939
0.991955
0.991963
0.99196
0.991946
0.991926
0.991898
0.991862
0.991817
0.99177
0.991716
0.991654
0.991587
0.991518
0.991441
0.99136
0.991273
0.991179
0.991078
0.990973
0.990859
0.99074
0.990614
0.990478
0.990335
0.990181
0.990017
0.989842
0.989656
0.989455
0.989239
0.989006
0.988754
0.988479
0.988179
0.987854
0.987497
0.987106
0.986673
0.986196
0.985666
0.98508
0.984426
0.983697
0.982882
0.981972
0.980953
0.979808
0.97852
0.977078
0.975453
0.973626
0.971569
0.969257
0.966648
0.963707
0.96039
0.956631
0.95237
0.947516
0.941954
0.935524
0.928016
0.919092
0.908209
0.894368
0.875428
0.845306
0.777347
0.544626
0.967132
0.984219
0.985893
0.986461
0.986922
0.987568
0.988828
0.990889
0.993743
0.997115
1
0.999999
0.999998
0.999999
0.996322
0.988545
0.978154
0.96669
0.955234
0.944491
0.934912
0.926872
0.920792
0.917073
0.915746
0.915681
0.917447
0.920583
0.924619
0.92914
0.933839
0.938507
0.943017
0.947296
0.951314
0.955048
0.958504
0.961683
0.964596
0.96726
0.969688
0.971898
0.973903
0.975721
0.977364
0.978852
0.980193
0.981399
0.982488
0.983469
0.984345
0.985134
0.98584
0.986472
0.987034
0.987538
0.987985
0.988382
0.988735
0.989044
0.989316
0.989551
0.989758
0.989938
0.990088
0.990219
0.990325
0.990415
0.990485
0.990539
0.990578
0.990602
0.990618
0.990619
0.990611
0.990592
0.990562
0.990528
0.990482
0.990431
0.99037
0.990306
0.990233
0.990155
0.99007
0.989979
0.98988
0.989774
0.989662
0.989544
0.989417
0.98928
0.989137
0.988984
0.988821
0.988648
0.988462
0.988266
0.988054
0.987826
0.987584
0.987319
0.987034
0.986728
0.986392
0.986027
0.98563
0.985192
0.984715
0.984188
0.983606
0.982965
0.982253
0.981466
0.980589
0.979616
0.978532
0.977322
0.975974
0.974467
0.972782
0.9709
0.968791
0.966433
0.96379
0.960822
0.957489
0.953732
0.949483
0.944657
0.939138
0.932782
0.925369
0.91657
0.905847
0.892207
0.873502
0.84367
0.776017
0.543669
0.968813
0.984236
0.985613
0.985988
0.986305
0.986847
0.988099
0.990284
0.993386
0.99706
1
1
0.999998
0.999997
0.995238
0.985478
0.972902
0.959425
0.946228
0.933981
0.923046
0.913764
0.906718
0.902785
0.901197
0.902249
0.90571
0.910632
0.916238
0.922018
0.927681
0.933086
0.938152
0.94286
0.947213
0.951217
0.954891
0.958256
0.96133
0.964133
0.966687
0.969007
0.971115
0.973024
0.974758
0.976326
0.97774
0.979023
0.980177
0.981219
0.982156
0.982999
0.983757
0.984436
0.985047
0.985589
0.986075
0.986508
0.986893
0.987233
0.987532
0.987795
0.988024
0.988223
0.988395
0.988541
0.988662
0.988762
0.988844
0.988906
0.988954
0.988984
0.989
0.989003
0.988996
0.988976
0.988945
0.988906
0.988856
0.988799
0.988732
0.988657
0.988576
0.988486
0.98839
0.988288
0.988176
0.988057
0.987931
0.987794
0.987652
0.987499
0.987336
0.987163
0.98698
0.986783
0.986577
0.986354
0.986116
0.985863
0.98559
0.985298
0.984979
0.984638
0.984267
0.983866
0.983427
0.982948
0.982426
0.981852
0.981224
0.980531
0.979767
0.978927
0.977996
0.976967
0.975825
0.974561
0.973159
0.9716
0.969863
0.967938
0.96579
0.963397
0.960727
0.957743
0.954403
0.950648
0.946417
0.941625
0.936162
0.929879
0.922562
0.913892
0.903331
0.889892
0.871424
0.84186
0.774411
0.542192
0.969966
0.984146
0.985246
0.985371
0.98548
0.985956
0.987188
0.989495
0.992873
0.996918
0.999997
0.999997
0.999998
0.999996
0.993958
0.981904
0.966953
0.951432
0.93655
0.922875
0.910556
0.899787
0.891261
0.886939
0.885519
0.889092
0.895563
0.902973
0.910295
0.917164
0.923514
0.929357
0.934716
0.939625
0.944118
0.948227
0.95198
0.95541
0.958539
0.96139
0.963989
0.966359
0.96851
0.970463
0.972235
0.973848
0.975307
0.976626
0.97782
0.978899
0.979873
0.980752
0.981543
0.982255
0.982895
0.983468
0.983982
0.984438
0.984846
0.985209
0.985527
0.985807
0.986054
0.986267
0.986448
0.986606
0.986736
0.986843
0.98693
0.986995
0.987044
0.987076
0.987091
0.987093
0.987082
0.987059
0.98702
0.986973
0.986917
0.986849
0.986774
0.986686
0.986593
0.986491
0.986381
0.986264
0.986135
0.986
0.985857
0.985703
0.985539
0.985367
0.985183
0.98499
0.984785
0.984567
0.984333
0.984086
0.983822
0.983539
0.983238
0.982913
0.982565
0.982191
0.981784
0.981346
0.980868
0.980349
0.979785
0.97917
0.978497
0.977758
0.976949
0.976059
0.97508
0.974002
0.972813
0.971502
0.97005
0.96845
0.966677
0.964712
0.962535
0.960118
0.957432
0.954439
0.951096
0.947358
0.943154
0.938404
0.933001
0.926801
0.919593
0.911056
0.90067
0.887439
0.869214
0.839901
0.772578
0.540276
0.970649
0.983967
0.984803
0.984637
0.98447
0.984896
0.986076
0.988499
0.99218
0.996687
1
1
0.999998
1
0.992468
0.977791
0.960331
0.942854
0.926506
0.911669
0.898121
0.885671
0.874544
0.865937
0.869458
0.881438
0.892252
0.900603
0.908271
0.915346
0.921882
0.927679
0.932964
0.937776
0.942174
0.946196
0.949872
0.95323
0.956301
0.959104
0.961668
0.964002
0.966136
0.968072
0.969838
0.971443
0.972905
0.974231
0.975433
0.976525
0.977508
0.978399
0.979205
0.979931
0.980584
0.981171
0.981696
0.982168
0.982586
0.982959
0.983288
0.983576
0.983828
0.984046
0.984235
0.984393
0.984526
0.984634
0.98472
0.984785
0.984831
0.984858
0.984867
0.984863
0.984844
0.984809
0.984763
0.984705
0.984636
0.984556
0.984467
0.984364
0.984256
0.984136
0.98401
0.983874
0.983729
0.983574
0.983411
0.983236
0.983051
0.982858
0.982653
0.982435
0.982205
0.981961
0.981702
0.981428
0.981138
0.980827
0.980495
0.98014
0.979759
0.97935
0.978911
0.978435
0.977924
0.977366
0.976763
0.976108
0.975394
0.974613
0.973763
0.972832
0.971812
0.970691
0.969464
0.968112
0.966626
0.96499
0.963186
0.961196
0.958997
0.956569
0.953873
0.950882
0.947553
0.943837
0.939667
0.93497
0.929637
0.923527
0.916441
0.908064
0.897863
0.884847
0.866881
0.837809
0.770542
0.537963
0.970871
0.983734
0.984349
0.983891
0.983431
0.98367
0.984757
0.987273
0.991272
0.996355
0.999998
1
1
0.999998
0.990748
0.973086
0.953081
0.933938
0.916631
0.90133
0.887344
0.874094
0.860461
0.868536
0.876061
0.885941
0.894976
0.902565
0.909587
0.916084
0.922079
0.927451
0.932373
0.936882
0.941109
0.945119
0.948571
0.951733
0.954633
0.957293
0.95973
0.961966
0.96401
0.965876
0.967581
0.969139
0.970558
0.971847
0.973027
0.974096
0.975065
0.975944
0.976739
0.977458
0.978105
0.978688
0.979211
0.979678
0.980096
0.980467
0.980791
0.981077
0.981328
0.981542
0.981726
0.981881
0.982006
0.982108
0.982186
0.982243
0.982278
0.982297
0.982296
0.982277
0.982245
0.982198
0.982137
0.982063
0.981979
0.981882
0.981773
0.981656
0.981525
0.981388
0.981241
0.981083
0.980916
0.98074
0.980553
0.980355
0.980146
0.979928
0.979697
0.979455
0.979198
0.978928
0.978641
0.97834
0.978019
0.97768
0.977317
0.976931
0.976518
0.976077
0.975604
0.975095
0.974549
0.973957
0.973317
0.972626
0.971875
0.971059
0.970169
0.969203
0.968146
0.966994
0.965731
0.964349
0.962835
0.961174
0.959351
0.957344
0.955134
0.952699
0.950007
0.947029
0.943723
0.940043
0.93592
0.931291
0.926044
0.920052
0.913101
0.904895
0.894901
0.882133
0.864423
0.835593
0.768313
0.53526
0.970602
0.983455
0.983946
0.983209
0.982338
0.982265
0.983239
0.985793
0.990103
0.99591
0.999998
1
1
0.999999
0.988781
0.967716
0.9453
0.92513
0.907903
0.89374
0.882022
0.877836
0.878883
0.881891
0.887457
0.894382
0.901149
0.907376
0.913276
0.918806
0.923948
0.928649
0.933007
0.937056
0.940874
0.944487
0.947637
0.950766
0.953487
0.95592
0.958164
0.960225
0.962119
0.96386
0.965454
0.966916
0.968253
0.969472
0.970585
0.971599
0.972528
0.973366
0.974128
0.974817
0.975439
0.975997
0.976498
0.976946
0.977346
0.977698
0.978009
0.978281
0.978514
0.978716
0.978883
0.979023
0.979136
0.979221
0.979282
0.979322
0.979342
0.979341
0.979324
0.979288
0.979239
0.979172
0.979091
0.978997
0.978891
0.978771
0.978642
0.978501
0.978349
0.978188
0.978014
0.977833
0.977641
0.977437
0.977224
0.977001
0.976767
0.976519
0.976263
0.97599
0.975706
0.975408
0.975092
0.974761
0.97441
0.974039
0.973645
0.973229
0.972783
0.97231
0.971806
0.971264
0.970681
0.970058
0.969385
0.96866
0.967877
0.967027
0.966109
0.965109
0.964025
0.962842
0.961556
0.960153
0.958619
0.956941
0.955106
0.953096
0.950885
0.948457
0.94578
0.942828
0.939556
0.935922
0.93187
0.927321
0.922185
0.916325
0.909551
0.901546
0.891786
0.879279
0.861847
0.833254
0.76588
0.532126
0.970058
0.982855
0.98361
0.982818
0.98132
0.980426
0.98158
0.984063
0.988603
0.99532
0.999998
0.999998
1
0.999998
0.986498
0.961572
0.937191
0.917236
0.902103
0.894003
0.89044
0.890235
0.892032
0.894731
0.898927
0.903836
0.908822
0.913662
0.918339
0.922789
0.926984
0.930902
0.934593
0.938071
0.941369
0.944472
0.947269
0.950014
0.952433
0.954911
0.956894
0.958726
0.960424
0.961986
0.963422
0.964743
0.965953
0.967068
0.968086
0.969014
0.969864
0.970633
0.971335
0.971969
0.97254
0.973055
0.973516
0.973926
0.974288
0.974608
0.974887
0.97513
0.975336
0.975509
0.975651
0.975764
0.975851
0.975911
0.975948
0.975963
0.975958
0.975934
0.975888
0.975829
0.975752
0.97566
0.975553
0.975432
0.9753
0.975154
0.974997
0.974827
0.974647
0.974457
0.974256
0.974044
0.973822
0.973589
0.973348
0.973094
0.972827
0.972551
0.972262
0.971961
0.971645
0.971314
0.970967
0.970605
0.970221
0.969818
0.969394
0.968942
0.968467
0.96796
0.967424
0.966849
0.966236
0.965582
0.964879
0.964122
0.963308
0.962432
0.961486
0.960464
0.959354
0.958151
0.956848
0.955428
0.953884
0.952203
0.950364
0.948357
0.946159
0.943749
0.941103
0.938189
0.93497
0.931409
0.927448
0.923015
0.918022
0.912334
0.905759
0.897989
0.888497
0.876282
0.85915
0.830784
0.763209
0.528456
0.969488
0.981605
0.983071
0.982565
0.981218
0.979358
0.979973
0.982128
0.986681
0.99453
1
0.999999
1
0.999997
0.98381
0.95448
0.929213
0.911823
0.90484
0.901734
0.90124
0.902454
0.903864
0.906359
0.909569
0.91313
0.916785
0.920414
0.923965
0.927391
0.93067
0.9338
0.936788
0.939637
0.94235
0.94491
0.947288
0.949588
0.951685
0.953808
0.955716
0.957364
0.958818
0.960164
0.961402
0.962544
0.963598
0.964566
0.965449
0.966265
0.967004
0.967679
0.968289
0.968844
0.96934
0.969788
0.970184
0.970538
0.970846
0.971114
0.971346
0.971541
0.971703
0.971835
0.971935
0.97201
0.972059
0.972084
0.972083
0.972064
0.972022
0.971965
0.971885
0.971791
0.97168
0.971555
0.971415
0.97126
0.971095
0.970914
0.970724
0.97052
0.970306
0.970082
0.969845
0.969599
0.969342
0.969076
0.968798
0.968509
0.96821
0.967899
0.967574
0.967238
0.966888
0.966522
0.96614
0.965743
0.965324
0.964886
0.964428
0.963943
0.963433
0.962896
0.962325
0.961718
0.961076
0.96039
0.959657
0.958872
0.958034
0.957131
0.956163
0.95512
0.953994
0.952777
0.951462
0.950038
0.948488
0.94681
0.944984
0.942994
0.94082
0.938448
0.935854
0.933004
0.92987
0.926413
0.922574
0.918296
0.91349
0.908015
0.90169
0.894203
0.885021
0.873134
0.856315
0.828161
0.760229
0.524042
0.968852
0.97965
0.982012
0.982124
0.981304
0.980118
0.979151
0.980191
0.9842
0.99349
1
1
1
1
0.980543
0.946193
0.922483
0.914398
0.911719
0.911297
0.912172
0.913001
0.914604
0.916719
0.919141
0.921716
0.924344
0.926967
0.929554
0.932081
0.934537
0.936915
0.939208
0.941414
0.943531
0.945546
0.94746
0.949298
0.951031
0.95275
0.954324
0.9559
0.957142
0.95824
0.959249
0.960179
0.961039
0.961828
0.962554
0.963214
0.963819
0.964368
0.964861
0.965308
0.965707
0.966058
0.966369
0.96664
0.966873
0.96707
0.967234
0.967365
0.967463
0.967537
0.967584
0.967604
0.967599
0.967571
0.967523
0.967456
0.967368
0.967263
0.967139
0.967002
0.966845
0.966677
0.966493
0.966297
0.966088
0.965866
0.965634
0.965388
0.965134
0.964867
0.964588
0.964301
0.964003
0.963694
0.963375
0.963044
0.962706
0.962353
0.961989
0.961612
0.961221
0.960814
0.960395
0.959957
0.959501
0.959024
0.958527
0.958006
0.957459
0.956887
0.956279
0.955642
0.954966
0.95425
0.953486
0.952677
0.951814
0.950888
0.9499
0.948841
0.947702
0.946477
0.94516
0.943737
0.942198
0.940537
0.938737
0.936784
0.934667
0.932357
0.929846
0.927103
0.924096
0.920788
0.917136
0.913072
0.90851
0.903317
0.897304
0.890158
0.881337
0.869814
0.853325
0.825344
0.756808
0.518545
0.968074
0.976939
0.980012
0.980931
0.980853
0.980339
0.979893
0.978968
0.980952
0.992065
1
1
0.999999
1
0.976387
0.936404
0.922472
0.920295
0.920175
0.920824
0.921439
0.922578
0.924032
0.925669
0.927408
0.929196
0.930999
0.932799
0.934584
0.936342
0.938068
0.939754
0.941396
0.942989
0.944534
0.946019
0.947448
0.948828
0.950155
0.951449
0.952665
0.953893
0.955117
0.955935
0.956683
0.957371
0.958007
0.958587
0.959117
0.959597
0.960032
0.960424
0.960776
0.961083
0.961354
0.961588
0.961785
0.961948
0.96208
0.962182
0.962255
0.962298
0.962318
0.962311
0.962282
0.96223
0.962155
0.962061
0.961946
0.961813
0.961665
0.961498
0.961315
0.961119
0.960907
0.960681
0.960443
0.960191
0.959928
0.959652
0.959365
0.95907
0.958761
0.958442
0.958111
0.957773
0.957423
0.957061
0.956692
0.956311
0.955922
0.955519
0.955105
0.954678
0.954238
0.953784
0.953316
0.952831
0.95233
0.951808
0.951264
0.9507
0.95011
0.949495
0.948849
0.948173
0.947459
0.946708
0.945915
0.945077
0.944187
0.943243
0.942238
0.941166
0.940024
0.938804
0.937496
0.936094
0.934591
0.932974
0.931236
0.929366
0.927342
0.92516
0.922793
0.920226
0.917421
0.914353
0.91097
0.907213
0.902983
0.898162
0.892547
0.885819
0.877421
0.866305
0.85015
0.822253
0.752668
0.511341
0.966974
0.973317
0.976546
0.978148
0.978835
0.978993
0.97885
0.978551
0.976882
0.990009
0.999999
1
1
1
0.970669
0.928188
0.927223
0.927523
0.928004
0.928588
0.929465
0.930484
0.931567
0.932677
0.933798
0.934923
0.936048
0.937169
0.938281
0.939385
0.940475
0.941544
0.942596
0.943625
0.944629
0.945601
0.94655
0.94747
0.948358
0.949221
0.950054
0.950903
0.951946
0.952528
0.952998
0.95342
0.953799
0.95414
0.954444
0.954711
0.954949
0.955149
0.955315
0.955454
0.955566
0.955643
0.955696
0.955724
0.955723
0.955699
0.955652
0.955584
0.955493
0.955381
0.955247
0.955097
0.954928
0.954743
0.954539
0.954319
0.954086
0.953836
0.953572
0.953297
0.953006
0.952705
0.952391
0.952065
0.951727
0.95138
0.951021
0.950651
0.950273
0.949882
0.949482
0.949073
0.948652
0.948224
0.947783
0.947335
0.946876
0.946404
0.945922
0.945429
0.944922
0.944404
0.943869
0.94332
0.942753
0.942171
0.941568
0.940946
0.9403
0.939632
0.938935
0.938214
0.937459
0.936672
0.935848
0.934987
0.934083
0.933132
0.932132
0.931078
0.929966
0.928791
0.927549
0.926231
0.924831
0.923342
0.92176
0.920068
0.918257
0.91632
0.914227
0.911971
0.90951
0.906822
0.90385
0.900534
0.896778
0.892456
0.887353
0.881139
0.873243
0.862573
0.846728
0.818707
0.747069
0.500077
0.964656
0.96836
0.970792
0.972411
0.973485
0.974164
0.97451
0.974366
0.974157
0.986002
1
1
0.999998
1
0.960882
0.930942
0.931307
0.931656
0.932159
0.932738
0.933334
0.933919
0.934494
0.935064
0.935625
0.936186
0.936743
0.937296
0.937846
0.938387
0.938924
0.93945
0.939963
0.94047
0.94096
0.941434
0.941899
0.942347
0.942778
0.9432
0.943617
0.944061
0.944693
0.944984
0.945144
0.945257
0.945345
0.945397
0.945425
0.945433
0.945415
0.94537
0.945309
0.945223
0.945116
0.944987
0.944843
0.944676
0.94449
0.944286
0.944067
0.943827
0.943575
0.943301
0.943016
0.942714
0.942397
0.942068
0.941723
0.941365
0.940996
0.940613
0.940218
0.93981
0.939391
0.938963
0.938523
0.938071
0.93761
0.937137
0.936655
0.936164
0.935662
0.935148
0.934625
0.934092
0.933554
0.933012
0.932462
0.931911
0.931351
0.930787
0.930217
0.92964
0.929055
0.928465
0.927867
0.92726
0.926646
0.926023
0.925391
0.924749
0.924095
0.923431
0.922755
0.922064
0.92136
0.920641
0.919904
0.91915
0.918374
0.917577
0.916756
0.915907
0.915028
0.914115
0.913166
0.912173
0.91113
0.910031
0.90887
0.907634
0.906314
0.904895
0.903358
0.90168
0.899831
0.89777
0.895445
0.892796
0.889718
0.886073
0.881639
0.876072
0.86877
0.858588
0.84298
0.814415
0.738275
0.471133
)
;

boundaryField
{
    walls
    {
        type            zeroGradient;
    }
    top
    {
        type            zeroGradient;
    }
    bottom
    {
        type            zeroGradient;
    }
    frontAndBack
    {
        type            empty;
    }
    inlet
    {
        type            uniformFixedValue;
        uniformValue    
        {
            type            constant;
            value           1;
        }
        value           uniform 1;
    }
    outlet
    {
        type            zeroGradient;
    }
}


// ************************************************************************* //
