/*--------------------------------*- C++ -*----------------------------------*\
  =========                 |
  \\      /  F ield         | OpenFOAM: The Open Source CFD Toolbox
   \\    /   O peration     | Website:  https://openfoam.org
    \\  /    A nd           | Version:  12
     \\/     M anipulation  |
\*---------------------------------------------------------------------------*/
FoamFile
{
    format      ascii;
    class       volScalarField;
    location    "110";
    object      T;
}
// * * * * * * * * * * * * * * * * * * * * * * * * * * * * * * * * * * * * * //

dimensions      [];

internalField   nonuniform List<scalar> 
4480
(
3.42575e-15
1.43414e-12
1.35645e-08
6.38867e-06
0.000314752
0.00312377
0.0124537
0.0305141
0.0565233
0.0880332
0.122313
0.157057
0.190578
0.221766
0.249961
0.274829
0.296257
0.314272
0.328986
0.340556
0.349166
0.354998
0.358236
0.359047
0.357593
0.354019
0.348458
0.34177
0.334938
0.327919
0.320671
0.313148
0.305303
0.297088
0.288454
0.279349
0.269718
0.259508
0.248664
0.237134
0.224873
0.211844
0.198029
0.183436
0.16811
0.152143
0.135691
0.118977
0.102298
0.0860123
0.0705173
0.0562092
0.0434363
0.0324537
0.0233868
0.0162195
0.0108063
0.00690665
0.00423012
0.00248109
0.00139314
0.000748891
0.000385515
0.000190154
8.99383e-05
4.08299e-05
1.78106e-05
7.47457e-06
3.02179e-06
1.17849e-06
4.44003e-07
1.61844e-07
5.71629e-08
1.95932e-08
6.52751e-09
2.11705e-09
6.69518e-10
2.06805e-10
6.24993e-11
1.85131e-11
5.38498e-12
1.54113e-12
4.34845e-13
3.06842e-13
2.71882e-13
2.26686e-13
1.79841e-13
1.38616e-13
1.0513e-13
7.91686e-14
5.96291e-14
4.51925e-14
3.46416e-14
2.69764e-14
2.14266e-14
1.74215e-14
1.45495e-14
1.25198e-14
1.11329e-14
1.02578e-14
9.81793e-15
9.78359e-15
1.01713e-14
1.10523e-14
1.25717e-14
1.49883e-14
1.87479e-14
2.46197e-14
3.39529e-14
4.91722e-14
7.47525e-14
1.19191e-13
1.9909e-13
3.47812e-13
6.34246e-13
1.20439e-12
2.37537e-12
4.85271e-12
1.02474e-11
2.23913e-11
5.1123e-11
1.24361e-10
3.26826e-10
9.57814e-10
3.55896e-09
1.38453e-08
2.98353e-08
4.14651e-08
1.48514e-08
5.01085e-10
1.89789e-11
3.71145e-13
6.12602e-15
1.00234e-16
1.49059e-18
1.66599e-20
1.4045e-22
6.78104e-25
1.49812e-27
8.82647e-31
4.55612e-15
3.08448e-10
7.76849e-07
0.000154545
0.0038317
0.0225863
0.063291
0.121308
0.187713
0.255021
0.318617
0.376232
0.427069
0.471134
0.50882
0.540687
0.56733
0.589321
0.607184
0.621386
0.632328
0.640348
0.645734
0.648722
0.649509
0.648249
0.645068
0.640009
0.633512
0.62568
0.616613
0.606406
0.595148
0.582914
0.569767
0.555763
0.54094
0.525323
0.508919
0.491727
0.47373
0.454899
0.435195
0.414579
0.39301
0.370453
0.346896
0.322356
0.296894
0.27063
0.243757
0.216552
0.189374
0.162665
0.136926
0.112684
0.0904458
0.0706391
0.0535652
0.0393589
0.0279756
0.0192084
0.0127265
0.00813056
0.00500663
0.00297124
0.00169965
0.000937513
0.000498937
0.00025638
0.00012731
6.11504e-05
2.84408e-05
1.28221e-05
5.60957e-06
2.38421e-06
9.85574e-07
3.96691e-07
1.55638e-07
5.95871e-08
2.22856e-08
8.15067e-09
2.9181e-09
1.15088e-09
5.30114e-10
2.78589e-10
1.596e-10
9.62474e-11
5.99991e-11
3.83736e-11
2.51149e-11
1.68127e-11
1.15184e-11
8.08497e-12
5.82318e-12
4.31126e-12
3.28738e-12
2.58679e-12
2.10484e-12
1.77455e-12
1.55309e-12
1.41363e-12
1.34038e-12
1.32592e-12
1.37016e-12
1.48058e-12
1.6743e-12
1.98234e-12
2.45769e-12
3.18995e-12
4.33205e-12
6.14945e-12
9.11242e-12
1.40717e-11
2.25996e-11
3.76641e-11
6.49883e-11
1.15856e-10
2.13095e-10
4.04435e-10
7.93872e-10
1.61619e-09
3.40328e-09
7.32708e-09
1.56868e-08
3.06688e-08
4.76011e-08
5.06854e-08
1.83069e-08
9.04309e-10
4.11061e-11
1.51757e-12
4.52694e-14
1.07802e-15
2.15794e-17
3.12211e-19
3.33566e-21
2.06456e-23
6.08135e-26
5.68581e-29
2.88916e-12
1.93066e-08
1.6639e-05
0.00152095
0.0202628
0.0773784
0.164368
0.260855
0.352577
0.433469
0.502413
0.560359
0.608795
0.649176
0.68275
0.710564
0.733486
0.752236
0.767419
0.779536
0.789006
0.796168
0.801307
0.804649
0.806376
0.806631
0.805525
0.802929
0.798867
0.793412
0.786633
0.778588
0.769339
0.758936
0.747434
0.734874
0.7213
0.706742
0.691226
0.674762
0.657355
0.638991
0.619649
0.599291
0.577867
0.555321
0.531587
0.506604
0.480315
0.452688
0.423723
0.39347
0.362044
0.329648
0.296581
0.26324
0.230121
0.197788
0.166849
0.1379
0.111474
0.0879935
0.0677219
0.0507481
0.0369835
0.0261859
0.018
0.0120056
0.00776734
0.00487404
0.00296664
0.00175194
0.0010042
0.000558977
0.000302352
0.000159032
8.14028e-05
4.05813e-05
1.97202e-05
9.34909e-06
4.32787e-06
1.95798e-06
8.66462e-07
3.84469e-07
1.75071e-07
8.27112e-08
4.084e-08
2.11287e-08
1.14345e-08
6.44785e-09
3.77236e-09
2.28205e-09
1.42428e-09
9.16122e-10
6.07167e-10
4.14788e-10
2.9232e-10
2.12755e-10
1.60119e-10
1.24782e-10
1.00837e-10
8.4618e-11
7.38344e-11
6.70705e-11
6.34953e-11
6.26977e-11
6.46125e-11
6.95149e-11
7.80782e-11
9.15209e-11
1.11876e-10
1.42466e-10
1.88712e-10
2.59543e-10
3.69828e-10
5.44646e-10
8.26829e-10
1.29038e-09
2.06452e-09
3.37657e-09
5.62524e-09
9.48835e-09
1.60164e-08
2.65151e-08
4.17069e-08
5.92606e-08
7.02219e-08
6.06023e-08
2.28904e-08
1.56716e-09
8.91814e-11
4.34319e-12
1.73337e-13
5.42056e-15
1.39926e-16
2.57374e-18
3.4719e-20
2.73992e-22
1.06163e-24
1.39057e-27
2.89198e-10
5.4001e-07
0.000187898
0.00849869
0.0653525
0.175569
0.299872
0.41166
0.503455
0.577042
0.636418
0.685008
0.725183
0.758524
0.78616
0.808966
0.827669
0.842883
0.855139
0.864887
0.872508
0.878319
0.882579
0.885501
0.887248
0.887948
0.887699
0.886433
0.884087
0.8807
0.876296
0.870889
0.864491
0.857108
0.848743
0.839405
0.829096
0.817818
0.805577
0.792368
0.778189
0.763026
0.746857
0.729653
0.71137
0.691955
0.671339
0.649446
0.626187
0.601474
0.575221
0.547354
0.517833
0.486652
0.453876
0.419642
0.384182
0.347832
0.311035
0.274324
0.238305
0.203618
0.170894
0.1407
0.113496
0.089599
0.0691539
0.0521359
0.0383661
0.0275417
0.0192789
0.0131554
0.00874961
0.0056721
0.00358444
0.00220863
0.00132738
0.00077843
0.000445659
0.00024922
0.000136213
7.28086e-05
3.80855e-05
1.96584e-05
1.01229e-05
5.22717e-06
2.72097e-06
1.43511e-06
7.70392e-07
4.22488e-07
2.37345e-07
1.36839e-07
8.10588e-08
4.9371e-08
3.09371e-08
1.99566e-08
1.32623e-08
9.08791e-09
6.42805e-09
4.69851e-09
3.55327e-09
2.78358e-09
2.26147e-09
1.90744e-09
1.67178e-09
1.52368e-09
1.4448e-09
1.42568e-09
1.46385e-09
1.5633e-09
1.73507e-09
1.99896e-09
2.38681e-09
2.94781e-09
3.75678e-09
4.9269e-09
6.62837e-09
9.11517e-09
1.276e-08
1.80918e-08
2.58111e-08
3.67092e-08
5.13379e-08
6.92168e-08
8.75181e-08
9.97364e-08
9.62154e-08
7.0245e-08
2.77646e-08
2.63214e-09
1.80589e-10
1.06366e-11
5.15601e-13
1.96218e-14
6.17426e-16
1.38673e-17
2.29432e-19
2.24947e-21
1.10918e-23
1.91909e-26
1.18005e-08
8.43649e-06
0.00131975
0.0315044
0.150333
0.304538
0.438543
0.540307
0.616312
0.675303
0.723351
0.763633
0.797624
0.826124
0.849749
0.869091
0.884744
0.897263
0.907156
0.914871
0.920794
0.925243
0.92848
0.93071
0.932094
0.932751
0.932765
0.932118
0.930707
0.928556
0.925678
0.922075
0.917742
0.912666
0.906833
0.900225
0.892822
0.88461
0.875566
0.865677
0.854917
0.843271
0.830706
0.817196
0.802697
0.787162
0.770532
0.752731
0.733676
0.713268
0.691401
0.667961
0.642839
0.615932
0.587165
0.556499
0.523947
0.489598
0.45363
0.416316
0.378038
0.339276
0.3006
0.262632
0.226021
0.191394
0.15931
0.130222
0.104444
0.0821314
0.0632812
0.0477469
0.0352643
0.0254863
0.0180206
0.0124646
0.00843404
0.00558313
0.00361644
0.00229275
0.00142311
0.000865148
0.000515346
0.000301779
0.000174893
0.000100581
5.75686e-05
3.28956e-05
1.8827e-05
1.08281e-05
6.2787e-06
3.68213e-06
2.19038e-06
1.32524e-06
8.17475e-07
5.15218e-07
3.32421e-07
2.19953e-07
1.49496e-07
1.04532e-07
7.53057e-08
5.59697e-08
4.29711e-08
3.41182e-08
2.80414e-08
2.38754e-08
2.10697e-08
1.92766e-08
1.82824e-08
1.7967e-08
1.82813e-08
1.92355e-08
2.08952e-08
2.33848e-08
2.68944e-08
3.16894e-08
3.81192e-08
4.6615e-08
5.76608e-08
7.17016e-08
8.89351e-08
1.08908e-07
1.29881e-07
1.48115e-07
1.57608e-07
1.51193e-07
1.23994e-07
7.93205e-08
3.22327e-08
4.28434e-09
3.4334e-10
2.35366e-11
1.3288e-12
5.90636e-14
2.18148e-15
5.78594e-17
1.14003e-18
1.35022e-20
8.21387e-23
1.804e-25
2.67337e-07
8.45403e-05
0.00638757
0.0851624
0.270277
0.437174
0.553466
0.632614
0.690819
0.738202
0.779348
0.81537
0.846241
0.871986
0.892934
0.909638
0.922724
0.932806
0.940449
0.946138
0.95029
0.953249
0.955293
0.956631
0.957425
0.957786
0.957787
0.957439
0.956568
0.95519
0.95331
0.95092
0.948009
0.944559
0.940547
0.935949
0.93074
0.924891
0.918377
0.911174
0.903253
0.894586
0.885145
0.874898
0.863807
0.851829
0.838913
0.824996
0.810007
0.793856
0.776445
0.75766
0.73738
0.715473
0.691808
0.666266
0.638745
0.609176
0.57754
0.54389
0.508355
0.471156
0.432622
0.393174
0.353331
0.313679
0.274846
0.237466
0.202139
0.16939
0.139635
0.113157
0.090096
0.070445
0.0540681
0.0407235
0.0300929
0.0218142
0.0155113
0.0108193
0.00740342
0.00497075
0.00327538
0.00212064
0.00135529
0.000856367
0.000535946
0.000332857
0.000205581
0.000126554
7.7837e-05
4.79511e-05
2.9665e-05
1.84787e-05
1.16206e-05
7.3969e-06
4.77785e-06
3.13928e-06
2.10296e-06
1.43936e-06
1.00857e-06
7.24801e-07
5.35082e-07
4.06376e-07
3.17881e-07
2.5636e-07
2.13294e-07
1.83156e-07
1.62326e-07
1.48436e-07
1.39944e-07
1.35871e-07
1.3563e-07
1.38907e-07
1.45577e-07
1.55628e-07
1.69065e-07
1.85788e-07
2.05408e-07
2.26969e-07
2.48605e-07
2.67161e-07
2.7801e-07
2.75452e-07
2.54156e-07
2.11807e-07
1.52336e-07
8.78333e-08
3.55957e-08
6.77406e-09
6.20981e-10
4.84615e-11
3.11325e-12
1.57742e-13
6.67214e-15
2.03987e-16
4.67551e-18
6.53374e-20
4.78332e-22
1.29753e-24
3.98206e-06
0.000597465
0.0228436
0.178858
0.402832
0.547507
0.633747
0.691773
0.73802
0.779713
0.818513
0.853165
0.882445
0.906102
0.924595
0.938674
0.949117
0.956643
0.96188
0.965367
0.96756
0.968832
0.96948
0.969734
0.969754
0.969648
0.969473
0.969253
0.96874
0.967935
0.966826
0.965391
0.963607
0.961444
0.958874
0.955861
0.952379
0.948395
0.943881
0.938809
0.93315
0.926877
0.919964
0.91238
0.904096
0.895072
0.885269
0.874638
0.863122
0.850648
0.837135
0.82249
0.806598
0.789335
0.77057
0.750159
0.727956
0.703829
0.677658
0.649355
0.618879
0.586249
0.551561
0.514995
0.476831
0.437443
0.397293
0.356927
0.316938
0.277943
0.240548
0.20531
0.172704
0.143096
0.116725
0.0936968
0.0739858
0.0574528
0.0438653
0.0329243
0.024292
0.0176184
0.0125617
0.00880603
0.00608954
0.00415818
0.00280695
0.00187557
0.00124225
0.000816845
0.000534137
0.00034797
0.000226287
0.0001472
9.5993e-05
6.28989e-05
4.15083e-05
2.76527e-05
1.86411e-05
1.27449e-05
8.85706e-06
6.26961e-06
4.52921e-06
3.3449e-06
2.52914e-06
1.96033e-06
1.55903e-06
1.27296e-06
1.06738e-06
9.18964e-07
8.11906e-07
7.35351e-07
6.81724e-07
6.45603e-07
6.22937e-07
6.10461e-07
6.05249e-07
6.04311e-07
6.04256e-07
6.01047e-07
5.89913e-07
5.6562e-07
5.23288e-07
4.59895e-07
3.76287e-07
2.7895e-07
1.80239e-07
9.57357e-08
3.80791e-08
9.39923e-09
1.08092e-09
9.46287e-11
6.81335e-12
3.87328e-13
1.84525e-14
6.39288e-16
1.67515e-17
2.71325e-19
2.34696e-21
7.72344e-24
4.37698e-05
0.00319016
0.0633745
0.305103
0.519453
0.623582
0.683633
0.728588
0.769451
0.809934
0.849048
0.883427
0.911263
0.932606
0.948358
0.95957
0.967173
0.971955
0.97459
0.975661
0.975667
0.975025
0.974067
0.97304
0.972115
0.971397
0.970933
0.970723
0.970472
0.970152
0.96973
0.969163
0.968406
0.967415
0.96614
0.964541
0.962575
0.960208
0.957407
0.954136
0.950374
0.946091
0.941263
0.935868
0.929878
0.923272
0.916014
0.90807
0.899397
0.889946
0.879651
0.868439
0.856221
0.842896
0.828343
0.812433
0.795022
0.775959
0.755093
0.732278
0.707385
0.680309
0.650997
0.619444
0.585717
0.549968
0.512434
0.473451
0.433436
0.392892
0.352378
0.312487
0.273812
0.236924
0.202325
0.170434
0.141557
0.115878
0.0934616
0.074252
0.0580957
0.0447597
0.0339552
0.0253602
0.0186828
0.0135876
0.00976293
0.00693627
0.00487754
0.00339841
0.00234891
0.00161268
0.00110141
0.000749456
0.000508951
0.000345558
0.000235022
0.000160436
0.000110152
7.62219e-05
5.3268e-05
3.76735e-05
2.70162e-05
1.96798e-05
1.45857e-05
1.10142e-05
8.4837e-06
6.67073e-06
5.35696e-06
4.39382e-06
3.67948e-06
3.14328e-06
2.7356e-06
2.42092e-06
2.17322e-06
1.97279e-06
1.80419e-06
1.65474e-06
1.51376e-06
1.37222e-06
1.22299e-06
1.06154e-06
8.86996e-07
7.03288e-07
5.19561e-07
3.49163e-07
2.06591e-07
1.02765e-07
4.02031e-08
1.11764e-08
1.82821e-09
1.77601e-10
1.41778e-11
8.94379e-13
4.74353e-14
1.83998e-15
5.44347e-17
1.0089e-18
1.01807e-20
4.01982e-23
0.000389752
0.0135459
0.140922
0.436957
0.601357
0.669177
0.713851
0.752922
0.792533
0.834174
0.874702
0.908782
0.934662
0.953206
0.965917
0.97409
0.978711
0.980573
0.980381
0.978768
0.976302
0.973466
0.970642
0.968114
0.966068
0.964608
0.963766
0.963503
0.963464
0.963603
0.963857
0.964158
0.964431
0.96461
0.964625
0.96441
0.963915
0.963086
0.961883
0.960274
0.958223
0.95571
0.952708
0.949201
0.945168
0.940594
0.935455
0.929732
0.923396
0.916411
0.908736
0.900316
0.891087
0.880972
0.869874
0.85769
0.844291
0.829544
0.813297
0.795397
0.775684
0.754005
0.730221
0.704226
0.675947
0.645366
0.612533
0.577571
0.540693
0.5022
0.462479
0.421996
0.381281
0.340903
0.301446
0.263475
0.227511
0.193998
0.163287
0.135617
0.111111
0.089783
0.0715394
0.056204
0.0435669
0.0333472
0.0252162
0.0188479
0.0139347
0.0101978
0.00739371
0.00531594
0.00379424
0.00269153
0.00190004
0.00133665
0.000938444
0.000658603
0.000462797
0.000326179
0.000230987
0.000164647
0.000118335
8.58985e-05
6.30736e-05
4.69136e-05
3.5387e-05
2.70938e-05
2.10682e-05
1.66422e-05
1.33514e-05
1.08717e-05
8.97468e-06
7.4983e-06
6.32626e-06
5.37424e-06
4.58061e-06
3.90011e-06
3.30002e-06
2.75763e-06
2.25895e-06
1.79787e-06
1.37533e-06
9.9801e-07
6.75774e-07
4.18119e-07
2.29996e-07
1.08448e-07
4.17524e-08
1.22964e-08
2.54024e-09
3.23685e-10
2.8417e-11
1.97337e-12
1.15548e-13
4.97554e-15
1.64735e-16
3.46298e-18
4.04256e-20
1.9032e-22
0.00271476
0.0476421
0.256017
0.540893
0.648239
0.695704
0.733537
0.770545
0.81083
0.854726
0.897002
0.930231
0.953474
0.968837
0.97839
0.98348
0.985007
0.983723
0.980375
0.975696
0.970363
0.964963
0.959955
0.955671
0.952317
0.949993
0.948711
0.948343
0.948512
0.949138
0.950124
0.951366
0.952755
0.954189
0.955571
0.956815
0.957842
0.958587
0.958997
0.959027
0.958642
0.957813
0.956517
0.95474
0.952471
0.949697
0.946406
0.942586
0.938223
0.9333
0.927785
0.921651
0.914853
0.907334
0.89903
0.889858
0.879717
0.868498
0.856071
0.842291
0.82701
0.810062
0.791285
0.770522
0.747628
0.722488
0.695022
0.665203
0.633064
0.598717
0.562353
0.524256
0.48479
0.444401
0.403597
0.362931
0.322977
0.284295
0.247414
0.212791
0.180804
0.151724
0.125715
0.102832
0.0830479
0.0662587
0.0522376
0.0407099
0.0313747
0.0239247
0.0180617
0.0135088
0.0100173
0.00737139
0.00538791
0.00391584
0.00283308
0.00204296
0.00147027
0.00105746
0.000761176
0.000549149
0.000397659
0.000289445
0.000212051
0.000156555
0.000116602
8.76864e-05
6.66187e-05
5.11461e-05
3.96766e-05
3.1084e-05
2.4569e-05
1.95632e-05
1.56602e-05
1.2569e-05
1.00812e-05
8.04738e-06
6.3622e-06
4.95254e-06
3.76963e-06
2.78237e-06
1.97183e-06
1.32571e-06
8.33245e-07
4.80735e-07
2.48807e-07
1.12202e-07
4.25088e-08
1.2935e-08
2.99626e-09
4.97414e-10
5.54172e-11
4.21137e-12
2.70582e-13
1.28569e-14
4.73508e-16
1.12237e-17
1.50789e-19
8.43854e-22
0.0108942
0.114381
0.389761
0.602811
0.672982
0.712814
0.747526
0.783983
0.82581
0.872531
0.916577
0.9482
0.968211
0.980259
0.986733
0.98875
0.986992
0.982183
0.975177
0.966888
0.95817
0.949749
0.942186
0.935869
0.931021
0.927734
0.925988
0.925504
0.925924
0.927123
0.92896
0.931283
0.933941
0.936789
0.939696
0.942542
0.945224
0.947657
0.949772
0.951507
0.952825
0.953693
0.954084
0.953987
0.953393
0.952296
0.950693
0.948581
0.945959
0.942818
0.939149
0.934935
0.930154
0.924767
0.918733
0.911993
0.904477
0.8961
0.886754
0.876327
0.864683
0.851672
0.837137
0.820912
0.802825
0.782716
0.760437
0.735862
0.708914
0.679552
0.647812
0.613794
0.577686
0.539761
0.500377
0.459974
0.419049
0.378152
0.337849
0.2987
0.261234
0.225917
0.193132
0.16317
0.136216
0.1124
0.0916857
0.0739448
0.0589788
0.0465377
0.0363421
0.0281008
0.0215263
0.0163471
0.0123151
0.00921106
0.00684584
0.00506057
0.00372449
0.00273209
0.00199971
0.00146212
0.00106917
0.000782807
0.000574492
0.000423035
0.000312834
0.000232494
0.000173734
0.000130567
9.86774e-05
7.4961e-05
5.71877e-05
4.37555e-05
3.35127e-05
2.56312e-05
1.95154e-05
1.47364e-05
1.0986e-05
8.04189e-06
5.74311e-06
3.97086e-06
2.63404e-06
1.65822e-06
9.77825e-07
5.31591e-07
2.6132e-07
1.13451e-07
4.2288e-08
1.30937e-08
3.2449e-09
6.18572e-10
8.71859e-11
8.77776e-12
6.161e-13
3.21697e-14
1.31256e-15
3.49521e-17
5.38865e-19
3.58115e-21
0.0309549
0.203714
0.493882
0.641183
0.689944
0.724927
0.757698
0.794273
0.838105
0.887991
0.933741
0.962939
0.979338
0.988214
0.991814
0.990698
0.985272
0.976321
0.964945
0.95234
0.939611
0.927663
0.917165
0.908555
0.902063
0.897758
0.895573
0.895009
0.895774
0.897693
0.900562
0.904174
0.908322
0.912808
0.917458
0.922115
0.926645
0.930937
0.934901
0.938467
0.941583
0.944214
0.946337
0.947932
0.948999
0.949535
0.949546
0.949036
0.948013
0.946482
0.944445
0.9419
0.938839
0.935246
0.931096
0.926353
0.92097
0.914884
0.908021
0.900286
0.891572
0.881755
0.870692
0.858229
0.844202
0.828434
0.810751
0.790985
0.768984
0.744624
0.717817
0.688534
0.656804
0.622739
0.586532
0.548463
0.5089
0.468285
0.427128
0.385979
0.345409
0.305976
0.268206
0.232564
0.199414
0.169111
0.141832
0.117648
0.096526
0.0783485
0.0629289
0.0500307
0.039387
0.030718
0.0237454
0.0182039
0.0138492
0.0104632
0.00785632
0.00586728
0.00436203
0.00323116
0.00238688
0.00175989
0.00129627
0.000954549
0.000703215
0.000518566
0.000382915
0.000283165
0.00020968
0.000155401
0.000115177
8.52602e-05
6.29273e-05
4.62026e-05
3.36504e-05
2.42269e-05
1.71695e-05
1.19176e-05
8.05405e-06
5.26235e-06
3.29675e-06
1.961e-06
1.09471e-06
5.65626e-07
2.66081e-07
1.11763e-07
4.09798e-08
1.27852e-08
3.30004e-09
6.84125e-10
1.10534e-10
1.35179e-11
1.21784e-12
7.87776e-14
3.55174e-15
1.06032e-16
1.87351e-18
1.47916e-20
0.0694724
0.298159
0.563752
0.664389
0.704248
0.734236
0.764888
0.801938
0.848003
0.901281
0.948662
0.974672
0.987358
0.993442
0.99438
0.989876
0.980116
0.966143
0.949489
0.931752
0.914347
0.898373
0.884599
0.873498
0.865284
0.85998
0.85745
0.856893
0.858161
0.861004
0.86515
0.870315
0.876224
0.882622
0.889278
0.895991
0.902595
0.908948
0.914942
0.920492
0.925538
0.930037
0.933963
0.937304
0.940058
0.942228
0.943829
0.944871
0.94537
0.945343
0.944804
0.943764
0.942223
0.940186
0.937643
0.934576
0.930958
0.926748
0.921897
0.91633
0.909972
0.902717
0.894451
0.885041
0.874333
0.862167
0.848363
0.832742
0.81512
0.795324
0.773196
0.748615
0.721499
0.691824
0.659641
0.625075
0.588345
0.549757
0.509703
0.468651
0.427128
0.385699
0.344941
0.305413
0.267603
0.232026
0.199051
0.168943
0.141861
0.117857
0.096886
0.0788243
0.0634819
0.0506242
0.0399888
0.0313014
0.0242904
0.0186971
0.014283
0.0108351
0.00816741
0.00612148
0.00456492
0.00338919
0.00250675
0.00184809
0.00135875
0.000996585
0.000729355
0.000532623
0.000388024
0.000281861
0.000203981
0.000146891
0.000105086
7.45274e-05
5.22597e-05
3.61155e-05
2.45021e-05
1.62438e-05
1.04657e-05
6.51111e-06
3.88215e-06
2.19877e-06
1.17078e-06
5.79004e-07
2.62204e-07
1.06962e-07
3.8578e-08
1.20486e-08
3.18551e-09
6.96013e-10
1.22553e-10
1.69406e-11
1.78796e-12
1.39601e-13
7.74039e-15
2.86053e-16
6.25658e-18
6.02433e-20
0.126246
0.411599
0.608188
0.680284
0.714608
0.741976
0.770009
0.807278
0.855636
0.912456
0.96148
0.983658
0.992815
0.996649
0.995019
0.986576
0.9715
0.951383
0.928408
0.904692
0.881984
0.861567
0.844284
0.830605
0.820695
0.814501
0.811801
0.811412
0.813401
0.817432
0.823143
0.830163
0.838138
0.846741
0.855682
0.864713
0.873623
0.882247
0.890456
0.898148
0.905256
0.911733
0.917552
0.922703
0.927187
0.931015
0.934206
0.93678
0.938763
0.940178
0.94105
0.941401
0.941247
0.9406
0.939467
0.937844
0.935725
0.933083
0.929887
0.926091
0.921633
0.916441
0.910419
0.903459
0.895429
0.886186
0.875565
0.86339
0.849472
0.833617
0.815635
0.795345
0.772594
0.747267
0.719296
0.68868
0.655505
0.619929
0.582219
0.542722
0.501877
0.460188
0.418216
0.376543
0.33572
0.296345
0.25893
0.223902
0.191593
0.162227
0.135922
0.112695
0.0924738
0.075111
0.0604018
0.0481031
0.0379495
0.0296689
0.0229946
0.0176749
0.01348
0.0102051
0.00767256
0.00573125
0.00425524
0.0031414
0.00230658
0.00168479
0.00122426
0.000884916
0.000636051
0.000454356
0.000322287
0.000226734
0.000157955
0.000108751
7.38131e-05
4.92416e-05
3.21707e-05
2.04957e-05
1.26694e-05
7.554e-06
4.31467e-06
2.34206e-06
1.19701e-06
5.69879e-07
2.49623e-07
9.91918e-08
3.51932e-08
1.09543e-08
2.93437e-09
6.62586e-10
1.23333e-10
1.84688e-11
2.16434e-12
1.91952e-13
1.23174e-14
5.33981e-16
1.38217e-17
1.58558e-19
0.182234
0.477853
0.636811
0.691517
0.72145
0.746807
0.774625
0.810467
0.861045
0.921499
0.972304
0.990205
0.996279
0.998459
0.994131
0.980842
0.959156
0.931603
0.901231
0.870754
0.842245
0.817124
0.796252
0.780046
0.768589
0.76172
0.759101
0.759121
0.76212
0.767658
0.775264
0.784466
0.794818
0.805918
0.817412
0.828998
0.840431
0.851515
0.862097
0.872066
0.881349
0.889896
0.89768
0.904694
0.910946
0.916453
0.92124
0.925334
0.928773
0.931588
0.933812
0.935478
0.936612
0.937238
0.937374
0.93703
0.93621
0.934907
0.933105
0.930776
0.927878
0.924358
0.920144
0.915149
0.909267
0.902372
0.894322
0.884951
0.874081
0.861513
0.847048
0.83048
0.811607
0.790253
0.766271
0.739566
0.710102
0.677927
0.64317
0.606063
0.566932
0.526194
0.484343
0.441939
0.399561
0.357795
0.317255
0.278484
0.241951
0.208033
0.177001
0.149018
0.124146
0.102348
0.0835074
0.0674421
0.0539231
0.0426924
0.0334785
0.0260095
0.0200252
0.0152835
0.0115663
0.00868177
0.00646504
0.0047771
0.003503
0.00254925
0.00184094
0.00131892
0.000937063
0.000659796
0.000459996
0.000317164
0.000215943
0.000144908
9.56145e-05
6.18604e-05
3.9111e-05
2.40691e-05
1.4351e-05
8.24545e-06
4.53666e-06
2.37299e-06
1.17022e-06
5.38873e-07
2.29194e-07
8.89285e-08
3.10436e-08
9.60079e-09
2.58639e-09
5.95747e-10
1.14944e-10
1.815e-11
2.28221e-12
2.20823e-13
1.56913e-14
7.6269e-16
2.23537e-17
2.92725e-19
0.236146
0.52814
0.658151
0.699
0.725122
0.748901
0.776982
0.813102
0.864241
0.928363
0.981246
0.994681
0.998291
0.99938
0.991927
0.972517
0.942674
0.906318
0.867559
0.829716
0.795119
0.765238
0.74088
0.722359
0.709636
0.702411
0.699454
0.700244
0.704686
0.712189
0.722143
0.733951
0.747064
0.760994
0.775322
0.789699
0.803846
0.817541
0.830622
0.842967
0.854499
0.865169
0.874957
0.88386
0.891891
0.899076
0.905449
0.911048
0.915912
0.920085
0.923612
0.926528
0.928873
0.93068
0.931975
0.932782
0.933114
0.932978
0.932371
0.93128
0.92968
0.927535
0.924793
0.921384
0.917226
0.912215
0.906223
0.899109
0.890705
0.880824
0.869263
0.855807
0.840235
0.822332
0.801898
0.778768
0.752821
0.724002
0.692338
0.657945
0.621037
0.581937
0.541059
0.498904
0.456037
0.413019
0.370507
0.329112
0.289402
0.251871
0.216923
0.184855
0.155857
0.13001
0.107297
0.087615
0.0707913
0.056603
0.0447931
0.0350878
0.0272108
0.0208945
0.0158888
0.0119667
0.00892733
0.00659709
0.00482899
0.00350097
0.00251334
0.00178606
0.00125573
0.000872868
0.000599297
0.000405937
0.000270862
0.000177709
0.000114386
7.20426e-05
4.42575e-05
2.64218e-05
1.52633e-05
8.48947e-06
4.5202e-06
2.28878e-06
1.09377e-06
4.89066e-07
2.02611e-07
7.69136e-08
2.64238e-08
8.10277e-09
2.18393e-09
5.08588e-10
1.00368e-10
1.64119e-11
2.16411e-12
2.2229e-13
1.69584e-14
8.93796e-16
2.86444e-17
4.13046e-19
0.28446
0.563169
0.669194
0.703158
0.725841
0.748249
0.776805
0.815048
0.865609
0.93299
0.988405
0.997487
0.999334
0.999791
0.988449
0.961301
0.921594
0.875123
0.827192
0.781648
0.740945
0.706482
0.678934
0.658463
0.644872
0.637706
0.634682
0.636642
0.642913
0.652751
0.665398
0.680126
0.696275
0.71327
0.730624
0.747943
0.764917
0.781304
0.796933
0.811685
0.825478
0.838271
0.85005
0.86082
0.870603
0.879434
0.887354
0.89441
0.900653
0.906133
0.910899
0.915002
0.918487
0.921393
0.923757
0.925612
0.926975
0.927871
0.928304
0.928274
0.927773
0.926772
0.92524
0.923125
0.920359
0.916858
0.912516
0.907205
0.900776
0.893054
0.883845
0.87293
0.860083
0.845064
0.827646
0.807608
0.78477
0.759002
0.730242
0.698512
0.66393
0.626726
0.587231
0.545879
0.503195
0.459722
0.416109
0.373007
0.331047
0.290809
0.252799
0.217427
0.184996
0.155696
0.129608
0.10671
0.0868946
0.069985
0.0557507
0.0439287
0.0342387
0.0263982
0.020134
0.0151911
0.0113381
0.00837035
0.00611144
0.00441204
0.00314841
0.00221976
0.00154533
0.00106146
0.000718673
0.000479046
0.000313904
0.000201843
0.000127086
7.81547e-05
4.68052e-05
2.72027e-05
1.52816e-05
8.25946e-06
4.27222e-06
2.10198e-06
9.76917e-07
4.25514e-07
1.72152e-07
6.40428e-08
2.16606e-08
6.57654e-09
1.76706e-09
4.13439e-10
8.2681e-11
1.38258e-11
1.88172e-12
2.0131e-13
1.61316e-14
8.99861e-16
3.07221e-17
4.74505e-19
0.325952
0.587463
0.675067
0.704219
0.723667
0.74475
0.773834
0.814333
0.86686
0.935307
0.99385
0.999043
0.999798
0.999946
0.983624
0.946822
0.895491
0.837787
0.780226
0.727002
0.680478
0.641839
0.611556
0.589616
0.575653
0.569021
0.566834
0.570423
0.57894
0.591464
0.607085
0.624948
0.644285
0.664441
0.684872
0.70515
0.724934
0.743979
0.762102
0.77919
0.79517
0.810006
0.823693
0.836247
0.8477
0.858097
0.867485
0.875922
0.883466
0.890177
0.89611
0.901321
0.905863
0.909785
0.913129
0.915931
0.91823
0.920041
0.921389
0.922278
0.922713
0.922676
0.922149
0.921095
0.919461
0.917176
0.914153
0.910278
0.905419
0.899414
0.892076
0.883192
0.872536
0.859852
0.844892
0.827406
0.807167
0.783986
0.757736
0.728363
0.695912
0.660526
0.622469
0.582116
0.539939
0.496465
0.452321
0.408176
0.364699
0.322532
0.282256
0.244369
0.209264
0.177224
0.148413
0.122885
0.100594
0.0814061
0.0651236
0.0514985
0.0402539
0.0310997
0.0237469
0.0179194
0.0133612
0.00984231
0.00716097
0.00514438
0.00364753
0.00255117
0.001759
0.0011946
0.000798295
0.000524278
0.000337893
0.000213331
0.000131671
7.92578e-05
4.6396e-05
2.63264e-05
1.44258e-05
7.6006e-06
3.83147e-06
1.83754e-06
8.33049e-07
3.54405e-07
1.40325e-07
5.12307e-08
1.70654e-08
5.12548e-09
1.3694e-09
3.20474e-10
6.45183e-11
1.09348e-11
1.51883e-12
1.66948e-13
1.38325e-14
8.02382e-16
2.86259e-17
4.63847e-19
0.360499
0.604035
0.677296
0.701968
0.718585
0.738237
0.767851
0.810877
0.867464
0.93576
0.997616
0.999752
0.999959
0.99999
0.9773
0.928702
0.864055
0.794338
0.727138
0.666656
0.614886
0.572649
0.540181
0.517323
0.503555
0.497355
0.49667
0.502633
0.514108
0.529925
0.548974
0.570264
0.59294
0.616295
0.639759
0.662886
0.685338
0.70687
0.727312
0.746557
0.764543
0.781249
0.79668
0.810862
0.823837
0.835661
0.84639
0.856087
0.864818
0.87265
0.879648
0.885872
0.891376
0.896221
0.90045
0.904108
0.907235
0.909861
0.912008
0.913696
0.91493
0.915711
0.916024
0.915845
0.91513
0.913828
0.911856
0.909121
0.905499
0.900838
0.894961
0.887663
0.878711
0.867847
0.854804
0.839311
0.821107
0.799963
0.775701
0.748214
0.717485
0.683601
0.646768
0.607314
0.565676
0.522367
0.477991
0.433228
0.388771
0.345305
0.303464
0.263809
0.226804
0.192795
0.162015
0.134573
0.110471
0.0896138
0.0718268
0.056877
0.0444913
0.0343755
0.0262296
0.019762
0.0146985
0.0107896
0.00781423
0.00558141
0.00392976
0.00272579
0.00186127
0.00125009
0.000824958
0.000534252
0.000339039
0.000210473
0.000127561
7.53016e-05
4.31803e-05
2.39783e-05
1.28486e-05
6.61652e-06
3.25929e-06
1.5277e-06
6.77272e-07
2.82058e-07
1.09499e-07
3.92812e-08
1.28932e-08
3.82857e-09
1.01536e-09
2.36923e-10
4.77893e-11
8.15653e-12
1.14682e-12
1.28245e-13
1.08613e-14
6.46716e-16
2.37677e-17
3.97834e-19
0.388375
0.614607
0.676029
0.695981
0.710507
0.728493
0.758555
0.804312
0.865353
0.936175
0.999675
0.999977
0.999999
1
0.969296
0.906598
0.827153
0.745129
0.668814
0.601917
0.545706
0.500517
0.466396
0.443171
0.430219
0.423027
0.424888
0.434367
0.449865
0.46984
0.492934
0.518013
0.544172
0.570698
0.597041
0.622788
0.647628
0.671349
0.693802
0.714904
0.73461
0.752916
0.769837
0.785412
0.799692
0.812743
0.824629
0.835419
0.845185
0.853997
0.861925
0.869034
0.875386
0.881039
0.886046
0.890455
0.894307
0.897639
0.90048
0.902853
0.90477
0.906237
0.907249
0.907789
0.907823
0.907305
0.906169
0.904327
0.901661
0.898029
0.893261
0.887148
0.879458
0.869927
0.858272
0.844207
0.827445
0.807728
0.784842
0.758646
0.729082
0.696202
0.660182
0.62132
0.580034
0.536837
0.492324
0.447181
0.402125
0.35787
0.315086
0.274375
0.236242
0.201078
0.169152
0.140608
0.115476
0.09368
0.0750602
0.0593894
0.046395
0.0357781
0.0272305
0.0204496
0.015149
0.0110665
0.00796891
0.00565387
0.00395014
0.00271594
0.00183624
0.00121969
0.000795094
0.000508033
0.000317717
0.000194147
0.000115695
6.70838e-05
3.77497e-05
2.0555e-05
1.07934e-05
5.4445e-06
2.62668e-06
1.20596e-06
5.23932e-07
2.1401e-07
8.15904e-08
2.87929e-08
9.31698e-09
2.7347e-09
7.19069e-10
1.66922e-10
3.36199e-11
5.75174e-12
8.13758e-13
9.19133e-14
7.88995e-15
4.77631e-16
1.78914e-17
3.05791e-19
0.409988
0.620499
0.672066
0.687512
0.699311
0.715257
0.74561
0.794322
0.860479
0.936558
0.999999
0.999999
0.999998
0.999999
0.959439
0.880237
0.784857
0.690877
0.606588
0.534508
0.474778
0.427165
0.391712
0.368586
0.357087
0.351932
0.357032
0.370559
0.390485
0.414886
0.442134
0.470956
0.500407
0.529797
0.558638
0.586568
0.613345
0.638796
0.662817
0.685351
0.706379
0.725913
0.743983
0.76064
0.775942
0.78996
0.802764
0.814428
0.82503
0.834643
0.843334
0.851176
0.858233
0.864563
0.870221
0.875261
0.879726
0.883653
0.887079
0.890024
0.89251
0.894543
0.896128
0.89725
0.897881
0.897985
0.897493
0.896326
0.894371
0.891486
0.887498
0.882197
0.875346
0.866667
0.855868
0.842641
0.826683
0.807722
0.785518
0.759916
0.730842
0.698342
0.662579
0.623855
0.582593
0.539324
0.494647
0.449267
0.40392
0.359337
0.31621
0.275158
0.236701
0.201244
0.169062
0.140308
0.115011
0.093098
0.0744037
0.0586972
0.0457004
0.0351075
0.0266042
0.0198813
0.0146467
0.0106335
0.00760429
0.00535384
0.00370886
0.00252627
0.00169058
0.00111045
0.000715157
0.00045102
0.000278134
0.000167438
9.82128e-05
5.60071e-05
3.09739e-05
1.65648e-05
8.53894e-06
4.22714e-06
2.00119e-06
9.01705e-07
3.84611e-07
1.54346e-07
5.78699e-08
2.01112e-08
6.4195e-09
1.86249e-09
4.85204e-10
1.11885e-10
2.24475e-11
3.83655e-12
5.43834e-13
6.17144e-14
5.33613e-15
3.26092e-16
1.23518e-17
2.13707e-19
0.425734
0.622614
0.665694
0.676327
0.684799
0.698254
0.728626
0.780498
0.852509
0.935362
1
1
0.999998
0.999997
0.947589
0.84941
0.737471
0.632698
0.542244
0.466531
0.404138
0.354272
0.317286
0.294532
0.281294
0.280516
0.292081
0.312486
0.338663
0.368315
0.399822
0.432062
0.464251
0.495852
0.526496
0.555926
0.583972
0.610528
0.635528
0.65895
0.680799
0.701099
0.719898
0.73725
0.753226
0.767893
0.781326
0.793606
0.804804
0.814997
0.824256
0.832649
0.840243
0.847096
0.853266
0.858799
0.863748
0.86815
0.87204
0.875442
0.87838
0.880865
0.882899
0.884473
0.885563
0.886127
0.886102
0.885405
0.883922
0.881503
0.877969
0.873097
0.866633
0.85829
0.84776
0.83472
0.818857
0.799888
0.777578
0.751774
0.722417
0.689572
0.653433
0.614326
0.572713
0.52916
0.484289
0.438828
0.39353
0.349133
0.306328
0.265723
0.227825
0.193013
0.161543
0.133537
0.109003
0.087843
0.069873
0.0548469
0.0424744
0.0324434
0.0244354
0.0181414
0.0132714
0.00956269
0.00678343
0.00473465
0.00324954
0.00219146
0.00145098
0.000942295
0.000599564
0.000373301
0.000227107
0.000134784
7.78868e-05
4.37303e-05
2.37978e-05
1.25178e-05
6.34445e-06
3.08739e-06
1.43669e-06
6.3639e-07
2.66938e-07
1.05404e-07
3.89172e-08
1.33326e-08
4.20091e-09
1.20498e-09
3.10912e-10
7.1149e-11
1.41959e-11
2.4181e-12
3.42351e-13
3.88821e-14
3.37088e-15
2.06857e-16
7.87666e-18
1.37068e-19
0.435888
0.621564
0.656946
0.661646
0.665243
0.677209
0.707178
0.762356
0.841032
0.932287
0.999997
0.999997
0.999998
0.999996
0.933622
0.813949
0.685539
0.572149
0.478031
0.400449
0.336019
0.283473
0.243611
0.220717
0.20755
0.215484
0.237726
0.267497
0.300645
0.335141
0.369961
0.404476
0.438242
0.470944
0.502364
0.53235
0.560807
0.587682
0.612949
0.636608
0.658686
0.679224
0.698265
0.715873
0.732117
0.747072
0.760808
0.773398
0.784919
0.795444
0.805041
0.813777
0.821716
0.828916
0.835431
0.841312
0.846604
0.851344
0.855571
0.859309
0.862578
0.865389
0.867748
0.869639
0.871033
0.871893
0.872143
0.871689
0.870407
0.86813
0.864661
0.859759
0.853147
0.844521
0.833556
0.819926
0.803313
0.783451
0.760132
0.733235
0.702757
0.668813
0.631665
0.591702
0.54944
0.505502
0.460546
0.415322
0.370585
0.327058
0.285403
0.246184
0.209851
0.176729
0.147009
0.12076
0.0979378
0.0784021
0.061938
0.0482762
0.0371146
0.0281363
0.0210264
0.0154842
0.0112321
0.0080222
0.00563846
0.00389773
0.00264827
0.0017672
0.00115719
0.000742849
0.00046697
0.000287092
0.000172374
0.000100911
5.74923e-05
3.18114e-05
1.70538e-05
8.83408e-06
4.40833e-06
2.11185e-06
9.67448e-07
4.2193e-07
1.74305e-07
6.78184e-08
2.4689e-08
8.34684e-09
2.59801e-09
7.37046e-10
1.88349e-10
4.27515e-11
8.47391e-12
1.43624e-12
2.02646e-13
2.29701e-14
1.99002e-15
1.22157e-16
4.6557e-18
8.10986e-20
0.440535
0.617917
0.646364
0.644049
0.641035
0.651903
0.680833
0.73932
0.825491
0.927252
1
1
0.999998
1
0.917413
0.773678
0.629873
0.511294
0.4167
0.339181
0.273212
0.217202
0.170877
0.134986
0.138351
0.173145
0.211889
0.247039
0.282826
0.319105
0.355658
0.390475
0.424142
0.456498
0.487432
0.516867
0.544754
0.57107
0.595817
0.619008
0.640679
0.660866
0.679627
0.697012
0.713094
0.727936
0.741611
0.754187
0.765731
0.776315
0.785997
0.794846
0.802919
0.81027
0.816952
0.82301
0.828487
0.833423
0.837844
0.84178
0.845244
0.848244
0.850775
0.85282
0.854342
0.855278
0.855548
0.855032
0.853578
0.850998
0.847062
0.8415
0.834015
0.824285
0.811981
0.79678
0.778403
0.756621
0.73129
0.702372
0.669954
0.63425
0.59562
0.554539
0.511601
0.467484
0.42288
0.378539
0.335192
0.29351
0.254081
0.217383
0.183769
0.153466
0.126575
0.103083
0.0828762
0.0657631
0.0514923
0.0397742
0.0302998
0.0227578
0.0168473
0.0122878
0.00882644
0.00624106
0.00434173
0.00296986
0.00199611
0.00131726
0.000852744
0.000540996
0.000335981
0.000203999
0.000120924
6.98657e-05
3.92729e-05
2.14338e-05
1.1331e-05
5.78709e-06
2.84692e-06
1.34447e-06
6.07195e-07
2.61111e-07
1.06391e-07
4.08435e-08
1.46791e-08
4.90263e-09
1.50872e-09
4.23572e-10
1.07226e-10
2.41364e-11
4.7499e-12
8.00214e-13
1.12349e-13
1.26848e-14
1.09555e-15
6.70818e-17
2.5509e-18
4.43249e-20
0.439456
0.612293
0.635288
0.625901
0.615683
0.622192
0.649256
0.710766
0.805104
0.920036
0.999998
1
1
0.999998
0.898789
0.728324
0.571612
0.45283
0.361637
0.286553
0.220665
0.163224
0.108373
0.126197
0.149278
0.182145
0.217329
0.25122
0.285611
0.320247
0.354696
0.387658
0.419531
0.450211
0.480177
0.509819
0.536188
0.561073
0.584512
0.606525
0.627141
0.6464
0.664343
0.68102
0.696492
0.710819
0.724057
0.736269
0.747524
0.757873
0.767377
0.776092
0.784071
0.791363
0.798014
0.804066
0.809556
0.814514
0.818969
0.822934
0.826417
0.829417
0.831916
0.833872
0.835232
0.835907
0.835779
0.834699
0.832476
0.828884
0.823656
0.816503
0.807106
0.795147
0.780322
0.762357
0.741038
0.716235
0.687921
0.656186
0.621249
0.583464
0.543299
0.501333
0.45822
0.414666
0.371379
0.32906
0.288361
0.24985
0.21399
0.181123
0.15147
0.125128
0.102087
0.0822401
0.0654036
0.0513369
0.0397616
0.0303805
0.0228929
0.0170079
0.0124535
0.00898375
0.00638209
0.00446268
0.00306986
0.00207616
0.0013795
0.000899833
0.000575696
0.000360896
0.000221432
0.000132806
7.77484e-05
4.43573e-05
2.46178e-05
1.32635e-05
6.92141e-06
3.4892e-06
1.69427e-06
7.89809e-07
3.5214e-07
1.49525e-07
6.01747e-08
2.28253e-08
8.10906e-09
2.67864e-09
8.15786e-10
2.26818e-10
5.69059e-11
1.2705e-11
2.48181e-12
4.15341e-13
5.79683e-14
6.51023e-15
5.59559e-16
3.41072e-17
1.2911e-18
2.23228e-20
0.431875
0.605096
0.625311
0.609159
0.58883
0.587733
0.61243
0.676101
0.778781
0.91025
0.999997
1
1
0.999999
0.877459
0.677415
0.512402
0.400351
0.317187
0.248716
0.19075
0.165541
0.162942
0.171142
0.190026
0.21622
0.245271
0.275098
0.305716
0.336603
0.367208
0.396849
0.425677
0.453657
0.481068
0.507948
0.532168
0.556912
0.57896
0.599183
0.618156
0.635932
0.652551
0.668054
0.682484
0.695891
0.708324
0.719834
0.730472
0.74029
0.749341
0.757663
0.765306
0.772309
0.778709
0.784538
0.789825
0.794588
0.798842
0.802586
0.805809
0.808486
0.810564
0.811981
0.812632
0.812394
0.811102
0.808559
0.804533
0.798764
0.790967
0.780845
0.768108
0.752482
0.733744
0.711726
0.686353
0.657648
0.625754
0.590927
0.553549
0.514102
0.473164
0.431371
0.389394
0.34791
0.30757
0.268962
0.232593
0.198865
0.168066
0.14037
0.11584
0.0944378
0.0760426
0.0604653
0.0474683
0.0367839
0.0281297
0.0212234
0.0157938
0.0115889
0.00838155
0.00597267
0.00419162
0.00289565
0.00196797
0.00131501
0.000863305
0.000556396
0.00035172
0.000217854
0.000132069
7.82618e-05
4.52683e-05
2.55174e-05
1.39925e-05
7.44887e-06
3.84087e-06
1.91337e-06
9.18202e-07
4.23083e-07
1.86486e-07
7.83029e-08
3.11698e-08
1.16988e-08
4.11402e-09
1.34576e-09
4.06066e-10
1.11912e-10
2.78456e-11
6.16861e-12
1.1962e-12
1.98811e-13
2.75666e-14
3.07655e-15
2.62821e-16
1.59228e-17
5.98971e-19
1.02858e-20
0.420537
0.592829
0.616423
0.599011
0.563268
0.541848
0.571322
0.635062
0.744984
0.897267
0.999997
0.999998
1
0.999998
0.852846
0.62016
0.454808
0.358764
0.289495
0.245656
0.221746
0.214538
0.218407
0.227092
0.243331
0.264409
0.288051
0.313023
0.338819
0.364913
0.390862
0.41633
0.441319
0.465788
0.489781
0.513071
0.534696
0.55646
0.576085
0.596637
0.613481
0.629297
0.644144
0.658044
0.67103
0.683138
0.694404
0.704872
0.714575
0.723552
0.731844
0.739478
0.746493
0.752911
0.758754
0.764039
0.768772
0.772951
0.77656
0.779572
0.781938
0.783591
0.784435
0.784354
0.783198
0.780789
0.776924
0.771368
0.763875
0.754186
0.742048
0.727226
0.709517
0.688785
0.664953
0.638041
0.608163
0.575542
0.540504
0.503469
0.464944
0.425496
0.385729
0.346258
0.307679
0.270543
0.23536
0.202527
0.172345
0.14501
0.120615
0.0991602
0.0805618
0.0646701
0.0512843
0.0401691
0.0310701
0.023727
0.0178851
0.0133039
0.00976292
0.00706572
0.00504144
0.00354487
0.00245527
0.00167429
0.00112344
0.000741273
0.000480627
0.000305977
0.000191086
0.000116948
7.00627e-05
4.10354e-05
2.34633e-05
1.30763e-05
7.09035e-06
3.73301e-06
1.90404e-06
9.38444e-07
4.4566e-07
2.0326e-07
8.87051e-08
3.68874e-08
1.45468e-08
5.41062e-09
1.88624e-09
6.11895e-10
1.83161e-10
5.00933e-11
1.23724e-11
2.72131e-12
5.24033e-13
8.6496e-14
1.19106e-14
1.32e-15
1.11958e-16
6.73274e-18
2.51294e-19
4.27909e-21
0.408643
0.571682
0.603337
0.592084
0.559786
0.513023
0.530104
0.588492
0.701546
0.880105
1
0.999999
1
0.999997
0.823915
0.555324
0.403286
0.33487
0.301973
0.281376
0.273727
0.275971
0.279678
0.289456
0.303692
0.320877
0.33988
0.359987
0.380755
0.401815
0.422893
0.44381
0.464494
0.484865
0.504837
0.524196
0.542661
0.560916
0.5779
0.595457
0.611589
0.625762
0.638495
0.650411
0.661565
0.671985
0.681699
0.690727
0.699087
0.706809
0.713902
0.720383
0.726259
0.731535
0.736197
0.740238
0.743621
0.746311
0.748243
0.749344
0.749516
0.74864
0.746576
0.743163
0.738219
0.73155
0.722951
0.712219
0.699158
0.683603
0.665417
0.644522
0.620896
0.5946
0.565772
0.534637
0.501505
0.466759
0.430854
0.394282
0.357572
0.321248
0.285823
0.251766
0.21949
0.189336
0.161597
0.13644
0.113944
0.0941055
0.0768505
0.0620473
0.0495198
0.0390614
0.0304479
0.0234494
0.0178398
0.0134042
0.00994451
0.00728295
0.00526366
0.00375306
0.00263904
0.00182934
0.00124948
0.000840496
0.000556499
0.00036244
0.000232028
0.00014589
9.00128e-05
5.44419e-05
3.22421e-05
1.86733e-05
1.05611e-05
5.82363e-06
3.12536e-06
1.62911e-06
8.22936e-07
4.01827e-07
1.89113e-07
8.55071e-08
3.70067e-08
1.52666e-08
5.97466e-09
2.20607e-09
7.63715e-10
2.4609e-10
7.31868e-11
1.98902e-11
4.8821e-12
1.06711e-12
2.04175e-13
3.34752e-14
4.57674e-15
5.03332e-16
4.23389e-17
2.52355e-18
9.32867e-20
1.5711e-21
0.395353
0.540634
0.581862
0.581973
0.561462
0.53144
0.506596
0.540623
0.645318
0.857223
1
1
1
1
0.788794
0.481231
0.366141
0.34886
0.337814
0.333811
0.336003
0.338011
0.344621
0.354546
0.366784
0.380588
0.395431
0.410959
0.426921
0.44312
0.459408
0.475673
0.491832
0.507799
0.523478
0.538755
0.55357
0.568087
0.581989
0.596022
0.609065
0.622211
0.632807
0.642255
0.651013
0.659127
0.666609
0.673454
0.679666
0.685229
0.690137
0.694367
0.697888
0.70067
0.702659
0.703797
0.704016
0.703227
0.701332
0.698221
0.693769
0.687841
0.680296
0.670997
0.659804
0.64659
0.631251
0.61371
0.593931
0.571923
0.547748
0.52153
0.493453
0.463767
0.432771
0.400822
0.368309
0.335647
0.303257
0.271554
0.240928
0.211726
0.184248
0.15873
0.135344
0.114193
0.0953497
0.0787847
0.0644095
0.0520938
0.0416771
0.032978
0.0258052
0.0199657
0.0152716
0.0115461
0.008627
0.00636886
0.00464456
0.003345
0.00237845
0.00166916
0.00115571
0.000789186
0.000531234
0.000352332
0.000230106
0.000147889
9.34692e-05
5.80464e-05
3.53887e-05
2.11591e-05
1.23933e-05
7.10202e-06
3.97616e-06
2.17141e-06
1.15463e-06
5.96606e-07
2.98881e-07
1.448e-07
6.76464e-08
3.0375e-08
1.3061e-08
5.35551e-09
2.08404e-09
7.65419e-10
2.63651e-10
8.45492e-11
2.50281e-11
6.77049e-12
1.65393e-12
3.59681e-13
6.84349e-14
1.1149e-14
1.51315e-15
1.65001e-16
1.37451e-17
8.10439e-19
2.96069e-20
4.91167e-22
0.37908
0.498373
0.546251
0.559586
0.554039
0.539558
0.527902
0.509062
0.571513
0.826072
1
1
0.999999
1
0.744244
0.396138
0.364305
0.37602
0.3813
0.385239
0.388605
0.394656
0.40258
0.411769
0.421819
0.432462
0.44352
0.454868
0.46641
0.478061
0.489753
0.50142
0.513
0.52443
0.535652
0.546608
0.557269
0.567648
0.577667
0.587489
0.59666
0.605765
0.613994
0.619708
0.624729
0.62907
0.632718
0.635643
0.637811
0.639186
0.639724
0.639375
0.638084
0.635785
0.632414
0.627897
0.622157
0.615116
0.606696
0.596821
0.585421
0.572437
0.557826
0.541561
0.523643
0.504099
0.482992
0.460418
0.436512
0.411449
0.385439
0.358722
0.331566
0.30426
0.277101
0.250387
0.224405
0.199423
0.175678
0.153372
0.132664
0.113667
0.0964474
0.0810267
0.0673838
0.0554604
0.0451928
0.0364589
0.0291163
0.0230152
0.0180049
0.0139382
0.0106759
0.00808947
0.00606305
0.00449409
0.00329375
0.00238643
0.0017089
0.00120916
0.000845139
0.000583325
0.000397445
0.00026721
0.000177192
0.000115833
7.46063e-05
4.73147e-05
2.95248e-05
1.81136e-05
1.09159e-05
6.45529e-06
3.74188e-06
2.1234e-06
1.17796e-06
6.37819e-07
3.36475e-07
1.72594e-07
8.58883e-08
4.13586e-08
1.92162e-08
8.58653e-09
3.67617e-09
1.50163e-09
5.82386e-10
2.13266e-10
7.32663e-11
2.34383e-11
6.92159e-12
1.8677e-12
4.54942e-13
9.85903e-14
1.86744e-14
3.02455e-15
4.07356e-16
4.39829e-17
3.619e-18
2.10324e-19
7.56881e-21
1.23663e-22
0.355744
0.441439
0.488689
0.512084
0.520395
0.519524
0.514143
0.506415
0.479631
0.78122
0.999999
1
1
0.999999
0.683012
0.312588
0.364868
0.380182
0.387348
0.393925
0.400565
0.407518
0.414712
0.422063
0.429512
0.437016
0.444538
0.452043
0.459496
0.46686
0.474099
0.48117
0.488037
0.494655
0.500985
0.506986
0.512629
0.517876
0.522679
0.527006
0.530685
0.533773
0.535124
0.53485
0.533923
0.532241
0.52976
0.526448
0.522273
0.517202
0.511208
0.504257
0.496322
0.487382
0.477419
0.466413
0.454365
0.441276
0.42716
0.412046
0.395976
0.379009
0.361217
0.342694
0.323548
0.303908
0.283914
0.263721
0.243492
0.223398
0.203612
0.184302
0.16563
0.147744
0.130776
0.114838
0.100017
0.0863755
0.0739499
0.0627511
0.0527656
0.043958
0.0362744
0.0296449
0.0239887
0.0192172
0.0152504
0.0119894
0.00933647
0.00720094
0.00549998
0.00415951
0.00311441
0.00230832
0.00169331
0.0012292
0.000882819
0.000627187
0.000440657
0.000306106
0.00021018
0.000142601
9.55678e-05
6.32402e-05
4.13023e-05
2.661e-05
1.69029e-05
1.05794e-05
6.51981e-06
3.95321e-06
2.35626e-06
1.3792e-06
7.91921e-07
4.45497e-07
2.45193e-07
1.31822e-07
6.91046e-08
3.5253e-08
1.7461e-08
8.37558e-09
3.87943e-09
1.72938e-09
7.39181e-10
3.01635e-10
1.16934e-10
4.28225e-11
1.47171e-11
4.71078e-12
1.3919e-12
3.7568e-13
9.14744e-14
1.97944e-14
3.73765e-15
6.02033e-16
8.03709e-17
8.56304e-18
6.91269e-19
3.91505e-20
1.36687e-21
2.20986e-23
0.306418
0.357692
0.392604
0.416052
0.431213
0.440136
0.443811
0.439717
0.434604
0.693548
0.999999
1
0.999998
1
0.576058
0.254721
0.262544
0.269971
0.273756
0.276097
0.278613
0.28165
0.285129
0.28888
0.292752
0.29663
0.300428
0.304079
0.30753
0.310735
0.313659
0.316263
0.318518
0.320396
0.321866
0.322901
0.323477
0.323558
0.323106
0.322068
0.320335
0.317681
0.312449
0.306157
0.30064
0.294739
0.28836
0.281484
0.274121
0.266283
0.257987
0.249256
0.240117
0.2306
0.220742
0.210583
0.200168
0.189546
0.17877
0.167898
0.156991
0.146111
0.135323
0.124692
0.114284
0.10416
0.094382
0.0850042
0.0760764
0.067642
0.0597363
0.052386
0.0456088
0.0394133
0.0337992
0.0287574
0.0242708
0.0203154
0.0168613
0.0138739
0.0113155
0.00914621
0.0073252
0.00581212
0.00456784
0.00355525
0.00274322
0.00209848
0.00159126
0.00119596
0.000890773
0.00065741
0.000480685
0.000348155
0.000249749
0.00017741
0.000124772
8.6862e-05
5.98443e-05
4.07933e-05
2.75049e-05
1.83382e-05
1.2086e-05
7.87096e-06
5.06298e-06
3.21525e-06
2.01476e-06
1.24501e-06
7.58182e-07
4.5467e-07
2.6827e-07
1.55591e-07
8.86058e-08
4.94852e-08
2.7066e-08
1.44754e-08
7.55668e-09
3.84284e-09
1.89937e-09
9.10092e-10
4.21509e-10
1.88071e-10
8.0533e-11
3.29504e-11
1.28173e-11
4.71264e-12
1.62681e-12
5.23127e-13
1.55268e-13
4.2076e-14
1.0276e-14
2.22658e-15
4.19878e-16
6.72747e-17
8.88115e-18
9.27457e-19
7.24034e-20
3.88208e-21
1.23647e-22
1.68274e-24
)
;

boundaryField
{
    walls
    {
        type            zeroGradient;
    }
    top
    {
        type            zeroGradient;
    }
    bottom
    {
        type            zeroGradient;
    }
    frontAndBack
    {
        type            empty;
    }
    inlet
    {
        type            uniformFixedValue;
        uniformValue    
        {
            type            constant;
            value           1;
        }
        value           uniform 1;
    }
    outlet
    {
        type            zeroGradient;
    }
}


// ************************************************************************* //
