/*--------------------------------*- C++ -*----------------------------------*\
  =========                 |
  \\      /  F ield         | OpenFOAM: The Open Source CFD Toolbox
   \\    /   O peration     | Website:  https://openfoam.org
    \\  /    A nd           | Version:  12
     \\/     M anipulation  |
\*---------------------------------------------------------------------------*/
FoamFile
{
    format      ascii;
    class       volScalarField;
    location    "205";
    object      T;
}
// * * * * * * * * * * * * * * * * * * * * * * * * * * * * * * * * * * * * * //

dimensions      [];

internalField   nonuniform List<scalar> 
4480
(
1.06355e-10
1.90823e-08
3.74277e-05
0.00241064
0.0193209
0.0590077
0.115642
0.179681
0.243848
0.303932
0.357987
0.405433
0.446409
0.481393
0.510985
0.535796
0.556396
0.573299
0.586947
0.597721
0.605951
0.611911
0.615832
0.617912
0.618314
0.617181
0.614632
0.611308
0.607942
0.604516
0.601011
0.59741
0.593692
0.589839
0.585832
0.581652
0.577278
0.572688
0.567858
0.562766
0.557388
0.551694
0.545655
0.539244
0.532427
0.525168
0.517429
0.509175
0.500356
0.490925
0.480832
0.470021
0.458418
0.445955
0.432546
0.418092
0.402491
0.385627
0.367376
0.347637
0.326327
0.30343
0.279013
0.253267
0.226519
0.199247
0.172045
0.145587
0.12055
0.0975494
0.0770595
0.0593786
0.0446059
0.0326567
0.0232977
0.0161972
0.0109761
0.00725241
0.00467451
0.00294063
0.00180656
0.00108458
0.000636744
0.000372636
0.000220801
0.000134463
8.53022e-05
5.68344e-05
3.97978e-05
2.91348e-05
2.21317e-05
1.73332e-05
1.39411e-05
1.14974e-05
9.72318e-06
8.43877e-06
7.52461e-06
6.90064e-06
6.51555e-06
6.3403e-06
6.36511e-06
6.59905e-06
7.07209e-06
7.84136e-06
9.00165e-06
1.07047e-05
1.31912e-05
1.6845e-05
2.22854e-05
3.05265e-05
4.32525e-05
6.33018e-05
9.55199e-05
0.00014827
0.000236096
0.000384433
0.000637799
0.00107404
0.0018291
0.00314438
0.0054762
0.00976932
0.0180545
0.0354348
0.0809556
0.195291
0.339721
0.527812
0.445213
0.144555
0.0470733
0.00986076
0.00177602
0.000311714
4.72199e-05
5.62594e-06
4.83788e-07
2.44831e-08
5.54128e-10
3.08034e-12
7.41792e-11
1.81421e-06
0.000824372
0.0204592
0.0891872
0.192416
0.30248
0.402988
0.488199
0.557974
0.614308
0.659638
0.69618
0.725734
0.7497
0.769164
0.784951
0.797701
0.807911
0.815974
0.822198
0.826825
0.830054
0.832038
0.832905
0.832753
0.831664
0.829528
0.826403
0.822378
0.817539
0.811973
0.805762
0.79898
0.791694
0.783972
0.775867
0.767427
0.758691
0.749694
0.740463
0.731016
0.721362
0.711513
0.701467
0.691218
0.680759
0.670071
0.659135
0.647927
0.636418
0.624578
0.612364
0.599733
0.586638
0.573019
0.558818
0.543959
0.528365
0.511952
0.494625
0.476304
0.4569
0.436353
0.414623
0.391708
0.367643
0.342522
0.316496
0.28977
0.262611
0.235343
0.208334
0.181986
0.156708
0.132897
0.110901
0.0909959
0.0733691
0.0581018
0.0451748
0.0344779
0.0258267
0.0190512
0.013879
0.0100119
0.00717501
0.00512836
0.0036721
0.00264683
0.00192982
0.00142971
0.0010804
0.000835191
0.000661751
0.000538046
0.000449227
0.000385341
0.000339767
0.000308136
0.000287636
0.000276581
0.000274171
0.000280379
0.000295978
0.00032266
0.000363336
0.000422615
0.000507618
0.000629253
0.000804271
0.00105851
0.00143211
0.00198764
0.0028231
0.00409224
0.00603646
0.0090354
0.0136888
0.0209583
0.0324284
0.0507709
0.0804268
0.128518
0.205342
0.317985
0.455904
0.589918
0.505724
0.209969
0.075085
0.0229993
0.00606363
0.0013653
0.000254918
3.6902e-05
3.85457e-06
2.43999e-07
7.31504e-09
6.52546e-11
2.64212e-08
4.7969e-05
0.00685455
0.0760767
0.213407
0.361805
0.488597
0.586931
0.660637
0.715777
0.757615
0.790011
0.815579
0.836065
0.85264
0.866119
0.877088
0.885987
0.893156
0.898863
0.903323
0.906706
0.909153
0.910775
0.911661
0.911881
0.91149
0.910415
0.908624
0.906152
0.903029
0.899278
0.894926
0.889993
0.88451
0.8785
0.871996
0.865027
0.857625
0.84982
0.841643
0.833122
0.824285
0.815154
0.80575
0.796093
0.786193
0.776063
0.765706
0.755126
0.744321
0.733285
0.722005
0.710467
0.698657
0.686545
0.674109
0.661311
0.648111
0.634466
0.620323
0.605627
0.590311
0.574314
0.557565
0.539996
0.521545
0.502153
0.481774
0.460381
0.43796
0.414537
0.390163
0.364932
0.338979
0.312493
0.285701
0.258872
0.232308
0.206332
0.181266
0.157422
0.135078
0.114568
0.0961215
0.0798157
0.0656455
0.0535337
0.0433456
0.0349053
0.028011
0.0224524
0.0180225
0.0145278
0.0117951
0.00967399
0.00803849
0.00678553
0.00583313
0.00511757
0.00459059
0.0042169
0.00397199
0.0038404
0.00381488
0.00389585
0.00409192
0.00442114
0.00491342
0.00561428
0.00659092
0.0079408
0.00980443
0.0123834
0.0159659
0.0209624
0.0279553
0.0377654
0.0515443
0.070897
0.0980302
0.135863
0.187898
0.257546
0.346512
0.451601
0.560217
0.643836
0.56941
0.285432
0.119148
0.0430579
0.0133734
0.00350276
0.000756403
0.000126569
1.54353e-05
1.17161e-06
4.42892e-08
5.40007e-10
1.16879e-06
0.000562879
0.0309985
0.179803
0.368577
0.525073
0.636686
0.713054
0.765939
0.804067
0.832942
0.855753
0.874277
0.889522
0.902114
0.912496
0.921013
0.927946
0.933536
0.937986
0.941468
0.944127
0.94608
0.947425
0.948235
0.948569
0.948474
0.94792
0.946882
0.94538
0.943422
0.941014
0.938159
0.934856
0.931104
0.926909
0.922275
0.917203
0.911708
0.905799
0.899492
0.892803
0.885749
0.878351
0.870627
0.862599
0.854283
0.845699
0.836861
0.827786
0.818484
0.808962
0.799232
0.789293
0.779149
0.768797
0.758231
0.747438
0.736412
0.725128
0.713571
0.701707
0.689509
0.676941
0.663956
0.65051
0.636553
0.622023
0.606866
0.591014
0.574407
0.556986
0.538692
0.519481
0.499316
0.478181
0.456083
0.433056
0.40916
0.384495
0.359196
0.333433
0.30741
0.281393
0.255753
0.230784
0.206768
0.183966
0.162596
0.142832
0.124791
0.108539
0.0940828
0.0813843
0.070365
0.0609144
0.0529034
0.046191
0.0406353
0.0360997
0.0324586
0.0296017
0.0274371
0.0258931
0.0249192
0.0244878
0.0245963
0.0252691
0.0265622
0.0285693
0.0314304
0.0353434
0.0405802
0.0475065
0.0566058
0.068509
0.0840253
0.104172
0.130194
0.163557
0.205869
0.258652
0.32287
0.398119
0.481565
0.566591
0.640726
0.681762
0.618002
0.362887
0.172773
0.0704376
0.0244942
0.00714089
0.00171486
0.000319621
4.38447e-05
3.82134e-06
1.71953e-07
2.63069e-09
2.06057e-05
0.00372003
0.0916339
0.3208
0.522203
0.655409
0.737757
0.789967
0.825586
0.852219
0.873709
0.891772
0.9071
0.920023
0.930782
0.93962
0.946791
0.952537
0.957081
0.960627
0.96335
0.965395
0.966882
0.967907
0.968544
0.968847
0.968857
0.968563
0.967924
0.966953
0.965655
0.964032
0.962086
0.95981
0.957199
0.954247
0.950947
0.947296
0.943289
0.938929
0.934213
0.929149
0.92374
0.918001
0.911938
0.905568
0.898905
0.891964
0.88476
0.877311
0.869632
0.861737
0.853641
0.845355
0.836892
0.82826
0.819465
0.810508
0.801397
0.792126
0.782692
0.773088
0.763306
0.753328
0.743131
0.7327
0.722
0.711
0.699665
0.687948
0.675803
0.663175
0.650011
0.636249
0.621829
0.606688
0.590771
0.574018
0.556385
0.537841
0.518361
0.497944
0.476614
0.454384
0.43141
0.407829
0.383812
0.359557
0.33529
0.311248
0.287674
0.264806
0.242872
0.222071
0.202574
0.184518
0.168
0.153082
0.139789
0.128117
0.118038
0.109511
0.102484
0.0969077
0.0927399
0.0899569
0.0885581
0.0885759
0.090083
0.0932012
0.0981091
0.105055
0.114365
0.126455
0.141834
0.161112
0.184992
0.214241
0.249638
0.291876
0.341388
0.39809
0.461
0.527801
0.594337
0.653988
0.696412
0.704941
0.64528
0.432948
0.23008
0.103752
0.0396216
0.0126115
0.00330258
0.000671246
0.000101085
9.80977e-06
5.04234e-07
9.15633e-09
0.000200668
0.0160507
0.198956
0.473426
0.64859
0.744787
0.799334
0.833904
0.859146
0.880016
0.898453
0.914791
0.9289
0.940727
0.950379
0.958091
0.96414
0.9688
0.972332
0.974956
0.976866
0.978223
0.979157
0.979766
0.980125
0.980289
0.980289
0.980132
0.979734
0.979105
0.978247
0.977157
0.975832
0.974265
0.972446
0.970368
0.968022
0.965397
0.962487
0.959287
0.955792
0.951997
0.947904
0.943517
0.93884
0.933878
0.928642
0.923143
0.917396
0.91141
0.905203
0.89879
0.892185
0.885404
0.878459
0.871367
0.864139
0.856785
0.849312
0.841732
0.834053
0.826269
0.818389
0.810406
0.802316
0.794115
0.785786
0.777318
0.768694
0.759884
0.750866
0.741607
0.732072
0.722221
0.712006
0.701382
0.690293
0.678689
0.666512
0.653702
0.640206
0.625976
0.61096
0.595078
0.578325
0.560707
0.542245
0.522985
0.503003
0.482402
0.461317
0.439905
0.41835
0.396851
0.375622
0.354884
0.334853
0.315741
0.297742
0.281036
0.265783
0.252118
0.240162
0.230016
0.221771
0.215514
0.211336
0.209341
0.209651
0.212419
0.217836
0.226132
0.237584
0.252513
0.271275
0.294241
0.321769
0.35415
0.391539
0.433844
0.480599
0.530789
0.582661
0.633518
0.679453
0.714887
0.731605
0.716991
0.652373
0.488305
0.285001
0.140409
0.0582732
0.0200442
0.00566264
0.00123993
0.000201999
2.14115e-05
1.22502e-06
2.55295e-08
0.00128493
0.0499776
0.343169
0.609019
0.736829
0.799122
0.834561
0.85911
0.879428
0.898211
0.915935
0.931881
0.945409
0.956365
0.964941
0.971475
0.976319
0.979803
0.982215
0.983808
0.984793
0.985349
0.985616
0.985707
0.985696
0.985636
0.985552
0.985456
0.985227
0.984864
0.984362
0.983711
0.9829
0.981916
0.980747
0.979377
0.977797
0.975994
0.973956
0.971679
0.969152
0.966369
0.963331
0.960034
0.956482
0.952674
0.948619
0.944323
0.939798
0.935052
0.9301
0.924956
0.919632
0.914143
0.908506
0.902735
0.896842
0.890845
0.884756
0.878583
0.872339
0.866031
0.859667
0.853251
0.846789
0.840279
0.833717
0.827102
0.820425
0.813679
0.806848
0.799918
0.792866
0.785676
0.778316
0.770759
0.762969
0.754914
0.746554
0.737847
0.728744
0.719206
0.709186
0.698589
0.687383
0.675523
0.662974
0.649713
0.63573
0.621033
0.605645
0.589618
0.573025
0.555961
0.538555
0.52095
0.503321
0.485857
0.468763
0.452258
0.436565
0.421912
0.408523
0.396618
0.386412
0.378111
0.37192
0.368035
0.366653
0.367974
0.372194
0.379517
0.390142
0.404259
0.422028
0.443562
0.468894
0.497931
0.53039
0.565743
0.603132
0.641278
0.678393
0.712041
0.738911
0.754391
0.751777
0.721217
0.649635
0.520064
0.33242
0.17718
0.0793221
0.0292924
0.0088698
0.00207775
0.000363076
4.1576e-05
2.60915e-06
6.1286e-08
0.00607004
0.120457
0.49602
0.70839
0.790367
0.830036
0.854953
0.874735
0.893234
0.911799
0.929855
0.945781
0.958702
0.968622
0.975948
0.98116
0.984684
0.986881
0.988061
0.988498
0.988428
0.988053
0.987539
0.987002
0.98653
0.986172
0.985951
0.985865
0.985765
0.985638
0.985467
0.985229
0.984906
0.984474
0.983911
0.983198
0.982316
0.981251
0.979989
0.978516
0.976827
0.974911
0.972766
0.970389
0.967778
0.96494
0.961874
0.958587
0.955086
0.951385
0.94749
0.943413
0.939171
0.934777
0.930243
0.925585
0.92082
0.915959
0.911018
0.906011
0.90095
0.89584
0.8907
0.885532
0.880343
0.875141
0.869928
0.864706
0.85947
0.854222
0.848956
0.843667
0.83834
0.832971
0.827539
0.822033
0.816434
0.810719
0.80487
0.798856
0.79265
0.786229
0.779555
0.772583
0.765245
0.757519
0.749365
0.740747
0.731639
0.722017
0.711859
0.701169
0.689956
0.678241
0.666075
0.653525
0.640677
0.627647
0.614568
0.601602
0.588926
0.576744
0.565263
0.554715
0.545335
0.537357
0.531026
0.526571
0.524225
0.524198
0.526692
0.531877
0.539896
0.550849
0.56477
0.581618
0.601249
0.623382
0.647567
0.673155
0.699235
0.724607
0.747681
0.76637
0.77784
0.778112
0.761464
0.719946
0.64412
0.527356
0.369235
0.21094
0.101215
0.0399348
0.0129059
0.00322128
0.000601052
7.39446e-05
5.05446e-06
1.32749e-07
0.0230724
0.235796
0.623806
0.768912
0.820347
0.847966
0.867745
0.885486
0.903666
0.922889
0.941675
0.957511
0.969551
0.978187
0.984106
0.987904
0.990026
0.990833
0.990649
0.989772
0.98848
0.987013
0.985562
0.984273
0.98324
0.982517
0.982116
0.982015
0.98203
0.982139
0.982308
0.982502
0.982685
0.982825
0.982887
0.982839
0.982659
0.982321
0.981806
0.981105
0.980199
0.979085
0.977753
0.976203
0.974432
0.972442
0.970237
0.967824
0.965208
0.962399
0.959408
0.956244
0.952923
0.949456
0.945857
0.942142
0.938322
0.934417
0.930435
0.926394
0.922307
0.918184
0.914034
0.90987
0.905701
0.90153
0.897367
0.893213
0.889071
0.884945
0.880832
0.876729
0.872634
0.868539
0.864443
0.860334
0.856203
0.852041
0.847832
0.843565
0.839222
0.834791
0.830249
0.825581
0.820715
0.815648
0.810355
0.804807
0.79898
0.792848
0.786396
0.779601
0.772461
0.764968
0.757137
0.748986
0.740553
0.731887
0.723068
0.71418
0.705341
0.696678
0.688345
0.680513
0.673365
0.667098
0.661917
0.658023
0.655618
0.65489
0.656011
0.659114
0.664305
0.671629
0.68107
0.692527
0.70581
0.720598
0.73644
0.75272
0.768625
0.783104
0.794774
0.801795
0.801624
0.790663
0.763863
0.714648
0.636066
0.52451
0.386355
0.239361
0.122323
0.051358
0.0176602
0.00468656
0.000931856
0.000122927
9.13278e-06
2.67692e-07
0.0701449
0.388818
0.703987
0.801176
0.837611
0.859312
0.876519
0.893475
0.912039
0.932355
0.951998
0.967465
0.978296
0.985459
0.989911
0.992262
0.992913
0.992194
0.990452
0.988037
0.985287
0.982503
0.979925
0.977729
0.976026
0.974867
0.974257
0.974125
0.974268
0.974643
0.975198
0.975882
0.976636
0.977411
0.978158
0.978836
0.979405
0.979835
0.980102
0.980185
0.98007
0.979745
0.979202
0.97844
0.977459
0.97626
0.974845
0.973221
0.971397
0.969383
0.967184
0.964818
0.962295
0.959628
0.956834
0.953926
0.950913
0.947816
0.944646
0.941415
0.93814
0.934832
0.9315
0.928155
0.924808
0.921465
0.918134
0.914821
0.911527
0.908259
0.905012
0.901796
0.898603
0.895436
0.892287
0.889156
0.886039
0.882926
0.879817
0.876697
0.873565
0.870409
0.867218
0.863987
0.860664
0.857252
0.853732
0.850088
0.846304
0.842368
0.83826
0.833969
0.829484
0.8248
0.819911
0.814824
0.809547
0.804108
0.798538
0.79288
0.787201
0.781571
0.776084
0.770847
0.765979
0.761613
0.75789
0.754954
0.752954
0.752024
0.752287
0.75384
0.756749
0.761033
0.766653
0.773503
0.781395
0.790043
0.799049
0.807876
0.815824
0.821965
0.825062
0.823411
0.81463
0.795353
0.761051
0.706212
0.625685
0.517791
0.388876
0.255935
0.141279
0.0628859
0.022952
0.00646927
0.00137025
0.000193888
1.56698e-05
5.13406e-07
0.144737
0.523229
0.756418
0.819665
0.848565
0.867068
0.882852
0.89961
0.918922
0.940583
0.96108
0.975821
0.985158
0.990781
0.993795
0.994693
0.993755
0.991292
0.987697
0.983419
0.978893
0.974505
0.970563
0.967284
0.964791
0.963138
0.96231
0.962152
0.962462
0.963169
0.964199
0.96547
0.966903
0.968423
0.969964
0.971466
0.972877
0.974157
0.975275
0.9762
0.976918
0.977415
0.97768
0.977711
0.977508
0.977075
0.976416
0.975538
0.974452
0.973167
0.971695
0.970048
0.968241
0.966286
0.964197
0.961989
0.959679
0.95728
0.954802
0.952264
0.949677
0.947052
0.944402
0.941737
0.939066
0.936398
0.93374
0.931094
0.928473
0.925873
0.923303
0.920762
0.918249
0.915767
0.913312
0.910889
0.908489
0.906113
0.903756
0.901413
0.899083
0.896764
0.894443
0.892123
0.889773
0.887385
0.884954
0.882473
0.879935
0.877324
0.87464
0.871866
0.868998
0.866033
0.86296
0.859788
0.856513
0.853145
0.849697
0.846195
0.842666
0.839148
0.83569
0.832356
0.829208
0.826331
0.823804
0.821719
0.820166
0.819229
0.818982
0.819483
0.82076
0.822814
0.825596
0.829002
0.832869
0.836943
0.840885
0.844233
0.84636
0.84642
0.843247
0.835202
0.819977
0.794389
0.75433
0.695177
0.61315
0.507914
0.385782
0.261044
0.152295
0.073906
0.0285685
0.0085498
0.00193032
0.000293479
2.58689e-05
9.5067e-07
0.244101
0.620218
0.78811
0.834237
0.856608
0.872517
0.887466
0.904325
0.924585
0.947738
0.96906
0.982687
0.990346
0.994492
0.996158
0.995556
0.992812
0.98825
0.982381
0.975804
0.969101
0.962774
0.957206
0.952658
0.949269
0.947081
0.946054
0.945905
0.946455
0.947603
0.949237
0.951241
0.953506
0.955925
0.958408
0.960876
0.963262
0.965511
0.96758
0.969437
0.971059
0.972434
0.973552
0.974405
0.975002
0.975342
0.975433
0.975286
0.974912
0.974323
0.973532
0.972554
0.971404
0.970096
0.968645
0.967068
0.965379
0.963592
0.961723
0.959784
0.957789
0.95575
0.953678
0.951584
0.94948
0.947369
0.945262
0.943164
0.941081
0.939018
0.936978
0.934963
0.932974
0.931014
0.929082
0.927179
0.925304
0.923453
0.921627
0.919825
0.918045
0.916285
0.914539
0.91281
0.911075
0.909336
0.907581
0.905813
0.904026
0.902212
0.900369
0.898493
0.896579
0.894621
0.89262
0.890574
0.88848
0.886344
0.884169
0.881964
0.879744
0.877527
0.875338
0.873202
0.871157
0.869241
0.867499
0.865979
0.864727
0.863784
0.863186
0.862956
0.863097
0.863587
0.864367
0.865344
0.866361
0.867202
0.867555
0.867001
0.864959
0.860616
0.852823
0.83996
0.819757
0.789177
0.744502
0.681869
0.598602
0.495378
0.378503
0.260479
0.156913
0.0801161
0.0334192
0.0109006
0.00262656
0.000430159
4.14994e-05
1.7181e-06
0.358544
0.686746
0.809006
0.844612
0.863134
0.876691
0.890746
0.907846
0.929146
0.953894
0.976006
0.988158
0.994089
0.996933
0.997344
0.995097
0.990176
0.983007
0.974313
0.964909
0.955572
0.946936
0.939474
0.933486
0.929118
0.926394
0.92523
0.925159
0.926067
0.927808
0.930225
0.933155
0.936447
0.939961
0.943574
0.947182
0.950701
0.95406
0.957208
0.960106
0.962729
0.965059
0.967089
0.968816
0.970245
0.97138
0.972237
0.972822
0.973151
0.973243
0.97311
0.972773
0.97224
0.971537
0.970676
0.969675
0.96855
0.967314
0.965988
0.964577
0.963103
0.961573
0.960001
0.958398
0.95677
0.955132
0.953485
0.951839
0.9502
0.948572
0.946957
0.945362
0.943786
0.942229
0.940697
0.939185
0.937698
0.936234
0.934793
0.933375
0.931976
0.930596
0.929239
0.927899
0.926566
0.925235
0.923907
0.922576
0.921244
0.919904
0.918559
0.917205
0.915838
0.914456
0.913063
0.911651
0.910219
0.908774
0.90731
0.905831
0.904346
0.902859
0.901376
0.899916
0.898485
0.897103
0.895784
0.894554
0.89342
0.892403
0.891506
0.890727
0.890045
0.889428
0.888805
0.888078
0.8871
0.885667
0.883487
0.880154
0.875093
0.867496
0.856193
0.839546
0.815314
0.780596
0.732046
0.666481
0.582156
0.480551
0.367992
0.255721
0.157179
0.0829581
0.0363109
0.0126288
0.0032986
0.000595677
6.45959e-05
3.05467e-06
0.452035
0.75196
0.823562
0.852027
0.867764
0.880194
0.893095
0.910297
0.932662
0.959074
0.981983
0.992355
0.996639
0.998432
0.997621
0.993435
0.985794
0.975357
0.963171
0.950349
0.937889
0.926576
0.916973
0.909413
0.904036
0.900825
0.899644
0.89977
0.901204
0.903741
0.907164
0.911254
0.915806
0.920639
0.925594
0.930539
0.935364
0.939989
0.944355
0.948411
0.952135
0.955506
0.95852
0.961175
0.96348
0.965445
0.967085
0.968416
0.969455
0.970222
0.970736
0.971016
0.971083
0.970954
0.970648
0.970183
0.96958
0.96885
0.968013
0.967081
0.966068
0.96499
0.963857
0.96268
0.961468
0.960232
0.958977
0.957712
0.956441
0.955171
0.953905
0.952645
0.951395
0.95016
0.948937
0.947726
0.946535
0.945356
0.944197
0.94305
0.941922
0.940808
0.939712
0.938631
0.937562
0.936493
0.935428
0.934367
0.933305
0.932246
0.931186
0.930125
0.929064
0.928
0.92693
0.925856
0.924774
0.923686
0.922591
0.921485
0.920369
0.919247
0.918113
0.916974
0.915829
0.914681
0.91353
0.912376
0.91122
0.910053
0.908863
0.907628
0.906318
0.904881
0.903241
0.901296
0.8989
0.895843
0.891836
0.886469
0.879151
0.869039
0.854929
0.835155
0.807486
0.769177
0.717246
0.649136
0.563912
0.46372
0.354922
0.247811
0.154169
0.0831246
0.0375729
0.0136566
0.0037751
0.000731177
8.62988e-05
4.52112e-06
0.519023
0.775972
0.834012
0.857214
0.87081
0.882389
0.895211
0.911753
0.93515
0.963268
0.987037
0.995415
0.998259
0.999279
0.997175
0.990569
0.979483
0.964985
0.948567
0.931703
0.915636
0.901312
0.889368
0.880159
0.873802
0.870225
0.869207
0.869714
0.871905
0.875501
0.880205
0.885727
0.891802
0.8982
0.904719
0.9112
0.917512
0.923561
0.929274
0.934604
0.939523
0.944015
0.948076
0.951712
0.954934
0.957758
0.960206
0.962292
0.964046
0.965488
0.966642
0.96753
0.968176
0.9686
0.968825
0.968868
0.968752
0.968492
0.968107
0.967611
0.967019
0.966346
0.965603
0.964802
0.963953
0.963065
0.962147
0.961205
0.960246
0.959273
0.958293
0.957311
0.956326
0.955343
0.954363
0.953387
0.952417
0.951454
0.950498
0.94955
0.948612
0.947684
0.946764
0.945853
0.944951
0.944047
0.943142
0.94224
0.941333
0.940431
0.939524
0.938618
0.937711
0.936805
0.935892
0.934978
0.934057
0.933128
0.932192
0.931241
0.930277
0.929295
0.928287
0.927254
0.926189
0.925084
0.923932
0.922722
0.92144
0.920068
0.918581
0.91695
0.915127
0.913052
0.910644
0.907795
0.904349
0.900091
0.894718
0.887794
0.878697
0.866531
0.850045
0.827525
0.79678
0.755232
0.700258
0.629902
0.543952
0.445121
0.339798
0.237519
0.148713
0.081239
0.0375002
0.0140433
0.00403801
0.000821882
0.000103088
5.81582e-06
0.570753
0.793897
0.842392
0.860599
0.872431
0.883336
0.896285
0.912954
0.936614
0.966451
0.991216
0.997509
0.9992
0.99971
0.996096
0.9864
0.970979
0.95153
0.930108
0.90859
0.888477
0.870856
0.856435
0.845575
0.838352
0.834607
0.833548
0.83472
0.838023
0.843059
0.849428
0.85675
0.864684
0.872939
0.881277
0.889508
0.897485
0.905103
0.912286
0.918988
0.925181
0.930856
0.936015
0.940669
0.944837
0.94854
0.951805
0.954659
0.957128
0.959241
0.961028
0.962511
0.96372
0.964678
0.96541
0.965937
0.96628
0.966459
0.966494
0.9664
0.966191
0.965885
0.965495
0.965028
0.9645
0.96392
0.963293
0.962629
0.961935
0.961215
0.960474
0.959716
0.958946
0.958165
0.957376
0.956581
0.955782
0.954978
0.954173
0.953367
0.952558
0.951751
0.950946
0.950144
0.949342
0.948532
0.947719
0.946897
0.946072
0.945241
0.944405
0.943565
0.942718
0.941867
0.941009
0.940143
0.939265
0.938377
0.937474
0.936551
0.935606
0.934628
0.933617
0.932561
0.931449
0.930275
0.92902
0.927671
0.926206
0.924598
0.922817
0.920824
0.918566
0.915974
0.912966
0.909416
0.905162
0.899973
0.893521
0.885334
0.874741
0.860783
0.842149
0.817098
0.783484
0.738915
0.681154
0.608819
0.52235
0.424953
0.323018
0.225428
0.141456
0.0778274
0.0363946
0.0138988
0.00410493
0.000864837
0.000113236
6.7341e-06
0.611295
0.806616
0.847184
0.862437
0.872722
0.883018
0.896185
0.913834
0.937233
0.968596
0.994567
0.998823
0.999688
0.999902
0.994399
0.980756
0.959981
0.934638
0.907452
0.880721
0.856185
0.835057
0.818096
0.805663
0.797772
0.794156
0.793259
0.795452
0.800245
0.807107
0.815512
0.824975
0.835071
0.845449
0.855826
0.865987
0.875774
0.885071
0.893809
0.901947
0.909462
0.916353
0.922632
0.928318
0.933438
0.938022
0.942102
0.945714
0.948889
0.951661
0.954062
0.956125
0.957878
0.959349
0.960565
0.961552
0.962327
0.962919
0.963343
0.963618
0.963765
0.963791
0.963717
0.963554
0.963311
0.963
0.962629
0.962204
0.961737
0.961228
0.960688
0.960115
0.959519
0.958897
0.95826
0.957602
0.956928
0.956242
0.955543
0.954833
0.954111
0.953382
0.952644
0.951898
0.951146
0.950383
0.949605
0.948816
0.948015
0.947201
0.946376
0.945538
0.944691
0.943831
0.94296
0.942072
0.941168
0.940245
0.939299
0.938326
0.937318
0.936271
0.935175
0.93402
0.932796
0.931484
0.930074
0.928541
0.926863
0.925008
0.922942
0.92062
0.917984
0.914965
0.911463
0.907349
0.902444
0.896493
0.889136
0.879854
0.867911
0.852283
0.831598
0.804101
0.767717
0.720279
0.659946
0.585896
0.49917
0.403386
0.304904
0.211998
0.132905
0.073321
0.0345304
0.0133461
0.00401095
0.000864888
0.000116633
7.19454e-06
0.643176
0.815542
0.849744
0.862856
0.871691
0.881388
0.894793
0.913482
0.937799
0.969667
0.997117
0.999552
0.999905
0.999975
0.992044
0.973421
0.946184
0.914007
0.880361
0.84795
0.818703
0.793925
0.774428
0.760578
0.752318
0.749226
0.749155
0.752824
0.759569
0.768683
0.779501
0.791422
0.803933
0.816628
0.829187
0.841384
0.853045
0.864069
0.874383
0.883961
0.892793
0.900888
0.908269
0.914965
0.921014
0.926455
0.931325
0.935667
0.939521
0.942927
0.945918
0.948532
0.950801
0.952758
0.95443
0.955844
0.957029
0.958
0.958787
0.959402
0.959871
0.9602
0.960412
0.960517
0.960528
0.960453
0.960303
0.960086
0.95981
0.959481
0.959105
0.958683
0.958227
0.957731
0.957206
0.956652
0.95607
0.955463
0.954832
0.95418
0.95351
0.952817
0.952108
0.951385
0.950645
0.949888
0.949108
0.948309
0.94749
0.946652
0.945794
0.944919
0.944024
0.943114
0.942181
0.941228
0.94025
0.939245
0.93821
0.937136
0.936022
0.93486
0.933635
0.932342
0.930965
0.929489
0.927894
0.926161
0.924261
0.922163
0.919831
0.917214
0.914251
0.910864
0.906951
0.902365
0.896908
0.890297
0.882123
0.871812
0.858562
0.841279
0.818542
0.788599
0.749491
0.699299
0.636602
0.561133
0.474475
0.38058
0.285727
0.197596
0.123463
0.0680683
0.0321406
0.0125013
0.00379624
0.000830709
0.000114206
7.2186e-06
0.668178
0.821644
0.850668
0.86176
0.869327
0.878364
0.892007
0.91186
0.938064
0.969873
0.998882
0.999884
0.99998
0.999995
0.988952
0.964176
0.929318
0.889429
0.848749
0.810313
0.776159
0.747644
0.725655
0.710615
0.702404
0.699905
0.701288
0.707175
0.716613
0.728645
0.742408
0.757174
0.772362
0.787529
0.802348
0.816594
0.830112
0.842812
0.854644
0.865594
0.875671
0.884899
0.893312
0.900953
0.907866
0.914105
0.919711
0.924734
0.929217
0.933208
0.936748
0.939876
0.942622
0.945029
0.947122
0.948933
0.950487
0.951812
0.952925
0.953851
0.954606
0.955209
0.955675
0.956018
0.956248
0.95638
0.956419
0.956377
0.956263
0.95608
0.955836
0.955536
0.955186
0.954787
0.954343
0.95386
0.953337
0.952777
0.952183
0.951559
0.950905
0.950221
0.949509
0.948772
0.948012
0.947229
0.946413
0.945571
0.944702
0.943807
0.942887
0.94194
0.94097
0.939972
0.938948
0.937897
0.936814
0.935697
0.934543
0.933345
0.932097
0.930792
0.929419
0.927969
0.926422
0.924767
0.922985
0.921052
0.918941
0.916615
0.914042
0.911164
0.907919
0.904221
0.899955
0.894955
0.889001
0.881767
0.872796
0.86145
0.846853
0.827848
0.802981
0.770543
0.728719
0.675883
0.611064
0.534518
0.44832
0.356677
0.265722
0.182525
0.113451
0.0623472
0.0294165
0.0114648
0.00349903
0.000771987
0.000107363
6.88886e-06
0.687581
0.825455
0.850005
0.858956
0.865585
0.873852
0.88769
0.908797
0.937065
0.970059
0.999847
0.99999
1
1
0.985031
0.952806
0.909182
0.860826
0.812709
0.768063
0.728897
0.69657
0.672119
0.656174
0.648584
0.64574
0.64963
0.658932
0.672196
0.688082
0.70548
0.723538
0.741643
0.759368
0.776424
0.79263
0.807871
0.822099
0.835289
0.847458
0.858633
0.868857
0.878175
0.886643
0.894315
0.901253
0.907508
0.913132
0.918175
0.922687
0.926713
0.930295
0.93347
0.936276
0.938745
0.940909
0.942794
0.944429
0.945834
0.947033
0.948043
0.948884
0.94957
0.950118
0.950537
0.95084
0.951039
0.951143
0.951157
0.951089
0.95095
0.950738
0.950465
0.95013
0.949738
0.949295
0.948802
0.948262
0.947675
0.947049
0.946381
0.945674
0.944931
0.944156
0.943346
0.942506
0.941628
0.940714
0.939767
0.938788
0.937775
0.936733
0.935661
0.934554
0.933417
0.932245
0.931037
0.92979
0.928501
0.927163
0.925768
0.924312
0.922782
0.921167
0.919452
0.917626
0.915664
0.913546
0.911241
0.908719
0.905933
0.902833
0.899346
0.895377
0.890795
0.885415
0.878978
0.871111
0.861298
0.848838
0.832779
0.811916
0.784789
0.74977
0.705236
0.649898
0.583243
0.506031
0.420764
0.331816
0.245094
0.167036
0.103126
0.0563779
0.0265101
0.0103186
0.00315218
0.00069772
9.75758e-05
6.31047e-06
0.702303
0.827437
0.84812
0.855024
0.860407
0.867728
0.881689
0.904147
0.934777
0.970232
1
0.999999
0.999998
0.999999
0.980191
0.939128
0.885652
0.828277
0.772569
0.721732
0.677534
0.641248
0.614214
0.597671
0.591457
0.590759
0.598195
0.611837
0.629665
0.649908
0.671212
0.692638
0.713582
0.733679
0.752727
0.77061
0.787291
0.80276
0.817042
0.830179
0.842223
0.853232
0.863269
0.872398
0.880681
0.888184
0.894964
0.901078
0.906583
0.91153
0.915959
0.919923
0.923458
0.926602
0.929388
0.931852
0.93402
0.935918
0.937572
0.939001
0.940226
0.941264
0.942135
0.942851
0.943422
0.943868
0.94419
0.944405
0.944517
0.944534
0.944464
0.94431
0.944083
0.943782
0.943414
0.94298
0.942484
0.941935
0.941326
0.940668
0.939958
0.939203
0.938401
0.937557
0.936671
0.935747
0.934779
0.933769
0.932721
0.931635
0.930511
0.929349
0.928154
0.926923
0.925654
0.924349
0.923004
0.921619
0.920186
0.9187
0.917161
0.915552
0.913869
0.912103
0.910233
0.908248
0.906129
0.903847
0.901382
0.898691
0.895731
0.892445
0.888749
0.884539
0.879657
0.873891
0.866937
0.85837
0.847611
0.833881
0.816175
0.793261
0.763706
0.726011
0.678799
0.621154
0.553026
0.475651
0.391869
0.306128
0.224027
0.151343
0.0926972
0.0503326
0.0235396
0.00912707
0.00278199
0.000615425
8.61524e-05
5.58518e-06
0.713012
0.827912
0.845144
0.849851
0.853702
0.859872
0.873826
0.89772
0.931047
0.969664
1
1
0.999998
0.999997
0.974363
0.922981
0.8587
0.792055
0.728945
0.672217
0.623062
0.582477
0.552304
0.535408
0.528172
0.532195
0.546596
0.567509
0.59174
0.617142
0.642438
0.666922
0.690212
0.712133
0.732621
0.751669
0.769309
0.785594
0.800583
0.814344
0.826951
0.838473
0.848985
0.858555
0.867258
0.875154
0.882306
0.888778
0.894619
0.899886
0.904624
0.908878
0.912689
0.916096
0.919134
0.92183
0.924219
0.926324
0.928173
0.929782
0.931174
0.932368
0.933378
0.934221
0.934909
0.935454
0.935864
0.936152
0.936328
0.936394
0.936363
0.936235
0.936018
0.935718
0.93534
0.934886
0.93436
0.933767
0.933108
0.932388
0.931608
0.930771
0.929883
0.928942
0.927954
0.926924
0.925841
0.924713
0.923541
0.922325
0.921071
0.919777
0.918444
0.917074
0.915666
0.914218
0.912734
0.911204
0.909629
0.908005
0.906323
0.904578
0.902757
0.900855
0.898853
0.896739
0.894489
0.892082
0.889488
0.886666
0.88357
0.880126
0.876245
0.871798
0.866602
0.860401
0.852841
0.843438
0.831546
0.81632
0.796716
0.77151
0.739345
0.6989
0.6491
0.58943
0.520296
0.443355
0.361701
0.279745
0.202695
0.135627
0.0823319
0.0443454
0.0205945
0.00793853
0.00240844
0.000530915
7.41336e-05
4.79749e-06
0.720146
0.827102
0.841089
0.843073
0.844678
0.850159
0.863912
0.889297
0.925681
0.968215
0.999997
0.999997
0.999998
0.999996
0.96748
0.904219
0.828395
0.752676
0.682854
0.620983
0.567152
0.521648
0.486673
0.468886
0.462498
0.47655
0.502809
0.533578
0.56467
0.594507
0.622633
0.648948
0.673456
0.696207
0.717277
0.73675
0.754714
0.77126
0.786473
0.800435
0.813234
0.824949
0.835648
0.845407
0.854297
0.862389
0.869736
0.876399
0.882433
0.88789
0.892815
0.897253
0.901243
0.904823
0.908026
0.910882
0.913422
0.915668
0.917648
0.919381
0.920886
0.922179
0.923283
0.924205
0.924959
0.925562
0.926018
0.926339
0.926537
0.926612
0.926578
0.926439
0.926198
0.925864
0.925441
0.924932
0.924338
0.923669
0.922927
0.922112
0.921232
0.920286
0.91928
0.918218
0.917102
0.915936
0.914716
0.913448
0.912134
0.910774
0.909372
0.907932
0.906453
0.904939
0.903389
0.901803
0.900178
0.898515
0.896811
0.895059
0.893257
0.891395
0.889465
0.887458
0.885356
0.883148
0.880808
0.878313
0.87563
0.872715
0.869507
0.865923
0.861853
0.857139
0.851557
0.844808
0.836477
0.826017
0.812712
0.795687
0.773877
0.746106
0.71116
0.667953
0.615752
0.554461
0.484918
0.409133
0.330341
0.252805
0.181258
0.120047
0.072168
0.0385197
0.0177415
0.00678823
0.00204595
0.000448386
6.22812e-05
4.01039e-06
0.723936
0.825238
0.836202
0.834958
0.833522
0.838496
0.851753
0.878615
0.91842
0.965845
1
1
0.999998
1
0.959475
0.882679
0.794924
0.710991
0.635914
0.57046
0.512925
0.462071
0.41841
0.384979
0.397826
0.443642
0.486928
0.521679
0.554312
0.585052
0.614059
0.64022
0.664391
0.686721
0.70735
0.726398
0.743969
0.760163
0.775072
0.788779
0.801369
0.812913
0.823491
0.833158
0.841991
0.850048
0.85739
0.864067
0.870132
0.875633
0.880609
0.885108
0.889165
0.892814
0.896087
0.899014
0.90162
0.903935
0.905973
0.907761
0.909314
0.91065
0.911783
0.912729
0.9135
0.914105
0.914558
0.914865
0.915036
0.915077
0.914998
0.914801
0.914495
0.914084
0.913575
0.912968
0.912272
0.911491
0.910626
0.909684
0.908669
0.907581
0.90643
0.905215
0.903945
0.902622
0.901245
0.899817
0.898346
0.896829
0.895274
0.893684
0.892059
0.890403
0.888717
0.887
0.885254
0.883476
0.881665
0.879816
0.877923
0.87598
0.873978
0.871905
0.869749
0.867488
0.865104
0.86256
0.859823
0.856835
0.853521
0.849778
0.845467
0.84039
0.834279
0.826772
0.8174
0.80555
0.790467
0.77125
0.74688
0.716283
0.678443
0.63257
0.578301
0.515963
0.446774
0.372996
0.297891
0.225458
0.159875
0.104747
0.0623179
0.0329353
0.0150291
0.00570069
0.0017043
0.000370665
5.11063e-05
3.26629e-06
0.724368
0.822603
0.831106
0.8266
0.821858
0.824828
0.837208
0.865394
0.9089
0.962449
0.999998
1
1
0.999998
0.950258
0.858131
0.758622
0.668356
0.590737
0.524911
0.466985
0.414311
0.362313
0.391681
0.420978
0.459751
0.496522
0.528455
0.558616
0.587082
0.613815
0.638164
0.660757
0.681731
0.701572
0.720616
0.737136
0.75239
0.76648
0.779481
0.79146
0.802487
0.812619
0.821913
0.83043
0.838226
0.845347
0.851842
0.857764
0.863146
0.86803
0.872453
0.876451
0.880053
0.883288
0.886185
0.888766
0.891054
0.893072
0.894835
0.896358
0.897663
0.898763
0.899665
0.900387
0.900938
0.901324
0.901559
0.901649
0.901601
0.901421
0.901118
0.900695
0.900158
0.899515
0.89877
0.897925
0.896988
0.895964
0.894857
0.893669
0.892411
0.891082
0.889692
0.888244
0.886742
0.885191
0.883595
0.881957
0.880283
0.878575
0.876841
0.875082
0.873301
0.8715
0.869681
0.867841
0.865984
0.864104
0.862198
0.86026
0.858284
0.856258
0.854173
0.852007
0.849743
0.847351
0.844788
0.842005
0.838932
0.835468
0.831479
0.826785
0.821143
0.814228
0.805625
0.7948
0.781104
0.763769
0.74192
0.714634
0.681009
0.640289
0.592021
0.536235
0.473639
0.405756
0.334985
0.264482
0.19787
0.138707
0.0898587
0.0528778
0.0276527
0.0124915
0.00469235
0.00138976
0.000299503
4.09193e-05
2.59059e-06
0.721078
0.819399
0.826539
0.818899
0.80951
0.809003
0.820288
0.849372
0.896615
0.957848
0.999997
1
1
0.999999
0.939685
0.830225
0.720081
0.627006
0.551701
0.492131
0.444326
0.427099
0.43083
0.442913
0.465181
0.493258
0.521466
0.5481
0.573784
0.598288
0.621408
0.642859
0.662974
0.681876
0.699866
0.717044
0.732161
0.747282
0.760496
0.772411
0.783426
0.793599
0.802986
0.811632
0.819583
0.826882
0.833572
0.839692
0.84528
0.850373
0.85501
0.859212
0.863014
0.866441
0.869519
0.87227
0.874717
0.876878
0.878775
0.880419
0.881829
0.883018
0.883995
0.884779
0.885374
0.885794
0.886046
0.886138
0.886077
0.885874
0.885533
0.885059
0.884461
0.883744
0.882915
0.881977
0.880936
0.8798
0.878574
0.877261
0.875873
0.874411
0.872884
0.871298
0.869656
0.867969
0.866241
0.864475
0.86268
0.860862
0.859024
0.857171
0.85531
0.853439
0.851565
0.849689
0.847807
0.845923
0.844031
0.842125
0.840202
0.838251
0.836257
0.834206
0.832076
0.829834
0.827439
0.824841
0.821961
0.818706
0.81494
0.810487
0.805122
0.798542
0.790374
0.780146
0.767301
0.751177
0.731039
0.70611
0.675629
0.638934
0.595577
0.545468
0.489005
0.427214
0.361812
0.295197
0.230293
0.170235
0.117925
0.0755082
0.0439298
0.0227197
0.0101525
0.00377343
0.00110592
0.000235847
3.18801e-05
1.99591e-06
0.715669
0.813543
0.822593
0.814268
0.797754
0.787957
0.801464
0.830451
0.880849
0.951745
0.999997
0.999998
1
0.999998
0.927457
0.798406
0.680429
0.590787
0.526355
0.492602
0.477493
0.476287
0.483583
0.494678
0.512011
0.532567
0.553885
0.57498
0.595659
0.615627
0.634686
0.652723
0.669872
0.686195
0.701799
0.716596
0.730043
0.743322
0.75508
0.76719
0.776946
0.785985
0.794363
0.802108
0.809252
0.815832
0.821877
0.827425
0.832501
0.83713
0.841346
0.845167
0.848623
0.851733
0.854516
0.856994
0.859183
0.8611
0.862758
0.864175
0.865362
0.866332
0.867093
0.867658
0.868035
0.868233
0.868262
0.868128
0.867838
0.867401
0.866823
0.866113
0.865271
0.864311
0.863235
0.862053
0.860768
0.85939
0.857928
0.856384
0.854769
0.853088
0.851353
0.849567
0.847741
0.84588
0.843996
0.842091
0.840176
0.838255
0.836332
0.834417
0.832511
0.830618
0.828738
0.826873
0.825023
0.823184
0.821348
0.819512
0.817665
0.815787
0.813865
0.811868
0.809765
0.807505
0.80503
0.802261
0.79909
0.795381
0.790958
0.785599
0.779023
0.770886
0.76077
0.748193
0.7326
0.713383
0.689912
0.661577
0.627843
0.588346
0.542974
0.491977
0.436065
0.376472
0.314972
0.25382
0.195569
0.142793
0.0977174
0.0618251
0.0355491
0.0181738
0.00802851
0.0029499
0.000854567
0.00018009
2.40456e-05
1.48594e-06
0.710006
0.802684
0.816748
0.811222
0.796228
0.774775
0.782684
0.809054
0.860598
0.943672
1
0.999999
1
0.999997
0.913059
0.761819
0.642056
0.566675
0.537688
0.524472
0.522171
0.527193
0.533099
0.543637
0.557317
0.572681
0.588687
0.6048
0.620752
0.636329
0.651404
0.665922
0.679899
0.693335
0.70622
0.718456
0.729904
0.741032
0.751213
0.761579
0.770942
0.779039
0.786211
0.792839
0.798963
0.804613
0.809816
0.814591
0.818956
0.822942
0.826559
0.829831
0.832772
0.835405
0.837737
0.839792
0.841575
0.843107
0.844394
0.84545
0.846286
0.84691
0.847333
0.847565
0.847611
0.847482
0.847186
0.846729
0.846118
0.845363
0.844469
0.843447
0.842298
0.841037
0.839668
0.838201
0.836643
0.835001
0.83329
0.83151
0.829678
0.827798
0.825881
0.823936
0.821969
0.819992
0.818013
0.816042
0.814083
0.812143
0.810229
0.808343
0.806487
0.804664
0.802872
0.801109
0.799368
0.797645
0.795925
0.794195
0.792436
0.790618
0.788709
0.786666
0.784427
0.781921
0.779058
0.775717
0.771755
0.76699
0.761207
0.754136
0.74547
0.734844
0.721848
0.706035
0.686927
0.664045
0.636933
0.605221
0.568654
0.527175
0.480985
0.430615
0.37697
0.321349
0.26543
0.21117
0.160648
0.115833
0.0782975
0.0489418
0.0278067
0.014047
0.00613089
0.00222484
0.000636235
0.000132273
1.74098e-05
1.05889e-06
0.703694
0.786312
0.806606
0.806666
0.797147
0.783373
0.772103
0.78718
0.834401
0.932915
1
1
1
1
0.895551
0.719258
0.610447
0.577629
0.566843
0.565184
0.568966
0.572562
0.579503
0.588713
0.599338
0.610742
0.622499
0.634356
0.646157
0.657788
0.669178
0.680281
0.691072
0.70152
0.711591
0.721233
0.730432
0.739311
0.747695
0.75605
0.76371
0.771372
0.777434
0.782777
0.787687
0.792208
0.796363
0.800162
0.803626
0.806761
0.809589
0.812117
0.814357
0.816326
0.818031
0.819481
0.820691
0.821669
0.822422
0.822962
0.823298
0.823436
0.823383
0.823154
0.822751
0.822184
0.821459
0.820586
0.819573
0.818431
0.817164
0.815785
0.814298
0.812718
0.81105
0.809308
0.807497
0.805632
0.80372
0.801771
0.799797
0.797804
0.795805
0.793805
0.791814
0.789842
0.787896
0.785986
0.784114
0.782284
0.7805
0.778757
0.777054
0.775387
0.773745
0.77212
0.770497
0.768854
0.767168
0.765405
0.763528
0.761487
0.759224
0.756664
0.753716
0.750277
0.746215
0.74138
0.735589
0.72864
0.720293
0.710278
0.698304
0.684052
0.667187
0.647374
0.624295
0.597665
0.567268
0.532996
0.494874
0.45311
0.408137
0.360629
0.311537
0.262061
0.213617
0.16775
0.125999
0.089725
0.0599148
0.0370046
0.0207743
0.0103675
0.00446787
0.00159953
0.00045075
9.22335e-05
1.19349e-05
7.11431e-07
0.69599
0.763831
0.788871
0.795847
0.793563
0.78704
0.781806
0.772896
0.800037
0.918265
1
1
0.999999
1
0.873307
0.669263
0.609536
0.602539
0.602812
0.605912
0.608825
0.613962
0.620482
0.627836
0.635678
0.643785
0.652017
0.660286
0.668532
0.676702
0.684761
0.692677
0.700421
0.707965
0.715287
0.72236
0.729184
0.735782
0.742124
0.748323
0.754133
0.759976
0.765753
0.769596
0.773091
0.776277
0.779174
0.781787
0.784127
0.786203
0.788024
0.789598
0.790935
0.792036
0.792916
0.79358
0.794034
0.794287
0.794347
0.794223
0.793922
0.79345
0.792819
0.792034
0.791106
0.790041
0.78885
0.787541
0.786124
0.784608
0.783007
0.781324
0.779574
0.777766
0.77591
0.774016
0.772095
0.770155
0.768206
0.766256
0.764314
0.762389
0.760484
0.758606
0.756757
0.754945
0.753171
0.751434
0.749733
0.748058
0.746402
0.74475
0.743087
0.741392
0.739644
0.737812
0.735862
0.733751
0.731435
0.728854
0.725944
0.722633
0.718831
0.714442
0.709353
0.70344
0.696559
0.688558
0.679269
0.668509
0.656084
0.641795
0.625441
0.606825
0.585766
0.562108
0.535732
0.50658
0.474667
0.440098
0.403099
0.364024
0.323374
0.281812
0.240147
0.199322
0.160371
0.124357
0.0922738
0.0649383
0.0428671
0.0261758
0.014526
0.00716149
0.00304538
0.0010739
0.000297367
5.96375e-05
7.55286e-06
4.40543e-07
0.68501
0.733676
0.75927
0.771828
0.776564
0.77666
0.774416
0.770969
0.757179
0.897167
0.999999
1
1
1
0.842685
0.625652
0.627924
0.630806
0.633479
0.636491
0.640639
0.645367
0.650369
0.655503
0.6607
0.66593
0.671169
0.676401
0.681607
0.686773
0.69188
0.696908
0.701844
0.706668
0.711368
0.715927
0.720348
0.724623
0.728744
0.73273
0.736539
0.740381
0.745009
0.747487
0.749445
0.751139
0.752604
0.753854
0.754898
0.755741
0.756393
0.756855
0.757132
0.757236
0.757172
0.75694
0.756554
0.756021
0.755341
0.754527
0.753587
0.752528
0.751357
0.750081
0.748709
0.747252
0.745717
0.744112
0.742444
0.740722
0.738955
0.737148
0.73531
0.733448
0.731565
0.729669
0.727762
0.725848
0.723928
0.722004
0.720073
0.718134
0.716185
0.714217
0.712223
0.710194
0.708104
0.705935
0.703664
0.701271
0.69873
0.696008
0.693077
0.689899
0.686436
0.682642
0.678471
0.673869
0.668781
0.663146
0.656897
0.649965
0.642272
0.633742
0.624289
0.613831
0.602276
0.589536
0.575523
0.560153
0.543344
0.525025
0.505138
0.483642
0.460517
0.43577
0.409447
0.381629
0.352453
0.322109
0.290852
0.259006
0.226967
0.195205
0.164254
0.134698
0.107146
0.0821933
0.0603687
0.0420726
0.0275101
0.0166376
0.00913873
0.00445343
0.00186737
0.000646819
0.000174949
3.40203e-05
4.15081e-06
2.36986e-07
0.661853
0.69066
0.709831
0.7226
0.730904
0.735918
0.738188
0.736417
0.734117
0.85593
0.999999
1
0.999998
1
0.790047
0.629687
0.632058
0.634311
0.636744
0.639316
0.641976
0.644664
0.647364
0.650071
0.652773
0.655469
0.658148
0.660801
0.663419
0.665991
0.668509
0.670962
0.67334
0.675639
0.677848
0.67996
0.681978
0.683894
0.68571
0.687437
0.689101
0.690822
0.693234
0.693941
0.694159
0.694157
0.693987
0.693652
0.693169
0.692545
0.691779
0.690875
0.689841
0.688676
0.687385
0.685969
0.684437
0.682785
0.681019
0.679141
0.677156
0.675061
0.672865
0.670563
0.668161
0.665657
0.663053
0.660349
0.657542
0.654632
0.651618
0.648496
0.645261
0.641909
0.638436
0.634835
0.631099
0.627218
0.623184
0.618986
0.614613
0.610053
0.605291
0.600312
0.595102
0.589642
0.583959
0.578041
0.571872
0.565437
0.558717
0.551695
0.544353
0.536675
0.528641
0.520237
0.511443
0.502243
0.492619
0.482556
0.472038
0.461049
0.449575
0.437603
0.425122
0.412121
0.398591
0.384529
0.36993
0.354795
0.339128
0.32294
0.306246
0.289068
0.271438
0.253397
0.234999
0.216312
0.197418
0.178424
0.159453
0.140656
0.122209
0.104313
0.0871967
0.0711048
0.0562941
0.0430147
0.0314883
0.0218793
0.0142617
0.00859182
0.0046931
0.00226735
0.00093773
0.000317721
8.2945e-05
1.52314e-05
1.68816e-06
8.04687e-08
)
;

boundaryField
{
    walls
    {
        type            zeroGradient;
    }
    top
    {
        type            zeroGradient;
    }
    bottom
    {
        type            zeroGradient;
    }
    frontAndBack
    {
        type            empty;
    }
    inlet
    {
        type            uniformFixedValue;
        uniformValue    
        {
            type            constant;
            value           1;
        }
        value           uniform 1;
    }
    outlet
    {
        type            zeroGradient;
    }
}


// ************************************************************************* //
