/*--------------------------------*- C++ -*----------------------------------*\
  =========                 |
  \\      /  F ield         | OpenFOAM: The Open Source CFD Toolbox
   \\    /   O peration     | Website:  https://openfoam.org
    \\  /    A nd           | Version:  12
     \\/     M anipulation  |
\*---------------------------------------------------------------------------*/
FoamFile
{
    format      ascii;
    class       volScalarField;
    location    "555";
    object      T;
}
// * * * * * * * * * * * * * * * * * * * * * * * * * * * * * * * * * * * * * //

dimensions      [];

internalField   nonuniform List<scalar> 
4480
(
1.48152e-05
0.000619841
0.0402017
0.173842
0.327272
0.460437
0.566137
0.64744
0.709441
0.756779
0.793129
0.821251
0.843173
0.860389
0.87399
0.884783
0.893366
0.900191
0.905595
0.909832
0.913106
0.915569
0.917339
0.918509
0.91915
0.919323
0.919073
0.918597
0.918115
0.917624
0.917124
0.916612
0.916083
0.915536
0.914968
0.914377
0.91376
0.913114
0.912433
0.911719
0.91097
0.910175
0.909333
0.908445
0.907505
0.906505
0.905444
0.904321
0.903125
0.90185
0.900499
0.899068
0.897541
0.895921
0.894199
0.892367
0.890428
0.888376
0.886195
0.883891
0.881448
0.878868
0.87614
0.873265
0.870227
0.867035
0.863667
0.860137
0.856416
0.852524
0.848434
0.844153
0.839671
0.834984
0.830086
0.82497
0.819632
0.814066
0.808264
0.802223
0.795935
0.789394
0.782595
0.775574
0.768338
0.760884
0.753215
0.74533
0.737234
0.728931
0.720427
0.711734
0.702862
0.693827
0.684651
0.675351
0.665962
0.656513
0.64705
0.637622
0.628287
0.619115
0.610177
0.601581
0.593422
0.585823
0.578925
0.572876
0.567839
0.563993
0.561524
0.560623
0.561478
0.564284
0.569207
0.576405
0.585989
0.598029
0.612542
0.629541
0.649235
0.672333
0.700067
0.73548
0.790646
0.870893
0.926684
0.968288
0.959792
0.899928
0.841166
0.751195
0.668656
0.600177
0.535144
0.470227
0.403253
0.331759
0.253679
0.16302
6.04022e-06
0.0133601
0.168972
0.398637
0.58602
0.716005
0.801875
0.858165
0.895413
0.920493
0.93773
0.949834
0.958522
0.964882
0.969613
0.973192
0.975926
0.978029
0.97965
0.980899
0.981852
0.98256
0.983068
0.983404
0.983595
0.983654
0.983597
0.983333
0.982783
0.981975
0.980938
0.979701
0.978292
0.976735
0.975051
0.973266
0.971398
0.969465
0.967476
0.965451
0.963399
0.961329
0.959245
0.957157
0.955069
0.952981
0.950899
0.94882
0.946744
0.94467
0.942597
0.940527
0.93845
0.936365
0.934271
0.932159
0.930034
0.927884
0.925708
0.923505
0.921262
0.918988
0.916666
0.9143
0.911886
0.909426
0.906904
0.904321
0.901681
0.898981
0.896211
0.893375
0.890468
0.887493
0.884438
0.881311
0.878106
0.874818
0.87146
0.868019
0.864494
0.860897
0.857213
0.853462
0.849655
0.845783
0.841852
0.837876
0.833848
0.829787
0.825696
0.821586
0.817469
0.813364
0.80929
0.805261
0.801312
0.797461
0.793743
0.790202
0.786878
0.783814
0.781068
0.77869
0.776758
0.775325
0.774479
0.774284
0.774834
0.776206
0.778486
0.781744
0.786062
0.791501
0.798107
0.805919
0.814944
0.825184
0.836622
0.84926
0.863155
0.87845
0.895324
0.913906
0.93402
0.954004
0.970563
0.9814
0.971705
0.938142
0.903124
0.863595
0.820021
0.772475
0.719949
0.661122
0.594269
0.5174
0.42885
0.329184
0.000958263
0.0782308
0.354713
0.604738
0.764878
0.857478
0.909955
0.9401
0.957933
0.968892
0.975911
0.980614
0.983894
0.986269
0.988037
0.989386
0.990431
0.991245
0.991882
0.992379
0.992763
0.993049
0.993258
0.993399
0.99348
0.993508
0.993487
0.993404
0.993229
0.992962
0.9926
0.992137
0.991573
0.990897
0.990114
0.989219
0.988216
0.987109
0.985902
0.9846
0.983212
0.981745
0.980207
0.978606
0.976948
0.975247
0.973504
0.971728
0.969924
0.9681
0.96626
0.964408
0.962544
0.960672
0.958799
0.956918
0.955038
0.953155
0.951268
0.949381
0.947489
0.945597
0.943697
0.941796
0.939888
0.937971
0.936048
0.934116
0.932171
0.93022
0.928248
0.926269
0.924273
0.922263
0.920231
0.918186
0.916126
0.914043
0.911943
0.909831
0.907694
0.905546
0.903373
0.901193
0.898993
0.89679
0.894585
0.892379
0.890171
0.887978
0.885799
0.883645
0.881528
0.879452
0.877435
0.875494
0.873643
0.871899
0.87029
0.86884
0.867571
0.866513
0.865708
0.865179
0.864974
0.865133
0.865688
0.866689
0.868183
0.870201
0.872786
0.87597
0.879785
0.884244
0.889361
0.895124
0.901526
0.908531
0.916101
0.924193
0.932752
0.941702
0.950914
0.960137
0.96896
0.976743
0.982614
0.985456
0.978458
0.956859
0.934343
0.909439
0.880899
0.847404
0.80734
0.758632
0.698582
0.623889
0.531126
0.418079
0.0110096
0.222979
0.554328
0.768077
0.878189
0.931933
0.958508
0.97225
0.979827
0.984348
0.987281
0.989341
0.990884
0.992085
0.993041
0.993808
0.99443
0.994928
0.995327
0.995641
0.995886
0.99607
0.996204
0.996298
0.996354
0.996378
0.996373
0.996335
0.996259
0.996146
0.995992
0.995792
0.995545
0.995245
0.994883
0.994458
0.993966
0.993397
0.992754
0.992032
0.991232
0.990354
0.9894
0.988373
0.987277
0.986118
0.984897
0.983625
0.982303
0.980941
0.979544
0.978113
0.976659
0.975183
0.973692
0.972191
0.970682
0.969166
0.967651
0.966134
0.964624
0.963113
0.961611
0.960118
0.95863
0.957151
0.955684
0.954222
0.952773
0.951329
0.949893
0.948468
0.947049
0.945639
0.944234
0.942834
0.941441
0.940059
0.93868
0.937303
0.935933
0.934572
0.933222
0.931868
0.930523
0.929188
0.927863
0.926556
0.925267
0.923998
0.922754
0.921544
0.920375
0.919248
0.918183
0.917179
0.916259
0.915425
0.914697
0.914092
0.913628
0.91332
0.913193
0.913266
0.913568
0.914112
0.914934
0.916051
0.917486
0.919261
0.921396
0.923902
0.926791
0.930065
0.933713
0.937722
0.94207
0.946722
0.951631
0.956738
0.961973
0.967227
0.972364
0.977184
0.981428
0.98475
0.986693
0.986599
0.981594
0.966641
0.950458
0.932703
0.912302
0.887874
0.857507
0.818418
0.766594
0.696275
0.599733
0.467644
0.0507345
0.417838
0.729334
0.878418
0.940679
0.966741
0.978384
0.984152
0.987414
0.989564
0.991162
0.992451
0.993525
0.994425
0.995173
0.995784
0.99628
0.996676
0.996984
0.997221
0.9974
0.99753
0.997623
0.997683
0.99772
0.997737
0.997737
0.997717
0.997674
0.997609
0.997521
0.997408
0.99727
0.997103
0.996906
0.996674
0.996401
0.996087
0.995725
0.995314
0.994846
0.994326
0.993744
0.993106
0.992408
0.991652
0.990843
0.98998
0.989066
0.988107
0.987106
0.986068
0.984997
0.983898
0.982777
0.981639
0.980487
0.979321
0.978153
0.97698
0.975808
0.974639
0.973479
0.972328
0.971181
0.970052
0.968933
0.967827
0.966737
0.965662
0.964601
0.963553
0.962524
0.961509
0.96051
0.959524
0.958557
0.957601
0.956656
0.95573
0.954815
0.953913
0.953027
0.952152
0.95129
0.950443
0.94961
0.948792
0.947996
0.947223
0.946476
0.945757
0.945076
0.944434
0.943836
0.943291
0.942809
0.942398
0.942064
0.941826
0.941685
0.941659
0.941763
0.94201
0.942411
0.942986
0.943744
0.9447
0.945868
0.947263
0.948882
0.95074
0.952831
0.955157
0.957705
0.960454
0.963386
0.966464
0.969649
0.972882
0.976096
0.979208
0.982104
0.984641
0.986637
0.987864
0.988006
0.986601
0.982611
0.971985
0.959304
0.945455
0.929723
0.911046
0.887719
0.856859
0.813691
0.75008
0.65255
0.499546
0.137084
0.612112
0.854684
0.940505
0.969907
0.980969
0.985855
0.988499
0.990277
0.991701
0.992955
0.994068
0.995035
0.995855
0.996523
0.997058
0.997472
0.997784
0.998014
0.998175
0.998282
0.99835
0.998391
0.998412
0.998419
0.998419
0.998413
0.998403
0.998377
0.998337
0.998284
0.998215
0.998131
0.99803
0.99791
0.997769
0.997606
0.997414
0.997195
0.996944
0.996659
0.996335
0.995971
0.995566
0.995118
0.994624
0.994087
0.993505
0.992883
0.992219
0.991517
0.990779
0.99001
0.989212
0.988389
0.987546
0.986687
0.985814
0.984929
0.984041
0.983153
0.982262
0.981377
0.980496
0.979623
0.978764
0.977912
0.977076
0.976258
0.975449
0.974658
0.973882
0.973125
0.972384
0.971657
0.970949
0.970253
0.969577
0.968917
0.968268
0.967635
0.96702
0.966419
0.965835
0.965257
0.964695
0.96415
0.96362
0.963106
0.962612
0.962142
0.961697
0.961279
0.960891
0.96054
0.960231
0.959969
0.959763
0.959611
0.959525
0.959517
0.959587
0.959751
0.960015
0.960386
0.960878
0.961492
0.962246
0.96314
0.964178
0.965371
0.966712
0.9682
0.969831
0.971595
0.97347
0.975439
0.977469
0.979528
0.981565
0.983525
0.985337
0.986912
0.98814
0.988885
0.988968
0.988152
0.986105
0.982361
0.974862
0.96439
0.952883
0.939902
0.924721
0.906077
0.881448
0.846137
0.790586
0.695595
0.522622
0.265322
0.770969
0.928495
0.969397
0.981621
0.986318
0.988717
0.990326
0.991668
0.992924
0.994126
0.995224
0.996163
0.996928
0.997527
0.99798
0.998305
0.998523
0.998654
0.99872
0.998737
0.998723
0.998691
0.998655
0.99862
0.998593
0.998575
0.998567
0.998555
0.998537
0.998514
0.998483
0.998443
0.998392
0.998331
0.998253
0.998161
0.99805
0.997919
0.997768
0.997592
0.997388
0.997158
0.996897
0.996607
0.996282
0.995923
0.995529
0.995104
0.994644
0.994153
0.993633
0.993083
0.992507
0.991909
0.991292
0.990655
0.990007
0.989349
0.988683
0.988012
0.987339
0.986669
0.986
0.985341
0.984689
0.984043
0.983411
0.98279
0.982184
0.981589
0.981011
0.980444
0.979896
0.979362
0.978842
0.978334
0.977842
0.977367
0.976908
0.976457
0.976024
0.975608
0.975197
0.974801
0.974417
0.974046
0.973687
0.973345
0.973019
0.972708
0.972418
0.972154
0.971909
0.971695
0.971509
0.971361
0.97125
0.971181
0.971162
0.971193
0.971287
0.971446
0.971673
0.971978
0.972364
0.972838
0.973404
0.974063
0.974824
0.975679
0.976631
0.977677
0.978811
0.980017
0.981281
0.982586
0.983908
0.985213
0.986462
0.987607
0.988586
0.989327
0.989742
0.989716
0.989106
0.98773
0.985337
0.981614
0.975956
0.967309
0.95737
0.946133
0.93308
0.917376
0.896998
0.867923
0.820426
0.730929
0.540807
0.416082
0.879493
0.963733
0.980683
0.986002
0.98848
0.990055
0.991338
0.992568
0.993824
0.995067
0.996174
0.997081
0.99778
0.998293
0.998647
0.998865
0.998969
0.998981
0.998924
0.998824
0.9987
0.998576
0.998461
0.998368
0.998302
0.998266
0.998256
0.998256
0.998262
0.998272
0.998281
0.998289
0.998293
0.998289
0.998275
0.998249
0.998209
0.998155
0.998081
0.997991
0.997878
0.997742
0.997584
0.997399
0.997191
0.996957
0.996694
0.996404
0.99609
0.995748
0.99538
0.994989
0.994578
0.994144
0.993692
0.993226
0.992746
0.992256
0.991759
0.991259
0.990751
0.990246
0.989743
0.98924
0.988745
0.988257
0.98778
0.987308
0.986848
0.9864
0.985966
0.98554
0.985131
0.98473
0.984343
0.98397
0.983607
0.98326
0.982924
0.982597
0.982288
0.981987
0.981698
0.981416
0.981146
0.980885
0.980633
0.980395
0.980173
0.979959
0.979763
0.979587
0.979424
0.979282
0.979166
0.979074
0.979012
0.978979
0.978984
0.979024
0.979111
0.979237
0.979417
0.979651
0.979938
0.980289
0.980698
0.981174
0.981712
0.982318
0.98298
0.983699
0.98447
0.985278
0.986111
0.986952
0.987778
0.988559
0.989266
0.989849
0.990265
0.990444
0.990315
0.989779
0.98872
0.986988
0.9844
0.980731
0.975743
0.968848
0.960046
0.950022
0.938351
0.92449
0.906828
0.8822
0.841685
0.759421
0.55607
0.571708
0.937396
0.977037
0.984822
0.987878
0.989594
0.990864
0.992027
0.993253
0.994569
0.995876
0.996989
0.997838
0.998451
0.998862
0.999105
0.999197
0.99916
0.999021
0.998807
0.998553
0.998289
0.998038
0.997821
0.99765
0.997534
0.997471
0.99746
0.997472
0.997506
0.997556
0.997617
0.997682
0.997752
0.997819
0.997879
0.997929
0.997966
0.997988
0.997995
0.997982
0.997953
0.997901
0.997828
0.997733
0.997616
0.997475
0.997312
0.997126
0.996917
0.996686
0.996433
0.996161
0.995869
0.995558
0.995234
0.994892
0.994541
0.994178
0.993808
0.993434
0.993055
0.992673
0.992292
0.991915
0.991539
0.99117
0.990806
0.990449
0.990102
0.989763
0.989433
0.989113
0.988799
0.988499
0.988209
0.987929
0.98766
0.9874
0.987151
0.986909
0.986681
0.986461
0.98625
0.986044
0.985847
0.98566
0.985481
0.985311
0.985148
0.984999
0.984857
0.984733
0.984619
0.984522
0.984442
0.984381
0.984337
0.98432
0.984325
0.984361
0.984423
0.984519
0.984649
0.984817
0.985021
0.98527
0.985557
0.985887
0.986256
0.986669
0.987113
0.987591
0.988093
0.988609
0.989124
0.989629
0.990095
0.990501
0.990815
0.990999
0.991012
0.990791
0.990274
0.98938
0.988011
0.986044
0.983335
0.979722
0.975031
0.969099
0.961512
0.952391
0.94169
0.929059
0.913115
0.891433
0.856327
0.781702
0.569509
0.713498
0.958833
0.981359
0.986681
0.988927
0.990302
0.991423
0.992549
0.99381
0.995212
0.996593
0.997685
0.998454
0.998963
0.999267
0.999383
0.999327
0.999113
0.998778
0.99836
0.997904
0.997453
0.99704
0.996692
0.996424
0.996243
0.996151
0.996135
0.996166
0.996236
0.996337
0.996464
0.996606
0.996757
0.996911
0.997062
0.997203
0.997333
0.997446
0.997542
0.99762
0.997676
0.997708
0.997719
0.997708
0.997677
0.99762
0.997542
0.997442
0.997322
0.997177
0.997015
0.996834
0.996634
0.99642
0.996193
0.995948
0.995696
0.995432
0.995158
0.994882
0.9946
0.994315
0.994029
0.993745
0.993461
0.993182
0.992908
0.992636
0.992373
0.992111
0.991862
0.991617
0.991383
0.991154
0.990933
0.990721
0.990515
0.990321
0.990131
0.989951
0.989779
0.989613
0.989457
0.989303
0.989158
0.989019
0.988884
0.988756
0.988637
0.988525
0.988421
0.988325
0.988243
0.98817
0.98811
0.98806
0.988027
0.988012
0.98801
0.988032
0.988071
0.988132
0.98822
0.988331
0.988468
0.98863
0.988817
0.989033
0.989273
0.989533
0.989812
0.990104
0.990403
0.990698
0.990976
0.991223
0.991419
0.991542
0.991562
0.991448
0.991155
0.990636
0.989831
0.988676
0.987079
0.984949
0.982161
0.978596
0.974113
0.968574
0.961851
0.953699
0.943726
0.931969
0.917157
0.897373
0.866101
0.798427
0.581778
0.806943
0.970132
0.984124
0.987811
0.989609
0.990795
0.991831
0.992953
0.99427
0.995779
0.997226
0.998273
0.998939
0.999341
0.99953
0.999506
0.999265
0.998828
0.998236
0.997553
0.996836
0.996144
0.995524
0.995012
0.994622
0.994368
0.994242
0.994224
0.994281
0.9944
0.994572
0.994784
0.995024
0.995281
0.995546
0.995809
0.996064
0.996305
0.99653
0.996732
0.996912
0.997068
0.997197
0.9973
0.997377
0.997429
0.997456
0.997459
0.997439
0.997397
0.997332
0.997248
0.997147
0.997026
0.996889
0.996737
0.996573
0.996399
0.996211
0.996018
0.995817
0.995611
0.995402
0.995191
0.994978
0.994766
0.994557
0.994347
0.994144
0.993941
0.993746
0.993556
0.993369
0.99319
0.993013
0.992847
0.992684
0.992529
0.992378
0.992231
0.992092
0.991963
0.991834
0.991714
0.9916
0.991487
0.991378
0.991274
0.991179
0.991084
0.990999
0.990917
0.990841
0.990774
0.990711
0.990662
0.99062
0.990587
0.990563
0.990555
0.990559
0.990576
0.990605
0.990654
0.990713
0.990793
0.990884
0.990992
0.991114
0.991248
0.991392
0.99154
0.991685
0.991823
0.991945
0.992035
0.992083
0.992065
0.991965
0.991757
0.991408
0.990881
0.990131
0.989107
0.987749
0.985983
0.983728
0.980888
0.977358
0.973023
0.96776
0.961436
0.95388
0.944826
0.933725
0.919717
0.901169
0.872435
0.810345
0.593289
0.876631
0.976428
0.985931
0.988711
0.990115
0.991141
0.992127
0.993264
0.994654
0.996274
0.997789
0.99876
0.999309
0.999605
0.999678
0.999488
0.999014
0.998282
0.997358
0.996326
0.995275
0.994283
0.993409
0.992698
0.992168
0.99183
0.991675
0.991661
0.991755
0.991946
0.992211
0.992537
0.992904
0.993295
0.993699
0.994105
0.994501
0.994882
0.995239
0.995569
0.995868
0.996139
0.996379
0.996583
0.99676
0.996904
0.997018
0.997105
0.997165
0.9972
0.997211
0.997199
0.997168
0.997118
0.99705
0.996966
0.996869
0.996758
0.996639
0.996508
0.996371
0.996227
0.996078
0.995925
0.995773
0.995617
0.995461
0.995306
0.995152
0.995001
0.994853
0.994708
0.994566
0.994428
0.994294
0.994165
0.994042
0.99392
0.993802
0.99369
0.993583
0.993482
0.993381
0.993287
0.993194
0.993108
0.99302
0.992938
0.99286
0.992783
0.99271
0.992643
0.992579
0.992518
0.992465
0.992417
0.992374
0.992337
0.992309
0.992285
0.99227
0.992264
0.992268
0.992278
0.992297
0.992324
0.992356
0.992397
0.992443
0.99249
0.992534
0.992574
0.992602
0.992609
0.992586
0.992525
0.99241
0.992225
0.991947
0.991553
0.991016
0.990299
0.989361
0.988162
0.986647
0.984747
0.982399
0.979518
0.976013
0.971784
0.96672
0.960684
0.953497
0.944889
0.934414
0.921228
0.903522
0.876391
0.818237
0.604337
0.919304
0.980309
0.987171
0.989355
0.990529
0.991407
0.992338
0.993497
0.994963
0.996701
0.998279
0.999148
0.999577
0.999779
0.999731
0.999335
0.998554
0.997435
0.996081
0.994609
0.993144
0.991783
0.990606
0.989661
0.988973
0.988551
0.988376
0.988376
0.988531
0.988818
0.989211
0.989684
0.990214
0.990779
0.991359
0.99194
0.992509
0.993055
0.993572
0.994053
0.994497
0.9949
0.995263
0.995586
0.99587
0.996115
0.996327
0.996502
0.996645
0.996759
0.996846
0.996909
0.996944
0.99696
0.996957
0.996935
0.996898
0.996845
0.996784
0.996707
0.996625
0.996533
0.996436
0.996334
0.996226
0.996118
0.996006
0.995894
0.995782
0.99567
0.99556
0.995452
0.995346
0.995239
0.995138
0.995037
0.994941
0.994846
0.994755
0.994669
0.994582
0.994498
0.99442
0.994342
0.994267
0.994194
0.994124
0.994054
0.993988
0.993921
0.993858
0.993799
0.99374
0.993682
0.99363
0.993581
0.993532
0.99349
0.993449
0.993411
0.993379
0.993351
0.993324
0.993304
0.993285
0.993267
0.993248
0.993232
0.993209
0.993182
0.993145
0.993093
0.993018
0.992919
0.992779
0.992591
0.992338
0.99201
0.991583
0.991036
0.99034
0.989469
0.988381
0.987038
0.985395
0.983389
0.980964
0.978048
0.974561
0.970411
0.965492
0.959668
0.952758
0.944492
0.934421
0.921721
0.904653
0.878507
0.822806
0.615116
0.938073
0.983993
0.988054
0.989817
0.990818
0.991631
0.992494
0.993659
0.995202
0.997063
0.998706
0.99945
0.999759
0.999888
0.999703
0.99904
0.997857
0.996238
0.994337
0.992323
0.990354
0.988556
0.987027
0.985824
0.98497
0.984468
0.984293
0.984328
0.984572
0.98499
0.985549
0.986212
0.986948
0.987725
0.988521
0.989316
0.990088
0.990831
0.991536
0.992192
0.9928
0.993357
0.993862
0.994316
0.994721
0.995079
0.995394
0.995666
0.9959
0.996098
0.996262
0.996397
0.996503
0.996585
0.996643
0.996679
0.9967
0.996702
0.996691
0.996667
0.99663
0.996585
0.996531
0.996473
0.996406
0.996337
0.996263
0.996187
0.996109
0.99603
0.995951
0.99587
0.99579
0.995712
0.995635
0.995556
0.995483
0.995407
0.995336
0.995263
0.995195
0.995126
0.995061
0.994996
0.994935
0.994871
0.994809
0.994749
0.994688
0.994629
0.994568
0.99451
0.994452
0.994396
0.99434
0.994285
0.99423
0.994176
0.994125
0.994074
0.994022
0.993972
0.99392
0.993867
0.993812
0.993754
0.993691
0.99362
0.993541
0.993449
0.993339
0.993206
0.993046
0.992851
0.992609
0.992312
0.991948
0.991497
0.990942
0.990264
0.989437
0.988433
0.987218
0.985759
0.984007
0.981913
0.979427
0.976482
0.973006
0.968914
0.964104
0.958439
0.951739
0.943736
0.933982
0.921675
0.905113
0.879736
0.825778
0.622902
0.949731
0.985338
0.988694
0.990141
0.991012
0.991768
0.992629
0.993752
0.995371
0.997357
0.999067
0.999669
0.999875
0.999948
0.9996
0.998584
0.996877
0.994625
0.99205
0.989381
0.986817
0.984519
0.982595
0.981111
0.98009
0.979526
0.97938
0.979483
0.979856
0.980453
0.981229
0.982132
0.983119
0.984156
0.985209
0.986253
0.987267
0.988239
0.989156
0.99001
0.990803
0.99153
0.992193
0.992792
0.99333
0.993811
0.994239
0.994612
0.994941
0.995227
0.995474
0.995684
0.995861
0.996008
0.996129
0.996224
0.996298
0.996353
0.996391
0.996414
0.996422
0.996419
0.996405
0.996383
0.996354
0.996317
0.996276
0.99623
0.996181
0.996127
0.996073
0.996019
0.995961
0.995903
0.995845
0.995786
0.995726
0.995668
0.995608
0.99555
0.995492
0.995436
0.99538
0.995324
0.995267
0.995211
0.995153
0.995098
0.995038
0.994982
0.994923
0.994863
0.994803
0.994744
0.994682
0.994621
0.994557
0.994492
0.994428
0.994358
0.994289
0.994217
0.994138
0.994056
0.993968
0.993872
0.993767
0.993649
0.993517
0.993365
0.99319
0.992989
0.992752
0.992472
0.99214
0.991748
0.991281
0.990724
0.990061
0.98927
0.98833
0.987214
0.985894
0.984332
0.982489
0.980326
0.977788
0.974816
0.971348
0.967298
0.96257
0.957028
0.950495
0.9427
0.933202
0.921209
0.905057
0.880287
0.827643
0.628347
0.957756
0.986356
0.989204
0.990347
0.991105
0.991826
0.992697
0.993832
0.995469
0.99758
0.999366
0.999821
0.999942
0.999979
0.999423
0.997941
0.995563
0.992528
0.989145
0.985708
0.982463
0.979599
0.977245
0.975469
0.974296
0.973701
0.973553
0.973771
0.974337
0.975182
0.976242
0.977452
0.978755
0.980105
0.981462
0.982796
0.984085
0.985313
0.986469
0.987545
0.988539
0.989452
0.990284
0.991038
0.991718
0.992328
0.992874
0.99336
0.993788
0.994165
0.994497
0.994784
0.995032
0.995246
0.995428
0.995582
0.99571
0.995815
0.9959
0.995967
0.996016
0.996052
0.996077
0.996088
0.996091
0.996086
0.996073
0.996054
0.99603
0.996001
0.995968
0.995931
0.995893
0.995851
0.995808
0.995764
0.995719
0.99567
0.995622
0.995575
0.995523
0.995472
0.995422
0.995372
0.99532
0.995265
0.995212
0.995155
0.995098
0.995039
0.994978
0.994916
0.99485
0.994785
0.994716
0.994646
0.99457
0.994493
0.994412
0.994327
0.994238
0.99414
0.994039
0.993929
0.993806
0.993675
0.993529
0.993368
0.993187
0.992981
0.992747
0.992482
0.992175
0.991819
0.991411
0.990933
0.990376
0.989726
0.988966
0.988076
0.987039
0.985825
0.984413
0.982768
0.980851
0.978625
0.976045
0.973053
0.969587
0.965573
0.960906
0.955462
0.949063
0.941437
0.932148
0.920416
0.904598
0.880321
0.828679
0.632009
0.96353
0.987089
0.989497
0.990457
0.991118
0.991795
0.992684
0.993889
0.995511
0.997731
0.999608
0.999916
0.999977
0.999993
0.99916
0.997078
0.993863
0.989884
0.985553
0.981236
0.977227
0.973741
0.970927
0.968863
0.967563
0.966987
0.966871
0.967268
0.968096
0.969263
0.970678
0.97226
0.973938
0.975653
0.977358
0.97902
0.980615
0.982121
0.983533
0.984847
0.986055
0.987163
0.988172
0.989088
0.989915
0.990658
0.991325
0.991922
0.992452
0.992923
0.993338
0.993705
0.994026
0.994307
0.994551
0.994764
0.994943
0.995098
0.995228
0.995336
0.995428
0.995499
0.995557
0.995603
0.995635
0.995658
0.995671
0.995675
0.995673
0.995664
0.995651
0.99563
0.995607
0.995578
0.995549
0.995515
0.995478
0.995439
0.995399
0.995357
0.995312
0.995267
0.995219
0.995169
0.995117
0.995065
0.995009
0.994952
0.994893
0.99483
0.994765
0.994695
0.994625
0.99455
0.994473
0.99439
0.994303
0.994213
0.994115
0.994012
0.993902
0.993783
0.993655
0.993515
0.993364
0.993195
0.993013
0.992808
0.992582
0.992327
0.992039
0.991714
0.991343
0.990922
0.990439
0.989885
0.989248
0.988514
0.98767
0.986697
0.985574
0.984279
0.982787
0.981068
0.979085
0.976809
0.974193
0.971182
0.967719
0.96373
0.959117
0.953753
0.947463
0.93998
0.930873
0.919359
0.903831
0.879957
0.829069
0.63429
0.967791
0.987603
0.989647
0.990471
0.991038
0.991677
0.992582
0.993861
0.995549
0.997805
0.999792
0.999969
0.999994
0.999998
0.998802
0.995956
0.991723
0.986635
0.981221
0.97592
0.971068
0.966909
0.963613
0.961269
0.959886
0.959398
0.959428
0.96009
0.96127
0.96284
0.964689
0.966711
0.968816
0.970938
0.973023
0.975039
0.976953
0.978756
0.980432
0.981985
0.983413
0.984717
0.985905
0.986982
0.987955
0.988834
0.989622
0.990327
0.990959
0.991523
0.992023
0.992466
0.992858
0.993205
0.993509
0.993774
0.994009
0.994209
0.994385
0.994533
0.994662
0.994768
0.994859
0.994933
0.994995
0.995041
0.995078
0.995103
0.995121
0.995129
0.995132
0.995125
0.995116
0.995098
0.995077
0.995053
0.995024
0.994991
0.994955
0.994915
0.994875
0.994829
0.994781
0.994733
0.99468
0.994627
0.994568
0.994508
0.994443
0.994375
0.994302
0.994226
0.994144
0.994062
0.993972
0.993878
0.993778
0.993671
0.993557
0.993433
0.993301
0.993161
0.993006
0.99284
0.992658
0.992457
0.992236
0.991993
0.991722
0.991418
0.991081
0.990702
0.990273
0.989787
0.989239
0.988617
0.987909
0.987105
0.986184
0.985135
0.983937
0.98257
0.98101
0.979226
0.977193
0.974874
0.972225
0.9692
0.965742
0.961776
0.957208
0.951912
0.945718
0.938357
0.929404
0.918091
0.902809
0.879275
0.828962
0.635505
0.970979
0.987956
0.989691
0.990386
0.99087
0.991463
0.992386
0.993744
0.995565
0.99782
0.999919
0.999992
0.999998
0.999999
0.998336
0.994539
0.989094
0.982736
0.976116
0.969738
0.96397
0.959084
0.955282
0.952678
0.951282
0.950898
0.951189
0.952257
0.953932
0.956041
0.958429
0.96097
0.963561
0.966129
0.968618
0.970995
0.973236
0.975329
0.977267
0.979053
0.980689
0.982182
0.98354
0.984771
0.985882
0.986888
0.987791
0.988602
0.989327
0.989977
0.990559
0.991079
0.991538
0.991949
0.99231
0.992629
0.992911
0.99316
0.993374
0.993563
0.993724
0.993864
0.993984
0.994087
0.994171
0.994242
0.994297
0.994342
0.994376
0.9944
0.994414
0.994421
0.994422
0.994415
0.994401
0.994382
0.994358
0.994328
0.994294
0.994257
0.994217
0.994172
0.994122
0.99407
0.994014
0.993957
0.993892
0.993826
0.993754
0.99368
0.9936
0.993514
0.993424
0.993328
0.993225
0.993118
0.993001
0.992878
0.992745
0.992602
0.992449
0.992285
0.992106
0.991912
0.991697
0.991464
0.991208
0.990926
0.990615
0.990266
0.989882
0.98945
0.988968
0.988427
0.98782
0.987133
0.986362
0.98549
0.984504
0.983389
0.982127
0.980697
0.979078
0.977245
0.975167
0.972809
0.970139
0.967104
0.963653
0.959704
0.95518
0.949949
0.943838
0.936587
0.927775
0.916639
0.901586
0.878345
0.828472
0.635882
0.973381
0.988163
0.989633
0.990186
0.990611
0.991153
0.992084
0.993528
0.995492
0.997832
0.999988
1
1
1
0.997743
0.992792
0.985941
0.978162
0.970229
0.962694
0.955941
0.950268
0.945929
0.943096
0.941784
0.94134
0.942096
0.943804
0.946199
0.949034
0.952107
0.955262
0.958395
0.961433
0.964331
0.967063
0.969609
0.971974
0.974149
0.976146
0.97797
0.979634
0.981143
0.98251
0.983745
0.984863
0.98587
0.986776
0.987589
0.988318
0.988972
0.989558
0.99008
0.990547
0.990962
0.99133
0.991656
0.991945
0.992199
0.992423
0.992617
0.992787
0.992933
0.99306
0.993166
0.993255
0.99333
0.993392
0.99344
0.993475
0.993502
0.993517
0.993526
0.993525
0.993515
0.993501
0.99348
0.993453
0.993418
0.993382
0.993339
0.99329
0.993237
0.993183
0.993121
0.993057
0.992987
0.992912
0.992831
0.992747
0.992655
0.992559
0.992458
0.992348
0.992233
0.992108
0.991976
0.991834
0.991684
0.991521
0.991345
0.991157
0.990952
0.990728
0.990484
0.99022
0.98993
0.989612
0.989259
0.988872
0.98844
0.987963
0.987431
0.986837
0.986175
0.985434
0.984607
0.983676
0.982629
0.981459
0.98014
0.978657
0.976988
0.975113
0.972999
0.970614
0.967928
0.964884
0.961439
0.957518
0.953032
0.947856
0.941828
0.934685
0.926005
0.915037
0.900196
0.87721
0.827678
0.63559
0.975165
0.988263
0.989494
0.989912
0.990254
0.990732
0.991668
0.993201
0.995327
0.997844
1
0.999999
0.999998
0.999999
0.997009
0.990685
0.982234
0.972907
0.963584
0.954839
0.947039
0.94049
0.935537
0.932508
0.931428
0.931376
0.932815
0.93537
0.938657
0.94234
0.946167
0.949968
0.95364
0.957122
0.960394
0.963432
0.966246
0.968833
0.971203
0.973371
0.975347
0.977145
0.978777
0.980256
0.981594
0.982805
0.983896
0.984878
0.985765
0.986564
0.987278
0.987921
0.988497
0.989012
0.989471
0.989882
0.990248
0.990573
0.990862
0.991115
0.991338
0.991531
0.991702
0.99185
0.991974
0.992083
0.992171
0.992246
0.992305
0.99235
0.992384
0.992405
0.99242
0.992423
0.992418
0.992404
0.992381
0.992355
0.992318
0.992279
0.99223
0.99218
0.992122
0.992059
0.991991
0.991919
0.991839
0.991754
0.991664
0.991569
0.991467
0.991356
0.991241
0.991118
0.990985
0.990845
0.990695
0.990536
0.990365
0.99018
0.989984
0.989768
0.989537
0.989289
0.989016
0.988719
0.988398
0.988041
0.987654
0.987225
0.986753
0.986232
0.985653
0.985013
0.984301
0.983511
0.98263
0.981649
0.980554
0.979332
0.977965
0.976439
0.974729
0.972818
0.970676
0.968271
0.965573
0.962533
0.959098
0.955202
0.950753
0.945641
0.939693
0.932654
0.924109
0.913306
0.89866
0.875917
0.82664
0.634763
0.976464
0.988274
0.989286
0.989561
0.989795
0.990196
0.991125
0.99275
0.995061
0.997802
1
1
0.999998
0.999997
0.996128
0.988191
0.977963
0.966996
0.956254
0.946282
0.937375
0.929812
0.924071
0.920866
0.919573
0.920432
0.923253
0.927263
0.931831
0.93654
0.941151
0.945554
0.949679
0.953512
0.957056
0.960315
0.963305
0.966044
0.968546
0.970827
0.972906
0.974794
0.976508
0.978062
0.979474
0.980749
0.9819
0.982944
0.983884
0.984732
0.985496
0.986182
0.9868
0.987354
0.987853
0.988294
0.988691
0.989044
0.98936
0.989638
0.989882
0.990098
0.990286
0.99045
0.990592
0.990712
0.990811
0.990894
0.990963
0.991015
0.991056
0.991081
0.991095
0.991099
0.991095
0.99108
0.991056
0.991025
0.990986
0.990941
0.990888
0.990828
0.990763
0.99069
0.990614
0.990532
0.990441
0.990346
0.990244
0.990134
0.990019
0.989896
0.989765
0.989624
0.989476
0.989317
0.98915
0.98897
0.988776
0.988571
0.98835
0.988113
0.987854
0.987578
0.987276
0.986951
0.986595
0.986205
0.985782
0.985316
0.984806
0.984243
0.983623
0.982941
0.982187
0.981352
0.980425
0.9794
0.978263
0.976999
0.975591
0.974031
0.97229
0.970351
0.968189
0.965772
0.963069
0.960033
0.956614
0.952748
0.948348
0.943298
0.93743
0.930499
0.922089
0.911454
0.897005
0.87449
0.825398
0.633495
0.977357
0.988207
0.989014
0.989103
0.989181
0.989533
0.990448
0.992162
0.994678
0.997697
0.999997
0.999997
0.999998
0.999996
0.995088
0.985285
0.973124
0.960492
0.948376
0.937239
0.927201
0.918424
0.911474
0.90795
0.906795
0.909708
0.914983
0.921023
0.92699
0.932587
0.937759
0.942517
0.946881
0.950878
0.954537
0.957881
0.960936
0.963728
0.966275
0.968594
0.970709
0.972639
0.974389
0.975978
0.97742
0.978733
0.979921
0.980995
0.981966
0.982845
0.983638
0.984353
0.984998
0.985579
0.9861
0.986567
0.986986
0.987359
0.987692
0.987988
0.988249
0.988477
0.98868
0.988854
0.989002
0.989133
0.98924
0.989327
0.9894
0.989454
0.989495
0.989522
0.989536
0.989538
0.989531
0.989513
0.989483
0.989446
0.989401
0.989347
0.989287
0.989217
0.989141
0.98906
0.988972
0.988877
0.988773
0.988664
0.988549
0.988424
0.988292
0.988153
0.988004
0.987848
0.987682
0.987505
0.987316
0.987116
0.986902
0.986673
0.986429
0.986165
0.985882
0.98558
0.985249
0.984894
0.984506
0.984085
0.983627
0.983128
0.982583
0.981983
0.981326
0.980606
0.979811
0.978937
0.977973
0.97691
0.975733
0.974438
0.973001
0.97141
0.969646
0.967689
0.965514
0.963092
0.960386
0.957365
0.953971
0.950142
0.945793
0.940814
0.935039
0.928217
0.919953
0.909492
0.895247
0.87295
0.823991
0.631847
0.977889
0.988072
0.988684
0.988557
0.988429
0.988745
0.989621
0.99142
0.99416
0.997524
1
1
0.999998
1
0.993876
0.981941
0.967736
0.953512
0.940198
0.928111
0.917068
0.906917
0.897842
0.890822
0.893695
0.903468
0.912286
0.919093
0.925341
0.931107
0.93643
0.941151
0.945456
0.949373
0.952954
0.956228
0.959221
0.961954
0.964454
0.966735
0.968821
0.970721
0.972458
0.974033
0.97547
0.976776
0.977966
0.979046
0.980024
0.980914
0.981713
0.982439
0.983095
0.983687
0.984219
0.984697
0.985125
0.985511
0.985851
0.986156
0.986424
0.98666
0.986866
0.987044
0.987199
0.987329
0.987438
0.987527
0.987598
0.987652
0.987691
0.987713
0.987722
0.987719
0.987706
0.987677
0.987641
0.987596
0.98754
0.987476
0.987405
0.987322
0.987234
0.987138
0.987037
0.986926
0.986809
0.986684
0.986553
0.986411
0.986262
0.986106
0.985939
0.985763
0.985577
0.985379
0.98517
0.984947
0.984712
0.98446
0.984191
0.983903
0.983594
0.983263
0.982907
0.982521
0.982106
0.981654
0.981165
0.980634
0.980055
0.979422
0.978733
0.977979
0.977153
0.976244
0.97525
0.974155
0.972951
0.971626
0.970165
0.968553
0.966774
0.964808
0.962627
0.960206
0.957515
0.954513
0.951149
0.947365
0.943076
0.938173
0.9325
0.925813
0.917703
0.90742
0.893394
0.871308
0.822436
0.629851
0.978067
0.9879
0.988348
0.988004
0.98766
0.987836
0.98864
0.990507
0.993483
0.997275
0.999998
1
1
0.999998
0.992478
0.978115
0.961838
0.946254
0.932156
0.919686
0.908283
0.897477
0.886352
0.892943
0.899082
0.907141
0.914508
0.920693
0.926415
0.931708
0.936591
0.940967
0.944976
0.948646
0.952088
0.955352
0.958163
0.960736
0.963097
0.965261
0.967245
0.969066
0.970729
0.972247
0.973634
0.974903
0.976057
0.977106
0.978067
0.978938
0.979726
0.980442
0.981089
0.981675
0.982202
0.982677
0.983103
0.983484
0.983825
0.984127
0.984391
0.984625
0.984831
0.985005
0.985156
0.985283
0.985386
0.98547
0.985535
0.985582
0.985611
0.985627
0.985627
0.985613
0.985588
0.985551
0.985502
0.985443
0.985375
0.985297
0.985209
0.985115
0.985009
0.984899
0.98478
0.984653
0.984517
0.984375
0.984224
0.984064
0.983894
0.983718
0.983531
0.983335
0.983127
0.982908
0.982675
0.982431
0.982172
0.981896
0.981602
0.981289
0.980954
0.980597
0.980213
0.979801
0.979359
0.978879
0.97836
0.9778
0.977193
0.976531
0.975811
0.975028
0.974172
0.973239
0.972216
0.971097
0.969872
0.968527
0.967052
0.965427
0.963639
0.961668
0.95949
0.957083
0.954412
0.951442
0.948117
0.944392
0.940176
0.935372
0.929811
0.923267
0.915328
0.905253
0.891442
0.869572
0.820739
0.627506
0.977868
0.987693
0.988049
0.987497
0.986849
0.986793
0.987513
0.989406
0.99261
0.996943
0.999998
1
1
0.999999
0.990879
0.973747
0.955507
0.939083
0.925046
0.9135
0.903942
0.900529
0.901382
0.903835
0.908375
0.914021
0.919538
0.924612
0.92942
0.933925
0.938114
0.941942
0.945492
0.948788
0.951898
0.954839
0.957402
0.95995
0.962165
0.964144
0.965971
0.967649
0.96919
0.970607
0.971904
0.973094
0.974182
0.975175
0.97608
0.976905
0.977662
0.978345
0.978966
0.979527
0.980033
0.980487
0.980896
0.98126
0.981587
0.981874
0.982128
0.982351
0.98254
0.982706
0.982842
0.982957
0.98305
0.98312
0.983171
0.983204
0.983221
0.983221
0.983208
0.98318
0.983141
0.983087
0.983022
0.982946
0.982861
0.982764
0.982661
0.982546
0.982424
0.982294
0.982153
0.982007
0.981852
0.981686
0.981513
0.981333
0.981143
0.980943
0.980735
0.980514
0.980284
0.980042
0.979786
0.979518
0.979234
0.978933
0.978614
0.978277
0.977915
0.977531
0.977123
0.976685
0.976212
0.975708
0.975163
0.974576
0.973942
0.973253
0.972511
0.971702
0.970824
0.969867
0.968827
0.967691
0.966449
0.965091
0.963606
0.961981
0.960192
0.958228
0.956064
0.953679
0.951037
0.948106
0.944843
0.941185
0.937063
0.932368
0.926956
0.920578
0.912833
0.902975
0.889399
0.867742
0.818895
0.62477
0.977462
0.987243
0.9878
0.98721
0.986097
0.985431
0.986284
0.98812
0.99149
0.996502
0.999998
0.999998
1
0.999998
0.989023
0.96875
0.948908
0.932654
0.920319
0.913713
0.910808
0.91064
0.912105
0.914305
0.917726
0.921728
0.925791
0.929735
0.933545
0.937171
0.940588
0.943778
0.946783
0.949616
0.9523
0.954827
0.957104
0.959338
0.961307
0.963325
0.964938
0.966429
0.967812
0.969084
0.970252
0.971327
0.972311
0.973219
0.974048
0.974803
0.975495
0.976121
0.976693
0.97721
0.977675
0.978095
0.97847
0.978804
0.9791
0.979361
0.979589
0.979787
0.979955
0.980097
0.980213
0.980306
0.980378
0.980427
0.980458
0.980471
0.980468
0.98045
0.980413
0.980366
0.980304
0.98023
0.980143
0.980046
0.97994
0.979822
0.979695
0.979557
0.979412
0.979258
0.979095
0.978923
0.978744
0.978555
0.97836
0.978155
0.977938
0.977714
0.97748
0.977236
0.97698
0.976712
0.976431
0.976137
0.975826
0.975499
0.975157
0.97479
0.974406
0.973995
0.973561
0.973096
0.972599
0.97207
0.971501
0.970888
0.97023
0.969521
0.968756
0.967929
0.967031
0.966059
0.965005
0.963857
0.962607
0.961248
0.959761
0.958138
0.95636
0.954412
0.952275
0.949922
0.947325
0.944457
0.94127
0.93771
0.933707
0.929156
0.923908
0.917723
0.9102
0.900584
0.88726
0.865813
0.816879
0.621543
0.977035
0.986295
0.987399
0.987023
0.986024
0.984647
0.985097
0.986681
0.990056
0.99591
1
0.999999
1
0.999997
0.986837
0.962982
0.942414
0.928244
0.922549
0.920016
0.919613
0.920601
0.92175
0.923784
0.9264
0.929302
0.93228
0.935236
0.938129
0.940919
0.94359
0.946139
0.948572
0.950892
0.953101
0.955185
0.95712
0.958993
0.960701
0.962428
0.963981
0.965323
0.966506
0.967602
0.968609
0.969539
0.970397
0.971185
0.971904
0.972568
0.97317
0.97372
0.974217
0.974669
0.975072
0.975438
0.97576
0.97605
0.976301
0.97652
0.976709
0.976869
0.977001
0.977109
0.977192
0.977253
0.977294
0.977315
0.977315
0.9773
0.977267
0.977222
0.977158
0.977082
0.976993
0.976892
0.976779
0.976653
0.97652
0.976373
0.97622
0.976055
0.975881
0.9757
0.975508
0.975309
0.975101
0.974885
0.97466
0.974426
0.974183
0.973931
0.973668
0.973395
0.973112
0.972816
0.972506
0.972184
0.971845
0.971491
0.97112
0.970727
0.970314
0.96988
0.969418
0.968927
0.968408
0.967853
0.96726
0.966625
0.965949
0.965218
0.964436
0.963593
0.962682
0.961698
0.960635
0.959484
0.958231
0.956874
0.955398
0.95379
0.952034
0.950118
0.948025
0.945727
0.943202
0.940421
0.937337
0.933905
0.930058
0.925683
0.92064
0.914688
0.90742
0.898075
0.885015
0.86377
0.814639
0.617631
0.976558
0.98481
0.986602
0.986693
0.986087
0.98521
0.984496
0.985246
0.988206
0.995134
1
1
1
1
0.984181
0.956241
0.936935
0.930343
0.928157
0.927811
0.928523
0.929198
0.930504
0.932227
0.9342
0.936299
0.938439
0.940576
0.942682
0.944741
0.946741
0.948677
0.950544
0.95234
0.954064
0.955705
0.957263
0.958759
0.96017
0.961569
0.96285
0.964133
0.965144
0.966039
0.96686
0.967617
0.968318
0.968959
0.969551
0.970088
0.970582
0.971029
0.97143
0.971795
0.97212
0.972406
0.97266
0.972881
0.973071
0.973232
0.973366
0.973474
0.973554
0.973616
0.973654
0.973672
0.973668
0.973646
0.973608
0.973554
0.973484
0.973399
0.973299
0.973188
0.973062
0.972926
0.972776
0.972618
0.972449
0.972269
0.972082
0.971882
0.971676
0.97146
0.971234
0.971002
0.970759
0.970509
0.970251
0.969983
0.969708
0.969422
0.969128
0.968823
0.968505
0.968176
0.967837
0.967483
0.967114
0.966728
0.966326
0.965904
0.965462
0.965
0.964509
0.963994
0.963448
0.962869
0.962251
0.961599
0.960901
0.960153
0.959355
0.9585
0.957579
0.956589
0.955525
0.954376
0.953132
0.951791
0.950337
0.94876
0.947052
0.945189
0.943165
0.940957
0.938538
0.935882
0.932952
0.929698
0.926051
0.921907
0.91712
0.911447
0.904475
0.89543
0.882649
0.861582
0.812081
0.612716
0.975974
0.98275
0.985088
0.985791
0.985742
0.985366
0.985037
0.984342
0.985783
0.994068
1
1
0.999999
1
0.980802
0.948279
0.936928
0.93515
0.93505
0.935577
0.936078
0.937005
0.938189
0.939522
0.940939
0.942395
0.943864
0.945329
0.946784
0.948215
0.94962
0.950993
0.95233
0.953627
0.954884
0.956094
0.957256
0.95838
0.959461
0.960514
0.961504
0.962504
0.963501
0.964167
0.964776
0.965337
0.965854
0.966327
0.966759
0.967149
0.967504
0.967823
0.968111
0.968361
0.968583
0.968774
0.968935
0.969068
0.969176
0.96926
0.96932
0.969356
0.969373
0.969368
0.969346
0.969304
0.969244
0.969168
0.969075
0.968968
0.968849
0.968713
0.968565
0.968407
0.968235
0.968052
0.967859
0.967655
0.967442
0.967218
0.966986
0.966747
0.966497
0.966238
0.96597
0.965696
0.965412
0.965119
0.96482
0.964512
0.964197
0.963871
0.963536
0.96319
0.962834
0.962467
0.962089
0.961697
0.961292
0.960871
0.960431
0.959975
0.959499
0.959003
0.958481
0.957935
0.957359
0.956752
0.956113
0.955436
0.954718
0.953956
0.953144
0.952279
0.951356
0.950372
0.949316
0.948184
0.946972
0.945667
0.944266
0.942759
0.941128
0.939372
0.937468
0.935406
0.933153
0.930695
0.927987
0.924984
0.921608
0.917769
0.913305
0.907973
0.901346
0.892638
0.88014
0.85919
0.809006
0.606211
0.975152
0.979998
0.98246
0.983682
0.98421
0.984338
0.984236
0.984015
0.982746
0.99253
0.999999
1
1
1
0.976154
0.941599
0.940802
0.941044
0.941435
0.94191
0.942623
0.943454
0.944335
0.945239
0.946151
0.947068
0.947983
0.948897
0.949802
0.9507
0.951588
0.952458
0.953315
0.954152
0.95497
0.955761
0.956534
0.957283
0.958007
0.958709
0.959387
0.96008
0.960928
0.961402
0.961786
0.962129
0.962438
0.962716
0.962965
0.963183
0.963377
0.963541
0.963676
0.963789
0.963882
0.963945
0.963988
0.964013
0.964012
0.963993
0.963956
0.963902
0.963829
0.963738
0.96363
0.963509
0.963372
0.963223
0.963058
0.96288
0.962691
0.962489
0.962275
0.962052
0.961816
0.961573
0.961319
0.961055
0.960781
0.9605
0.96021
0.959909
0.959604
0.959287
0.958964
0.958632
0.958292
0.957946
0.957589
0.957227
0.956857
0.956475
0.956085
0.955687
0.955278
0.95486
0.954429
0.953985
0.953527
0.953058
0.952572
0.95207
0.951548
0.95101
0.950448
0.949866
0.949257
0.948623
0.947958
0.947264
0.946535
0.945768
0.944962
0.944112
0.943216
0.942269
0.941269
0.940207
0.93908
0.937881
0.93661
0.935249
0.933794
0.93224
0.930561
0.928753
0.926783
0.924635
0.922261
0.919617
0.916626
0.913192
0.909144
0.904228
0.898011
0.88967
0.877441
0.85646
0.804887
0.595982
0.973416
0.976242
0.978098
0.979333
0.980152
0.980672
0.980939
0.980833
0.980678
0.989535
1
1
0.999998
1
0.968196
0.943854
0.94415
0.944433
0.944842
0.945314
0.945799
0.946276
0.946744
0.947208
0.947664
0.948121
0.948575
0.949024
0.949472
0.949912
0.95035
0.950778
0.951195
0.951608
0.952007
0.952393
0.952773
0.953138
0.953489
0.953832
0.954173
0.954535
0.95505
0.955287
0.955419
0.955511
0.955585
0.955626
0.955651
0.955658
0.955645
0.955609
0.95556
0.955491
0.955405
0.955301
0.955185
0.955051
0.954901
0.954736
0.95456
0.954365
0.954162
0.953941
0.953711
0.953466
0.95321
0.952944
0.952665
0.952376
0.952078
0.951769
0.95145
0.951119
0.950781
0.950435
0.95008
0.949715
0.949342
0.94896
0.948571
0.948175
0.94777
0.947355
0.946933
0.946503
0.946069
0.945632
0.945188
0.944744
0.944293
0.943838
0.943379
0.942914
0.942442
0.941966
0.941485
0.940996
0.940501
0.94
0.939491
0.938974
0.938448
0.937913
0.937369
0.936813
0.936246
0.935668
0.935076
0.93447
0.933845
0.933205
0.932545
0.931863
0.931158
0.930425
0.929663
0.928867
0.928031
0.92715
0.92622
0.925231
0.924176
0.923042
0.921815
0.920477
0.919003
0.917363
0.915513
0.913408
0.910965
0.908078
0.904571
0.900178
0.894444
0.886505
0.874492
0.85318
0.798483
0.569967
)
;

boundaryField
{
    walls
    {
        type            zeroGradient;
    }
    top
    {
        type            zeroGradient;
    }
    bottom
    {
        type            zeroGradient;
    }
    frontAndBack
    {
        type            empty;
    }
    inlet
    {
        type            uniformFixedValue;
        uniformValue    
        {
            type            constant;
            value           1;
        }
        value           uniform 1;
    }
    outlet
    {
        type            zeroGradient;
    }
}


// ************************************************************************* //
