/*--------------------------------*- C++ -*----------------------------------*\
  =========                 |
  \\      /  F ield         | OpenFOAM: The Open Source CFD Toolbox
   \\    /   O peration     | Website:  https://openfoam.org
    \\  /    A nd           | Version:  12
     \\/     M anipulation  |
\*---------------------------------------------------------------------------*/
FoamFile
{
    format      ascii;
    class       volScalarField;
    location    "400";
    object      T;
}
// * * * * * * * * * * * * * * * * * * * * * * * * * * * * * * * * * * * * * //

dimensions      [];

internalField   nonuniform List<scalar> 
4480
(
5.57222e-07
3.83791e-05
0.00796266
0.0677945
0.175586
0.292984
0.399961
0.490338
0.56413
0.623491
0.670995
0.708995
0.739446
0.76391
0.783605
0.799476
0.812251
0.8225
0.830658
0.837068
0.842003
0.845674
0.848251
0.849864
0.850622
0.85061
0.8499
0.848813
0.847712
0.846591
0.845447
0.844272
0.84306
0.841805
0.840501
0.839142
0.837721
0.836233
0.834666
0.833018
0.831283
0.829445
0.8275
0.825441
0.823256
0.820935
0.818468
0.815848
0.813059
0.810087
0.806928
0.80357
0.799991
0.796184
0.792134
0.787825
0.783249
0.778392
0.773232
0.767763
0.761962
0.755821
0.749321
0.742453
0.735192
0.727538
0.719461
0.710962
0.702008
0.692604
0.682718
0.672342
0.661458
0.650047
0.63809
0.625564
0.612447
0.59871
0.584321
0.569245
0.553444
0.536876
0.519498
0.501362
0.482465
0.462797
0.442372
0.421233
0.399452
0.37714
0.354445
0.331554
0.308686
0.286083
0.264005
0.242709
0.222447
0.203445
0.185901
0.169974
0.155778
0.143387
0.132836
0.12413
0.117247
0.112153
0.108814
0.107201
0.107305
0.109145
0.112775
0.118291
0.125834
0.135594
0.147804
0.16274
0.180699
0.201988
0.226906
0.255809
0.289429
0.329415
0.378528
0.44316
0.547628
0.707081
0.82521
0.919899
0.903873
0.770639
0.651561
0.492612
0.365293
0.273721
0.199735
0.138687
0.0888207
0.0494473
0.0211993
0.00456027
2.41294e-07
0.00139543
0.056657
0.219203
0.400863
0.55145
0.663414
0.743442
0.800115
0.840469
0.869568
0.890887
0.906775
0.918804
0.92803
0.93519
0.940784
0.94517
0.948603
0.951273
0.95332
0.954843
0.955924
0.95662
0.956982
0.957041
0.956826
0.956217
0.955129
0.953608
0.9517
0.949449
0.946902
0.944096
0.941066
0.93785
0.934479
0.930978
0.927368
0.923671
0.919906
0.916085
0.912213
0.908305
0.904365
0.900391
0.896389
0.892355
0.888287
0.88418
0.880029
0.875832
0.871576
0.867254
0.86286
0.858381
0.853815
0.849147
0.844368
0.839474
0.834446
0.829288
0.823979
0.818517
0.812893
0.807105
0.801135
0.794978
0.788634
0.782096
0.775353
0.768402
0.761237
0.753855
0.746244
0.738406
0.730332
0.722013
0.713457
0.704647
0.695577
0.686254
0.676658
0.66681
0.656725
0.646388
0.6358
0.624965
0.613876
0.602544
0.590975
0.579183
0.567189
0.555026
0.542735
0.530366
0.517996
0.505702
0.49359
0.481783
0.470423
0.459663
0.449683
0.440669
0.432831
0.426375
0.421529
0.41851
0.417547
0.418859
0.422661
0.429149
0.438512
0.450912
0.466482
0.48532
0.507483
0.532992
0.561849
0.594099
0.62994
0.669808
0.714243
0.763666
0.817733
0.872133
0.918126
0.949758
0.930569
0.848155
0.761337
0.667054
0.569852
0.473132
0.378273
0.28695
0.201412
0.125002
0.0625237
0.0196362
5.09835e-05
0.0136977
0.170941
0.408155
0.602251
0.733024
0.815742
0.867564
0.900557
0.922204
0.936936
0.947368
0.955022
0.960812
0.965289
0.968808
0.9716
0.973821
0.975585
0.976974
0.978054
0.97887
0.979461
0.979857
0.98008
0.980148
0.980074
0.97983
0.979375
0.978711
0.977843
0.976765
0.975479
0.973979
0.972274
0.97036
0.968247
0.965944
0.963459
0.960803
0.957991
0.955034
0.951948
0.948742
0.945429
0.942025
0.938536
0.934973
0.931343
0.927655
0.923916
0.920128
0.916293
0.912414
0.908496
0.904532
0.90053
0.896483
0.89239
0.888252
0.884064
0.879826
0.875531
0.871182
0.866773
0.8623
0.857764
0.85316
0.848484
0.84374
0.838913
0.834016
0.829037
0.823979
0.818832
0.813605
0.808294
0.802893
0.797406
0.791837
0.786174
0.780431
0.774596
0.768682
0.76269
0.756633
0.750517
0.744345
0.738123
0.73187
0.725593
0.719311
0.713046
0.706815
0.700653
0.694594
0.688675
0.682941
0.677452
0.672269
0.667461
0.66311
0.659315
0.65617
0.653796
0.652314
0.651851
0.652547
0.654546
0.657981
0.662986
0.669683
0.678177
0.688543
0.700831
0.715046
0.731168
0.749124
0.768819
0.790135
0.812934
0.837024
0.862064
0.887411
0.911995
0.934151
0.951634
0.961606
0.947521
0.894596
0.835946
0.769741
0.694701
0.610374
0.517112
0.416322
0.31103
0.206797
0.112618
0.0401927
0.000924528
0.0616926
0.335252
0.59265
0.755548
0.847012
0.897424
0.926001
0.943113
0.95412
0.961758
0.967427
0.971845
0.975384
0.978258
0.980601
0.982512
0.984058
0.9853
0.986285
0.987054
0.987639
0.988066
0.988363
0.988542
0.988617
0.988599
0.988481
0.988251
0.987911
0.98746
0.986893
0.986206
0.985393
0.984445
0.983358
0.982129
0.980747
0.979216
0.977532
0.975698
0.973717
0.971592
0.969331
0.96694
0.96443
0.961806
0.95908
0.956259
0.953355
0.950376
0.947327
0.94422
0.941058
0.937852
0.934606
0.931325
0.928009
0.92467
0.921303
0.917918
0.914509
0.911084
0.907645
0.904186
0.900712
0.897227
0.893723
0.890207
0.886673
0.883123
0.879559
0.875975
0.872377
0.868758
0.86512
0.861464
0.857793
0.854101
0.850387
0.846658
0.842914
0.839161
0.835378
0.831588
0.827792
0.823995
0.820207
0.816434
0.812683
0.808967
0.805302
0.801706
0.798193
0.794792
0.791521
0.78842
0.785512
0.782839
0.780446
0.778381
0.776691
0.775439
0.774682
0.774495
0.774935
0.776087
0.778018
0.780802
0.784506
0.789198
0.794925
0.80173
0.809636
0.818638
0.828713
0.839815
0.851863
0.864747
0.878325
0.892411
0.906746
0.92097
0.934573
0.946877
0.957
0.963781
0.965582
0.955545
0.92011
0.87887
0.83114
0.774316
0.705778
0.623172
0.52491
0.411473
0.287351
0.163884
0.0602891
0.00663388
0.167596
0.516916
0.743209
0.856402
0.910492
0.937423
0.952069
0.961036
0.967296
0.97215
0.976155
0.979528
0.982367
0.98473
0.986669
0.988243
0.989501
0.990491
0.991258
0.991843
0.992277
0.992589
0.992801
0.992931
0.992992
0.992994
0.992931
0.992794
0.992586
0.992305
0.99195
0.991522
0.991014
0.990424
0.989745
0.988969
0.988095
0.987114
0.986024
0.984818
0.983498
0.982058
0.980503
0.97883
0.977046
0.975155
0.973159
0.971067
0.968885
0.966621
0.964281
0.961874
0.959408
0.956891
0.954331
0.951734
0.949102
0.946449
0.943776
0.941088
0.938389
0.935688
0.932985
0.930279
0.927581
0.924886
0.922196
0.919518
0.916848
0.914189
0.911536
0.908899
0.90627
0.903654
0.901046
0.898453
0.895868
0.89329
0.890728
0.888175
0.885634
0.88311
0.88059
0.878084
0.875596
0.873128
0.870682
0.868271
0.8659
0.863577
0.861311
0.859119
0.857011
0.855004
0.853116
0.851371
0.849792
0.848403
0.847239
0.846324
0.845697
0.845398
0.845465
0.845938
0.846865
0.848284
0.850239
0.852772
0.855925
0.859717
0.86418
0.869322
0.875146
0.881634
0.888748
0.896439
0.904627
0.913212
0.922053
0.930981
0.939774
0.948143
0.955718
0.962032
0.966499
0.968334
0.966411
0.958221
0.933751
0.902693
0.866766
0.823472
0.769472
0.70057
0.611877
0.49945
0.363309
0.213838
0.0781376
0.0269469
0.325658
0.682895
0.847375
0.913746
0.941969
0.955669
0.963601
0.969145
0.973664
0.977659
0.981211
0.984293
0.98689
0.989012
0.990708
0.992034
0.993045
0.993801
0.994349
0.994735
0.994996
0.995168
0.995271
0.995325
0.995345
0.995338
0.995305
0.99522
0.995089
0.99491
0.994681
0.994403
0.994071
0.993683
0.993234
0.992721
0.992138
0.991481
0.990747
0.989931
0.989027
0.988033
0.986949
0.985773
0.984504
0.983143
0.981692
0.980158
0.97854
0.976845
0.975079
0.973249
0.97136
0.969418
0.967434
0.965412
0.963358
0.961276
0.959179
0.957072
0.954953
0.952835
0.950717
0.948605
0.946505
0.944414
0.94234
0.940286
0.938246
0.936227
0.934228
0.932252
0.930299
0.928365
0.926455
0.924564
0.922699
0.920856
0.919031
0.917229
0.915454
0.913702
0.91197
0.910253
0.90856
0.906896
0.905262
0.90366
0.902098
0.900585
0.899125
0.897728
0.896402
0.895162
0.894021
0.892994
0.892099
0.89135
0.890768
0.890381
0.890204
0.89027
0.890604
0.891228
0.892176
0.893468
0.895139
0.897207
0.899691
0.902612
0.905972
0.909774
0.914009
0.918655
0.923672
0.929014
0.934605
0.940358
0.946151
0.951839
0.957239
0.962122
0.966204
0.969137
0.970476
0.969636
0.965809
0.957854
0.940817
0.915919
0.887262
0.853023
0.81018
0.754135
0.67782
0.572798
0.432156
0.261224
0.0939206
0.0748762
0.504894
0.80855
0.908022
0.942127
0.956397
0.964018
0.96921
0.973533
0.977569
0.981418
0.984909
0.987887
0.990307
0.992203
0.993643
0.994696
0.995432
0.995912
0.996199
0.996343
0.99639
0.996377
0.996336
0.996285
0.996239
0.996203
0.996181
0.996136
0.996068
0.995976
0.995853
0.995699
0.995509
0.995281
0.995007
0.994686
0.994313
0.993884
0.993398
0.992847
0.992229
0.991543
0.990785
0.989956
0.98905
0.988069
0.987014
0.985889
0.984691
0.983427
0.982101
0.980716
0.979276
0.97779
0.976263
0.974696
0.973103
0.971486
0.96985
0.968202
0.966546
0.964889
0.963233
0.961586
0.95995
0.958324
0.956717
0.955127
0.95356
0.952013
0.950491
0.948988
0.947515
0.946066
0.94464
0.943237
0.94186
0.94051
0.939187
0.937884
0.93661
0.935365
0.934133
0.932927
0.931744
0.930587
0.929458
0.928361
0.9273
0.926278
0.925302
0.924381
0.923516
0.922722
0.922002
0.921374
0.920844
0.920426
0.920137
0.919988
0.920001
0.920189
0.92057
0.921164
0.921987
0.923058
0.924391
0.926
0.927899
0.930088
0.932572
0.935346
0.938396
0.941697
0.945211
0.948895
0.952687
0.956504
0.960246
0.963788
0.966975
0.969622
0.971501
0.972328
0.971751
0.96932
0.964429
0.956309
0.943477
0.92322
0.899134
0.870658
0.83543
0.789504
0.725166
0.630857
0.491978
0.304979
0.108214
0.160626
0.668891
0.886273
0.937818
0.955024
0.963164
0.968325
0.972492
0.97645
0.980474
0.984429
0.98794
0.990803
0.993006
0.99463
0.995771
0.996511
0.996927
0.997087
0.997059
0.996905
0.996682
0.99644
0.99621
0.996019
0.995881
0.995802
0.995779
0.995768
0.995762
0.995756
0.995743
0.995717
0.995672
0.995599
0.995495
0.995353
0.99517
0.994942
0.994662
0.994331
0.993943
0.993496
0.992989
0.992419
0.991789
0.991096
0.990339
0.989519
0.988642
0.987705
0.986713
0.98567
0.98458
0.983446
0.982273
0.981069
0.979836
0.97858
0.977308
0.976026
0.974731
0.973438
0.972146
0.970856
0.969578
0.968312
0.967063
0.965827
0.964612
0.963418
0.962248
0.961097
0.959973
0.958868
0.957789
0.956736
0.955704
0.954699
0.953717
0.952756
0.951826
0.950916
0.95003
0.949159
0.948311
0.947486
0.946683
0.945909
0.945168
0.944455
0.943782
0.943154
0.942568
0.942035
0.941565
0.941161
0.940835
0.940592
0.940446
0.940403
0.940482
0.940684
0.94103
0.94153
0.942191
0.94303
0.94405
0.945265
0.946674
0.948286
0.950088
0.952076
0.954237
0.956545
0.958965
0.961457
0.963962
0.966408
0.968713
0.97076
0.972427
0.97355
0.973943
0.973366
0.971534
0.968083
0.962564
0.954425
0.943056
0.926989
0.905958
0.8812
0.85089
0.812086
0.757555
0.674544
0.541752
0.344255
0.121541
0.289098
0.789847
0.924557
0.950979
0.961176
0.966834
0.970974
0.974743
0.978668
0.982865
0.987008
0.990521
0.9932
0.995126
0.996435
0.997245
0.997635
0.99768
0.997457
0.997043
0.996519
0.995959
0.99542
0.994951
0.99458
0.994325
0.994188
0.99416
0.994181
0.994245
0.994339
0.994452
0.994571
0.99469
0.994795
0.994877
0.994929
0.994944
0.994916
0.994844
0.994719
0.994545
0.994314
0.994027
0.993683
0.993282
0.992821
0.992306
0.991735
0.991109
0.990432
0.989704
0.988931
0.988115
0.987259
0.986369
0.985446
0.984499
0.983529
0.982543
0.981546
0.98054
0.979529
0.978519
0.977514
0.976514
0.975527
0.97455
0.973588
0.972644
0.971718
0.97081
0.969922
0.969052
0.968206
0.967381
0.966577
0.965795
0.965033
0.964294
0.963573
0.962878
0.962203
0.96155
0.960908
0.960285
0.959684
0.959101
0.958542
0.958004
0.957496
0.957013
0.956568
0.956155
0.955786
0.955463
0.95519
0.954971
0.954821
0.954738
0.954737
0.954817
0.954993
0.955269
0.955656
0.956158
0.956786
0.957539
0.958424
0.95944
0.960591
0.961862
0.963249
0.964734
0.966293
0.967892
0.9695
0.971056
0.972501
0.973755
0.974723
0.975295
0.975329
0.974662
0.973098
0.970395
0.966261
0.960342
0.95223
0.941479
0.92765
0.909627
0.887403
0.860282
0.826212
0.778863
0.705901
0.581414
0.378554
0.134309
0.449732
0.860654
0.93928
0.957222
0.964661
0.969168
0.972802
0.976433
0.980462
0.984922
0.989279
0.992723
0.995141
0.996743
0.99772
0.998174
0.998172
0.997778
0.997082
0.996186
0.995193
0.994202
0.993292
0.992521
0.991927
0.991527
0.991321
0.991284
0.991348
0.991497
0.991714
0.991982
0.992281
0.992595
0.992909
0.993211
0.993486
0.993727
0.993925
0.994076
0.994176
0.99422
0.994205
0.994132
0.994003
0.993816
0.99357
0.993268
0.992912
0.992504
0.992043
0.991535
0.990984
0.99039
0.989761
0.9891
0.988406
0.987689
0.986949
0.986191
0.985422
0.984644
0.98386
0.983074
0.982291
0.981512
0.98074
0.979979
0.979228
0.978492
0.977766
0.977061
0.97637
0.975699
0.975043
0.974404
0.973786
0.973183
0.972601
0.972034
0.971488
0.97096
0.970447
0.969956
0.969473
0.969009
0.968559
0.968124
0.967705
0.967308
0.96693
0.966575
0.966244
0.965944
0.965673
0.965437
0.965237
0.965081
0.964972
0.964912
0.964912
0.964971
0.965097
0.965298
0.965573
0.96593
0.966371
0.966896
0.967511
0.96821
0.968989
0.969841
0.970756
0.971716
0.972697
0.97367
0.974598
0.975431
0.976116
0.976577
0.976735
0.976483
0.975704
0.974253
0.971965
0.968629
0.964013
0.957825
0.949748
0.939425
0.926484
0.910525
0.890772
0.865827
0.83487
0.792422
0.727409
0.611658
0.407743
0.146833
0.583767
0.899951
0.948634
0.960977
0.966911
0.97078
0.974132
0.977738
0.981944
0.986722
0.991285
0.994579
0.996671
0.997931
0.99857
0.998645
0.998186
0.997256
0.995966
0.994456
0.992868
0.991331
0.989954
0.988812
0.987946
0.987377
0.987098
0.987056
0.987178
0.987441
0.987819
0.988284
0.988809
0.989368
0.989941
0.990507
0.991048
0.991555
0.992017
0.992423
0.992772
0.99306
0.99328
0.993435
0.993525
0.993552
0.993515
0.993418
0.993263
0.993053
0.992791
0.992479
0.992124
0.991724
0.991287
0.990815
0.990313
0.989787
0.989235
0.988667
0.988085
0.987491
0.98689
0.986286
0.985681
0.985077
0.984478
0.983883
0.9833
0.982723
0.982162
0.981611
0.981072
0.980548
0.980036
0.979542
0.97906
0.978594
0.978142
0.977702
0.977279
0.976873
0.976477
0.976099
0.975733
0.975375
0.975028
0.974694
0.974377
0.97407
0.973783
0.973509
0.973254
0.973021
0.972807
0.972623
0.972465
0.972336
0.972238
0.972182
0.972164
0.972188
0.972256
0.972378
0.972547
0.972774
0.973052
0.973385
0.973773
0.97421
0.97469
0.975205
0.97574
0.976281
0.976805
0.977279
0.977674
0.977939
0.978025
0.977869
0.977394
0.976506
0.9751
0.973049
0.970208
0.9664
0.961425
0.955044
0.946993
0.93697
0.924643
0.909614
0.891316
0.868789
0.839935
0.800735
0.74147
0.633645
0.43201
0.159358
0.700177
0.92197
0.954697
0.963954
0.968574
0.971915
0.975101
0.978743
0.983171
0.988294
0.993058
0.996111
0.997831
0.998762
0.999071
0.998726
0.997709
0.996099
0.994048
0.991753
0.989413
0.987201
0.985253
0.983665
0.982484
0.981728
0.981383
0.981348
0.981558
0.981979
0.982569
0.98329
0.984102
0.98497
0.985861
0.986753
0.98762
0.988446
0.989217
0.989922
0.990555
0.991115
0.991598
0.992
0.992329
0.992581
0.992761
0.992872
0.992917
0.9929
0.992826
0.992697
0.99252
0.992297
0.992032
0.991731
0.991396
0.991033
0.990646
0.990237
0.989812
0.989374
0.988925
0.988468
0.988011
0.987549
0.987089
0.986632
0.986179
0.985734
0.985296
0.984867
0.984447
0.984038
0.98364
0.983252
0.982877
0.982511
0.982156
0.981813
0.981482
0.981164
0.980853
0.980557
0.980267
0.979989
0.979715
0.979452
0.9792
0.978955
0.978723
0.978503
0.978296
0.978102
0.977926
0.977766
0.977625
0.977506
0.977409
0.977335
0.977287
0.977269
0.977282
0.977324
0.977398
0.977505
0.977641
0.977809
0.978004
0.97822
0.978449
0.978684
0.978909
0.979106
0.979252
0.979325
0.979286
0.979097
0.978704
0.978051
0.977069
0.975673
0.973766
0.971242
0.96797
0.963793
0.958543
0.952015
0.943976
0.934165
0.922271
0.907903
0.89049
0.869084
0.841958
0.805475
0.750076
0.648745
0.451763
0.172087
0.787428
0.935427
0.958842
0.966082
0.969929
0.972787
0.975791
0.979495
0.98416
0.98965
0.994605
0.997335
0.998671
0.999309
0.999292
0.99845
0.996727
0.994239
0.991218
0.987936
0.984666
0.981632
0.979005
0.976899
0.975366
0.974421
0.974031
0.974029
0.974373
0.975011
0.975884
0.976937
0.978115
0.979369
0.980658
0.981945
0.983204
0.984408
0.985542
0.986595
0.987559
0.988428
0.989203
0.989881
0.990467
0.990962
0.991373
0.991701
0.991951
0.992131
0.992244
0.992297
0.99229
0.992233
0.99213
0.991985
0.991803
0.991587
0.991346
0.991075
0.990788
0.990483
0.990164
0.989836
0.989498
0.989158
0.988812
0.988467
0.988124
0.987784
0.987447
0.987116
0.986792
0.986472
0.986161
0.985857
0.985561
0.985272
0.984993
0.984723
0.984458
0.984201
0.983956
0.983717
0.983484
0.983257
0.983036
0.98282
0.982612
0.982408
0.982213
0.982027
0.981847
0.981674
0.981515
0.981366
0.981226
0.981103
0.980991
0.980892
0.980812
0.980748
0.980698
0.980668
0.980653
0.980651
0.980661
0.980685
0.98071
0.980737
0.980754
0.98075
0.980711
0.980623
0.980459
0.980194
0.979794
0.979225
0.978437
0.977376
0.975976
0.974167
0.971858
0.96895
0.965332
0.960861
0.95539
0.948739
0.940704
0.931041
0.919458
0.905568
0.888803
0.868234
0.84218
0.807175
0.754229
0.657653
0.467265
0.185194
0.831704
0.948128
0.961778
0.967607
0.970886
0.973519
0.976288
0.980019
0.984924
0.990795
0.995944
0.998278
0.999243
0.999647
0.999286
0.997824
0.995188
0.991575
0.987332
0.982837
0.978444
0.974437
0.971028
0.968345
0.966443
0.965321
0.96493
0.965006
0.965548
0.966479
0.967723
0.969199
0.970835
0.972567
0.974337
0.976101
0.97782
0.979467
0.981026
0.982477
0.983815
0.985035
0.986136
0.987119
0.987988
0.988747
0.989402
0.98996
0.990426
0.990808
0.991111
0.991343
0.991508
0.991614
0.991666
0.991668
0.99163
0.991552
0.991441
0.991301
0.991134
0.990947
0.990743
0.990525
0.990294
0.990056
0.989809
0.989559
0.989306
0.989053
0.9888
0.988548
0.988297
0.988053
0.987811
0.987571
0.98734
0.987109
0.986887
0.986666
0.986455
0.986245
0.986044
0.985846
0.985655
0.985464
0.985277
0.985094
0.984912
0.984736
0.98456
0.98439
0.984224
0.984064
0.983907
0.983755
0.983609
0.983469
0.983338
0.983211
0.983091
0.982978
0.982869
0.982765
0.982664
0.982564
0.982461
0.982351
0.982231
0.98209
0.981921
0.98171
0.981446
0.98111
0.980679
0.980128
0.979428
0.978538
0.977415
0.976011
0.974265
0.972109
0.969464
0.966244
0.962338
0.957627
0.951977
0.945224
0.937182
0.927622
0.916265
0.902725
0.886442
0.866499
0.841257
0.807374
0.756245
0.66315
0.477745
0.194923
0.860263
0.952656
0.9639
0.968673
0.971517
0.973973
0.976733
0.980326
0.985465
0.991725
0.997078
0.998966
0.999608
0.999837
0.999084
0.99682
0.993006
0.987976
0.982228
0.976274
0.97056
0.965438
0.961153
0.957848
0.955576
0.954318
0.953992
0.954217
0.955046
0.956376
0.958099
0.960109
0.962307
0.964614
0.966957
0.96928
0.971536
0.973695
0.975732
0.97763
0.979385
0.980992
0.98245
0.983764
0.984938
0.98598
0.986898
0.987696
0.988387
0.988978
0.989476
0.98989
0.990227
0.990495
0.9907
0.990847
0.990945
0.990997
0.991011
0.990989
0.990936
0.990857
0.990755
0.990635
0.990498
0.990348
0.990187
0.990018
0.989843
0.989661
0.989477
0.989292
0.989105
0.988918
0.988731
0.988545
0.988359
0.988177
0.987995
0.987816
0.98764
0.987468
0.987298
0.98713
0.986964
0.986798
0.986631
0.986468
0.986302
0.98614
0.985974
0.985811
0.985647
0.985487
0.985325
0.985165
0.985003
0.984842
0.984684
0.984521
0.98436
0.984197
0.984026
0.983853
0.983672
0.983479
0.983271
0.983042
0.982787
0.982496
0.982161
0.981771
0.981308
0.980755
0.98009
0.979292
0.978328
0.977163
0.975756
0.974059
0.972019
0.969572
0.966649
0.963162
0.959017
0.95411
0.94831
0.941468
0.933411
0.923922
0.912728
0.89945
0.883533
0.864069
0.83945
0.806421
0.756654
0.666123
0.484537
0.201786
0.880475
0.956089
0.965601
0.969361
0.971839
0.974162
0.976955
0.980582
0.985782
0.99243
0.998017
0.999439
0.999819
0.999934
0.998698
0.995388
0.990073
0.983294
0.975744
0.968082
0.960855
0.954481
0.949242
0.945294
0.942683
0.941358
0.941027
0.941509
0.942764
0.944644
0.947
0.94969
0.952589
0.955592
0.958611
0.961581
0.964449
0.967181
0.96975
0.972142
0.97435
0.976374
0.978216
0.979881
0.981378
0.982716
0.983906
0.984958
0.98588
0.986685
0.987383
0.987981
0.98849
0.988918
0.989273
0.989562
0.989793
0.98997
0.990102
0.990191
0.990243
0.990264
0.990258
0.990226
0.990173
0.990104
0.990018
0.98992
0.989812
0.989694
0.989569
0.989437
0.989302
0.989162
0.98902
0.988876
0.98873
0.988581
0.988433
0.988286
0.988134
0.987985
0.987836
0.987689
0.98754
0.987387
0.987236
0.987079
0.986923
0.986762
0.9866
0.986436
0.986267
0.986097
0.985923
0.985746
0.985563
0.985376
0.985184
0.984985
0.98478
0.984561
0.984335
0.984093
0.983831
0.98355
0.983243
0.982904
0.982527
0.9821
0.981615
0.981062
0.980421
0.979675
0.97881
0.977793
0.976599
0.975194
0.973539
0.97159
0.969299
0.966602
0.96344
0.959732
0.955389
0.950313
0.944387
0.937468
0.929391
0.919953
0.908877
0.895798
0.880163
0.86107
0.836936
0.804571
0.755832
0.667194
0.48852
0.20634
0.895322
0.958546
0.966572
0.969728
0.971884
0.974076
0.976921
0.980766
0.985914
0.992906
0.998773
0.999735
0.999929
0.999978
0.998115
0.993458
0.986273
0.97739
0.967733
0.958117
0.949195
0.941446
0.935194
0.930608
0.927719
0.926437
0.926176
0.927056
0.928893
0.931483
0.934627
0.938143
0.941872
0.945684
0.949477
0.953174
0.95672
0.960073
0.963214
0.966133
0.96882
0.97128
0.97352
0.975549
0.977378
0.979019
0.980487
0.981793
0.98295
0.983971
0.984866
0.985649
0.98633
0.986917
0.98742
0.987849
0.988206
0.988504
0.988748
0.988942
0.989096
0.989208
0.989289
0.989341
0.989366
0.989368
0.98935
0.989313
0.989264
0.9892
0.989126
0.98904
0.988948
0.988846
0.988742
0.988629
0.988512
0.988391
0.988268
0.988141
0.988009
0.987877
0.987742
0.987603
0.987462
0.987318
0.987169
0.987017
0.98686
0.986697
0.986529
0.986354
0.986176
0.98599
0.985799
0.985599
0.985391
0.985174
0.984946
0.984707
0.984453
0.984183
0.983895
0.983585
0.98325
0.982882
0.982482
0.982038
0.981546
0.980995
0.980374
0.979671
0.97887
0.977956
0.976905
0.975695
0.974298
0.972682
0.970813
0.968648
0.966138
0.963231
0.959864
0.955966
0.951452
0.946234
0.940201
0.933213
0.925117
0.91571
0.904727
0.891803
0.876388
0.857589
0.833844
0.802
0.754053
0.66681
0.490334
0.209049
0.90645
0.960275
0.967079
0.969791
0.971641
0.973708
0.976606
0.980681
0.986036
0.993143
0.999348
0.9999
0.999979
0.999994
0.997316
0.990948
0.98149
0.970137
0.958075
0.94628
0.935495
0.926262
0.918949
0.913751
0.910683
0.909597
0.90966
0.911126
0.913741
0.917225
0.921326
0.925811
0.930487
0.935201
0.939836
0.944314
0.948572
0.95258
0.95631
0.959763
0.962936
0.965836
0.968474
0.970865
0.973023
0.974967
0.976707
0.978264
0.979651
0.980885
0.981975
0.982937
0.983784
0.984525
0.98517
0.985729
0.986214
0.986625
0.986977
0.987271
0.987518
0.987717
0.987878
0.988005
0.9881
0.988166
0.988209
0.988228
0.98823
0.988213
0.988182
0.988135
0.988079
0.988009
0.987932
0.987846
0.987753
0.987651
0.987543
0.987429
0.987312
0.987186
0.987057
0.986925
0.986786
0.986643
0.986491
0.986335
0.98617
0.985999
0.985818
0.985631
0.985433
0.98523
0.985015
0.984789
0.984551
0.984299
0.984034
0.983749
0.983446
0.983124
0.982774
0.982398
0.981989
0.981541
0.98105
0.98051
0.97991
0.979241
0.978495
0.977656
0.97671
0.975638
0.974423
0.973041
0.971465
0.969668
0.967609
0.965252
0.962554
0.959462
0.955922
0.951859
0.947205
0.941867
0.935739
0.928694
0.92058
0.911198
0.900288
0.887487
0.87225
0.85369
0.830259
0.798844
0.751507
0.665287
0.490463
0.210297
0.914875
0.961455
0.967243
0.969531
0.971113
0.973036
0.975986
0.980317
0.98609
0.993188
0.999747
0.999974
0.999995
0.999999
0.996271
0.987779
0.975619
0.96144
0.946702
0.932526
0.919725
0.908897
0.900479
0.894718
0.891623
0.89077
0.891411
0.893774
0.897481
0.902151
0.907443
0.913075
0.918822
0.924519
0.930046
0.935325
0.940303
0.944953
0.949263
0.953233
0.956871
0.960191
0.963209
0.965943
0.968411
0.97064
0.97264
0.974434
0.976037
0.977469
0.978745
0.97988
0.980882
0.981771
0.982551
0.983235
0.983834
0.984357
0.984806
0.985195
0.985525
0.985805
0.98604
0.986236
0.986392
0.986518
0.986611
0.98668
0.986726
0.986749
0.986753
0.98674
0.986713
0.98667
0.986614
0.986548
0.98647
0.986381
0.986283
0.986178
0.986066
0.985945
0.985815
0.985679
0.985537
0.985389
0.985229
0.985062
0.984885
0.9847
0.984504
0.984297
0.98408
0.98385
0.983608
0.983352
0.983079
0.98279
0.982482
0.982153
0.981801
0.981422
0.981014
0.980572
0.980088
0.979561
0.978985
0.978351
0.977651
0.976872
0.976009
0.975044
0.973965
0.972754
0.971393
0.969854
0.968119
0.966156
0.963932
0.961411
0.95855
0.9553
0.951608
0.947412
0.942637
0.937194
0.930992
0.923898
0.91577
0.906404
0.895558
0.882864
0.867777
0.849417
0.826254
0.795192
0.748343
0.662868
0.489279
0.21039
0.921264
0.962174
0.967072
0.968904
0.970289
0.972047
0.975033
0.979635
0.985863
0.993228
0.999965
0.999998
1
1
0.994944
0.983872
0.968576
0.951241
0.933598
0.916875
0.901916
0.889368
0.879779
0.873526
0.870625
0.869642
0.871306
0.87508
0.880375
0.886643
0.89344
0.900426
0.907365
0.914099
0.920526
0.926587
0.932243
0.937492
0.942326
0.946764
0.950819
0.954514
0.957869
0.960908
0.963653
0.966133
0.968366
0.970373
0.972173
0.973785
0.975227
0.976515
0.977661
0.97868
0.979584
0.980382
0.981087
0.981706
0.982247
0.98272
0.983128
0.98348
0.983781
0.984036
0.984249
0.984423
0.984563
0.984675
0.984757
0.984813
0.984848
0.98486
0.984856
0.984832
0.984791
0.984738
0.98467
0.98459
0.984495
0.984394
0.98428
0.984155
0.984021
0.98388
0.983728
0.983568
0.983397
0.983213
0.983019
0.982814
0.982596
0.982366
0.982124
0.981864
0.981592
0.9813
0.980992
0.980662
0.980311
0.979935
0.979531
0.979096
0.978626
0.978116
0.977562
0.97696
0.976301
0.975578
0.974781
0.973904
0.97293
0.971852
0.970651
0.969311
0.967815
0.966141
0.964266
0.962158
0.959786
0.957123
0.954121
0.950737
0.946917
0.942607
0.93773
0.932205
0.92594
0.918806
0.910665
0.901325
0.890534
0.877929
0.862978
0.844802
0.821874
0.79112
0.744669
0.659728
0.487058
0.209571
0.926043
0.962528
0.966643
0.968038
0.969155
0.970706
0.973714
0.978603
0.985347
0.993265
1
0.999999
0.999998
0.999999
0.993304
0.979162
0.960303
0.939534
0.918826
0.899445
0.882199
0.867749
0.856836
0.850167
0.847783
0.847666
0.850835
0.85647
0.863722
0.871852
0.880305
0.888708
0.896832
0.904546
0.911791
0.91853
0.924767
0.930509
0.935774
0.940588
0.944978
0.948973
0.9526
0.955886
0.958859
0.961547
0.96397
0.966151
0.968115
0.969882
0.971463
0.972881
0.97415
0.975282
0.976289
0.977187
0.977983
0.978687
0.979309
0.979854
0.98033
0.980742
0.9811
0.981407
0.981665
0.981884
0.982062
0.982207
0.982319
0.982401
0.982457
0.982487
0.982499
0.982487
0.982458
0.982409
0.982343
0.982267
0.982171
0.982066
0.981944
0.981814
0.98167
0.981516
0.981349
0.981173
0.980982
0.980779
0.980563
0.980335
0.980092
0.979833
0.97956
0.97927
0.978961
0.978633
0.978284
0.977913
0.977516
0.977089
0.976634
0.97614
0.975609
0.975037
0.974413
0.973735
0.972998
0.972188
0.971304
0.970329
0.969255
0.96807
0.966757
0.965303
0.963687
0.961891
0.959888
0.957654
0.95516
0.952371
0.949249
0.945751
0.941825
0.937418
0.932459
0.926866
0.920552
0.913394
0.905249
0.895933
0.885195
0.872684
0.857861
0.839855
0.817152
0.786682
0.74056
0.656006
0.484011
0.208036
0.929522
0.962582
0.965985
0.966913
0.967693
0.968994
0.97199
0.977179
0.98451
0.993135
1
1
0.999998
0.999997
0.99133
0.973587
0.950771
0.926377
0.902548
0.880489
0.860841
0.844202
0.831595
0.824563
0.821719
0.823605
0.829803
0.838625
0.848681
0.859058
0.869233
0.878948
0.888066
0.896546
0.904389
0.91161
0.918239
0.924313
0.929863
0.934927
0.939542
0.943736
0.947545
0.950999
0.954133
0.956966
0.959525
0.96184
0.963925
0.965804
0.967495
0.969014
0.970378
0.9716
0.972694
0.973667
0.974536
0.975308
0.975993
0.976595
0.977124
0.977587
0.977989
0.978336
0.978634
0.978884
0.97909
0.979259
0.979394
0.979493
0.979566
0.979609
0.979626
0.97962
0.979593
0.979546
0.979478
0.979395
0.979294
0.979178
0.979046
0.9789
0.978741
0.978567
0.978382
0.978185
0.977971
0.977744
0.977502
0.977244
0.976971
0.976681
0.976374
0.976047
0.9757
0.975331
0.974941
0.974523
0.974076
0.9736
0.973088
0.972541
0.971947
0.971309
0.970617
0.969869
0.969053
0.968163
0.967193
0.966129
0.964964
0.96368
0.962266
0.960709
0.958988
0.957082
0.954969
0.952627
0.950026
0.947132
0.943906
0.940316
0.936304
0.931819
0.926793
0.921151
0.9148
0.907624
0.899486
0.890203
0.879529
0.867112
0.852416
0.834584
0.812102
0.781906
0.736081
0.651801
0.480294
0.205933
0.931894
0.962377
0.965106
0.965445
0.965734
0.966883
0.969828
0.975319
0.983308
0.992806
0.999997
0.999997
0.999998
0.999996
0.988999
0.967091
0.93998
0.911912
0.885078
0.860491
0.838408
0.819156
0.803953
0.796256
0.793726
0.800111
0.811672
0.824922
0.838027
0.850343
0.861741
0.872237
0.881874
0.890709
0.898802
0.906206
0.912976
0.919164
0.924813
0.929962
0.934657
0.938936
0.942823
0.946354
0.949559
0.95247
0.955107
0.957491
0.959648
0.961596
0.963354
0.964939
0.966365
0.967647
0.968798
0.969827
0.970747
0.971566
0.972294
0.972939
0.973506
0.974002
0.974438
0.974812
0.97513
0.975404
0.975629
0.975811
0.975958
0.976066
0.976143
0.976189
0.976207
0.976199
0.976168
0.976115
0.976036
0.975941
0.975828
0.975694
0.975546
0.975379
0.975199
0.975003
0.974793
0.974568
0.974325
0.974068
0.973796
0.973504
0.973195
0.97287
0.972523
0.972158
0.97177
0.971359
0.97092
0.970455
0.969959
0.969429
0.968863
0.968255
0.967603
0.966902
0.966142
0.965323
0.964434
0.963467
0.962417
0.961271
0.96002
0.958648
0.957145
0.955495
0.953678
0.951678
0.949472
0.947037
0.944341
0.941362
0.938056
0.934386
0.930305
0.925759
0.920684
0.915005
0.908629
0.901453
0.893335
0.884097
0.873496
0.861186
0.846634
0.828981
0.806735
0.776818
0.731273
0.647181
0.476025
0.203373
0.933267
0.961958
0.964051
0.963696
0.963328
0.964361
0.967185
0.972966
0.981682
0.992268
1
1
0.999998
1
0.986286
0.959614
0.927974
0.896403
0.866971
0.840352
0.816128
0.793936
0.774177
0.758915
0.765197
0.786484
0.805753
0.820676
0.834396
0.847067
0.858797
0.86921
0.878705
0.887367
0.895285
0.90253
0.909156
0.915215
0.920757
0.925818
0.930445
0.934663
0.938516
0.942017
0.945208
0.94811
0.950749
0.953144
0.955316
0.957285
0.959062
0.960671
0.962122
0.96343
0.964607
0.965662
0.966606
0.967451
0.9682
0.968866
0.969453
0.969967
0.970414
0.9708
0.971132
0.971409
0.97164
0.971827
0.971972
0.97208
0.972153
0.972192
0.972201
0.972183
0.972139
0.972067
0.971974
0.97186
0.971724
0.971569
0.971396
0.971203
0.970995
0.970768
0.970528
0.970269
0.969995
0.969701
0.969393
0.969063
0.968715
0.968349
0.967961
0.967551
0.967118
0.966658
0.966172
0.965655
0.965108
0.964524
0.963901
0.963234
0.962521
0.961755
0.960932
0.960043
0.959086
0.958047
0.956922
0.955701
0.95437
0.952919
0.951336
0.949605
0.947708
0.945625
0.943342
0.940827
0.938059
0.935006
0.931633
0.927903
0.923769
0.919181
0.91407
0.908369
0.90199
0.894827
0.886742
0.877566
0.867055
0.854867
0.840479
0.82304
0.801049
0.771423
0.726161
0.642193
0.471277
0.200428
0.933662
0.961396
0.962963
0.961909
0.960835
0.961428
0.964043
0.970065
0.979552
0.991496
0.999998
1
1
0.999998
0.983157
0.951065
0.914838
0.880302
0.849201
0.82181
0.796868
0.773328
0.74922
0.763542
0.776923
0.794495
0.810602
0.824165
0.83673
0.848374
0.859128
0.868779
0.877624
0.885739
0.893344
0.900571
0.90679
0.912493
0.917726
0.922527
0.926928
0.930964
0.934655
0.938027
0.941108
0.943922
0.946485
0.948817
0.950944
0.952874
0.954624
0.956209
0.957644
0.95894
0.960105
0.961154
0.962095
0.962934
0.963683
0.964346
0.964927
0.965438
0.965883
0.966262
0.966587
0.966859
0.967079
0.967255
0.967387
0.967481
0.967537
0.96756
0.96755
0.967508
0.967441
0.967347
0.967227
0.967085
0.966921
0.966736
0.966529
0.966305
0.96606
0.965799
0.965519
0.965222
0.964906
0.964574
0.964221
0.963849
0.963455
0.963043
0.962608
0.96215
0.961667
0.961158
0.960618
0.960049
0.959446
0.958806
0.958125
0.957399
0.956624
0.955797
0.95491
0.953957
0.952933
0.951827
0.950633
0.949341
0.947941
0.946419
0.944764
0.942963
0.940995
0.938848
0.936495
0.933918
0.93109
0.927981
0.924559
0.920783
0.916611
0.911991
0.906864
0.90116
0.894794
0.887665
0.879633
0.870544
0.86015
0.848121
0.833923
0.816725
0.795025
0.765734
0.72075
0.636859
0.466083
0.197138
0.932997
0.960726
0.961997
0.960274
0.958213
0.958058
0.960415
0.966561
0.976807
0.990454
0.999998
1
1
0.999999
0.979572
0.941312
0.900752
0.864413
0.833523
0.808238
0.787409
0.780001
0.781892
0.787272
0.797189
0.809534
0.821616
0.832755
0.843319
0.853235
0.862461
0.870906
0.87874
0.886025
0.892898
0.899404
0.905084
0.910728
0.915632
0.920027
0.924075
0.927797
0.931218
0.93436
0.937241
0.93988
0.942294
0.944498
0.946508
0.94834
0.950012
0.951526
0.952899
0.95414
0.955259
0.956264
0.957166
0.957971
0.958688
0.95932
0.959875
0.96036
0.960776
0.961133
0.96143
0.961675
0.961871
0.962018
0.962122
0.962187
0.962214
0.962205
0.962164
0.962091
0.961991
0.961861
0.961706
0.961526
0.961324
0.961097
0.960852
0.960585
0.960298
0.959993
0.959667
0.959324
0.958962
0.958578
0.958176
0.957755
0.957313
0.956847
0.956362
0.955849
0.955312
0.954748
0.954153
0.953528
0.952867
0.952168
0.951427
0.950643
0.949806
0.948916
0.947969
0.946953
0.945863
0.944695
0.943437
0.942082
0.940618
0.939033
0.937319
0.935456
0.933432
0.931225
0.928822
0.926195
0.92332
0.920168
0.916709
0.912906
0.908711
0.90408
0.898953
0.893266
0.886933
0.879858
0.871918
0.86294
0.852704
0.840867
0.826921
0.810014
0.788654
0.759729
0.715043
0.631175
0.460436
0.193498
0.931738
0.959346
0.961181
0.959319
0.955751
0.953628
0.956428
0.962449
0.973286
0.989073
0.999997
0.999998
1
0.999998
0.975419
0.930156
0.886084
0.8502
0.823132
0.808721
0.802403
0.802065
0.805296
0.810128
0.817624
0.826394
0.835312
0.843982
0.852364
0.860349
0.86788
0.874924
0.88156
0.887821
0.893758
0.899347
0.904391
0.909341
0.913703
0.918173
0.921754
0.925062
0.928123
0.930943
0.933537
0.935923
0.938111
0.940121
0.941959
0.943635
0.945166
0.946555
0.947818
0.948961
0.949989
0.950915
0.951743
0.952479
0.95313
0.953704
0.954203
0.954635
0.955001
0.955307
0.955557
0.955755
0.955905
0.956007
0.956066
0.956085
0.956067
0.956015
0.955925
0.955807
0.955659
0.955482
0.955278
0.955049
0.954799
0.954523
0.954226
0.953907
0.953567
0.953208
0.952829
0.952429
0.952012
0.951573
0.951116
0.950637
0.950135
0.949612
0.949066
0.948496
0.947899
0.947275
0.94662
0.945934
0.945211
0.94445
0.94365
0.942801
0.941906
0.940953
0.939944
0.938866
0.937717
0.936489
0.935173
0.933758
0.932237
0.930599
0.928831
0.926918
0.924843
0.922592
0.920146
0.917479
0.91457
0.911392
0.907909
0.90409
0.899891
0.895266
0.890164
0.884517
0.878248
0.87127
0.863458
0.854651
0.844626
0.833048
0.819405
0.802854
0.781898
0.753393
0.709024
0.625112
0.45427
0.189454
0.930418
0.956564
0.959904
0.958701
0.955481
0.950988
0.95253
0.957837
0.968771
0.987238
1
0.999999
1
0.999997
0.970527
0.917279
0.871668
0.840477
0.828032
0.822515
0.82166
0.823852
0.826389
0.830861
0.836609
0.842986
0.849537
0.856046
0.862417
0.868571
0.874466
0.880095
0.88547
0.890599
0.895485
0.900097
0.904384
0.908532
0.912313
0.916143
0.919589
0.922562
0.925187
0.927614
0.92985
0.931912
0.933813
0.93556
0.937157
0.938625
0.939959
0.941175
0.942276
0.943273
0.944166
0.944971
0.945682
0.946316
0.946868
0.947348
0.94776
0.948108
0.948394
0.948626
0.948802
0.948929
0.94901
0.949046
0.949038
0.948994
0.948911
0.948796
0.948643
0.948463
0.948252
0.948014
0.947748
0.947455
0.947142
0.946802
0.946442
0.946059
0.945655
0.945231
0.944785
0.944321
0.943837
0.943333
0.942808
0.942262
0.941695
0.941106
0.940492
0.939856
0.939193
0.938502
0.937779
0.937027
0.936237
0.935412
0.934546
0.933633
0.932673
0.931661
0.930587
0.929449
0.928242
0.926955
0.925582
0.924113
0.922542
0.920851
0.919035
0.917077
0.914961
0.912671
0.91019
0.907496
0.90456
0.901365
0.897877
0.894061
0.889878
0.885289
0.880246
0.874682
0.868531
0.861706
0.854084
0.845518
0.835786
0.824547
0.811297
0.79519
0.774719
0.746698
0.702657
0.618599
0.447444
0.184876
0.928948
0.952253
0.957488
0.957673
0.955685
0.952814
0.950471
0.95319
0.962938
0.984804
1
1
1
1
0.964578
0.902238
0.859524
0.845083
0.840325
0.839594
0.841178
0.842679
0.845561
0.849358
0.853705
0.858326
0.863043
0.867756
0.872405
0.87695
0.881367
0.885645
0.889775
0.89375
0.897562
0.901195
0.904645
0.907962
0.911086
0.914189
0.917029
0.919871
0.922114
0.924093
0.925913
0.927593
0.929143
0.930566
0.931874
0.933066
0.934155
0.935142
0.936031
0.936833
0.937548
0.93818
0.938737
0.939221
0.939635
0.939986
0.940275
0.940506
0.940679
0.940804
0.940879
0.940907
0.94089
0.940832
0.940735
0.940603
0.940434
0.940232
0.939996
0.939733
0.939439
0.939119
0.938772
0.938402
0.938006
0.937588
0.937149
0.936685
0.936203
0.935699
0.935173
0.934629
0.934065
0.933481
0.932877
0.932251
0.931608
0.93094
0.93025
0.929536
0.928796
0.928028
0.927233
0.926405
0.925544
0.924644
0.923707
0.922725
0.921695
0.920616
0.919475
0.918275
0.917005
0.915658
0.914225
0.912703
0.911077
0.909336
0.907471
0.90547
0.903315
0.90099
0.898482
0.895767
0.892822
0.889629
0.886156
0.882374
0.878254
0.873747
0.86882
0.863414
0.85746
0.850876
0.843555
0.835341
0.826014
0.815239
0.802503
0.786955
0.767069
0.739601
0.695887
0.611505
0.439694
0.179568
0.927152
0.946284
0.953013
0.954991
0.954707
0.953424
0.952341
0.950224
0.955298
0.981481
1
1
0.999999
1
0.957015
0.884479
0.859477
0.855632
0.855441
0.856619
0.857737
0.859788
0.862404
0.865348
0.868474
0.871688
0.874931
0.878169
0.881381
0.884546
0.887653
0.890691
0.89365
0.896522
0.899304
0.901982
0.90456
0.90705
0.909442
0.911778
0.913971
0.916184
0.918394
0.919867
0.921215
0.922457
0.9236
0.924646
0.925599
0.926464
0.927247
0.92795
0.928578
0.929129
0.929612
0.930028
0.930379
0.930668
0.930899
0.931074
0.931198
0.931269
0.931295
0.931273
0.931209
0.931103
0.930957
0.930774
0.930554
0.9303
0.930016
0.929699
0.929353
0.92898
0.928578
0.928151
0.9277
0.927224
0.926726
0.926204
0.925661
0.9251
0.924516
0.923911
0.923286
0.922644
0.92198
0.921297
0.920597
0.919876
0.919137
0.918375
0.917591
0.916782
0.91595
0.915093
0.914207
0.913291
0.912342
0.911357
0.910332
0.909266
0.908154
0.906993
0.905774
0.904495
0.903148
0.901727
0.900226
0.898636
0.896947
0.89515
0.893233
0.891185
0.888995
0.886649
0.884127
0.881416
0.878498
0.875351
0.871955
0.868284
0.864303
0.859989
0.855294
0.850177
0.844564
0.838387
0.83153
0.823842
0.815093
0.804956
0.7929
0.778062
0.758886
0.73205
0.688619
0.603568
0.430437
0.17321
0.924602
0.938304
0.945328
0.948804
0.950252
0.950518
0.950132
0.94941
0.945739
0.976692
0.999999
1
1
1
0.946603
0.869531
0.867953
0.868528
0.869406
0.870466
0.872047
0.873884
0.875833
0.877832
0.879851
0.881878
0.883904
0.885924
0.887928
0.889917
0.89188
0.89381
0.895707
0.897561
0.89937
0.901125
0.902834
0.904491
0.906094
0.907651
0.909152
0.910681
0.912559
0.913604
0.914451
0.915207
0.915887
0.916496
0.917039
0.917517
0.917935
0.918291
0.918585
0.918827
0.919017
0.919149
0.919234
0.919273
0.91926
0.919204
0.919106
0.918968
0.918789
0.91857
0.918313
0.918024
0.917701
0.917346
0.916958
0.916541
0.916096
0.915622
0.915123
0.914599
0.914049
0.913477
0.912882
0.912265
0.911625
0.910967
0.910287
0.909587
0.908869
0.90813
0.907373
0.906596
0.905801
0.904989
0.904155
0.903306
0.902436
0.901543
0.90063
0.899695
0.898735
0.897751
0.896738
0.895695
0.89462
0.893512
0.892366
0.891181
0.889951
0.888675
0.887345
0.885962
0.884515
0.883003
0.881418
0.879755
0.878007
0.876163
0.87422
0.872167
0.869994
0.867692
0.86525
0.862653
0.859887
0.856938
0.853792
0.85042
0.8468
0.842909
0.838697
0.83413
0.829134
0.82364
0.817524
0.810633
0.802733
0.793485
0.782338
0.768407
0.750097
0.72396
0.680673
0.594212
0.418071
0.164263
0.91923
0.92726
0.932546
0.936066
0.938389
0.939842
0.940565
0.940208
0.93971
0.967341
1
1
0.999998
1
0.928785
0.874286
0.87496
0.875603
0.876511
0.877552
0.878622
0.879677
0.880715
0.881741
0.882756
0.883768
0.884774
0.885773
0.886764
0.887742
0.88871
0.889658
0.890585
0.891495
0.892378
0.893232
0.894065
0.894868
0.895644
0.896399
0.897146
0.897938
0.899066
0.899575
0.89985
0.900043
0.900184
0.900266
0.900304
0.9003
0.90025
0.900155
0.900024
0.89985
0.899637
0.899384
0.899099
0.898776
0.898416
0.898024
0.8976
0.89714
0.896654
0.896133
0.895586
0.895008
0.894403
0.893773
0.893115
0.892432
0.891726
0.890996
0.890243
0.889464
0.888666
0.887847
0.887007
0.886144
0.885263
0.88436
0.883439
0.882499
0.881538
0.880556
0.879555
0.878534
0.877503
0.876462
0.875408
0.874346
0.87327
0.872183
0.871083
0.869969
0.868839
0.867696
0.866537
0.86536
0.864165
0.862953
0.861719
0.860464
0.859185
0.857882
0.856553
0.855194
0.853804
0.852382
0.850923
0.849424
0.84788
0.84629
0.844648
0.842946
0.84118
0.839342
0.837424
0.835414
0.833299
0.831065
0.828697
0.826173
0.823466
0.820547
0.817374
0.813895
0.810044
0.80573
0.80083
0.795184
0.788542
0.780546
0.770629
0.757875
0.740623
0.715244
0.6718
0.58246
0.398843
0.142445
)
;

boundaryField
{
    walls
    {
        type            zeroGradient;
    }
    top
    {
        type            zeroGradient;
    }
    bottom
    {
        type            zeroGradient;
    }
    frontAndBack
    {
        type            empty;
    }
    inlet
    {
        type            uniformFixedValue;
        uniformValue    
        {
            type            constant;
            value           1;
        }
        value           uniform 1;
    }
    outlet
    {
        type            zeroGradient;
    }
}


// ************************************************************************* //
