/*--------------------------------*- C++ -*----------------------------------*\
  =========                 |
  \\      /  F ield         | OpenFOAM: The Open Source CFD Toolbox
   \\    /   O peration     | Website:  https://openfoam.org
    \\  /    A nd           | Version:  12
     \\/     M anipulation  |
\*---------------------------------------------------------------------------*/
FoamFile
{
    format      ascii;
    class       volScalarField;
    location    "455";
    object      T;
}
// * * * * * * * * * * * * * * * * * * * * * * * * * * * * * * * * * * * * * //

dimensions      [];

internalField   nonuniform List<scalar> 
4480
(
2.17358e-06
0.00012339
0.016073
0.102377
0.230696
0.357442
0.466324
0.554719
0.624836
0.680014
0.723409
0.757639
0.784753
0.80633
0.823564
0.837363
0.848415
0.857248
0.864264
0.869771
0.874018
0.877192
0.879441
0.880883
0.881609
0.881696
0.881204
0.8804
0.879586
0.878757
0.877911
0.877044
0.876148
0.875221
0.874258
0.873255
0.872206
0.871108
0.869951
0.868735
0.867456
0.866101
0.864666
0.863149
0.86154
0.859831
0.858014
0.856086
0.854034
0.851847
0.849525
0.847058
0.844428
0.841633
0.83866
0.835498
0.832143
0.828585
0.824805
0.820803
0.816559
0.812069
0.80732
0.802305
0.797005
0.791424
0.785534
0.779345
0.772824
0.765982
0.758793
0.751254
0.743353
0.735079
0.72642
0.717366
0.707907
0.698028
0.687719
0.676965
0.665753
0.654067
0.641889
0.629271
0.616212
0.602698
0.588716
0.574254
0.5593
0.543849
0.527901
0.511468
0.494573
0.477257
0.459582
0.441631
0.423517
0.405372
0.38736
0.369665
0.352489
0.336047
0.320558
0.306253
0.293344
0.282044
0.272552
0.265049
0.259704
0.256676
0.256116
0.258166
0.26297
0.270677
0.281427
0.295366
0.312617
0.33328
0.357416
0.385121
0.416828
0.453782
0.498112
0.554935
0.644193
0.776098
0.870085
0.942397
0.930092
0.829962
0.736149
0.602216
0.487466
0.39879
0.32103
0.250322
0.185214
0.125165
0.0716289
0.0267412
9.03276e-07
0.00366886
0.092278
0.286319
0.475426
0.620711
0.723488
0.794349
0.843144
0.877101
0.901115
0.918412
0.931111
0.940599
0.94779
0.953316
0.957597
0.96093
0.963524
0.965534
0.967072
0.968216
0.969032
0.969563
0.969848
0.969912
0.969777
0.969333
0.968492
0.967296
0.965781
0.963986
0.961949
0.959702
0.957273
0.954697
0.951997
0.949197
0.946312
0.943363
0.940365
0.93733
0.934261
0.931171
0.928065
0.924942
0.921808
0.918659
0.915495
0.912312
0.909107
0.905881
0.902621
0.899323
0.895984
0.892593
0.88915
0.885644
0.882067
0.878418
0.874681
0.870861
0.86694
0.862918
0.858791
0.854555
0.850196
0.845711
0.841102
0.836364
0.831486
0.826468
0.821306
0.816
0.810537
0.804924
0.799154
0.79322
0.787133
0.78088
0.77446
0.767882
0.761133
0.754235
0.747206
0.740037
0.732735
0.725313
0.71777
0.710124
0.702383
0.694562
0.68668
0.678761
0.670835
0.662927
0.655086
0.64735
0.639777
0.632436
0.625402
0.618757
0.612607
0.607058
0.602244
0.598296
0.595372
0.593624
0.59323
0.594358
0.597183
0.601864
0.60856
0.617404
0.628499
0.64192
0.657699
0.675837
0.696311
0.719127
0.74439
0.772375
0.803422
0.837788
0.875192
0.912613
0.943997
0.965192
0.950131
0.890999
0.828496
0.75885
0.684165
0.60589
0.523899
0.438137
0.348834
0.257174
0.166466
0.0838834
0.000171679
0.0294476
0.237466
0.487573
0.671867
0.788341
0.858758
0.901349
0.927683
0.944523
0.95572
0.963487
0.969081
0.973247
0.976427
0.978901
0.980847
0.982386
0.983602
0.984557
0.985297
0.985855
0.986259
0.986531
0.986686
0.986734
0.986688
0.986523
0.986204
0.98573
0.985105
0.984319
0.983375
0.982264
0.980992
0.979555
0.97796
0.976213
0.974321
0.972292
0.970138
0.967867
0.965494
0.963026
0.960474
0.957853
0.955165
0.952423
0.949632
0.9468
0.943934
0.941037
0.938109
0.935155
0.932181
0.929179
0.926158
0.923114
0.920044
0.916952
0.913832
0.910687
0.90751
0.904305
0.901067
0.897793
0.894484
0.891137
0.887748
0.884322
0.880844
0.877328
0.873763
0.870152
0.866486
0.862774
0.859014
0.855198
0.851331
0.847419
0.84345
0.839437
0.835368
0.83126
0.827107
0.822924
0.818717
0.814488
0.810241
0.805995
0.801756
0.797539
0.793365
0.789245
0.785208
0.78128
0.777489
0.773868
0.770462
0.767313
0.764467
0.76198
0.759919
0.75834
0.757325
0.756947
0.757282
0.758417
0.760442
0.763431
0.767466
0.772618
0.778949
0.786502
0.795305
0.805356
0.816643
0.829114
0.84271
0.857358
0.872966
0.88941
0.906462
0.923682
0.94033
0.955246
0.966853
0.973128
0.962189
0.924416
0.883548
0.837561
0.784727
0.723515
0.652438
0.570101
0.475504
0.368881
0.253419
0.137518
0.00260765
0.110388
0.420417
0.667297
0.810477
0.886355
0.926386
0.948274
0.960973
0.968918
0.974301
0.978222
0.981237
0.98363
0.985561
0.987127
0.988402
0.989431
0.990257
0.99091
0.99142
0.991806
0.992089
0.992285
0.992403
0.992452
0.992442
0.992363
0.992209
0.991981
0.991676
0.991289
0.990817
0.990254
0.98959
0.988824
0.987949
0.986957
0.985851
0.984625
0.983282
0.981823
0.98025
0.978571
0.976788
0.974912
0.972945
0.970898
0.968777
0.966593
0.964351
0.962057
0.95972
0.957344
0.954938
0.952506
0.950051
0.947576
0.94509
0.942588
0.940081
0.937562
0.935041
0.932517
0.929986
0.927453
0.924921
0.922383
0.919847
0.917305
0.914759
0.912214
0.909663
0.90711
0.904551
0.901986
0.899417
0.896847
0.894269
0.891683
0.889095
0.886506
0.883919
0.881317
0.878718
0.876124
0.873536
0.870965
0.868414
0.865887
0.863394
0.860949
0.858563
0.856245
0.854021
0.851899
0.849911
0.848071
0.84641
0.84496
0.843754
0.842823
0.842211
0.841956
0.842109
0.842705
0.843802
0.84544
0.847669
0.850528
0.854061
0.858294
0.863253
0.868948
0.875372
0.882504
0.890311
0.898735
0.907699
0.917102
0.926817
0.93666
0.94638
0.955622
0.963907
0.970613
0.974915
0.975636
0.967817
0.942182
0.913329
0.880699
0.842291
0.79571
0.738031
0.665702
0.574857
0.462182
0.327471
0.178136
0.0157259
0.256714
0.605202
0.803674
0.895768
0.937478
0.957382
0.96783
0.974047
0.9783
0.981552
0.984216
0.986452
0.988332
0.989895
0.991177
0.992217
0.993048
0.9937
0.994204
0.994587
0.994869
0.995072
0.995208
0.995291
0.99533
0.99533
0.995289
0.995199
0.995062
0.994876
0.994642
0.994357
0.994018
0.993622
0.993162
0.992633
0.992033
0.991354
0.990594
0.989746
0.988812
0.987785
0.98667
0.985464
0.984171
0.982795
0.981337
0.979804
0.978201
0.976535
0.97481
0.973034
0.971212
0.969354
0.967464
0.965548
0.963608
0.961655
0.95969
0.957717
0.955741
0.953769
0.951801
0.949834
0.947881
0.945935
0.943998
0.942077
0.940169
0.938274
0.93639
0.934524
0.93267
0.930832
0.929006
0.927199
0.925402
0.923615
0.921848
0.920092
0.91835
0.916626
0.91491
0.91321
0.911527
0.909863
0.90822
0.906607
0.905026
0.903486
0.90199
0.900553
0.89918
0.897882
0.896674
0.895571
0.894592
0.89375
0.893072
0.892573
0.892279
0.892218
0.892417
0.8929
0.893702
0.894846
0.896361
0.898273
0.900612
0.903384
0.906614
0.9103
0.914445
0.919032
0.92403
0.929405
0.9351
0.941042
0.947131
0.953247
0.959235
0.964892
0.969957
0.974099
0.976904
0.977808
0.976001
0.969671
0.951717
0.929598
0.904735
0.875588
0.839915
0.794392
0.734064
0.6522
0.540458
0.391835
0.20885
0.0542976
0.440825
0.759382
0.891158
0.940946
0.961129
0.970583
0.975924
0.979608
0.982592
0.985227
0.987571
0.989605
0.991322
0.992725
0.993846
0.994721
0.995385
0.995879
0.996233
0.996479
0.996642
0.996746
0.996807
0.996836
0.996845
0.996837
0.996816
0.99676
0.996675
0.996559
0.99641
0.996229
0.996012
0.995757
0.995461
0.995122
0.994733
0.994292
0.993796
0.99324
0.99262
0.991934
0.991181
0.990358
0.989465
0.988502
0.98747
0.986374
0.985214
0.983995
0.982721
0.981398
0.980029
0.97862
0.97718
0.975711
0.974219
0.972708
0.971185
0.969659
0.968124
0.966594
0.965066
0.963545
0.962038
0.96054
0.959058
0.957596
0.956148
0.954719
0.953309
0.95192
0.950553
0.949203
0.947875
0.946564
0.945277
0.94401
0.94276
0.941529
0.940322
0.939135
0.937968
0.936811
0.935677
0.934566
0.933478
0.932416
0.931385
0.930392
0.929439
0.928533
0.927679
0.926889
0.92617
0.925534
0.924994
0.924557
0.924239
0.924059
0.924026
0.924163
0.924488
0.925014
0.925765
0.926751
0.927999
0.929518
0.931319
0.933418
0.93581
0.938499
0.941475
0.944722
0.948209
0.951904
0.955751
0.959689
0.963631
0.967475
0.971092
0.974319
0.976958
0.978761
0.979409
0.978481
0.975395
0.969335
0.95674
0.938739
0.918512
0.895061
0.866679
0.830493
0.781267
0.710553
0.605011
0.448278
0.233299
0.130236
0.621948
0.865232
0.937996
0.961648
0.971229
0.976261
0.97967
0.98251
0.985165
0.987702
0.990007
0.991976
0.993578
0.994833
0.995785
0.996476
0.996953
0.997258
0.997431
0.997507
0.997518
0.997491
0.997448
0.997402
0.997363
0.997335
0.99732
0.997291
0.997249
0.997192
0.997116
0.99702
0.996901
0.996757
0.996582
0.996376
0.996135
0.995855
0.995535
0.995171
0.994758
0.994298
0.993784
0.99322
0.992599
0.991922
0.991189
0.990404
0.989565
0.988675
0.987739
0.986757
0.985733
0.984675
0.983585
0.982465
0.981326
0.980169
0.978998
0.977819
0.976635
0.975451
0.974269
0.973097
0.971934
0.97078
0.969642
0.968519
0.967416
0.966329
0.965264
0.964214
0.96319
0.962186
0.9612
0.960235
0.959289
0.958368
0.957468
0.956583
0.955723
0.954887
0.95406
0.953254
0.952467
0.9517
0.950953
0.950232
0.949539
0.948872
0.94824
0.94765
0.947098
0.946599
0.946151
0.945769
0.945457
0.945222
0.945079
0.945032
0.945099
0.945288
0.945609
0.946077
0.946701
0.947495
0.948467
0.949624
0.950979
0.952526
0.95427
0.956205
0.958323
0.9606
0.963012
0.965527
0.968102
0.970676
0.973179
0.975524
0.977599
0.979274
0.980387
0.980735
0.980065
0.978052
0.974262
0.968143
0.958643
0.94388
0.926629
0.906723
0.882929
0.853147
0.812672
0.752809
0.656572
0.497217
0.253848
0.245221
0.768239
0.924408
0.959112
0.970411
0.975722
0.979091
0.981821
0.984422
0.987073
0.989686
0.992008
0.993903
0.995363
0.996438
0.997189
0.997669
0.997925
0.998005
0.997954
0.997817
0.997634
0.997441
0.997261
0.997112
0.997005
0.996946
0.996929
0.996924
0.996926
0.996929
0.99693
0.996924
0.996906
0.996871
0.996816
0.996734
0.996625
0.996487
0.996312
0.996103
0.995853
0.995563
0.99523
0.994851
0.994431
0.993964
0.993451
0.992892
0.99229
0.991644
0.990957
0.990232
0.989472
0.988677
0.987855
0.987008
0.98614
0.985254
0.984357
0.983453
0.982538
0.981626
0.980715
0.979805
0.978907
0.978017
0.977142
0.976276
0.975427
0.974596
0.973784
0.972985
0.97221
0.971448
0.970707
0.969987
0.969283
0.968602
0.967937
0.967288
0.966665
0.966056
0.965466
0.964887
0.964326
0.963781
0.963253
0.962747
0.962266
0.961803
0.96137
0.960969
0.960598
0.960264
0.959975
0.959732
0.959543
0.959412
0.959349
0.959355
0.959448
0.959621
0.959895
0.960274
0.96076
0.961369
0.962097
0.962957
0.963945
0.965068
0.966316
0.967683
0.969162
0.970732
0.972369
0.974043
0.975713
0.977326
0.978827
0.980131
0.981151
0.981771
0.981857
0.981237
0.979705
0.977
0.972798
0.966708
0.958307
0.946564
0.931385
0.913828
0.892935
0.867291
0.832987
0.782195
0.696228
0.538674
0.271944
0.393377
0.862936
0.95078
0.967817
0.974428
0.978113
0.980821
0.983293
0.985877
0.988647
0.991387
0.993714
0.995489
0.996767
0.997632
0.998159
0.998397
0.998392
0.998198
0.997868
0.997461
0.997031
0.99662
0.996263
0.995982
0.995789
0.995685
0.995665
0.995683
0.995735
0.99581
0.995902
0.996
0.9961
0.996193
0.996269
0.996327
0.996359
0.996361
0.996334
0.99627
0.996172
0.996035
0.995858
0.99564
0.995382
0.995082
0.994742
0.994363
0.993944
0.993487
0.992994
0.992467
0.991908
0.991319
0.990706
0.990067
0.98941
0.988736
0.98805
0.987356
0.986656
0.98595
0.985247
0.984547
0.98385
0.983164
0.982486
0.981818
0.981165
0.980525
0.979899
0.979289
0.978691
0.978113
0.97755
0.977003
0.976473
0.975959
0.975462
0.974977
0.974514
0.974064
0.97363
0.973205
0.972795
0.9724
0.972019
0.971655
0.971304
0.970977
0.970666
0.970383
0.970121
0.96989
0.969692
0.969529
0.969401
0.969322
0.969287
0.96931
0.969387
0.969529
0.969739
0.970023
0.970384
0.97083
0.971358
0.971973
0.972674
0.973463
0.974328
0.975267
0.976265
0.977306
0.978365
0.979419
0.980426
0.981342
0.982112
0.982666
0.982928
0.982794
0.982147
0.980847
0.978718
0.97555
0.971089
0.96505
0.957124
0.947017
0.933968
0.918087
0.899127
0.876162
0.845931
0.801938
0.725562
0.572795
0.288496
0.555981
0.909956
0.960271
0.971856
0.976692
0.979634
0.982015
0.984401
0.987056
0.990003
0.992889
0.995172
0.996775
0.997838
0.998482
0.998764
0.998725
0.998404
0.997866
0.997182
0.996429
0.995679
0.994992
0.994411
0.993963
0.993662
0.993507
0.99348
0.993529
0.993643
0.99381
0.994015
0.994245
0.994488
0.994733
0.99497
0.99519
0.995385
0.995551
0.995684
0.995781
0.995838
0.995854
0.995829
0.995765
0.99566
0.995513
0.995326
0.995099
0.994837
0.994535
0.994199
0.993833
0.993434
0.99301
0.992563
0.992091
0.991602
0.991096
0.990575
0.990048
0.989513
0.988973
0.988432
0.987892
0.987356
0.986825
0.986302
0.985786
0.985281
0.984783
0.984301
0.983829
0.983372
0.982926
0.982493
0.982075
0.981668
0.981278
0.980897
0.980532
0.980181
0.97984
0.979516
0.979197
0.978892
0.978597
0.978312
0.978039
0.977782
0.977537
0.977308
0.977096
0.976907
0.976736
0.97659
0.976467
0.976375
0.976316
0.976287
0.976301
0.976353
0.976451
0.976599
0.976796
0.977046
0.977352
0.977711
0.97813
0.978603
0.979125
0.979692
0.980296
0.980925
0.98156
0.98218
0.98276
0.983263
0.98365
0.983869
0.983862
0.983552
0.982854
0.981665
0.979865
0.977301
0.973808
0.969176
0.963185
0.95559
0.946142
0.934582
0.920422
0.902849
0.881687
0.854094
0.814819
0.746407
0.599986
0.304097
0.67895
0.935222
0.966302
0.974294
0.978157
0.980686
0.982885
0.985257
0.988031
0.991192
0.994216
0.996401
0.99779
0.998626
0.999041
0.999059
0.99869
0.997978
0.996999
0.99586
0.994663
0.993507
0.99247
0.991612
0.99096
0.990533
0.990323
0.990292
0.990385
0.990584
0.99087
0.991222
0.991619
0.992044
0.992479
0.992911
0.993326
0.993716
0.994076
0.994395
0.994673
0.994907
0.995094
0.995233
0.995326
0.995373
0.995376
0.995335
0.995253
0.995131
0.994971
0.994776
0.994549
0.994291
0.994004
0.993691
0.993358
0.993006
0.992635
0.992253
0.991859
0.991456
0.991048
0.990638
0.990226
0.989815
0.989408
0.989001
0.988605
0.988213
0.987832
0.987458
0.987093
0.986739
0.986392
0.98606
0.985735
0.985423
0.98512
0.984825
0.984543
0.984274
0.984011
0.983762
0.983521
0.983286
0.983057
0.982839
0.982633
0.982432
0.982246
0.982069
0.981904
0.981755
0.981617
0.981501
0.981402
0.981322
0.981263
0.981232
0.981227
0.981249
0.981299
0.981386
0.981501
0.981655
0.981841
0.982062
0.982317
0.982602
0.982913
0.983242
0.983577
0.983912
0.984227
0.984499
0.984707
0.984814
0.984784
0.984575
0.984127
0.983376
0.982243
0.980638
0.978455
0.975567
0.971831
0.967077
0.961124
0.953763
0.944773
0.933893
0.920771
0.904853
0.884974
0.859142
0.822981
0.760566
0.620907
0.319157
0.779189
0.94927
0.970224
0.97623
0.979241
0.981428
0.983519
0.985917
0.98884
0.992231
0.995391
0.997417
0.99856
0.999178
0.999366
0.999083
0.998306
0.99709
0.995546
0.993819
0.992059
0.990396
0.988932
0.987739
0.986851
0.986284
0.986024
0.985999
0.986157
0.986475
0.986919
0.987462
0.988075
0.988728
0.989402
0.990076
0.990733
0.991361
0.991947
0.992487
0.992974
0.993407
0.993786
0.994105
0.994372
0.994583
0.994741
0.99485
0.994911
0.994928
0.994902
0.994838
0.994738
0.994605
0.994442
0.994252
0.994038
0.993802
0.993549
0.99328
0.992998
0.992707
0.992407
0.992101
0.991794
0.991484
0.991175
0.990866
0.990562
0.990262
0.989967
0.989679
0.989396
0.989121
0.988854
0.988594
0.988344
0.988098
0.987861
0.987633
0.987413
0.987202
0.986996
0.986801
0.986609
0.986426
0.986245
0.986073
0.985907
0.985747
0.985594
0.985451
0.985315
0.985188
0.985073
0.98497
0.984878
0.9848
0.984738
0.984689
0.984658
0.984646
0.984654
0.98468
0.984726
0.984791
0.984874
0.984977
0.985095
0.985223
0.985355
0.985486
0.985605
0.985699
0.985748
0.98574
0.985645
0.985436
0.985074
0.984517
0.983717
0.982611
0.981129
0.979194
0.976713
0.97357
0.969648
0.964803
0.958873
0.95168
0.943017
0.932623
0.92014
0.905009
0.886278
0.86207
0.82792
0.76963
0.636368
0.333977
0.848569
0.957867
0.97291
0.977615
0.980126
0.981996
0.98397
0.986411
0.989491
0.993128
0.996416
0.998229
0.999117
0.999541
0.999501
0.998856
0.997556
0.995684
0.993414
0.990947
0.988489
0.986209
0.984235
0.982651
0.981499
0.980789
0.980496
0.980495
0.980754
0.981234
0.981892
0.982684
0.983571
0.984515
0.985486
0.986456
0.987405
0.988314
0.989172
0.98997
0.990703
0.991365
0.991958
0.992481
0.992935
0.993323
0.993651
0.993917
0.994126
0.994284
0.994394
0.994461
0.994482
0.994468
0.994421
0.994342
0.994237
0.994105
0.993957
0.993785
0.993602
0.993404
0.993197
0.992982
0.992759
0.992536
0.992306
0.992077
0.991849
0.991623
0.991398
0.991178
0.990962
0.990748
0.990542
0.990338
0.990141
0.989949
0.989763
0.989584
0.989408
0.989237
0.989074
0.988916
0.988762
0.988611
0.988465
0.988322
0.988184
0.988048
0.987919
0.987796
0.987676
0.98756
0.987455
0.987355
0.98726
0.987176
0.987099
0.98703
0.986973
0.986926
0.986885
0.986859
0.986839
0.986827
0.986819
0.986819
0.986815
0.986809
0.986792
0.986755
0.986688
0.986582
0.986415
0.98617
0.985822
0.985347
0.984709
0.983867
0.982773
0.981379
0.979616
0.977413
0.974691
0.971346
0.967275
0.962352
0.956437
0.949365
0.940939
0.930901
0.91889
0.904355
0.886353
0.863071
0.830266
0.77452
0.647069
0.348782
0.881618
0.965994
0.974815
0.978607
0.980749
0.982475
0.984297
0.986755
0.989995
0.993886
0.997305
0.998856
0.999497
0.999766
0.999479
0.998376
0.996395
0.99368
0.990492
0.987114
0.983813
0.9808
0.978237
0.976219
0.974789
0.973946
0.973652
0.97371
0.974118
0.974819
0.975754
0.976865
0.978097
0.979399
0.980731
0.98206
0.983354
0.984595
0.98577
0.986865
0.987876
0.9888
0.989635
0.990383
0.991047
0.99163
0.992136
0.992571
0.992938
0.993243
0.993491
0.993686
0.993833
0.993936
0.994
0.994025
0.994023
0.993991
0.993934
0.993856
0.993757
0.993644
0.993517
0.993381
0.993233
0.99308
0.992921
0.992759
0.992594
0.992428
0.992262
0.992095
0.991929
0.991768
0.991609
0.991449
0.991296
0.991142
0.990995
0.990848
0.990708
0.990568
0.990434
0.990302
0.990176
0.990047
0.989922
0.9898
0.989678
0.989559
0.989441
0.989325
0.989213
0.989104
0.988996
0.988892
0.988789
0.988691
0.988599
0.988508
0.988419
0.988336
0.988252
0.988171
0.988089
0.988006
0.987918
0.987821
0.987715
0.98759
0.987442
0.987258
0.987033
0.986752
0.986397
0.985952
0.985394
0.984693
0.98382
0.982736
0.9814
0.979761
0.977762
0.975342
0.972418
0.968906
0.964716
0.959729
0.953821
0.946835
0.938584
0.92881
0.917156
0.903073
0.885635
0.86308
0.831308
0.777461
0.654197
0.359619
0.902607
0.968918
0.976194
0.979302
0.981161
0.982771
0.984587
0.986955
0.990352
0.994501
0.998058
0.999312
0.99974
0.999892
0.99932
0.997618
0.994754
0.990976
0.986657
0.982182
0.977886
0.974033
0.97081
0.968323
0.966613
0.965668
0.965423
0.965593
0.966217
0.967218
0.968516
0.970028
0.971682
0.973418
0.975181
0.976929
0.978627
0.980253
0.981786
0.983216
0.984539
0.985752
0.986854
0.987848
0.988739
0.989531
0.990232
0.990843
0.991376
0.991834
0.992224
0.992553
0.992824
0.993044
0.993218
0.993349
0.993443
0.993505
0.993537
0.993543
0.993525
0.993489
0.993435
0.993367
0.993286
0.993195
0.993096
0.99299
0.992879
0.992762
0.992643
0.992525
0.992403
0.99228
0.992157
0.992035
0.991912
0.991791
0.99167
0.991551
0.991433
0.991319
0.991205
0.991092
0.99098
0.990868
0.990756
0.990646
0.990531
0.990421
0.990308
0.990194
0.990081
0.989971
0.989856
0.989744
0.98963
0.989514
0.9894
0.989281
0.989163
0.989042
0.988913
0.988781
0.988641
0.988492
0.988328
0.988147
0.987945
0.987713
0.987446
0.987137
0.986772
0.986337
0.985817
0.985198
0.984453
0.983559
0.982484
0.981195
0.979651
0.977806
0.975612
0.973003
0.969912
0.966266
0.961975
0.956932
0.951025
0.944102
0.93598
0.926408
0.915029
0.9013
0.884306
0.862321
0.831357
0.778944
0.658791
0.36725
0.917291
0.971134
0.977298
0.979749
0.981368
0.982894
0.984732
0.987123
0.99056
0.994967
0.998682
0.999627
0.99988
0.999956
0.999026
0.996541
0.992551
0.987459
0.981785
0.976025
0.970588
0.965791
0.961847
0.958875
0.956909
0.955912
0.955664
0.956027
0.956973
0.958389
0.960162
0.962187
0.96437
0.96663
0.968902
0.971137
0.973296
0.975352
0.977286
0.979087
0.98075
0.982275
0.983664
0.984921
0.986052
0.987065
0.987968
0.988768
0.989471
0.990087
0.990625
0.991088
0.991485
0.991822
0.992104
0.992338
0.992528
0.99268
0.992797
0.992883
0.99294
0.992974
0.992989
0.992982
0.992961
0.992928
0.992881
0.992825
0.992761
0.992689
0.992612
0.992528
0.992442
0.992352
0.992259
0.992165
0.99207
0.991971
0.991872
0.991774
0.991672
0.991571
0.991471
0.991372
0.99127
0.991165
0.991062
0.990954
0.990846
0.990734
0.990621
0.990506
0.990387
0.990267
0.990144
0.990017
0.989885
0.98975
0.98961
0.989464
0.989314
0.989151
0.988981
0.9888
0.988601
0.988388
0.988153
0.987894
0.987604
0.987276
0.986903
0.986478
0.985986
0.985414
0.984753
0.983978
0.983071
0.982006
0.980756
0.979287
0.977565
0.975544
0.97318
0.970416
0.967187
0.963425
0.959049
0.953961
0.948048
0.941174
0.93315
0.923734
0.912573
0.899124
0.882487
0.860964
0.830638
0.779325
0.661484
0.372384
0.927985
0.972724
0.977928
0.979986
0.981396
0.982834
0.984708
0.987244
0.990647
0.995283
0.999184
0.999824
0.999953
0.999985
0.998587
0.995092
0.989697
0.983024
0.975764
0.968531
0.961815
0.95598
0.95127
0.947815
0.945639
0.944674
0.944478
0.945142
0.946526
0.948477
0.950846
0.953494
0.956302
0.959172
0.962028
0.964811
0.96748
0.970004
0.972368
0.974566
0.976589
0.978442
0.98013
0.981659
0.983039
0.984278
0.985388
0.986377
0.987255
0.988031
0.988713
0.989313
0.989836
0.99029
0.990681
0.991017
0.991299
0.991537
0.991735
0.991896
0.992027
0.992127
0.992203
0.992257
0.992291
0.992307
0.992308
0.992295
0.992273
0.992238
0.992197
0.992145
0.992089
0.992024
0.991958
0.991885
0.991807
0.991728
0.991646
0.99156
0.991471
0.991382
0.991289
0.991194
0.991096
0.990996
0.990893
0.990786
0.990677
0.990561
0.990443
0.990318
0.990191
0.990058
0.989921
0.989776
0.989625
0.989468
0.989301
0.989125
0.988938
0.988738
0.988524
0.988292
0.988041
0.987764
0.987464
0.987128
0.986757
0.98634
0.985869
0.985338
0.984731
0.98404
0.983247
0.982334
0.981283
0.980067
0.978665
0.977043
0.975166
0.972995
0.970485
0.967587
0.964238
0.960379
0.955933
0.950804
0.944888
0.938048
0.930104
0.920813
0.909827
0.896609
0.88027
0.859124
0.829324
0.778861
0.662719
0.375563
0.935948
0.973841
0.978255
0.980023
0.981232
0.982589
0.984498
0.987187
0.990727
0.99544
0.999567
0.999934
0.999986
0.999996
0.997987
0.993209
0.986106
0.977575
0.968502
0.959625
0.951503
0.944544
0.939031
0.935111
0.932797
0.931979
0.932027
0.933133
0.935105
0.937731
0.940822
0.944203
0.947726
0.951277
0.954768
0.958142
0.961348
0.964365
0.967173
0.969773
0.972162
0.974346
0.976333
0.978134
0.979761
0.981227
0.98254
0.983716
0.984765
0.985701
0.986528
0.98726
0.987905
0.988472
0.988967
0.989398
0.989774
0.990094
0.990372
0.990604
0.990802
0.990964
0.991098
0.991205
0.99129
0.991352
0.991396
0.991422
0.991435
0.991434
0.991422
0.991397
0.991366
0.991323
0.991275
0.99122
0.991159
0.991092
0.991019
0.990942
0.990863
0.990775
0.990685
0.990594
0.990496
0.990397
0.990289
0.990179
0.990062
0.989939
0.98981
0.989676
0.989533
0.989386
0.98923
0.989066
0.988893
0.988709
0.988514
0.988304
0.988081
0.987843
0.987583
0.987304
0.987
0.986666
0.986298
0.985894
0.985444
0.984943
0.984384
0.983754
0.983044
0.98224
0.981329
0.980294
0.979114
0.97777
0.976231
0.974472
0.97246
0.970158
0.967526
0.96451
0.961065
0.957125
0.952617
0.947455
0.941538
0.934728
0.926849
0.917663
0.906824
0.893801
0.877712
0.856895
0.827527
0.77773
0.66283
0.377217
0.941948
0.974604
0.978357
0.979849
0.980882
0.982144
0.984087
0.986945
0.990763
0.99547
0.999832
0.999983
0.999996
0.999999
0.997204
0.990831
0.981697
0.971038
0.959948
0.949272
0.939623
0.931455
0.925102
0.920752
0.918416
0.917773
0.918258
0.920041
0.922838
0.926362
0.930353
0.934601
0.938934
0.943228
0.947393
0.951371
0.955121
0.958624
0.96187
0.964859
0.967599
0.970099
0.972371
0.974431
0.97629
0.97797
0.979479
0.980832
0.982042
0.983124
0.98409
0.984951
0.985711
0.986388
0.986983
0.987506
0.987965
0.988368
0.988715
0.989017
0.989275
0.989496
0.989683
0.98984
0.989968
0.990072
0.990152
0.990214
0.990258
0.990285
0.990297
0.990296
0.990285
0.990261
0.990227
0.990185
0.990134
0.990074
0.990008
0.989936
0.989859
0.989774
0.989683
0.989587
0.989486
0.989382
0.989267
0.989147
0.98902
0.988887
0.988746
0.988596
0.988439
0.988271
0.988095
0.987908
0.987709
0.987497
0.98727
0.987028
0.986768
0.986489
0.986187
0.98586
0.9855
0.985109
0.984681
0.984209
0.983687
0.983106
0.982463
0.981743
0.980938
0.980034
0.979018
0.97787
0.976576
0.975113
0.973456
0.971579
0.96945
0.967036
0.964296
0.961188
0.957659
0.953648
0.949094
0.943907
0.937991
0.931204
0.923387
0.914295
0.903584
0.890731
0.874865
0.854334
0.825344
0.776077
0.662069
0.377672
0.946484
0.975065
0.978241
0.979432
0.980338
0.98149
0.983457
0.986493
0.990611
0.995496
0.999976
0.999999
1
1
0.996208
0.987898
0.976407
0.96337
0.950087
0.937483
0.926197
0.916721
0.909475
0.904747
0.902555
0.901812
0.90307
0.905921
0.90992
0.914653
0.919785
0.925056
0.930292
0.935372
0.940218
0.944787
0.949049
0.953005
0.956647
0.959989
0.963044
0.965828
0.968354
0.970643
0.97271
0.974579
0.976262
0.977776
0.979134
0.980351
0.98144
0.982414
0.983282
0.984055
0.984741
0.985349
0.985886
0.986359
0.986774
0.987138
0.987453
0.987726
0.98796
0.988161
0.988328
0.988467
0.988581
0.988673
0.988743
0.988792
0.988827
0.988843
0.988847
0.988836
0.988811
0.988779
0.988734
0.98868
0.988615
0.988545
0.988465
0.988376
0.988281
0.988181
0.988072
0.987957
0.987834
0.987701
0.98756
0.987412
0.987253
0.987085
0.986909
0.986719
0.986521
0.986307
0.986081
0.985838
0.985581
0.985304
0.985006
0.984686
0.984339
0.983962
0.983551
0.983106
0.982617
0.982082
0.98149
0.980838
0.980115
0.979313
0.97842
0.977424
0.976311
0.975065
0.973671
0.972103
0.97034
0.968361
0.966131
0.96362
0.960791
0.957604
0.954005
0.949942
0.945352
0.940145
0.934231
0.927477
0.919715
0.910703
0.900114
0.887423
0.871763
0.851495
0.822842
0.774001
0.66062
0.37718
0.949868
0.975289
0.977955
0.978859
0.979589
0.980605
0.982584
0.985809
0.990269
0.99552
1
0.999999
0.999998
0.999999
0.994978
0.984362
0.970191
0.954565
0.938964
0.924345
0.911318
0.900391
0.892132
0.887082
0.885278
0.885189
0.887586
0.891846
0.897329
0.903474
0.909861
0.916208
0.922342
0.928163
0.93363
0.938713
0.943417
0.947745
0.951713
0.95534
0.958648
0.961658
0.96439
0.966866
0.969105
0.97113
0.972956
0.974599
0.976081
0.977414
0.978606
0.979678
0.980637
0.981494
0.982257
0.982938
0.983543
0.984079
0.984554
0.98497
0.985334
0.98565
0.985927
0.986165
0.986365
0.986537
0.986677
0.986793
0.986884
0.986952
0.987
0.987029
0.987044
0.987041
0.987025
0.986994
0.986949
0.986898
0.98683
0.986757
0.98667
0.986578
0.986474
0.986363
0.986243
0.986115
0.985976
0.985828
0.985671
0.985505
0.985328
0.985138
0.984938
0.984726
0.984499
0.984259
0.984003
0.983731
0.983439
0.983124
0.98279
0.982426
0.982034
0.981613
0.981151
0.980651
0.980106
0.979506
0.978852
0.97813
0.977334
0.976456
0.975481
0.974403
0.973203
0.971869
0.970383
0.968724
0.966872
0.964803
0.962487
0.959896
0.956991
0.953738
0.950086
0.945981
0.941365
0.936153
0.930248
0.923527
0.915817
0.906894
0.896422
0.883886
0.868429
0.848416
0.820065
0.771587
0.658621
0.37594
0.952333
0.975319
0.977519
0.978118
0.978624
0.979476
0.981445
0.984866
0.989713
0.995434
1
1
0.999998
0.999997
0.993498
0.980177
0.963027
0.944665
0.926699
0.910043
0.895183
0.882581
0.87302
0.867684
0.865528
0.866955
0.87165
0.87833
0.885942
0.893794
0.901488
0.908833
0.915721
0.922125
0.928046
0.933495
0.938495
0.943077
0.947261
0.951078
0.954557
0.957717
0.960587
0.963189
0.96555
0.967685
0.969613
0.971358
0.97293
0.974347
0.975622
0.976769
0.977799
0.978723
0.979551
0.980287
0.980945
0.981531
0.982052
0.982511
0.982914
0.983268
0.983576
0.983843
0.984073
0.984267
0.984427
0.984559
0.984667
0.984747
0.984807
0.984844
0.984862
0.984862
0.984848
0.984817
0.98477
0.984713
0.984641
0.984559
0.984464
0.984358
0.984243
0.984117
0.983983
0.98384
0.983683
0.983517
0.98334
0.983151
0.982952
0.982739
0.982514
0.982274
0.98202
0.981748
0.981462
0.981154
0.980826
0.980476
0.9801
0.979697
0.979259
0.97879
0.978279
0.977728
0.977126
0.976468
0.975752
0.974965
0.974103
0.973153
0.972106
0.970953
0.969677
0.968264
0.966697
0.96496
0.963032
0.960887
0.958497
0.955842
0.952879
0.949573
0.94588
0.941748
0.937116
0.931903
0.926017
0.919334
0.911689
0.902856
0.892502
0.880126
0.864873
0.845113
0.817058
0.768892
0.656171
0.374098
0.954018
0.975181
0.976941
0.977151
0.977332
0.978083
0.980019
0.983636
0.988915
0.995215
0.999997
0.999997
0.999998
0.999996
0.991749
0.9753
0.954915
0.933775
0.913527
0.894939
0.878213
0.863604
0.852048
0.846194
0.844267
0.84911
0.857883
0.867934
0.877867
0.887195
0.895821
0.903759
0.911045
0.91772
0.923831
0.929421
0.93453
0.939198
0.943458
0.94734
0.95088
0.954106
0.957035
0.959696
0.96211
0.964306
0.966293
0.96809
0.969715
0.971184
0.97251
0.973706
0.974783
0.975751
0.97662
0.977399
0.978095
0.978715
0.979268
0.979758
0.980189
0.980567
0.980899
0.981186
0.98143
0.981641
0.981815
0.981956
0.982072
0.982157
0.98222
0.982259
0.982277
0.982275
0.982256
0.982221
0.982166
0.982098
0.982017
0.981921
0.981814
0.981692
0.981561
0.981418
0.981265
0.9811
0.980922
0.980733
0.980534
0.98032
0.980093
0.979854
0.9796
0.979332
0.979047
0.978745
0.978423
0.978081
0.977717
0.977327
0.976912
0.976464
0.975984
0.975469
0.97491
0.974307
0.973651
0.972938
0.972163
0.971318
0.970394
0.969379
0.968268
0.967047
0.965702
0.964221
0.962586
0.960782
0.958785
0.95658
0.954135
0.951424
0.948415
0.945072
0.941352
0.937203
0.932563
0.927364
0.921508
0.914875
0.907302
0.898569
0.888349
0.876139
0.861104
0.841607
0.813849
0.765957
0.653349
0.371758
0.955006
0.974903
0.976246
0.976
0.975748
0.976422
0.978277
0.98208
0.987836
0.994856
1
1
0.999998
1
0.989714
0.969687
0.945886
0.922092
0.899861
0.87971
0.86133
0.844457
0.829397
0.817753
0.82252
0.838734
0.853384
0.86471
0.875115
0.884717
0.893597
0.901474
0.908655
0.9152
0.921181
0.926652
0.931654
0.936226
0.940406
0.944223
0.947713
0.950892
0.953797
0.956436
0.958841
0.961027
0.963018
0.964823
0.96646
0.967946
0.969285
0.970499
0.971595
0.972582
0.973471
0.974268
0.974982
0.975622
0.976189
0.976695
0.97714
0.977531
0.977871
0.978166
0.97842
0.978632
0.97881
0.978955
0.979069
0.979154
0.979213
0.979246
0.979257
0.979247
0.979218
0.979167
0.979101
0.979019
0.978921
0.978809
0.978683
0.978541
0.978389
0.978223
0.978046
0.977856
0.977655
0.977439
0.977213
0.976971
0.976714
0.976446
0.976161
0.97586
0.975542
0.975205
0.974847
0.974468
0.974067
0.973638
0.973181
0.972691
0.972167
0.971604
0.970999
0.970345
0.969641
0.968875
0.968047
0.967146
0.966165
0.965092
0.963923
0.962643
0.96124
0.959698
0.958009
0.956147
0.954098
0.951841
0.94935
0.9466
0.943558
0.940193
0.936457
0.932304
0.927676
0.922502
0.916686
0.910114
0.902627
0.894005
0.883936
0.871925
0.857123
0.837898
0.810453
0.762807
0.650198
0.368984
0.95531
0.974535
0.975532
0.974826
0.974112
0.974495
0.976207
0.980163
0.986422
0.994342
0.999998
1
1
0.999998
0.987367
0.963266
0.936005
0.909954
0.886436
0.865668
0.846708
0.828771
0.81034
0.821259
0.831447
0.844824
0.857067
0.867361
0.87689
0.885712
0.893854
0.901156
0.907845
0.913978
0.919724
0.925182
0.929878
0.934181
0.938129
0.941751
0.94507
0.948114
0.950897
0.953439
0.955762
0.957884
0.959815
0.961573
0.963178
0.964633
0.965953
0.967149
0.968232
0.96921
0.97009
0.970883
0.971594
0.972229
0.972796
0.973299
0.973739
0.974127
0.974466
0.974755
0.975003
0.975211
0.97538
0.975517
0.97562
0.975695
0.975739
0.975761
0.975757
0.975729
0.975682
0.975615
0.975528
0.975425
0.975306
0.97517
0.975018
0.974854
0.974673
0.974482
0.974277
0.974058
0.973826
0.973581
0.973322
0.973048
0.972758
0.972457
0.972137
0.971801
0.971447
0.971073
0.970677
0.97026
0.969818
0.969349
0.968849
0.968317
0.967749
0.967142
0.96649
0.96579
0.965038
0.964224
0.963344
0.962393
0.961361
0.960237
0.959015
0.957684
0.956229
0.954641
0.9529
0.950994
0.948905
0.946609
0.944088
0.94131
0.938248
0.93487
0.931133
0.926993
0.92239
0.917257
0.911496
0.905008
0.897627
0.889149
0.87925
0.867456
0.852917
0.834003
0.80687
0.759456
0.646733
0.365799
0.95488
0.974096
0.974899
0.973753
0.972392
0.972283
0.973823
0.977849
0.984602
0.993649
0.999998
1
1
0.999999
0.984679
0.955941
0.925403
0.897968
0.874575
0.855368
0.839497
0.833833
0.835253
0.839333
0.846874
0.856258
0.865433
0.873883
0.881891
0.889402
0.896387
0.902776
0.9087
0.914206
0.919399
0.924314
0.928601
0.932861
0.936563
0.939877
0.942931
0.945738
0.948318
0.950688
0.95286
0.95485
0.956671
0.958332
0.959848
0.961229
0.962492
0.963634
0.964671
0.965608
0.966453
0.967213
0.967895
0.968503
0.969046
0.969525
0.969946
0.970315
0.97063
0.970903
0.971129
0.971318
0.971468
0.971582
0.971664
0.971715
0.971739
0.971735
0.971708
0.971657
0.971586
0.971491
0.971378
0.971246
0.971098
0.970931
0.970751
0.970555
0.970343
0.970119
0.969879
0.969627
0.969361
0.969078
0.968783
0.968473
0.968149
0.967807
0.967451
0.967075
0.966682
0.966269
0.965833
0.965376
0.964892
0.96438
0.963838
0.963264
0.96265
0.961998
0.961303
0.960558
0.959756
0.958898
0.957972
0.956974
0.955895
0.954725
0.95346
0.952083
0.950588
0.948957
0.947181
0.945242
0.943121
0.940799
0.938256
0.935468
0.932401
0.929026
0.925304
0.921192
0.916629
0.911553
0.905879
0.899491
0.892248
0.883938
0.87426
0.862722
0.848484
0.829903
0.803108
0.755904
0.642941
0.362176
0.954038
0.973171
0.974367
0.973132
0.970783
0.969383
0.971209
0.975138
0.982266
0.992732
0.999998
0.999998
1
0.999998
0.981563
0.947559
0.914357
0.887233
0.866698
0.855724
0.850898
0.850623
0.853063
0.856725
0.862415
0.869072
0.875837
0.882409
0.888758
0.894804
0.900504
0.905831
0.910849
0.91558
0.920065
0.924287
0.928094
0.931831
0.935123
0.938496
0.941197
0.943692
0.946002
0.94813
0.950085
0.951885
0.953534
0.955051
0.956438
0.957702
0.958858
0.959905
0.96086
0.961723
0.9625
0.9632
0.963826
0.964383
0.964876
0.96531
0.965689
0.966018
0.966296
0.96653
0.966721
0.966873
0.966989
0.967068
0.967116
0.967133
0.967123
0.967087
0.967023
0.966938
0.96683
0.966701
0.966551
0.966382
0.966199
0.965995
0.965777
0.965541
0.965292
0.965027
0.964748
0.964454
0.964147
0.963825
0.96349
0.963138
0.96277
0.962388
0.961988
0.961571
0.961135
0.960678
0.960199
0.959698
0.959169
0.958613
0.958029
0.957407
0.956752
0.956054
0.955315
0.954523
0.953679
0.952777
0.951809
0.950766
0.949645
0.948437
0.947132
0.94572
0.944187
0.942526
0.940722
0.938757
0.936617
0.934285
0.931733
0.928944
0.925888
0.922533
0.918846
0.91478
0.910283
0.905297
0.899737
0.893495
0.886432
0.878341
0.868921
0.857687
0.843797
0.825591
0.799156
0.752135
0.638767
0.358023
0.953156
0.971274
0.973523
0.97273
0.970614
0.967677
0.968666
0.972102
0.979272
0.991509
1
0.999999
1
0.999997
0.977893
0.937885
0.903495
0.879878
0.870412
0.866203
0.865536
0.867187
0.869101
0.872488
0.876845
0.881678
0.886641
0.891569
0.896393
0.901049
0.905508
0.909763
0.913826
0.917702
0.921392
0.924875
0.928112
0.931243
0.934097
0.936987
0.939585
0.941829
0.943809
0.94564
0.947327
0.948883
0.950317
0.951635
0.95284
0.953949
0.954955
0.955874
0.956705
0.957459
0.958133
0.958742
0.95928
0.95976
0.960178
0.960543
0.960856
0.96112
0.961338
0.961516
0.961651
0.96175
0.961814
0.961844
0.961841
0.961811
0.961752
0.961669
0.961557
0.961426
0.96127
0.961096
0.9609
0.960684
0.960455
0.960204
0.959939
0.959657
0.95936
0.959049
0.958721
0.95838
0.958025
0.957656
0.957271
0.956872
0.956458
0.956028
0.955579
0.955115
0.954631
0.954127
0.953599
0.953051
0.952473
0.951871
0.951238
0.950571
0.949867
0.949126
0.948339
0.947503
0.946617
0.945671
0.94466
0.943577
0.94242
0.941173
0.939835
0.938391
0.936832
0.935146
0.933322
0.931345
0.929194
0.92686
0.924319
0.921547
0.918519
0.915209
0.911585
0.9076
0.90321
0.898356
0.892954
0.886911
0.880088
0.872275
0.863181
0.852318
0.838834
0.82105
0.794995
0.74811
0.634097
0.353147
0.952173
0.968321
0.971897
0.972046
0.970748
0.968874
0.967345
0.969054
0.975406
0.989891
1
1
1
1
0.973431
0.926582
0.894335
0.883371
0.879743
0.879174
0.880363
0.881491
0.883669
0.886542
0.889831
0.893329
0.896899
0.900464
0.90398
0.907416
0.910756
0.913989
0.917109
0.920111
0.92299
0.925733
0.928337
0.93084
0.933198
0.935539
0.937682
0.939827
0.941519
0.943013
0.944386
0.945653
0.946823
0.947897
0.948885
0.949784
0.950607
0.951353
0.952024
0.952631
0.953172
0.95365
0.954072
0.954439
0.954754
0.95502
0.955241
0.955417
0.95555
0.955647
0.955707
0.955731
0.955722
0.955681
0.955612
0.955516
0.955393
0.955245
0.955072
0.954879
0.954662
0.954428
0.954172
0.9539
0.95361
0.953302
0.95298
0.95264
0.952287
0.951917
0.951532
0.951135
0.950722
0.950295
0.949854
0.949398
0.948929
0.948442
0.947939
0.947419
0.946879
0.946319
0.945739
0.945136
0.944507
0.943849
0.943164
0.942445
0.941691
0.9409
0.940062
0.939181
0.938247
0.937257
0.936202
0.935082
0.933886
0.932604
0.931233
0.929764
0.928182
0.926479
0.924646
0.922665
0.920522
0.918206
0.915693
0.912967
0.910006
0.906776
0.903258
0.899409
0.895183
0.890525
0.885365
0.879603
0.873102
0.86566
0.856979
0.846569
0.833564
0.816254
0.790594
0.743756
0.62872
0.34724
0.950971
0.964228
0.968855
0.970227
0.970073
0.969247
0.968542
0.967119
0.970344
0.987679
1
1
0.999999
1
0.967758
0.913234
0.894312
0.891373
0.891216
0.8921
0.892938
0.894486
0.896462
0.898687
0.901051
0.903481
0.905932
0.908379
0.910807
0.913198
0.915544
0.917839
0.920073
0.922241
0.924342
0.926364
0.928309
0.930187
0.931993
0.933755
0.93541
0.93708
0.938747
0.939859
0.940877
0.941814
0.942678
0.943468
0.944188
0.944841
0.945433
0.945964
0.946441
0.946857
0.947224
0.94754
0.947806
0.948027
0.948203
0.948339
0.948435
0.948492
0.948515
0.948502
0.948458
0.948383
0.948277
0.948144
0.947984
0.947798
0.947591
0.947359
0.947104
0.946831
0.946537
0.946223
0.945894
0.945545
0.945181
0.944798
0.944401
0.943992
0.943565
0.943124
0.942667
0.942199
0.941715
0.941217
0.940707
0.940181
0.939643
0.939087
0.938516
0.937926
0.937319
0.936693
0.936047
0.935377
0.934684
0.933963
0.933211
0.932431
0.931615
0.930764
0.929869
0.928931
0.927942
0.926899
0.925799
0.924633
0.923396
0.922082
0.920682
0.919189
0.917595
0.915892
0.914065
0.912106
0.910003
0.907741
0.905307
0.902684
0.899847
0.896781
0.893453
0.889836
0.885879
0.881538
0.876736
0.871381
0.865326
0.858382
0.850236
0.840388
0.82795
0.811173
0.785901
0.738933
0.622185
0.339748
0.949269
0.958758
0.963604
0.966007
0.967023
0.967235
0.966996
0.966524
0.964004
0.98449
0.999999
1
1
1
0.959948
0.902017
0.900751
0.901169
0.901826
0.902623
0.903816
0.905202
0.906674
0.908184
0.909709
0.91124
0.912769
0.914294
0.915807
0.917308
0.918791
0.920247
0.921679
0.923078
0.924444
0.925767
0.927057
0.928309
0.929518
0.930693
0.931825
0.93298
0.934398
0.935188
0.935827
0.9364
0.936914
0.937376
0.937788
0.93815
0.93847
0.938741
0.938965
0.93915
0.939298
0.939401
0.93947
0.939504
0.939499
0.939462
0.939394
0.939296
0.939168
0.93901
0.938823
0.938613
0.938378
0.93812
0.937837
0.937532
0.937208
0.936861
0.936496
0.936114
0.935712
0.935295
0.934861
0.93441
0.933944
0.933463
0.932967
0.932456
0.931933
0.931393
0.930841
0.930275
0.929694
0.929102
0.928493
0.927874
0.927239
0.926587
0.92592
0.925237
0.924536
0.923817
0.923076
0.922314
0.921528
0.920719
0.919881
0.919016
0.918117
0.917187
0.916217
0.91521
0.914157
0.913058
0.911907
0.910703
0.909438
0.908106
0.906705
0.905228
0.903669
0.90202
0.900275
0.898423
0.896455
0.894362
0.892134
0.88975
0.887197
0.88446
0.881502
0.878303
0.87481
0.870983
0.866738
0.861982
0.856569
0.850302
0.842853
0.833705
0.821946
0.805755
0.780819
0.733323
0.613281
0.328398
0.94568
0.951231
0.954881
0.95731
0.958918
0.959929
0.960439
0.960209
0.959881
0.978269
1
1
0.999998
1
0.946585
0.905704
0.906205
0.906684
0.907368
0.908155
0.908965
0.909761
0.910544
0.911319
0.912084
0.912846
0.913605
0.914358
0.915106
0.915843
0.916573
0.917289
0.917988
0.918676
0.919342
0.919988
0.920619
0.921226
0.921813
0.922385
0.922952
0.923553
0.92441
0.924801
0.925015
0.925166
0.92528
0.925347
0.925382
0.925387
0.925358
0.925293
0.925204
0.925081
0.92493
0.92475
0.924546
0.924313
0.924054
0.92377
0.923464
0.92313
0.922778
0.922399
0.922002
0.921582
0.921142
0.920685
0.920206
0.91971
0.919197
0.918665
0.918118
0.917551
0.916971
0.916375
0.915765
0.915137
0.914497
0.913841
0.913171
0.912488
0.91179
0.911077
0.91035
0.909609
0.90886
0.908105
0.90734
0.90657
0.905791
0.905004
0.904208
0.903402
0.902585
0.901759
0.900923
0.900073
0.899213
0.89834
0.897453
0.896552
0.895634
0.894701
0.89375
0.892779
0.891787
0.890775
0.889737
0.888673
0.887578
0.886453
0.885293
0.884094
0.882851
0.881559
0.880214
0.878807
0.877328
0.875769
0.874119
0.872362
0.870483
0.868458
0.866262
0.86386
0.861206
0.858242
0.854889
0.851049
0.846569
0.841235
0.834709
0.826452
0.815503
0.799951
0.775217
0.726404
0.599159
0.299218
)
;

boundaryField
{
    walls
    {
        type            zeroGradient;
    }
    top
    {
        type            zeroGradient;
    }
    bottom
    {
        type            zeroGradient;
    }
    frontAndBack
    {
        type            empty;
    }
    inlet
    {
        type            uniformFixedValue;
        uniformValue    
        {
            type            constant;
            value           1;
        }
        value           uniform 1;
    }
    outlet
    {
        type            zeroGradient;
    }
}


// ************************************************************************* //
