/*--------------------------------*- C++ -*----------------------------------*\
  =========                 |
  \\      /  F ield         | OpenFOAM: The Open Source CFD Toolbox
   \\    /   O peration     | Website:  https://openfoam.org
    \\  /    A nd           | Version:  12
     \\/     M anipulation  |
\*---------------------------------------------------------------------------*/
FoamFile
{
    format      ascii;
    class       volScalarField;
    location    "525";
    object      T;
}
// * * * * * * * * * * * * * * * * * * * * * * * * * * * * * * * * * * * * * //

dimensions      [];

internalField   nonuniform List<scalar> 
4480
(
8.8519e-06
0.000403699
0.0316921
0.151708
0.299171
0.431558
0.538846
0.622554
0.687058
0.736703
0.775067
0.8049
0.828256
0.846661
0.861245
0.872846
0.882088
0.889448
0.89528
0.899854
0.903387
0.906039
0.907939
0.909185
0.909853
0.91001
0.909703
0.909149
0.908587
0.908015
0.907432
0.906835
0.906218
0.90558
0.904917
0.904227
0.903507
0.902752
0.901957
0.901123
0.900246
0.899317
0.898333
0.897294
0.896193
0.895023
0.89378
0.892464
0.891062
0.889568
0.887983
0.886304
0.884511
0.882608
0.880585
0.878433
0.876153
0.873738
0.871173
0.868459
0.865583
0.862543
0.859328
0.855938
0.852355
0.848589
0.844615
0.840445
0.836052
0.831451
0.826618
0.821555
0.816253
0.810707
0.804907
0.798848
0.792524
0.785926
0.779047
0.771881
0.764418
0.756653
0.748578
0.740234
0.731628
0.722758
0.713625
0.704228
0.69457
0.684655
0.674489
0.664081
0.653441
0.642585
0.631533
0.620307
0.60894
0.597469
0.585944
0.574427
0.562989
0.55172
0.540715
0.53011
0.520035
0.510649
0.502131
0.494673
0.488475
0.483757
0.480739
0.479645
0.480688
0.484084
0.490014
0.498646
0.510095
0.524428
0.541655
0.561785
0.58506
0.612317
0.645013
0.686746
0.751773
0.846501
0.912556
0.962056
0.95264
0.88277
0.814864
0.712516
0.62005
0.544531
0.474063
0.405146
0.335793
0.264092
0.189186
0.108136
3.60796e-06
0.00953393
0.144933
0.366581
0.555976
0.690946
0.781751
0.842088
0.882445
0.909864
0.928855
0.942284
0.951983
0.959124
0.964464
0.96852
0.971633
0.974034
0.975891
0.977324
0.978418
0.979231
0.979814
0.980198
0.980412
0.980474
0.9804
0.980094
0.979473
0.978569
0.977414
0.976038
0.974472
0.972743
0.970874
0.968891
0.966815
0.964665
0.962453
0.960198
0.95791
0.955601
0.953271
0.950935
0.948596
0.946252
0.94391
0.941568
0.939224
0.936879
0.934528
0.932176
0.92981
0.92743
0.925033
0.922611
0.920167
0.917689
0.915174
0.912622
0.910019
0.907373
0.904667
0.901903
0.899078
0.896192
0.893231
0.890193
0.887083
0.883896
0.880624
0.877269
0.873825
0.870296
0.86667
0.862953
0.859141
0.855226
0.851224
0.847119
0.84291
0.838611
0.834206
0.829715
0.825152
0.820508
0.815789
0.81101
0.806166
0.801274
0.796342
0.791381
0.786405
0.781437
0.776497
0.771603
0.766796
0.762097
0.757548
0.753198
0.749097
0.745294
0.741859
0.738852
0.736361
0.734458
0.733241
0.732795
0.733227
0.734634
0.73712
0.740773
0.745693
0.751955
0.759619
0.768733
0.779309
0.791351
0.804844
0.819789
0.836257
0.854422
0.8745
0.896651
0.920675
0.944602
0.964507
0.977658
0.966572
0.926934
0.885359
0.838472
0.787005
0.731243
0.670244
0.602806
0.527441
0.44265
0.347748
0.245046
0.000603632
0.060997
0.320496
0.572925
0.740706
0.840067
0.897373
0.930759
0.950752
0.963176
0.971218
0.97666
0.980491
0.983289
0.985388
0.986999
0.988252
0.989233
0.990004
0.990606
0.991071
0.99142
0.991674
0.991845
0.991943
0.991975
0.991949
0.991848
0.991639
0.991324
0.9909
0.990361
0.989707
0.988927
0.988028
0.987003
0.985858
0.984597
0.983224
0.981746
0.980173
0.97851
0.976769
0.974957
0.973082
0.971157
0.969183
0.967173
0.965128
0.963059
0.96097
0.958864
0.956742
0.954608
0.952468
0.950316
0.948161
0.945998
0.943826
0.941649
0.939463
0.93727
0.935064
0.932851
0.930626
0.928385
0.926133
0.923864
0.921576
0.919275
0.916947
0.914604
0.912237
0.90985
0.907433
0.904995
0.902536
0.900047
0.897533
0.895
0.892435
0.889851
0.887236
0.884608
0.881954
0.879291
0.876623
0.873949
0.87127
0.868604
0.865952
0.863324
0.860737
0.858195
0.855719
0.853329
0.851041
0.848877
0.846869
0.845045
0.843432
0.842068
0.841
0.840257
0.839897
0.839965
0.840505
0.841573
0.843227
0.845506
0.848462
0.852134
0.856561
0.861763
0.867755
0.874527
0.882071
0.890348
0.899314
0.908919
0.9191
0.929771
0.940779
0.95183
0.962436
0.971837
0.978995
0.98258
0.974577
0.949156
0.922395
0.892634
0.858442
0.818332
0.770546
0.712899
0.642692
0.556891
0.452925
0.330502
0.00750454
0.187386
0.517124
0.741816
0.861279
0.920902
0.950914
0.966676
0.975493
0.980827
0.984333
0.986823
0.988704
0.990176
0.991353
0.992301
0.993071
0.993689
0.994184
0.994575
0.994879
0.995109
0.995276
0.995393
0.995464
0.995493
0.995487
0.99544
0.995346
0.995207
0.995018
0.994776
0.994478
0.994117
0.993685
0.993181
0.9926
0.991932
0.991181
0.99034
0.989412
0.988397
0.987295
0.986114
0.984853
0.983523
0.982124
0.980666
0.979153
0.977594
0.975993
0.974355
0.97269
0.970997
0.969287
0.967563
0.965828
0.964081
0.962335
0.960582
0.958834
0.957083
0.955339
0.953601
0.951865
0.950135
0.948416
0.9467
0.944994
0.943291
0.941594
0.939907
0.938221
0.936544
0.934868
0.933196
0.931529
0.929871
0.928213
0.926555
0.924902
0.923257
0.921621
0.919979
0.918346
0.916721
0.915106
0.913509
0.911932
0.910375
0.908846
0.907355
0.90591
0.904514
0.903188
0.901932
0.900773
0.899716
0.898782
0.897992
0.897368
0.896928
0.896702
0.896713
0.896996
0.897567
0.898468
0.899721
0.901356
0.903398
0.905871
0.908791
0.912173
0.916019
0.92032
0.92506
0.930215
0.935743
0.941591
0.94769
0.953956
0.960264
0.966449
0.972276
0.977434
0.981512
0.983968
0.984019
0.978293
0.960784
0.941656
0.920516
0.896066
0.866651
0.830018
0.782981
0.721124
0.638459
0.527718
0.381784
0.03729
0.371662
0.696783
0.859856
0.929942
0.959926
0.973572
0.980446
0.984393
0.987023
0.988997
0.990597
0.991932
0.993053
0.993984
0.994746
0.995365
0.995858
0.996244
0.996541
0.996765
0.996929
0.997046
0.997123
0.997171
0.997192
0.997192
0.997167
0.997114
0.997033
0.996923
0.996782
0.996612
0.996406
0.996164
0.99588
0.995549
0.99517
0.994734
0.994243
0.993688
0.993071
0.992386
0.991637
0.990819
0.989938
0.988995
0.987992
0.986932
0.985821
0.984663
0.983462
0.982223
0.980953
0.979657
0.978341
0.977007
0.975658
0.974303
0.972943
0.971581
0.970221
0.968869
0.967525
0.966185
0.964861
0.963548
0.962246
0.960961
0.959691
0.958435
0.957191
0.955967
0.954757
0.953563
0.952382
0.95122
0.95007
0.94893
0.94781
0.946701
0.945606
0.944528
0.94346
0.942406
0.941369
0.940347
0.93934
0.938359
0.937403
0.936477
0.935582
0.934731
0.933925
0.933171
0.932478
0.931858
0.931323
0.930879
0.930546
0.93033
0.93025
0.930324
0.930568
0.930997
0.931633
0.93249
0.933583
0.934932
0.936553
0.938446
0.940628
0.943095
0.945846
0.948869
0.95214
0.955637
0.95932
0.963139
0.967027
0.970904
0.974671
0.978191
0.981297
0.983769
0.985337
0.985624
0.984087
0.979503
0.967102
0.95219
0.935801
0.917052
0.894624
0.866425
0.828985
0.776741
0.700644
0.586823
0.41596
0.107826
0.566794
0.83116
0.928845
0.963246
0.976469
0.982411
0.985669
0.987877
0.989651
0.991215
0.992605
0.993811
0.994833
0.995667
0.996334
0.996852
0.997243
0.997532
0.997735
0.997873
0.997962
0.998017
0.998045
0.998057
0.998058
0.998052
0.998039
0.998007
0.997957
0.99789
0.997803
0.997698
0.997571
0.997421
0.997245
0.997042
0.996806
0.996536
0.99623
0.995884
0.995492
0.995054
0.994569
0.994035
0.993449
0.992813
0.992127
0.991395
0.990614
0.989791
0.988928
0.988029
0.987098
0.986137
0.985153
0.984151
0.983133
0.9821
0.981063
0.980025
0.978983
0.977946
0.976914
0.975889
0.974878
0.973875
0.972888
0.97192
0.970962
0.970023
0.9691
0.968196
0.96731
0.966439
0.965588
0.96475
0.963933
0.963134
0.962347
0.961577
0.960827
0.960092
0.959375
0.958666
0.957974
0.957301
0.956645
0.956007
0.955392
0.954805
0.954245
0.953718
0.953227
0.952779
0.952379
0.952035
0.951756
0.951544
0.951409
0.951366
0.951418
0.95158
0.951865
0.952276
0.952833
0.953538
0.954411
0.955454
0.956672
0.958078
0.959664
0.961432
0.963375
0.965482
0.967728
0.970093
0.97254
0.975027
0.977497
0.979883
0.982101
0.984045
0.985583
0.986553
0.986743
0.985873
0.983551
0.979227
0.970485
0.95821
0.944656
0.929278
0.911162
0.888717
0.858807
0.815721
0.748308
0.635699
0.441165
0.221225
0.734099
0.91369
0.96225
0.977123
0.982928
0.985918
0.98793
0.989607
0.991177
0.992679
0.994048
0.995219
0.996172
0.996919
0.997485
0.997892
0.998168
0.998337
0.998425
0.998455
0.998445
0.998412
0.998373
0.998335
0.998305
0.998284
0.998275
0.998259
0.998236
0.998206
0.998165
0.998112
0.998047
0.997967
0.997868
0.997751
0.997611
0.997447
0.997259
0.99704
0.996789
0.996507
0.996189
0.995837
0.995444
0.995012
0.994541
0.994033
0.993486
0.992902
0.992286
0.991636
0.990956
0.990251
0.989524
0.988774
0.988012
0.987238
0.986454
0.985665
0.984873
0.984082
0.983294
0.982515
0.981744
0.980981
0.980232
0.979494
0.978772
0.978064
0.977374
0.976695
0.976037
0.975395
0.974768
0.974155
0.97356
0.972982
0.972423
0.971873
0.971343
0.970832
0.970326
0.969838
0.969363
0.968902
0.968456
0.968029
0.96762
0.96723
0.966864
0.966527
0.966214
0.965938
0.965694
0.965495
0.965341
0.965237
0.965193
0.96521
0.965301
0.965469
0.965721
0.966067
0.966511
0.967062
0.967724
0.9685
0.969399
0.970415
0.971551
0.972802
0.974162
0.975614
0.97714
0.97872
0.980326
0.981918
0.983449
0.984861
0.986082
0.987026
0.987587
0.987628
0.986982
0.985432
0.982684
0.978367
0.971771
0.96165
0.949972
0.936715
0.921228
0.902443
0.877803
0.84225
0.783979
0.676238
0.461278
0.364249
0.85358
0.954868
0.975851
0.982506
0.985615
0.98759
0.989197
0.990734
0.992303
0.993854
0.995235
0.996364
0.997235
0.997874
0.998317
0.998594
0.99873
0.998756
0.998698
0.998587
0.998447
0.998305
0.998174
0.998066
0.99799
0.997948
0.997936
0.997935
0.997941
0.99795
0.997958
0.997963
0.997963
0.997953
0.997931
0.997893
0.997839
0.997767
0.997671
0.997555
0.997411
0.997242
0.997044
0.996816
0.996561
0.996274
0.995954
0.995603
0.995224
0.994812
0.994371
0.993904
0.993412
0.992895
0.992358
0.991804
0.991235
0.990653
0.990064
0.989469
0.988867
0.988269
0.987671
0.987074
0.986486
0.985905
0.985336
0.984773
0.984223
0.983687
0.983167
0.982655
0.982162
0.981678
0.98121
0.980758
0.980317
0.979894
0.979483
0.979083
0.978703
0.978332
0.977976
0.977627
0.977291
0.976967
0.976653
0.976355
0.976075
0.975806
0.975557
0.975331
0.975122
0.974938
0.974785
0.97466
0.974571
0.974518
0.974509
0.974543
0.974633
0.974772
0.974976
0.975245
0.97558
0.975991
0.976475
0.97704
0.977682
0.978407
0.979204
0.980071
0.981003
0.981984
0.982999
0.984027
0.985042
0.986009
0.986891
0.987631
0.988175
0.988443
0.988348
0.987775
0.986585
0.984603
0.981611
0.977346
0.971526
0.96346
0.953132
0.941332
0.927534
0.911045
0.889824
0.859802
0.809776
0.70923
0.478316
0.521121
0.920837
0.971187
0.981015
0.984859
0.987013
0.988605
0.99006
0.991591
0.993234
0.994863
0.99625
0.997308
0.998071
0.998584
0.99889
0.999014
0.998981
0.998826
0.998583
0.998289
0.997983
0.997692
0.99744
0.997242
0.997106
0.997034
0.99702
0.997034
0.997073
0.99713
0.997198
0.997273
0.997351
0.997426
0.997491
0.997545
0.997582
0.997601
0.997602
0.997579
0.997536
0.997466
0.997371
0.997249
0.997101
0.996924
0.996722
0.996493
0.996236
0.995955
0.995647
0.995317
0.994965
0.99459
0.9942
0.99379
0.993369
0.992935
0.992492
0.992045
0.991592
0.991136
0.990681
0.990229
0.98978
0.989338
0.988902
0.988473
0.988056
0.987649
0.98725
0.986864
0.986485
0.986122
0.98577
0.985429
0.985101
0.984783
0.984478
0.984181
0.9839
0.983628
0.983368
0.983112
0.982867
0.982634
0.982409
0.982196
0.981991
0.981803
0.981623
0.981464
0.981317
0.981191
0.981086
0.981003
0.98094
0.980911
0.980908
0.980943
0.981009
0.981117
0.981266
0.981461
0.981703
0.981997
0.98234
0.982735
0.98318
0.983679
0.984218
0.984801
0.985414
0.986048
0.986684
0.987311
0.987896
0.988413
0.988824
0.989084
0.989143
0.988929
0.988367
0.987361
0.985795
0.983526
0.980383
0.976176
0.970698
0.963757
0.95486
0.944135
0.931508
0.916534
0.897481
0.871203
0.82779
0.735276
0.493424
0.671412
0.948036
0.97665
0.983357
0.986178
0.987903
0.989305
0.990713
0.992287
0.994037
0.995757
0.997118
0.998075
0.998709
0.999089
0.999242
0.999187
0.998944
0.998557
0.998073
0.997543
0.997017
0.996536
0.99613
0.995818
0.995607
0.995499
0.99548
0.995516
0.995597
0.995715
0.995862
0.996026
0.9962
0.996377
0.996551
0.996712
0.996859
0.996987
0.997094
0.997178
0.997237
0.997267
0.997272
0.997251
0.997204
0.997129
0.997027
0.996899
0.996748
0.996568
0.996367
0.996145
0.9959
0.995639
0.995362
0.995066
0.99476
0.994441
0.994111
0.993777
0.993438
0.993095
0.992751
0.992408
0.992067
0.99173
0.991399
0.991071
0.990753
0.990438
0.990135
0.989839
0.989554
0.989276
0.989006
0.988748
0.988497
0.988258
0.988025
0.987803
0.987591
0.987386
0.987192
0.987001
0.98682
0.986646
0.986478
0.986317
0.986168
0.986026
0.985894
0.985773
0.985667
0.985573
0.985494
0.985428
0.985383
0.985358
0.985351
0.985371
0.985414
0.985484
0.985587
0.985717
0.98588
0.986076
0.986302
0.986564
0.986856
0.987175
0.987518
0.98788
0.988252
0.988621
0.988974
0.989292
0.989553
0.98973
0.989787
0.989689
0.989381
0.988808
0.987899
0.986577
0.984736
0.982266
0.979025
0.974867
0.969628
0.963146
0.955262
0.94568
0.933925
0.920013
0.902374
0.878529
0.839955
0.755052
0.507298
0.774175
0.962403
0.980137
0.984777
0.987035
0.98852
0.989816
0.991218
0.992863
0.994744
0.996546
0.99785
0.99868
0.999179
0.999418
0.999402
0.999127
0.998621
0.997933
0.997136
0.9963
0.995493
0.99477
0.994172
0.993718
0.99342
0.993274
0.993252
0.993318
0.993457
0.993658
0.993905
0.994184
0.994483
0.99479
0.995096
0.995391
0.99567
0.995929
0.996161
0.996367
0.996544
0.996689
0.996803
0.996886
0.996939
0.996963
0.996958
0.996925
0.996866
0.996782
0.996674
0.996545
0.996394
0.996224
0.996036
0.995834
0.99562
0.995391
0.995155
0.994911
0.99466
0.994406
0.99415
0.993892
0.993635
0.993381
0.993126
0.992879
0.992633
0.992396
0.992164
0.991937
0.991718
0.991503
0.9913
0.9911
0.990909
0.990724
0.990544
0.990373
0.990212
0.990053
0.989904
0.989762
0.989621
0.989485
0.989356
0.989236
0.989118
0.98901
0.988907
0.988811
0.988727
0.988647
0.988583
0.988528
0.988485
0.988454
0.988441
0.988443
0.988461
0.988495
0.988552
0.988624
0.988721
0.988833
0.988966
0.989118
0.989285
0.989465
0.989653
0.989839
0.990019
0.990182
0.990309
0.990388
0.990393
0.990302
0.990085
0.989704
0.989114
0.988262
0.987088
0.985522
0.983477
0.980856
0.977547
0.973426
0.968357
0.962195
0.954779
0.945898
0.935231
0.922106
0.905456
0.883188
0.847893
0.769361
0.520383
0.852666
0.970395
0.982412
0.985907
0.987669
0.988954
0.990187
0.991607
0.993343
0.995362
0.997247
0.998456
0.999139
0.999508
0.999606
0.999391
0.998841
0.997989
0.996911
0.995707
0.994481
0.993322
0.992303
0.991472
0.990854
0.990458
0.990278
0.990261
0.990371
0.990593
0.990903
0.991282
0.99171
0.992167
0.992638
0.993111
0.993572
0.994014
0.994429
0.994812
0.995158
0.99547
0.995746
0.99598
0.996181
0.996343
0.996471
0.996565
0.996627
0.99666
0.996665
0.996643
0.996598
0.99653
0.996442
0.996335
0.996213
0.996075
0.995925
0.995764
0.995595
0.995418
0.995235
0.995048
0.994861
0.99467
0.994479
0.994289
0.994102
0.993917
0.993736
0.993558
0.993385
0.993216
0.993052
0.992894
0.992742
0.992592
0.992447
0.992309
0.992177
0.992051
0.991926
0.991809
0.991694
0.991587
0.991478
0.991376
0.991278
0.991182
0.991092
0.991007
0.990928
0.990852
0.990785
0.990724
0.990671
0.990625
0.990589
0.99056
0.99054
0.990533
0.990538
0.990551
0.990576
0.990611
0.990654
0.990708
0.990769
0.990832
0.990894
0.990953
0.990999
0.991022
0.991012
0.990958
0.990842
0.990645
0.99034
0.9899
0.989292
0.988473
0.987397
0.986013
0.984256
0.982049
0.979314
0.975953
0.971858
0.966912
0.96098
0.9539
0.945453
0.935311
0.92293
0.907269
0.886055
0.852849
0.779057
0.532997
0.902401
0.975309
0.983972
0.986716
0.988188
0.989288
0.990453
0.991899
0.993728
0.995894
0.997858
0.998941
0.999473
0.999725
0.999677
0.999218
0.998308
0.997003
0.995422
0.993704
0.991993
0.990405
0.98903
0.987927
0.987125
0.986631
0.986426
0.986426
0.986607
0.986942
0.987401
0.987953
0.988572
0.98923
0.989907
0.990585
0.991249
0.991885
0.992486
0.993046
0.993563
0.994031
0.994452
0.994825
0.995152
0.995434
0.995676
0.995876
0.996037
0.996164
0.996259
0.996325
0.996359
0.99637
0.996358
0.996325
0.996274
0.996205
0.996125
0.996028
0.995923
0.995808
0.995686
0.99556
0.995426
0.995293
0.995154
0.995016
0.994878
0.994741
0.994604
0.994471
0.99434
0.99421
0.994085
0.993961
0.993842
0.993725
0.993613
0.993506
0.993399
0.993295
0.993198
0.993103
0.99301
0.992919
0.992832
0.992746
0.992664
0.992581
0.992503
0.99243
0.992357
0.992286
0.992222
0.992161
0.992101
0.99205
0.992001
0.991955
0.991917
0.991885
0.991854
0.991832
0.991812
0.991794
0.991777
0.991763
0.991742
0.991718
0.991683
0.991632
0.991556
0.991451
0.9913
0.991094
0.990814
0.990445
0.989961
0.989337
0.988539
0.987536
0.986278
0.984721
0.982811
0.980475
0.977647
0.974241
0.970165
0.965309
0.959545
0.952712
0.944589
0.93485
0.922947
0.907867
0.887429
0.855479
0.784912
0.545356
0.924723
0.979968
0.985082
0.987296
0.988551
0.989568
0.990646
0.992102
0.994026
0.996345
0.998389
0.999316
0.9997
0.99986
0.999649
0.998876
0.997496
0.995606
0.993387
0.991035
0.988736
0.986637
0.984852
0.983447
0.982451
0.981864
0.98166
0.981701
0.981985
0.982474
0.983126
0.9839
0.984758
0.985666
0.986595
0.987522
0.988424
0.98929
0.990111
0.990876
0.991585
0.992233
0.992821
0.993348
0.993819
0.994233
0.994596
0.994911
0.995179
0.995404
0.995591
0.995743
0.995861
0.99595
0.996012
0.996047
0.996065
0.996061
0.996041
0.996005
0.995955
0.995896
0.995827
0.995751
0.995667
0.99558
0.995487
0.995392
0.995294
0.995197
0.995098
0.994998
0.994899
0.994803
0.994707
0.99461
0.994519
0.994425
0.994338
0.994248
0.994164
0.994078
0.993998
0.993917
0.993842
0.993763
0.993687
0.993613
0.993538
0.993466
0.993392
0.99332
0.993251
0.993182
0.993114
0.993047
0.992981
0.992918
0.992857
0.992796
0.992735
0.992677
0.992617
0.992556
0.992494
0.992429
0.992359
0.99228
0.992193
0.992091
0.99197
0.991822
0.991644
0.991424
0.991152
0.990815
0.9904
0.989884
0.989248
0.988467
0.987512
0.986349
0.984939
0.983242
0.981202
0.97876
0.975858
0.972415
0.96835
0.963559
0.957922
0.951273
0.943397
0.933965
0.922437
0.907824
0.887999
0.857019
0.788744
0.554311
0.938672
0.981662
0.985886
0.987702
0.988794
0.989741
0.990816
0.992219
0.994238
0.996712
0.998839
0.999589
0.999845
0.999936
0.999532
0.998346
0.996353
0.993723
0.990716
0.987601
0.984607
0.981924
0.979678
0.977946
0.976754
0.976096
0.975925
0.976045
0.97648
0.977178
0.978083
0.979137
0.980289
0.981499
0.982728
0.983947
0.98513
0.986264
0.987334
0.988331
0.989256
0.990104
0.990875
0.991573
0.992199
0.992757
0.993254
0.993687
0.994068
0.994398
0.994681
0.994922
0.995124
0.995291
0.995426
0.995532
0.995613
0.995672
0.99571
0.995731
0.995734
0.995725
0.995704
0.995672
0.995632
0.995584
0.99553
0.995471
0.995409
0.995341
0.995273
0.995204
0.995133
0.99506
0.994988
0.994915
0.994841
0.994768
0.994695
0.994622
0.994551
0.994482
0.994413
0.994344
0.994275
0.994206
0.994136
0.994068
0.993996
0.993928
0.993855
0.993783
0.993711
0.99364
0.993566
0.993493
0.993417
0.99334
0.993264
0.993182
0.993101
0.993017
0.992925
0.992831
0.99273
0.992621
0.9925
0.992366
0.992215
0.992042
0.991843
0.991614
0.991344
0.991024
0.990643
0.990193
0.989655
0.989013
0.988246
0.987331
0.98624
0.984943
0.983408
0.981588
0.979438
0.976912
0.973947
0.970473
0.966414
0.961672
0.956128
0.949623
0.941939
0.932751
0.921524
0.907283
0.88795
0.857728
0.791168
0.560589
0.948315
0.982945
0.986528
0.987962
0.988912
0.989813
0.990901
0.992319
0.994361
0.996989
0.999211
0.999777
0.999928
0.999974
0.999325
0.997596
0.994819
0.991275
0.987324
0.983312
0.979524
0.976181
0.973433
0.97136
0.969991
0.969296
0.969124
0.969378
0.970037
0.971025
0.972261
0.973673
0.975195
0.97677
0.978354
0.979912
0.981416
0.982849
0.984198
0.985454
0.986614
0.987679
0.988649
0.989528
0.99032
0.991031
0.991665
0.99223
0.992727
0.993164
0.993548
0.99388
0.994166
0.994412
0.99462
0.994795
0.99494
0.995058
0.995153
0.995226
0.995279
0.995316
0.99534
0.995348
0.995346
0.995336
0.995316
0.995289
0.995257
0.995219
0.995177
0.99513
0.995081
0.995029
0.994975
0.99492
0.994863
0.994803
0.994744
0.994685
0.994622
0.994559
0.994498
0.994437
0.994373
0.994307
0.994242
0.994173
0.994105
0.994033
0.993961
0.993887
0.993808
0.99373
0.993648
0.993564
0.993475
0.993384
0.993289
0.993189
0.993086
0.992972
0.992853
0.992726
0.992584
0.992432
0.992264
0.992078
0.991869
0.991633
0.991363
0.991058
0.990704
0.990293
0.989822
0.98927
0.988625
0.987871
0.986989
0.985955
0.984749
0.983336
0.981689
0.979769
0.977531
0.974931
0.971913
0.968413
0.964356
0.959653
0.954181
0.947788
0.94026
0.931269
0.920286
0.906354
0.88742
0.857805
0.792539
0.56482
0.955275
0.983867
0.986895
0.9881
0.988928
0.989775
0.990885
0.99239
0.994412
0.997178
0.999512
0.999895
0.999972
0.999991
0.999018
0.996588
0.992833
0.988187
0.983132
0.978092
0.973412
0.969344
0.966059
0.96365
0.962133
0.96146
0.961324
0.961788
0.962754
0.964115
0.965767
0.967614
0.969572
0.971573
0.973564
0.975504
0.977365
0.979123
0.980771
0.982304
0.983715
0.985007
0.986185
0.987252
0.988217
0.989084
0.989861
0.990555
0.991172
0.991719
0.992201
0.992626
0.992999
0.993324
0.993605
0.99385
0.994055
0.994232
0.99438
0.994502
0.994605
0.994685
0.994749
0.994798
0.994832
0.994854
0.994866
0.994867
0.994861
0.994847
0.994828
0.994801
0.994771
0.994734
0.994697
0.994654
0.994608
0.99456
0.994511
0.994459
0.994403
0.994348
0.99429
0.99423
0.994167
0.994104
0.994037
0.993969
0.993898
0.993823
0.993745
0.993662
0.993579
0.99349
0.993399
0.993301
0.993199
0.993092
0.992977
0.992857
0.992728
0.99259
0.99244
0.992278
0.992102
0.991906
0.991695
0.991458
0.991195
0.990899
0.990566
0.990189
0.989759
0.989271
0.988711
0.988068
0.987328
0.986474
0.985493
0.984359
0.98305
0.98154
0.979798
0.977791
0.975474
0.972812
0.969752
0.966228
0.962173
0.957498
0.952087
0.945786
0.938385
0.929559
0.918787
0.905111
0.88652
0.857398
0.793095
0.567466
0.960424
0.984515
0.987085
0.988119
0.988829
0.989629
0.990759
0.992355
0.99446
0.99727
0.999741
0.999961
0.999992
0.999998
0.998601
0.995277
0.990334
0.984394
0.978073
0.971887
0.966223
0.961369
0.957523
0.954787
0.953173
0.952604
0.952638
0.95341
0.954788
0.95662
0.958777
0.961136
0.963593
0.96607
0.968503
0.970856
0.973091
0.975195
0.977152
0.978964
0.98063
0.982153
0.983539
0.984795
0.985931
0.986955
0.987873
0.988696
0.989431
0.990088
0.990669
0.991185
0.991641
0.992042
0.992395
0.992702
0.992973
0.993203
0.993405
0.993575
0.993723
0.993844
0.993946
0.99403
0.994098
0.994149
0.994189
0.994215
0.994233
0.99424
0.99424
0.99423
0.994216
0.994192
0.994166
0.994135
0.994099
0.994058
0.994014
0.993965
0.993917
0.993861
0.993803
0.993746
0.993682
0.993618
0.993548
0.993475
0.993398
0.993317
0.993231
0.993142
0.993045
0.992948
0.992842
0.992731
0.992613
0.992487
0.992354
0.992209
0.992055
0.991891
0.99171
0.991517
0.991305
0.991071
0.990814
0.990531
0.990216
0.989863
0.989471
0.98903
0.988531
0.987967
0.987329
0.986604
0.98578
0.984842
0.98377
0.982546
0.981148
0.979551
0.977729
0.975644
0.973267
0.970554
0.967454
0.963913
0.959862
0.955213
0.949852
0.94363
0.936337
0.927653
0.917059
0.903617
0.885317
0.856602
0.793024
0.568884
0.964284
0.984959
0.987141
0.988014
0.98862
0.989363
0.990514
0.99221
0.994481
0.997289
0.999899
0.99999
0.999998
0.999999
0.998056
0.993623
0.987265
0.979842
0.972114
0.96467
0.957939
0.952238
0.947802
0.944764
0.943134
0.942686
0.943026
0.944271
0.946225
0.948685
0.951472
0.954437
0.957461
0.960457
0.963362
0.966136
0.968751
0.971194
0.973456
0.975541
0.977451
0.979194
0.980778
0.982215
0.983511
0.984685
0.985738
0.986684
0.987529
0.988286
0.988964
0.989569
0.990103
0.99058
0.991
0.991371
0.991697
0.991985
0.992233
0.99245
0.992636
0.992797
0.992935
0.993052
0.993147
0.993228
0.99329
0.993339
0.993377
0.993402
0.993417
0.993423
0.993422
0.993411
0.993392
0.993369
0.993339
0.993302
0.993261
0.993215
0.993167
0.993113
0.993053
0.992991
0.992924
0.992856
0.99278
0.9927
0.992616
0.992527
0.992433
0.992331
0.992226
0.992112
0.991992
0.991865
0.991729
0.991584
0.991429
0.991262
0.991083
0.99089
0.990681
0.990455
0.990205
0.989932
0.989635
0.989306
0.988943
0.988537
0.988088
0.987586
0.987024
0.986393
0.985686
0.984885
0.983985
0.982968
0.981817
0.980515
0.979041
0.97737
0.975477
0.973332
0.970901
0.968142
0.965017
0.961462
0.957418
0.952788
0.947477
0.941328
0.934131
0.925573
0.915143
0.901906
0.883871
0.855503
0.792467
0.569339
0.967194
0.985222
0.98707
0.987764
0.988297
0.988976
0.990139
0.991941
0.99439
0.997304
0.999986
0.999999
1
1
0.997364
0.991582
0.983583
0.974501
0.965242
0.956449
0.94857
0.941952
0.936889
0.933585
0.932054
0.931536
0.932416
0.934408
0.937203
0.94051
0.944095
0.947776
0.951431
0.954976
0.958358
0.961546
0.964518
0.967278
0.969816
0.972147
0.974277
0.976219
0.97798
0.979576
0.981016
0.982321
0.983496
0.984552
0.985501
0.986351
0.987114
0.987796
0.988404
0.988947
0.98943
0.989858
0.990237
0.990572
0.990867
0.991126
0.991351
0.991546
0.991715
0.991861
0.991983
0.992085
0.99217
0.99224
0.992294
0.992333
0.992363
0.992379
0.992387
0.992385
0.992372
0.992354
0.992328
0.992294
0.992252
0.992208
0.992157
0.992098
0.992036
0.991971
0.991898
0.991821
0.991739
0.99165
0.991555
0.991455
0.991347
0.991234
0.991115
0.990986
0.99085
0.990704
0.990549
0.990383
0.990207
0.990017
0.989811
0.98959
0.989351
0.98909
0.988805
0.988496
0.988158
0.987786
0.987375
0.986923
0.98642
0.985863
0.985242
0.984549
0.983776
0.982912
0.981945
0.980858
0.979635
0.978267
0.976725
0.974991
0.973038
0.970844
0.968369
0.965578
0.962432
0.958867
0.954828
0.950228
0.944961
0.938874
0.931772
0.923337
0.91306
0.900016
0.882227
0.854157
0.791528
0.569028
0.969359
0.985348
0.986898
0.987423
0.987852
0.98845
0.98962
0.991533
0.994185
0.997318
1
0.999999
0.999998
0.999999
0.996507
0.989122
0.979255
0.968368
0.957487
0.947283
0.938183
0.930544
0.924768
0.921235
0.919975
0.919913
0.921591
0.924571
0.928405
0.9327
0.937164
0.941598
0.945882
0.949946
0.953763
0.957309
0.960592
0.963611
0.966378
0.968908
0.971214
0.973313
0.975218
0.976944
0.978505
0.979919
0.981192
0.982338
0.983372
0.984304
0.985137
0.985886
0.986558
0.987158
0.987692
0.988171
0.988596
0.988974
0.98931
0.989604
0.989863
0.990087
0.990284
0.990455
0.990598
0.990724
0.990825
0.990911
0.990978
0.991029
0.991068
0.991091
0.991106
0.991108
0.991101
0.991083
0.991055
0.991024
0.99098
0.990932
0.990875
0.990815
0.990745
0.990672
0.990591
0.990505
0.990411
0.990311
0.990205
0.990093
0.989973
0.989843
0.989708
0.989563
0.989408
0.989243
0.989067
0.988882
0.988681
0.988464
0.988235
0.987983
0.987713
0.987423
0.987103
0.986757
0.986381
0.985964
0.985512
0.985012
0.98446
0.983851
0.983175
0.982428
0.981596
0.980673
0.979643
0.978496
0.977216
0.975786
0.974188
0.972402
0.9704
0.968163
0.965656
0.962839
0.959678
0.956116
0.952089
0.947517
0.942291
0.936276
0.929264
0.920949
0.910826
0.897973
0.880409
0.852617
0.79028
0.568106
0.970935
0.985363
0.986638
0.986985
0.987279
0.987781
0.988943
0.990971
0.993853
0.997266
1
1
0.999998
0.999997
0.995478
0.98621
0.974268
0.961468
0.948933
0.937299
0.926911
0.918091
0.911397
0.90766
0.906151
0.907151
0.91044
0.915116
0.920442
0.925934
0.931313
0.936448
0.941261
0.945733
0.949868
0.953671
0.95716
0.960357
0.963276
0.965938
0.968365
0.970568
0.97257
0.974383
0.97603
0.977519
0.978863
0.980081
0.981177
0.982167
0.983057
0.983858
0.984578
0.985224
0.985805
0.986319
0.986781
0.987193
0.98756
0.987883
0.988167
0.988417
0.988635
0.988825
0.988989
0.989128
0.989243
0.989339
0.989418
0.989477
0.989523
0.989552
0.989567
0.989571
0.989564
0.989546
0.989516
0.98948
0.989433
0.989379
0.989316
0.989245
0.989168
0.989083
0.988993
0.988896
0.988789
0.988677
0.988557
0.988428
0.988293
0.988148
0.987994
0.98783
0.987656
0.987469
0.987274
0.987063
0.986836
0.986597
0.986337
0.98606
0.985758
0.985435
0.985082
0.984702
0.984285
0.98383
0.983336
0.982791
0.982195
0.981537
0.980812
0.980015
0.979133
0.978156
0.977073
0.975873
0.974543
0.973063
0.971416
0.969589
0.967551
0.965281
0.962748
0.959917
0.95675
0.95319
0.949181
0.944642
0.93947
0.933526
0.926605
0.918413
0.908445
0.895785
0.878448
0.850914
0.788775
0.566684
0.972017
0.98528
0.986297
0.986412
0.986512
0.986954
0.988097
0.990239
0.993376
0.997135
0.999997
0.999997
0.999998
0.999996
0.994263
0.982817
0.968619
0.953876
0.93974
0.926749
0.915044
0.904811
0.896709
0.892602
0.891254
0.894649
0.900797
0.907839
0.914796
0.921322
0.927355
0.932905
0.937996
0.94266
0.946928
0.95083
0.954396
0.957653
0.960626
0.963333
0.965802
0.968053
0.970096
0.97195
0.973634
0.975166
0.976552
0.977805
0.978938
0.979964
0.980889
0.981724
0.982476
0.983152
0.983761
0.984305
0.984793
0.985227
0.985615
0.98596
0.986263
0.986528
0.986763
0.986966
0.987138
0.987289
0.987413
0.987515
0.987598
0.98766
0.987707
0.987738
0.987752
0.987754
0.987744
0.987723
0.987687
0.987642
0.987589
0.987525
0.987454
0.987371
0.987282
0.987186
0.987082
0.986971
0.986849
0.986721
0.986585
0.986439
0.986284
0.986121
0.985946
0.985763
0.985569
0.985362
0.98514
0.984906
0.984656
0.984387
0.984102
0.983793
0.983463
0.983108
0.982722
0.982307
0.981853
0.981361
0.980826
0.980242
0.979604
0.978902
0.978135
0.977292
0.976362
0.97534
0.974212
0.972968
0.97159
0.970073
0.96839
0.966527
0.964461
0.962168
0.95962
0.956782
0.953612
0.950069
0.946086
0.941588
0.936474
0.930609
0.923794
0.915729
0.905928
0.893467
0.876362
0.849072
0.787063
0.564837
0.972659
0.985113
0.985886
0.985731
0.985574
0.98597
0.987065
0.989313
0.992732
0.99692
1
1
0.999998
1
0.992848
0.978911
0.962329
0.94573
0.930199
0.916103
0.903229
0.891397
0.880822
0.872641
0.875988
0.887375
0.897652
0.905587
0.912872
0.919595
0.925805
0.931311
0.936332
0.940903
0.94508
0.948901
0.952393
0.955583
0.9585
0.961162
0.963597
0.965814
0.967841
0.96968
0.971357
0.972881
0.97427
0.97553
0.976672
0.977709
0.978642
0.97949
0.980255
0.980944
0.981565
0.982123
0.982622
0.983071
0.983467
0.983822
0.984135
0.984409
0.984649
0.984856
0.985036
0.985186
0.985313
0.985416
0.985498
0.98556
0.985604
0.98563
0.985639
0.985635
0.985618
0.985584
0.985541
0.985487
0.985421
0.985346
0.985261
0.985164
0.985061
0.984948
0.984829
0.984699
0.984562
0.984415
0.984261
0.984095
0.983919
0.983736
0.983541
0.983335
0.983117
0.982885
0.98264
0.982379
0.982104
0.98181
0.981495
0.981158
0.980797
0.980409
0.979992
0.979541
0.979056
0.978527
0.977955
0.977334
0.976656
0.975916
0.97511
0.974227
0.973259
0.972195
0.971032
0.96975
0.96834
0.966788
0.965076
0.963188
0.961103
0.9588
0.956243
0.953407
0.950251
0.946729
0.94278
0.938333
0.933287
0.927508
0.92081
0.912897
0.903274
0.891018
0.874162
0.847106
0.785163
0.562605
0.972869
0.984897
0.985465
0.985038
0.984611
0.984832
0.98584
0.988175
0.991888
0.996611
0.999998
1
1
0.999998
0.991215
0.974443
0.955444
0.93726
0.920818
0.906278
0.892987
0.880394
0.867435
0.87511
0.882263
0.891654
0.90024
0.907451
0.914123
0.920296
0.925991
0.931095
0.935771
0.940054
0.944069
0.947879
0.951157
0.954161
0.956915
0.959442
0.961757
0.963881
0.965822
0.967594
0.969214
0.970694
0.972041
0.973266
0.974387
0.975402
0.976323
0.977157
0.977913
0.978596
0.979211
0.979765
0.980262
0.980706
0.981103
0.981455
0.981763
0.982036
0.982275
0.982477
0.982653
0.9828
0.98292
0.983017
0.983091
0.983146
0.983179
0.983197
0.983196
0.983179
0.983149
0.983105
0.983046
0.982977
0.982897
0.982805
0.982702
0.982591
0.982467
0.982337
0.982197
0.982048
0.981889
0.981722
0.981545
0.981358
0.981159
0.980953
0.980733
0.980503
0.98026
0.980004
0.979732
0.979446
0.979142
0.97882
0.978476
0.978109
0.977718
0.9773
0.976851
0.976368
0.975851
0.975289
0.974682
0.974027
0.973315
0.972541
0.971698
0.970781
0.969778
0.968686
0.967488
0.966177
0.964741
0.963165
0.961436
0.959533
0.957437
0.955127
0.952574
0.949751
0.946618
0.943132
0.939227
0.934846
0.929883
0.924217
0.917647
0.909899
0.900472
0.888455
0.871844
0.845025
0.783084
0.559991
0.972619
0.984638
0.985091
0.984405
0.983596
0.983528
0.984431
0.9868
0.990801
0.996198
0.999998
1
1
0.999999
0.989347
0.969344
0.948054
0.928893
0.912526
0.899066
0.887929
0.88395
0.884944
0.887803
0.893093
0.899674
0.906105
0.912021
0.917627
0.922882
0.927767
0.932232
0.936373
0.940219
0.943847
0.947279
0.95027
0.953243
0.955827
0.958138
0.96027
0.962227
0.964027
0.96568
0.967194
0.968583
0.969852
0.971011
0.972067
0.973031
0.973913
0.97471
0.975434
0.976088
0.976679
0.977209
0.977686
0.978111
0.978491
0.978826
0.979122
0.97938
0.979601
0.979794
0.979953
0.980086
0.980193
0.980275
0.980333
0.980371
0.980391
0.98039
0.980373
0.98034
0.980293
0.98023
0.980154
0.980064
0.979964
0.97985
0.979728
0.979594
0.97945
0.979297
0.979133
0.978961
0.978779
0.978585
0.978383
0.978171
0.977949
0.977714
0.977471
0.977212
0.976943
0.97666
0.97636
0.976046
0.975714
0.975361
0.974988
0.974594
0.974171
0.973722
0.973244
0.972731
0.972178
0.971587
0.970949
0.970262
0.969519
0.968713
0.967843
0.966895
0.965867
0.964745
0.963526
0.962194
0.960739
0.959148
0.957407
0.955501
0.953404
0.951102
0.948564
0.945766
0.942666
0.939224
0.935389
0.931084
0.926227
0.920687
0.914287
0.90673
0.897527
0.885759
0.869417
0.842829
0.780818
0.556954
0.972114
0.98408
0.984779
0.984043
0.982653
0.981823
0.982892
0.985194
0.989408
0.99565
0.999998
0.999998
1
0.999998
0.98718
0.963509
0.940352
0.921394
0.907014
0.899315
0.895929
0.895733
0.897441
0.900006
0.903993
0.908658
0.913396
0.917995
0.922438
0.926666
0.930652
0.934374
0.937879
0.941184
0.944316
0.947264
0.949921
0.952528
0.954826
0.95718
0.959064
0.960804
0.962417
0.963901
0.965265
0.96652
0.967669
0.968727
0.969695
0.970577
0.971384
0.972114
0.972781
0.973384
0.973927
0.974416
0.974853
0.975243
0.975587
0.975892
0.976157
0.976388
0.976584
0.976748
0.976884
0.976991
0.977074
0.977131
0.977167
0.977181
0.977176
0.977154
0.977111
0.977055
0.976982
0.976895
0.976793
0.976678
0.976554
0.976415
0.976266
0.976105
0.975934
0.975753
0.975563
0.975362
0.975152
0.97493
0.974702
0.974461
0.974208
0.973946
0.973671
0.973386
0.973086
0.972772
0.972443
0.9721
0.971736
0.971353
0.970952
0.970523
0.970073
0.969592
0.969085
0.968539
0.967958
0.967338
0.966671
0.965954
0.965182
0.964352
0.963455
0.962486
0.961433
0.960293
0.959057
0.957711
0.956245
0.954651
0.952908
0.951005
0.94892
0.946635
0.944128
0.941367
0.938318
0.934947
0.931198
0.927005
0.922284
0.916908
0.910698
0.903365
0.894419
0.88293
0.866875
0.840512
0.778332
0.55339
0.971584
0.982913
0.984279
0.983809
0.982559
0.980834
0.981403
0.983398
0.987622
0.994915
1
0.999999
1
0.999997
0.984627
0.956774
0.932775
0.916251
0.909614
0.906662
0.906192
0.907345
0.908685
0.911056
0.914106
0.917489
0.920962
0.92441
0.927783
0.931038
0.934154
0.937127
0.939966
0.942672
0.945249
0.947681
0.949939
0.952125
0.954117
0.956133
0.957945
0.959511
0.960892
0.962171
0.963347
0.964431
0.965432
0.966352
0.967191
0.967966
0.968669
0.96931
0.96989
0.970417
0.970887
0.971314
0.97169
0.972026
0.972319
0.972574
0.972794
0.97298
0.973134
0.97326
0.973355
0.973426
0.973473
0.973497
0.973497
0.973478
0.973439
0.973385
0.973309
0.973221
0.973115
0.972997
0.972864
0.972716
0.97256
0.972388
0.972208
0.972015
0.971812
0.971599
0.971374
0.971141
0.970897
0.970645
0.970381
0.970107
0.969823
0.969528
0.96922
0.968901
0.96857
0.968223
0.96786
0.967484
0.967086
0.966672
0.966237
0.965778
0.965294
0.964785
0.964244
0.963669
0.96306
0.96241
0.961715
0.960971
0.960177
0.959321
0.958403
0.957414
0.956346
0.955192
0.953945
0.952595
0.951125
0.949533
0.947802
0.945916
0.943855
0.941607
0.93915
0.936451
0.933484
0.930213
0.926581
0.922536
0.917994
0.912821
0.906848
0.899784
0.891134
0.879958
0.864203
0.838054
0.775562
0.549094
0.970992
0.981088
0.983292
0.983399
0.982639
0.981539
0.980643
0.981601
0.985317
0.993948
1
1
1
1
0.981525
0.948905
0.926382
0.918698
0.916152
0.91575
0.91658
0.917367
0.91889
0.9209
0.923201
0.925648
0.928144
0.930636
0.933094
0.935495
0.937828
0.940087
0.942266
0.944361
0.946372
0.948286
0.950104
0.95185
0.953497
0.95513
0.956625
0.958122
0.959302
0.960345
0.961303
0.962186
0.963004
0.963753
0.964443
0.96507
0.965645
0.966167
0.966635
0.96706
0.967438
0.967772
0.968068
0.968326
0.968546
0.968734
0.96889
0.969015
0.969108
0.969179
0.969223
0.969243
0.969238
0.969212
0.969166
0.969103
0.96902
0.96892
0.968803
0.968672
0.968524
0.968364
0.968189
0.968004
0.967805
0.967595
0.967375
0.967141
0.9669
0.966647
0.966383
0.96611
0.965827
0.965535
0.965232
0.964918
0.964597
0.964262
0.963917
0.96356
0.963189
0.962804
0.962406
0.961991
0.96156
0.961107
0.960636
0.960142
0.959624
0.959082
0.958506
0.957902
0.957262
0.956583
0.955859
0.955092
0.954274
0.953397
0.952459
0.951456
0.950376
0.949214
0.947965
0.946616
0.945157
0.943583
0.941876
0.940026
0.93802
0.935832
0.933454
0.930858
0.928012
0.924884
0.92143
0.91759
0.913279
0.908375
0.9027
0.89596
0.887653
0.876824
0.861388
0.835415
0.772385
0.543728
0.970268
0.978557
0.981427
0.982286
0.982217
0.981742
0.981329
0.980468
0.982298
0.992623
1
1
0.999999
1
0.977579
0.939609
0.926372
0.924302
0.924188
0.924803
0.925387
0.926469
0.92785
0.929405
0.931057
0.932756
0.934469
0.936179
0.937875
0.939545
0.941184
0.942786
0.944346
0.945859
0.947326
0.948738
0.950095
0.951406
0.952666
0.953896
0.955051
0.956217
0.95738
0.958157
0.958868
0.959522
0.960125
0.960677
0.96118
0.961636
0.96205
0.962422
0.962756
0.963048
0.963306
0.963528
0.963716
0.963871
0.963996
0.964093
0.964162
0.964204
0.964223
0.964216
0.96419
0.96414
0.964069
0.96398
0.963871
0.963745
0.963605
0.963446
0.963273
0.963087
0.962885
0.962671
0.962445
0.962206
0.961957
0.961695
0.961423
0.961142
0.96085
0.960547
0.960233
0.959913
0.95958
0.959238
0.958888
0.958527
0.958158
0.957776
0.957384
0.956978
0.956562
0.956132
0.955689
0.955229
0.954754
0.95426
0.953744
0.953209
0.952651
0.952068
0.951456
0.950815
0.950138
0.949426
0.948675
0.947881
0.947038
0.946143
0.94519
0.944174
0.943091
0.941934
0.940695
0.939366
0.937941
0.93641
0.934764
0.932992
0.931076
0.92901
0.926771
0.924343
0.92169
0.91879
0.915593
0.912043
0.908049
0.903498
0.8982
0.891858
0.883953
0.873514
0.858398
0.832522
0.768547
0.536673
0.969245
0.975176
0.978193
0.97969
0.980334
0.980484
0.980352
0.980075
0.978516
0.990711
0.999999
1
1
1
0.97215
0.931807
0.930887
0.931171
0.931628
0.932182
0.933015
0.933984
0.935012
0.936067
0.937131
0.9382
0.939269
0.940334
0.94139
0.942438
0.943474
0.94449
0.945489
0.946466
0.94742
0.948343
0.949244
0.950119
0.950963
0.951782
0.952573
0.953381
0.954371
0.954923
0.955371
0.955771
0.956131
0.956455
0.956745
0.956999
0.957224
0.957415
0.957573
0.957704
0.957811
0.957884
0.957935
0.957962
0.957961
0.957939
0.957894
0.95783
0.957744
0.957637
0.95751
0.957368
0.957208
0.957032
0.956839
0.956631
0.956409
0.956172
0.955922
0.955661
0.955385
0.9551
0.954802
0.954493
0.954173
0.953844
0.953503
0.953152
0.952794
0.952423
0.952044
0.951656
0.951257
0.950852
0.950434
0.950009
0.949574
0.949127
0.94867
0.948203
0.947723
0.947232
0.946726
0.946205
0.945668
0.945116
0.944546
0.943956
0.943344
0.942711
0.942051
0.941367
0.940651
0.939906
0.939125
0.93831
0.937453
0.936551
0.935604
0.934605
0.933552
0.932439
0.931263
0.930014
0.928689
0.92728
0.925783
0.924182
0.922469
0.920637
0.918658
0.916526
0.9142
0.911662
0.908854
0.905723
0.902178
0.8981
0.893289
0.887434
0.880008
0.869994
0.855178
0.829209
0.763369
0.525618
0.967089
0.970551
0.972824
0.974337
0.975341
0.975976
0.976301
0.976167
0.975973
0.986986
1
1
0.999998
1
0.962856
0.934427
0.934774
0.935105
0.935583
0.936133
0.936699
0.937255
0.937801
0.938342
0.938875
0.939408
0.939937
0.940462
0.940984
0.941498
0.942009
0.942508
0.942996
0.943477
0.943942
0.944393
0.944835
0.94526
0.94567
0.94607
0.946468
0.94689
0.94749
0.947766
0.947919
0.948027
0.94811
0.948159
0.948187
0.948194
0.948178
0.948136
0.948078
0.947996
0.947895
0.947773
0.947636
0.947479
0.947302
0.947109
0.946902
0.946674
0.946435
0.946176
0.945906
0.945619
0.945319
0.945007
0.94468
0.944341
0.94399
0.943628
0.943254
0.942866
0.94247
0.942064
0.941648
0.941219
0.940782
0.940334
0.939877
0.939412
0.938936
0.93845
0.937954
0.937449
0.93694
0.936426
0.935905
0.935383
0.934853
0.934319
0.933779
0.933232
0.932678
0.932119
0.931553
0.930978
0.930396
0.929806
0.929208
0.9286
0.927981
0.927352
0.926711
0.926058
0.92539
0.92471
0.924013
0.923299
0.922564
0.92181
0.921033
0.92023
0.919399
0.918535
0.917638
0.916699
0.915713
0.914674
0.913577
0.912409
0.911162
0.909822
0.908371
0.906786
0.905041
0.903097
0.900903
0.898404
0.8955
0.892065
0.887887
0.882646
0.875784
0.866236
0.851654
0.825207
0.755256
0.497276
)
;

boundaryField
{
    walls
    {
        type            zeroGradient;
    }
    top
    {
        type            zeroGradient;
    }
    bottom
    {
        type            zeroGradient;
    }
    frontAndBack
    {
        type            empty;
    }
    inlet
    {
        type            uniformFixedValue;
        uniformValue    
        {
            type            constant;
            value           1;
        }
        value           uniform 1;
    }
    outlet
    {
        type            zeroGradient;
    }
}


// ************************************************************************* //
