/*--------------------------------*- C++ -*----------------------------------*\
  =========                 |
  \\      /  F ield         | OpenFOAM: The Open Source CFD Toolbox
   \\    /   O peration     | Website:  https://openfoam.org
    \\  /    A nd           | Version:  12
     \\/     M anipulation  |
\*---------------------------------------------------------------------------*/
FoamFile
{
    format      ascii;
    class       volScalarField;
    location    "245";
    object      T;
}
// * * * * * * * * * * * * * * * * * * * * * * * * * * * * * * * * * * * * * //

dimensions      [];

internalField   nonuniform List<scalar> 
4480
(
1.33975e-09
1.87342e-07
0.000212376
0.00748423
0.0408268
0.101223
0.175366
0.251531
0.322962
0.386697
0.441973
0.48912
0.52892
0.562286
0.590097
0.613144
0.632108
0.647568
0.66
0.669801
0.677305
0.682783
0.686459
0.688518
0.689115
0.68838
0.686419
0.683791
0.68113
0.678421
0.675652
0.672808
0.669872
0.666831
0.66367
0.660374
0.656926
0.653311
0.649507
0.645502
0.641276
0.636804
0.632066
0.627044
0.621711
0.616041
0.610009
0.60359
0.596751
0.589459
0.581689
0.573407
0.564569
0.555142
0.545083
0.534347
0.522889
0.510656
0.49758
0.4836
0.46863
0.452584
0.435361
0.416857
0.396962
0.375597
0.352704
0.328306
0.302499
0.275511
0.247676
0.21946
0.191413
0.16414
0.138239
0.114245
0.0925848
0.0735384
0.0572285
0.0436269
0.0325779
0.0238314
0.0170812
0.012052
0.00840312
0.00581524
0.00401675
0.00278801
0.00195916
0.0014041
0.00103263
0.000782399
0.000611604
0.000492933
0.000408905
0.000348482
0.000304732
0.000273296
0.000251435
0.000237449
0.000230361
0.000229764
0.000235758
0.000248992
0.00027076
0.000303209
0.000349671
0.000415182
0.000507312
0.000637443
0.000822751
0.00108926
0.00147657
0.00204497
0.00288612
0.00413878
0.00601096
0.00881093
0.0129907
0.0192247
0.0286126
0.0431643
0.0665997
0.107257
0.19437
0.371922
0.552618
0.750704
0.709478
0.390866
0.207278
0.0777691
0.0258691
0.00841445
0.00242482
0.000577858
0.000104328
1.19488e-05
6.52106e-07
8.96125e-09
7.97079e-10
1.3943e-05
0.00348687
0.0474247
0.151052
0.277909
0.397959
0.499342
0.580652
0.644509
0.694408
0.733519
0.764384
0.788918
0.808533
0.824284
0.836946
0.847101
0.85519
0.861556
0.866463
0.870113
0.872672
0.874264
0.874994
0.87494
0.874167
0.872548
0.870077
0.866832
0.862889
0.858325
0.853211
0.847614
0.841592
0.835206
0.828503
0.821528
0.814314
0.806894
0.799294
0.791533
0.783619
0.775566
0.767377
0.759048
0.750578
0.741956
0.733171
0.724208
0.715051
0.705683
0.696077
0.686212
0.676064
0.665602
0.654803
0.643631
0.632053
0.620037
0.607534
0.594508
0.580902
0.566666
0.551738
0.536059
0.519556
0.502167
0.483839
0.464525
0.444192
0.422837
0.400479
0.377172
0.353001
0.328099
0.302636
0.276824
0.250922
0.225215
0.200018
0.175656
0.152439
0.130783
0.110969
0.0931575
0.0774283
0.0637817
0.0521441
0.0423848
0.0343293
0.027778
0.0225218
0.0183561
0.0150898
0.0125531
0.0106004
0.00911068
0.00798719
0.00715467
0.00655667
0.00615274
0.00591622
0.00583212
0.00589635
0.00611521
0.00650647
0.00710102
0.00794656
0.00911246
0.0106974
0.0128397
0.0157318
0.019639
0.0249246
0.0320809
0.0417686
0.0548681
0.0725506
0.0964035
0.128665
0.172572
0.232589
0.314408
0.423778
0.557715
0.695573
0.81365
0.773675
0.51152
0.299583
0.154163
0.0701406
0.0281043
0.00965804
0.00271521
0.00058026
8.13398e-05
5.81163e-06
1.28539e-07
2.45763e-07
0.000285366
0.0218789
0.139683
0.309465
0.465896
0.587345
0.675653
0.738817
0.784411
0.818051
0.843536
0.863313
0.878958
0.891495
0.901619
0.909816
0.91644
0.921763
0.925992
0.929294
0.931798
0.93361
0.934815
0.935478
0.935653
0.935379
0.934598
0.933266
0.931407
0.929043
0.926184
0.922849
0.919047
0.914802
0.910126
0.905045
0.899581
0.893758
0.887601
0.881135
0.874385
0.867374
0.860124
0.852652
0.844981
0.837118
0.82908
0.820872
0.812504
0.803979
0.795296
0.786452
0.777445
0.768272
0.758919
0.749382
0.739647
0.729698
0.719525
0.709109
0.698431
0.687468
0.676199
0.664595
0.652625
0.640257
0.627454
0.614174
0.60038
0.586019
0.571056
0.555441
0.539133
0.522084
0.504266
0.485648
0.466209
0.445945
0.424874
0.403023
0.380461
0.357271
0.333628
0.309763
0.2859
0.262282
0.239161
0.216787
0.195402
0.175219
0.156416
0.139129
0.123442
0.1094
0.0969975
0.0861932
0.0769151
0.0690705
0.0625543
0.0572585
0.0530806
0.049931
0.0477372
0.0464511
0.0460522
0.0465521
0.0480006
0.0504912
0.0541679
0.0592362
0.0659737
0.0747441
0.0860112
0.100355
0.118484
0.141247
0.169639
0.2048
0.248009
0.300643
0.364
0.438829
0.524489
0.617877
0.712212
0.79688
0.858294
0.829729
0.626328
0.417464
0.247248
0.129269
0.0588588
0.0228151
0.00721419
0.00174651
0.000284178
2.48567e-05
7.36407e-07
8.59403e-06
0.00259876
0.0765752
0.278535
0.478955
0.625366
0.721983
0.784693
0.826504
0.855826
0.877599
0.894574
0.908246
0.919439
0.928657
0.936241
0.942458
0.947513
0.951587
0.954829
0.957366
0.959301
0.960723
0.961703
0.962295
0.96254
0.962475
0.962076
0.961322
0.960227
0.958796
0.957027
0.954924
0.952479
0.949691
0.946559
0.943083
0.93926
0.935102
0.930611
0.925798
0.920676
0.915257
0.909557
0.903592
0.897381
0.890935
0.884276
0.877414
0.870367
0.863148
0.855764
0.84823
0.840549
0.832733
0.824784
0.816706
0.808498
0.800166
0.791702
0.78311
0.774379
0.76551
0.756494
0.747317
0.737972
0.728447
0.718721
0.708782
0.698604
0.688166
0.677445
0.666408
0.655028
0.643266
0.631087
0.618454
0.605327
0.59166
0.577411
0.562543
0.547018
0.530806
0.513853
0.496197
0.477858
0.458879
0.439333
0.419314
0.398947
0.378383
0.357795
0.337376
0.317326
0.297854
0.279161
0.261444
0.244879
0.229625
0.215817
0.203568
0.192966
0.184087
0.176995
0.17175
0.168416
0.167077
0.167836
0.170834
0.176253
0.18433
0.195356
0.209683
0.227722
0.249933
0.27681
0.308855
0.346528
0.390196
0.44004
0.495928
0.557205
0.622426
0.689088
0.753548
0.811154
0.85642
0.882914
0.863727
0.718807
0.53107
0.348624
0.201308
0.10073
0.0427526
0.0147684
0.00392204
0.000709712
7.12444e-05
2.55986e-06
0.0001192
0.0134555
0.181404
0.43966
0.627798
0.740534
0.806153
0.84616
0.872772
0.892375
0.908071
0.92122
0.932366
0.941762
0.949587
0.956015
0.961231
0.965411
0.968714
0.971289
0.973265
0.974747
0.975823
0.976563
0.977023
0.977242
0.97725
0.977038
0.976577
0.975874
0.974934
0.973758
0.972344
0.970687
0.968782
0.966623
0.964201
0.961513
0.958551
0.955317
0.951805
0.948022
0.943966
0.939648
0.935073
0.930252
0.925198
0.919921
0.914435
0.908755
0.902895
0.896867
0.890687
0.884365
0.877916
0.871351
0.864678
0.857903
0.851041
0.844094
0.837068
0.829966
0.822796
0.815556
0.808241
0.80086
0.793403
0.785866
0.778248
0.770537
0.762724
0.754796
0.746747
0.738554
0.730206
0.721678
0.712956
0.704008
0.69481
0.68534
0.675564
0.665451
0.654973
0.644058
0.632695
0.620856
0.608516
0.595658
0.582284
0.568401
0.554036
0.539234
0.524065
0.508616
0.493
0.477353
0.461833
0.446619
0.4319
0.417885
0.404786
0.392823
0.382221
0.373198
0.365975
0.360773
0.357807
0.357297
0.359466
0.364545
0.372761
0.384354
0.399554
0.418579
0.441611
0.468773
0.500101
0.535494
0.574671
0.617106
0.661967
0.708054
0.753738
0.796977
0.835395
0.866403
0.887167
0.894154
0.878078
0.782449
0.625645
0.446476
0.28003
0.151683
0.0694847
0.0258194
0.00738193
0.00144675
0.000160042
6.56244e-06
0.000915388
0.0461378
0.32819
0.592209
0.738369
0.813162
0.853952
0.879276
0.897601
0.912718
0.926082
0.937939
0.948191
0.956795
0.963821
0.969436
0.973838
0.977226
0.979788
0.981685
0.98306
0.984032
0.984696
0.985125
0.985376
0.985488
0.985486
0.985373
0.985086
0.984633
0.984014
0.983228
0.982272
0.981139
0.979824
0.978317
0.976614
0.974704
0.972582
0.970242
0.967679
0.964888
0.961868
0.958622
0.955151
0.951459
0.947552
0.943439
0.939132
0.934637
0.929969
0.925141
0.920166
0.915055
0.909823
0.904483
0.899049
0.893529
0.887934
0.882278
0.876572
0.870817
0.865026
0.859203
0.853352
0.84748
0.841585
0.835673
0.829744
0.82379
0.817815
0.811813
0.80578
0.799711
0.793594
0.787425
0.781189
0.774882
0.768489
0.761993
0.755383
0.748648
0.741769
0.734702
0.72743
0.71994
0.712213
0.704229
0.695973
0.687436
0.678614
0.669509
0.660134
0.650514
0.640692
0.630721
0.620679
0.61066
0.600778
0.59117
0.581997
0.573434
0.565681
0.55895
0.553462
0.549454
0.547162
0.546828
0.548681
0.552941
0.559814
0.569466
0.582033
0.597591
0.616151
0.637626
0.66183
0.688437
0.716976
0.746798
0.777077
0.806799
0.834778
0.859689
0.880109
0.894527
0.90122
0.8978
0.879796
0.819407
0.695047
0.531162
0.357816
0.207862
0.101912
0.0403767
0.0122961
0.00257132
0.000306424
1.38666e-05
0.0046465
0.116171
0.48983
0.711806
0.808793
0.854357
0.879936
0.897613
0.912274
0.925869
0.938732
0.950327
0.960176
0.968159
0.974411
0.979172
0.982696
0.98522
0.986954
0.988084
0.988767
0.989135
0.989296
0.989333
0.989302
0.989244
0.989176
0.989107
0.988943
0.988686
0.988331
0.987868
0.987291
0.986589
0.985753
0.984771
0.983635
0.982336
0.980865
0.979217
0.977383
0.975358
0.973143
0.970732
0.968128
0.965329
0.96234
0.959166
0.955817
0.952297
0.948617
0.944791
0.940825
0.936732
0.932529
0.928226
0.923833
0.919368
0.91484
0.91026
0.90564
0.900988
0.896316
0.891629
0.88694
0.882249
0.877562
0.872885
0.868218
0.863567
0.858929
0.854306
0.849693
0.845094
0.840502
0.835914
0.831325
0.826731
0.82213
0.817515
0.812874
0.808211
0.803517
0.798754
0.793929
0.789032
0.784052
0.778983
0.77382
0.768558
0.763191
0.757724
0.752164
0.746514
0.740801
0.735043
0.729284
0.723568
0.717956
0.712527
0.70737
0.702597
0.69833
0.694707
0.691885
0.690026
0.689302
0.689887
0.691948
0.695648
0.701117
0.708468
0.717764
0.72902
0.74218
0.757115
0.773609
0.791352
0.809923
0.828801
0.847362
0.864883
0.880564
0.893538
0.902869
0.907538
0.906298
0.897275
0.876899
0.834616
0.739914
0.597182
0.427739
0.26446
0.137935
0.0579432
0.0186816
0.00413622
0.000525169
2.58252e-05
0.0175101
0.230707
0.633799
0.789968
0.84846
0.876749
0.894602
0.908847
0.922223
0.935691
0.948824
0.960424
0.969847
0.977084
0.982429
0.986225
0.988778
0.990346
0.991158
0.991416
0.991297
0.990955
0.990517
0.990072
0.989686
0.989398
0.989224
0.989162
0.989097
0.989018
0.98891
0.988759
0.988547
0.988258
0.987874
0.987382
0.986766
0.986017
0.985124
0.984075
0.982867
0.981491
0.979944
0.978225
0.97633
0.974266
0.97203
0.969626
0.967061
0.964343
0.961478
0.958474
0.955344
0.952099
0.948748
0.945304
0.94178
0.938187
0.934538
0.930845
0.927119
0.923366
0.919602
0.915833
0.912063
0.908307
0.904565
0.900846
0.897149
0.89348
0.889843
0.886239
0.882662
0.879122
0.875608
0.872126
0.868673
0.865244
0.861842
0.858459
0.855094
0.851751
0.84842
0.845094
0.841754
0.838408
0.835053
0.831686
0.82831
0.824927
0.821532
0.818137
0.814746
0.811365
0.808009
0.804699
0.801454
0.798304
0.795283
0.79244
0.789821
0.787496
0.785528
0.784007
0.78302
0.782661
0.783038
0.784248
0.786397
0.78957
0.793851
0.799285
0.805897
0.813674
0.822548
0.8324
0.843051
0.854253
0.86569
0.876984
0.887678
0.897267
0.905182
0.910807
0.913462
0.91237
0.906527
0.894347
0.872777
0.835457
0.764982
0.643451
0.485085
0.316868
0.174888
0.0775871
0.0263933
0.00616646
0.000830956
4.41945e-05
0.053371
0.379226
0.736002
0.833509
0.86981
0.889547
0.90377
0.91658
0.929755
0.943726
0.957412
0.968963
0.977752
0.98406
0.988378
0.991135
0.992646
0.993169
0.992945
0.992197
0.991136
0.989948
0.988781
0.98775
0.986927
0.986355
0.986042
0.985971
0.985995
0.986098
0.986253
0.986432
0.986607
0.986755
0.986847
0.986859
0.986775
0.986573
0.986242
0.985772
0.98515
0.984375
0.983437
0.982337
0.981072
0.979644
0.978054
0.976308
0.974412
0.972368
0.970188
0.967877
0.965448
0.962909
0.96027
0.957544
0.95474
0.951873
0.948951
0.945988
0.942995
0.93998
0.936952
0.933922
0.930899
0.927886
0.924894
0.921925
0.918984
0.916077
0.913204
0.910367
0.907569
0.904807
0.902086
0.899404
0.896759
0.894153
0.891581
0.889045
0.886541
0.884075
0.88164
0.879238
0.87684
0.874463
0.872106
0.869769
0.867455
0.865164
0.862906
0.860678
0.858498
0.856365
0.854296
0.852303
0.850402
0.84861
0.846957
0.845464
0.84417
0.843105
0.842316
0.841847
0.841752
0.842082
0.842896
0.844246
0.846186
0.848759
0.852004
0.85593
0.860541
0.865801
0.871648
0.877976
0.884648
0.891465
0.898193
0.904544
0.91018
0.914725
0.917745
0.918772
0.917277
0.912628
0.903968
0.889874
0.867603
0.831687
0.77242
0.672209
0.527955
0.361649
0.210125
0.0981344
0.0351558
0.00866179
0.00123925
7.13715e-05
0.1322
0.535715
0.790281
0.856022
0.882088
0.897669
0.910074
0.922341
0.935813
0.950598
0.964926
0.97622
0.984133
0.989368
0.992613
0.994298
0.994702
0.994062
0.992636
0.990692
0.988491
0.986269
0.984215
0.98247
0.981121
0.980207
0.979732
0.979639
0.979767
0.980081
0.98054
0.981102
0.981724
0.982364
0.982987
0.983559
0.984051
0.984438
0.984703
0.98483
0.984808
0.984629
0.984285
0.983778
0.983106
0.982272
0.981276
0.980122
0.978819
0.977373
0.975788
0.974077
0.972249
0.970312
0.96828
0.966162
0.963966
0.961709
0.959398
0.957042
0.954657
0.952249
0.949828
0.947403
0.944983
0.942573
0.94018
0.937811
0.935466
0.933154
0.930872
0.92863
0.926422
0.924256
0.922127
0.920036
0.917986
0.915972
0.914
0.912062
0.910163
0.908302
0.906476
0.904689
0.902917
0.901174
0.899457
0.897768
0.896109
0.894487
0.892903
0.891362
0.889871
0.888441
0.887076
0.885789
0.884589
0.883495
0.882521
0.881683
0.881008
0.880511
0.880223
0.880171
0.88038
0.880882
0.881705
0.882875
0.884419
0.886352
0.888683
0.891408
0.894508
0.897946
0.901655
0.905547
0.909501
0.913361
0.91694
0.920006
0.922299
0.923513
0.923313
0.921319
0.917106
0.910132
0.899635
0.884274
0.861487
0.826358
0.770611
0.683611
0.556849
0.396993
0.241514
0.118399
0.0446214
0.0116044
0.00176757
0.000110705
0.235121
0.65182
0.825123
0.869239
0.889931
0.903238
0.914634
0.926772
0.9408
0.95658
0.971545
0.982318
0.989144
0.993256
0.995443
0.99604
0.995232
0.993243
0.990369
0.986959
0.983353
0.979859
0.976721
0.974115
0.972138
0.970835
0.970191
0.970083
0.970349
0.970931
0.971769
0.9728
0.973959
0.975189
0.976436
0.977654
0.978802
0.97985
0.980775
0.981551
0.982169
0.982619
0.982892
0.982988
0.982906
0.98265
0.982224
0.981633
0.980883
0.979985
0.978945
0.977774
0.976483
0.975079
0.973575
0.971982
0.970312
0.968577
0.966782
0.964945
0.963072
0.961172
0.959256
0.957333
0.955409
0.953491
0.951586
0.949696
0.947832
0.945991
0.944182
0.942403
0.940656
0.938945
0.937266
0.935627
0.934021
0.932451
0.930916
0.929413
0.927946
0.926517
0.925118
0.923757
0.922418
0.9211
0.919808
0.918544
0.917313
0.91611
0.914947
0.913821
0.912741
0.911713
0.91074
0.909836
0.909007
0.908261
0.907609
0.90707
0.906651
0.906367
0.906232
0.906268
0.906482
0.906897
0.90752
0.908365
0.909441
0.910747
0.912278
0.914019
0.915938
0.917996
0.920131
0.922256
0.92427
0.926035
0.927396
0.928165
0.928121
0.927018
0.924577
0.92049
0.914395
0.90582
0.89404
0.877758
0.854493
0.819686
0.766017
0.684346
0.568326
0.422612
0.267714
0.137384
0.0544343
0.0149685
0.00243695
0.000166918
0.355072
0.727037
0.846964
0.87966
0.895699
0.907155
0.917958
0.93018
0.944908
0.961787
0.977368
0.987333
0.992936
0.995969
0.997158
0.996616
0.994411
0.990779
0.986109
0.980872
0.975529
0.970482
0.966041
0.962417
0.959723
0.957994
0.957197
0.957105
0.957571
0.958513
0.959841
0.961463
0.96329
0.965238
0.967236
0.969221
0.971141
0.972953
0.974623
0.976128
0.97745
0.97858
0.979512
0.98024
0.980771
0.981104
0.981248
0.981211
0.981
0.980626
0.980099
0.97943
0.97863
0.977712
0.976686
0.975564
0.974358
0.973079
0.971739
0.970346
0.968913
0.967448
0.96596
0.964457
0.96295
0.96144
0.959937
0.958444
0.956966
0.955509
0.954075
0.952665
0.951281
0.949925
0.9486
0.947303
0.946038
0.9448
0.943592
0.942414
0.941267
0.940149
0.939058
0.937999
0.936958
0.935939
0.934938
0.933961
0.933009
0.93208
0.931181
0.930314
0.929483
0.928688
0.927941
0.927244
0.926602
0.926023
0.925515
0.925084
0.924739
0.924491
0.924347
0.924313
0.924399
0.92461
0.92495
0.925423
0.926025
0.926748
0.927576
0.928489
0.929452
0.930419
0.931328
0.932106
0.932653
0.932855
0.932569
0.931635
0.92987
0.927063
0.922985
0.917377
0.909924
0.900186
0.887457
0.87043
0.846653
0.811806
0.759236
0.680902
0.57117
0.433414
0.285187
0.154389
0.0642814
0.0187299
0.00327362
0.000246716
0.477558
0.775689
0.861684
0.887086
0.900385
0.910157
0.920322
0.932726
0.948218
0.966271
0.982441
0.991332
0.995674
0.997755
0.998004
0.996196
0.992288
0.986595
0.979676
0.972175
0.964712
0.957802
0.951828
0.947038
0.943555
0.941398
0.9405
0.940481
0.941247
0.942679
0.944648
0.947024
0.949684
0.952517
0.955425
0.958324
0.96115
0.963845
0.966371
0.968699
0.970809
0.972688
0.974331
0.975738
0.976912
0.977858
0.97859
0.979113
0.979437
0.97958
0.979552
0.979366
0.979032
0.978568
0.977984
0.977293
0.976509
0.97564
0.974704
0.973704
0.972658
0.97157
0.970452
0.969311
0.968154
0.966992
0.965824
0.96466
0.963505
0.962361
0.961231
0.960119
0.959027
0.957953
0.956904
0.955875
0.95487
0.953888
0.95293
0.951997
0.951083
0.950192
0.949328
0.948484
0.947656
0.946843
0.946045
0.945262
0.944497
0.943747
0.943019
0.942313
0.94163
0.940972
0.940347
0.939755
0.939199
0.938687
0.938219
0.937801
0.93744
0.93714
0.9369
0.936731
0.936628
0.936595
0.936626
0.936725
0.936873
0.937064
0.937275
0.93748
0.937639
0.937712
0.937633
0.937331
0.936717
0.935687
0.934117
0.931865
0.928771
0.924666
0.919347
0.912594
0.904124
0.893508
0.880026
0.862335
0.83798
0.802792
0.75062
0.67428
0.568829
0.437076
0.29411
0.164894
0.0721681
0.022483
0.0042874
0.000359641
0.563788
0.822354
0.872035
0.892396
0.903708
0.912677
0.922015
0.934498
0.950771
0.970047
0.98681
0.994402
0.997539
0.998852
0.998174
0.994856
0.988802
0.980508
0.970791
0.960532
0.950537
0.941446
0.933723
0.92765
0.923344
0.920797
0.919896
0.920052
0.92126
0.923353
0.926152
0.92948
0.933172
0.937081
0.941078
0.94506
0.948939
0.952652
0.956153
0.959404
0.962388
0.965091
0.967509
0.969645
0.971504
0.973096
0.974434
0.975531
0.976401
0.97706
0.977524
0.977809
0.977928
0.977897
0.977731
0.977442
0.97705
0.97656
0.975988
0.975346
0.974641
0.973888
0.973095
0.97227
0.971419
0.970552
0.969672
0.968787
0.9679
0.967016
0.966139
0.965269
0.96441
0.963566
0.962735
0.961917
0.961118
0.960331
0.959565
0.95881
0.958076
0.957354
0.956651
0.955963
0.955289
0.95462
0.95396
0.95331
0.952666
0.952034
0.95141
0.950799
0.950201
0.949618
0.94905
0.948501
0.947971
0.947464
0.946983
0.946527
0.946098
0.945699
0.945328
0.944988
0.944673
0.944383
0.944109
0.943842
0.943573
0.94328
0.942942
0.942526
0.941999
0.941311
0.940404
0.939209
0.937645
0.935612
0.933003
0.929694
0.925549
0.920419
0.914135
0.906502
0.897246
0.885936
0.87182
0.853492
0.828466
0.792682
0.740384
0.665096
0.562551
0.435399
0.297158
0.170516
0.0772214
0.0252117
0.00511394
0.000464839
0.623346
0.838937
0.879491
0.896111
0.905893
0.914252
0.92354
0.935549
0.952577
0.973106
0.990507
0.996642
0.998725
0.999472
0.997799
0.992582
0.983795
0.972251
0.95912
0.945577
0.93263
0.921061
0.911406
0.903969
0.898856
0.896013
0.89526
0.895745
0.897593
0.90057
0.904436
0.908951
0.9139
0.919095
0.924375
0.92961
0.934698
0.939565
0.944154
0.948428
0.952369
0.955965
0.959216
0.962126
0.964707
0.966973
0.968942
0.970626
0.972049
0.97323
0.974185
0.974934
0.975495
0.975884
0.976119
0.976215
0.976187
0.97605
0.975817
0.9755
0.97511
0.974658
0.974154
0.973607
0.973025
0.972414
0.971782
0.971134
0.970477
0.96981
0.969141
0.968474
0.967808
0.967147
0.966491
0.965843
0.965201
0.964569
0.963945
0.963331
0.962726
0.962132
0.961546
0.96097
0.9604
0.959832
0.959263
0.958699
0.958133
0.957572
0.957009
0.956449
0.955892
0.95534
0.954788
0.954243
0.9537
0.953161
0.95263
0.952101
0.951577
0.951057
0.950533
0.950008
0.949476
0.948929
0.948357
0.947748
0.947087
0.946352
0.945519
0.944559
0.943428
0.942082
0.940462
0.938507
0.936139
0.93327
0.929802
0.925628
0.920632
0.914683
0.90764
0.899314
0.889436
0.877561
0.862872
0.843892
0.818089
0.78148
0.728649
0.653745
0.553155
0.429627
0.295673
0.172204
0.0797934
0.0269087
0.00570073
0.000548668
0.667926
0.851408
0.885474
0.898531
0.907047
0.914927
0.924311
0.936416
0.953639
0.975427
0.993566
0.998176
0.999414
0.999787
0.996941
0.989285
0.977045
0.961519
0.944324
0.926966
0.910674
0.89636
0.88463
0.875806
0.869968
0.866993
0.866227
0.867282
0.870071
0.874262
0.879524
0.885543
0.892038
0.898774
0.905556
0.912231
0.918684
0.924831
0.930615
0.936
0.940968
0.945514
0.949642
0.953363
0.956694
0.959653
0.962265
0.96455
0.966531
0.968231
0.969676
0.970883
0.971875
0.972672
0.973293
0.973755
0.974076
0.97427
0.974352
0.974336
0.974232
0.974054
0.973813
0.973514
0.973169
0.972787
0.972371
0.971929
0.971466
0.970987
0.970495
0.969993
0.969485
0.968973
0.968458
0.967944
0.967429
0.966914
0.966402
0.965893
0.965383
0.964877
0.964375
0.963876
0.963377
0.962873
0.962365
0.96185
0.96133
0.960803
0.96027
0.959731
0.959182
0.958628
0.958065
0.957493
0.956909
0.956315
0.95571
0.955089
0.954453
0.953792
0.95311
0.952396
0.951641
0.950841
0.949982
0.949049
0.948024
0.946884
0.945602
0.944148
0.94248
0.940551
0.938315
0.935702
0.932644
0.929063
0.924875
0.919983
0.914291
0.907684
0.900035
0.891163
0.880786
0.86842
0.853181
0.833506
0.806804
0.769169
0.715484
0.64048
0.5412
0.420639
0.290673
0.170786
0.0803075
0.0276768
0.00604184
0.000605226
0.702088
0.860293
0.888893
0.899838
0.907243
0.914684
0.924229
0.93705
0.954087
0.976993
0.996019
0.999138
0.999771
0.999928
0.995602
0.984823
0.968302
0.948011
0.926099
0.904424
0.884429
0.867148
0.853254
0.843083
0.836673
0.833809
0.833203
0.835135
0.839197
0.84494
0.851927
0.859752
0.868065
0.876577
0.885057
0.893333
0.90128
0.908807
0.915863
0.922419
0.928459
0.933987
0.939015
0.943562
0.947652
0.951311
0.954567
0.957448
0.959982
0.962197
0.964118
0.965774
0.967186
0.968377
0.969368
0.970181
0.970829
0.971334
0.971711
0.971972
0.972136
0.972206
0.972201
0.97213
0.971998
0.971815
0.97159
0.971326
0.971032
0.97071
0.970368
0.970005
0.969628
0.969236
0.968837
0.968426
0.968008
0.967584
0.967156
0.966722
0.966282
0.965841
0.965394
0.964942
0.964485
0.96402
0.963543
0.963054
0.962553
0.962037
0.961507
0.96096
0.960399
0.95982
0.959222
0.958602
0.957959
0.957292
0.956596
0.955869
0.955105
0.954301
0.953449
0.952542
0.951571
0.950521
0.949386
0.948144
0.946777
0.94526
0.943566
0.941663
0.939509
0.937065
0.934276
0.931086
0.927432
0.923242
0.918446
0.912961
0.906701
0.899567
0.891436
0.882128
0.871333
0.85852
0.84272
0.822276
0.794547
0.755694
0.700904
0.625464
0.527071
0.40907
0.282932
0.166947
0.0791784
0.0276656
0.0061602
0.000634028
0.728519
0.866539
0.890712
0.90012
0.90648
0.913489
0.923209
0.936788
0.954496
0.977773
0.997888
0.999672
0.999931
0.999981
0.993748
0.97902
0.957313
0.931462
0.904214
0.877778
0.853778
0.833354
0.817252
0.805831
0.799085
0.796671
0.796782
0.799991
0.805736
0.813417
0.82247
0.832392
0.842755
0.853223
0.863537
0.873515
0.883021
0.891977
0.90033
0.908066
0.91518
0.921685
0.927604
0.932963
0.937796
0.942139
0.946021
0.949479
0.952547
0.955259
0.957641
0.959724
0.961535
0.9631
0.964442
0.96558
0.966541
0.967335
0.967987
0.968505
0.968911
0.969209
0.969419
0.969548
0.969607
0.969601
0.969542
0.969433
0.969284
0.969097
0.96888
0.968632
0.968363
0.968068
0.967758
0.96743
0.967087
0.96673
0.96636
0.965979
0.965589
0.965184
0.96477
0.964348
0.963912
0.963464
0.962996
0.962511
0.962005
0.96148
0.960932
0.960361
0.959764
0.959144
0.958492
0.957809
0.957092
0.956336
0.955538
0.95469
0.953792
0.952836
0.951809
0.950709
0.949521
0.948231
0.946826
0.94529
0.943598
0.941726
0.939651
0.937335
0.934741
0.931827
0.928548
0.924851
0.920678
0.915972
0.910663
0.904686
0.897965
0.890412
0.881905
0.872241
0.861088
0.847838
0.831434
0.810129
0.781231
0.740988
0.684895
0.608794
0.511043
0.395394
0.273044
0.161244
0.0767751
0.0270335
0.00609277
0.000638029
0.749009
0.870808
0.891353
0.899307
0.904752
0.911283
0.921176
0.935601
0.954686
0.977922
0.999181
0.999915
0.999985
0.999997
0.991316
0.971698
0.943851
0.911677
0.878555
0.846994
0.818745
0.795032
0.776699
0.764187
0.757451
0.755559
0.756933
0.762074
0.770163
0.780376
0.791977
0.804349
0.817006
0.82958
0.841809
0.853512
0.864572
0.874923
0.884532
0.893397
0.90153
0.908957
0.915713
0.921834
0.927361
0.932341
0.936809
0.940806
0.944371
0.947541
0.950353
0.952837
0.955018
0.956931
0.958597
0.96004
0.961283
0.962348
0.963246
0.964
0.964622
0.965127
0.965529
0.965837
0.96606
0.966211
0.966294
0.966319
0.966293
0.966219
0.966104
0.965951
0.965768
0.965552
0.96531
0.965044
0.964755
0.964444
0.964114
0.963767
0.963403
0.96302
0.96262
0.962204
0.961771
0.961321
0.960844
0.960344
0.959818
0.959266
0.958685
0.958071
0.957427
0.956746
0.956027
0.955267
0.954459
0.953602
0.95269
0.951716
0.950675
0.949558
0.948356
0.94706
0.945652
0.944124
0.94246
0.940638
0.938638
0.936432
0.933999
0.9313
0.928303
0.924969
0.921254
0.917108
0.912488
0.907339
0.901606
0.895232
0.888149
0.880271
0.871467
0.861516
0.850028
0.836319
0.819245
0.796959
0.766742
0.724945
0.667404
0.590521
0.493313
0.379964
0.261472
0.154123
0.0734124
0.0259293
0.00588027
0.000621844
0.764788
0.873461
0.890849
0.897258
0.902027
0.907999
0.918031
0.933365
0.953953
0.978058
0.999888
0.999992
1
1
0.98823
0.962682
0.927737
0.88856
0.849144
0.812206
0.779525
0.752373
0.731767
0.718371
0.71213
0.709984
0.713556
0.721696
0.733143
0.74673
0.761501
0.776731
0.791905
0.806673
0.820807
0.834169
0.846676
0.858303
0.869039
0.878909
0.887943
0.896183
0.903672
0.910462
0.916599
0.922138
0.927122
0.931596
0.935603
0.939184
0.942375
0.945213
0.947727
0.949948
0.951904
0.953619
0.955115
0.956415
0.957537
0.958498
0.959314
0.96
0.960568
0.961032
0.961399
0.96168
0.961885
0.962023
0.962098
0.962115
0.962084
0.962005
0.961887
0.96173
0.961536
0.961313
0.96106
0.960779
0.96047
0.96014
0.959784
0.959404
0.959002
0.95858
0.958132
0.957662
0.957162
0.95663
0.956067
0.955472
0.954839
0.954171
0.953463
0.952708
0.951909
0.951057
0.950149
0.94918
0.948145
0.947035
0.945842
0.944559
0.943175
0.941677
0.940053
0.938291
0.93637
0.934273
0.931975
0.929456
0.926685
0.923634
0.920268
0.916553
0.912449
0.907918
0.902918
0.897402
0.891325
0.884642
0.877284
0.869162
0.860126
0.849923
0.838097
0.823883
0.806035
0.782623
0.750925
0.707438
0.648351
0.570648
0.474014
0.36305
0.248574
0.145943
0.0693499
0.0244821
0.00556127
0.000590487
0.776708
0.874821
0.889466
0.894396
0.898261
0.903547
0.913662
0.929973
0.952278
0.978183
1
0.999999
0.999998
0.999999
0.98442
0.951823
0.908855
0.862135
0.816187
0.773776
0.736546
0.705733
0.682672
0.66862
0.663543
0.663284
0.670023
0.682044
0.697556
0.715002
0.733208
0.751376
0.769008
0.785814
0.801646
0.816427
0.830144
0.842807
0.854448
0.865115
0.87486
0.88374
0.891811
0.899133
0.90576
0.911751
0.917152
0.922013
0.926384
0.930306
0.933812
0.936947
0.93974
0.942223
0.944422
0.946368
0.94808
0.949582
0.950894
0.95203
0.95301
0.953845
0.954555
0.955148
0.955632
0.956025
0.956328
0.956554
0.956708
0.956796
0.956826
0.956801
0.956729
0.956611
0.956451
0.956251
0.956013
0.955746
0.955442
0.955111
0.954747
0.954358
0.953938
0.95349
0.953013
0.952508
0.951966
0.95139
0.950776
0.950124
0.949429
0.948688
0.947902
0.947063
0.946168
0.945214
0.944193
0.943102
0.941932
0.940674
0.939324
0.937866
0.936294
0.934596
0.932753
0.930755
0.928583
0.926214
0.923634
0.920813
0.917727
0.91435
0.910649
0.906596
0.902155
0.897294
0.891978
0.886171
0.879835
0.872923
0.865368
0.85707
0.847847
0.837399
0.8252
0.810391
0.791632
0.766934
0.733592
0.688292
0.627617
0.549157
0.453236
0.344855
0.234631
0.136986
0.0647959
0.0227992
0.0051693
0.00054864
0.785379
0.875113
0.887296
0.890638
0.89339
0.897839
0.907943
0.925287
0.94955
0.977766
1
1
0.999998
0.999997
0.979831
0.938987
0.88716
0.832578
0.780127
0.732384
0.690573
0.655713
0.629626
0.615101
0.609163
0.61313
0.626127
0.644671
0.665895
0.687907
0.709612
0.730435
0.750082
0.76844
0.785487
0.801243
0.815757
0.829092
0.841313
0.852488
0.862691
0.871983
0.880436
0.88811
0.895072
0.901373
0.907067
0.912211
0.916845
0.921016
0.924762
0.928121
0.931128
0.933813
0.936206
0.938328
0.940209
0.941869
0.94333
0.944604
0.945712
0.946668
0.947485
0.948177
0.948756
0.949229
0.949604
0.949894
0.950106
0.950243
0.950316
0.950325
0.950277
0.950178
0.950031
0.949839
0.949603
0.949328
0.949015
0.948667
0.948281
0.947861
0.947408
0.94692
0.9464
0.945846
0.94525
0.944614
0.943935
0.943209
0.942437
0.941612
0.940733
0.939794
0.938792
0.93772
0.936576
0.935347
0.93403
0.932617
0.931095
0.929458
0.92769
0.925783
0.923719
0.921486
0.919063
0.916433
0.913578
0.910472
0.907095
0.903419
0.89942
0.895073
0.890349
0.885221
0.87966
0.873639
0.867123
0.86006
0.852375
0.843949
0.834558
0.82384
0.811191
0.795659
0.775818
0.749641
0.714494
0.667293
0.60506
0.525989
0.431029
0.325533
0.21986
0.127471
0.0599158
0.0209666
0.00473174
0.000500265
0.791196
0.874493
0.884352
0.88572
0.886841
0.890787
0.900739
0.919149
0.945626
0.976702
0.999997
0.999997
0.999998
0.999996
0.97441
0.924049
0.862679
0.800259
0.741748
0.689218
0.643017
0.603508
0.572858
0.557351
0.55231
0.565449
0.58919
0.616546
0.643812
0.669662
0.693773
0.716123
0.736769
0.755796
0.773304
0.789391
0.804154
0.817688
0.83008
0.841408
0.851756
0.861198
0.869794
0.877614
0.884719
0.891171
0.897016
0.902306
0.907087
0.911403
0.915293
0.918792
0.921935
0.924751
0.92727
0.929515
0.931512
0.933279
0.93484
0.936212
0.937407
0.938443
0.939337
0.940095
0.94073
0.941257
0.941679
0.942006
0.94225
0.942411
0.9425
0.942522
0.942481
0.942381
0.942229
0.942026
0.941771
0.941473
0.941133
0.94075
0.940327
0.939863
0.939361
0.938819
0.938239
0.937619
0.936952
0.93624
0.935481
0.934668
0.9338
0.932876
0.931889
0.930836
0.929712
0.92851
0.927222
0.925845
0.924368
0.922782
0.921081
0.91925
0.917279
0.915158
0.912867
0.910398
0.907728
0.904843
0.901725
0.898355
0.894711
0.890771
0.886518
0.881927
0.876978
0.871651
0.865922
0.859766
0.853141
0.846
0.83824
0.829703
0.820124
0.809065
0.795839
0.779406
0.75827
0.730417
0.693318
0.644174
0.580482
0.501051
0.407414
0.305195
0.204431
0.117571
0.0548375
0.0190506
0.00427007
0.000448505
0.794373
0.873125
0.88081
0.87984
0.878756
0.88233
0.891911
0.91137
0.940318
0.974964
1
1
0.999998
1
0.968104
0.906874
0.835532
0.765825
0.702364
0.646359
0.596671
0.552176
0.513558
0.483949
0.496846
0.538751
0.577429
0.607981
0.636363
0.662819
0.687535
0.709635
0.729904
0.748503
0.765584
0.781273
0.795676
0.80889
0.821008
0.832108
0.842271
0.851559
0.860046
0.867781
0.874831
0.881246
0.88708
0.892374
0.897174
0.90152
0.905444
0.908987
0.912178
0.915046
0.917617
0.919916
0.921964
0.923786
0.925394
0.926812
0.92805
0.929126
0.930051
0.930838
0.9315
0.932043
0.93248
0.932818
0.933064
0.933226
0.93331
0.933319
0.933261
0.93314
0.932962
0.932724
0.932435
0.932097
0.931709
0.931275
0.930797
0.930271
0.929703
0.929089
0.928432
0.927729
0.926976
0.92617
0.925311
0.924393
0.923413
0.922371
0.921259
0.920072
0.918805
0.917452
0.916006
0.91446
0.912808
0.911037
0.909138
0.907102
0.904917
0.902571
0.900052
0.897342
0.894434
0.891303
0.887942
0.884331
0.880453
0.876292
0.871835
0.867063
0.861961
0.85651
0.850695
0.84448
0.837822
0.830648
0.822831
0.814167
0.804326
0.792799
0.778806
0.761242
0.738577
0.708836
0.669663
0.618601
0.553649
0.474219
0.382376
0.283923
0.188472
0.107418
0.0496581
0.0171013
0.00380029
0.000395701
0.794921
0.871216
0.877125
0.873794
0.870319
0.872435
0.881365
0.90175
0.93336
0.972473
0.999998
1
1
0.999998
0.960839
0.887268
0.805956
0.730347
0.664182
0.607591
0.557581
0.511548
0.466179
0.494032
0.520343
0.555082
0.587499
0.615258
0.641234
0.665527
0.688146
0.708591
0.727436
0.744825
0.761186
0.776806
0.790296
0.802704
0.814123
0.824624
0.83427
0.843124
0.851237
0.858659
0.865446
0.871644
0.877293
0.882435
0.887115
0.891362
0.89521
0.898691
0.901833
0.904664
0.907206
0.909484
0.911517
0.913324
0.914924
0.916331
0.917559
0.918626
0.919542
0.920316
0.920964
0.921492
0.921908
0.922223
0.922443
0.922576
0.922624
0.922598
0.922499
0.922332
0.922103
0.921815
0.921467
0.921066
0.920614
0.920109
0.919552
0.918948
0.918291
0.917588
0.916832
0.916025
0.915162
0.914242
0.913261
0.912215
0.9111
0.909916
0.908653
0.907309
0.905877
0.90435
0.902722
0.900986
0.899134
0.897157
0.895045
0.892789
0.890378
0.887803
0.88505
0.882109
0.878969
0.875614
0.872034
0.868219
0.864155
0.85983
0.855233
0.850355
0.845178
0.839691
0.833863
0.827659
0.821015
0.813825
0.805926
0.797051
0.786805
0.774597
0.759583
0.740607
0.716145
0.684325
0.643018
0.59016
0.52427
0.445343
0.355881
0.261766
0.172081
0.0971125
0.0444494
0.0151552
0.00333383
0.000343504
0.792569
0.868912
0.87383
0.868233
0.861401
0.860998
0.869119
0.890101
0.924382
0.9691
0.999998
1
1
0.999999
0.952504
0.864941
0.774389
0.69566
0.631022
0.579934
0.539344
0.525542
0.529859
0.540861
0.56069
0.585455
0.610001
0.632909
0.654815
0.675548
0.694966
0.712862
0.729546
0.74514
0.75991
0.773947
0.78625
0.798508
0.809184
0.81878
0.827627
0.835777
0.843277
0.85017
0.856494
0.862289
0.867589
0.872429
0.876842
0.880859
0.884513
0.887822
0.890815
0.893515
0.895942
0.898116
0.900058
0.901781
0.903306
0.904643
0.905808
0.906813
0.907667
0.908387
0.908975
0.909446
0.909806
0.910062
0.910221
0.910291
0.910277
0.910184
0.910017
0.909779
0.909477
0.909108
0.908679
0.908191
0.907647
0.907045
0.90639
0.905678
0.904911
0.904089
0.903208
0.902269
0.90127
0.900204
0.89907
0.897867
0.896588
0.895227
0.893785
0.89225
0.890621
0.888891
0.887051
0.885098
0.883022
0.880815
0.878471
0.875982
0.873336
0.870528
0.867551
0.864391
0.86104
0.857495
0.853742
0.849778
0.845592
0.841177
0.836527
0.831627
0.826466
0.821016
0.815245
0.80909
0.802458
0.795205
0.787112
0.777855
0.76696
0.753776
0.737409
0.716695
0.690171
0.656126
0.61273
0.558332
0.491989
0.414215
0.327866
0.238754
0.155331
0.0867286
0.0392645
0.0132378
0.00287847
0.000292995
0.788573
0.86458
0.871
0.864909
0.852935
0.845828
0.855533
0.876366
0.912864
0.964625
0.999997
0.999998
1
0.999998
0.942862
0.839438
0.741706
0.665007
0.609593
0.581392
0.569496
0.569423
0.576349
0.586363
0.601644
0.61954
0.637882
0.655856
0.673342
0.690107
0.706008
0.720967
0.735118
0.748525
0.761285
0.773338
0.78425
0.79499
0.80447
0.814204
0.822023
0.829251
0.835937
0.842104
0.847783
0.853004
0.857793
0.862186
0.866199
0.869859
0.873192
0.876214
0.878953
0.881424
0.883644
0.885631
0.887402
0.888969
0.890347
0.89155
0.892588
0.893475
0.894218
0.894828
0.895313
0.895681
0.895942
0.896099
0.896161
0.896132
0.89602
0.895828
0.895557
0.895216
0.894804
0.894326
0.893782
0.893174
0.892507
0.891776
0.890985
0.890131
0.889216
0.888237
0.887194
0.886083
0.884905
0.883653
0.882328
0.880922
0.879431
0.877855
0.876186
0.874422
0.872556
0.870582
0.868497
0.866295
0.863968
0.861513
0.858926
0.856195
0.853321
0.850294
0.847114
0.84377
0.840261
0.836583
0.83273
0.828696
0.824478
0.820069
0.815457
0.810626
0.805549
0.800189
0.794486
0.788346
0.781635
0.774161
0.765641
0.755691
0.743785
0.729226
0.711114
0.688326
0.659526
0.623231
0.57795
0.52248
0.45638
0.380609
0.298245
0.214898
0.138277
0.0763237
0.0341414
0.0113667
0.00243916
0.000244798
0.78439
0.85637
0.866758
0.862734
0.851874
0.836425
0.842038
0.860862
0.898074
0.958704
1
0.999999
1
0.999997
0.931505
0.810055
0.709822
0.644441
0.619809
0.609318
0.608162
0.613064
0.618592
0.62796
0.639888
0.65312
0.666768
0.680394
0.693791
0.706793
0.719306
0.731296
0.742789
0.753792
0.764304
0.774252
0.78353
0.792522
0.800728
0.809064
0.816574
0.823054
0.828782
0.83407
0.838949
0.843448
0.847589
0.851391
0.854869
0.858052
0.860946
0.863574
0.86595
0.868093
0.87001
0.871723
0.873237
0.874571
0.87573
0.876728
0.877575
0.878279
0.878848
0.879294
0.87962
0.879835
0.879946
0.879958
0.879873
0.879702
0.879444
0.879107
0.878689
0.878198
0.877633
0.876998
0.876292
0.875515
0.874674
0.873761
0.872782
0.871732
0.870611
0.86942
0.868154
0.866814
0.865396
0.863899
0.862317
0.860649
0.858892
0.857042
0.855095
0.85305
0.850902
0.848649
0.846285
0.843812
0.841221
0.838515
0.83569
0.832742
0.829671
0.826476
0.823153
0.8197
0.816119
0.812403
0.80855
0.804553
0.800408
0.796093
0.791594
0.786876
0.781891
0.776574
0.770831
0.764528
0.757477
0.749441
0.740085
0.72898
0.715569
0.699162
0.678904
0.653776
0.622638
0.584281
0.537586
0.481799
0.416918
0.344237
0.266912
0.1902
0.120962
0.0659435
0.0291087
0.00955397
0.00201903
0.000199208
0.779726
0.843897
0.859241
0.859405
0.852549
0.84264
0.834539
0.845065
0.878948
0.950817
1
1
1
1
0.917693
0.775798
0.683258
0.653981
0.644866
0.643875
0.647526
0.650972
0.657177
0.665221
0.674377
0.684109
0.694064
0.704036
0.713904
0.72358
0.733012
0.74217
0.751036
0.759592
0.767814
0.775664
0.783136
0.790332
0.797116
0.803866
0.810047
0.816236
0.82112
0.825425
0.829384
0.833035
0.836399
0.839487
0.842316
0.844894
0.847241
0.849364
0.851272
0.852985
0.854506
0.855845
0.857017
0.858027
0.858884
0.859598
0.860176
0.860624
0.860948
0.861158
0.861257
0.86125
0.861142
0.860937
0.86064
0.860256
0.859785
0.859231
0.858593
0.857879
0.857083
0.856213
0.855264
0.854241
0.85314
0.851962
0.850709
0.849375
0.847964
0.846471
0.844896
0.843239
0.841497
0.839671
0.837757
0.835754
0.833665
0.831483
0.829212
0.826849
0.824393
0.821845
0.819208
0.816478
0.813658
0.810747
0.807749
0.804661
0.801486
0.798225
0.794871
0.79143
0.787892
0.784253
0.780498
0.77662
0.772591
0.76838
0.763945
0.75923
0.754154
0.748615
0.742481
0.735574
0.727673
0.718498
0.707694
0.694825
0.679361
0.660658
0.637982
0.610485
0.577262
0.537421
0.490218
0.435286
0.372974
0.304775
0.233749
0.164658
0.103431
0.055629
0.0241902
0.00780843
0.00162039
0.000156531
0.774034
0.826727
0.845892
0.851304
0.849803
0.845167
0.841409
0.834804
0.853869
0.940074
1
1
0.999999
1
0.900139
0.735447
0.682765
0.675588
0.675626
0.678381
0.680993
0.685483
0.691113
0.697411
0.704081
0.710938
0.717867
0.724796
0.73168
0.738476
0.74516
0.751706
0.758095
0.764306
0.770325
0.776132
0.781729
0.787139
0.792338
0.797424
0.802199
0.807018
0.811833
0.81503
0.817956
0.820646
0.823116
0.825374
0.827429
0.829289
0.830965
0.832463
0.833793
0.834955
0.835964
0.836822
0.837536
0.838112
0.838556
0.838875
0.839072
0.839152
0.839122
0.838982
0.83874
0.838397
0.837954
0.837417
0.836786
0.836064
0.835255
0.834357
0.833372
0.832303
0.831148
0.829908
0.828586
0.827179
0.82569
0.824116
0.822459
0.820722
0.818901
0.816996
0.815009
0.812942
0.810795
0.80857
0.806271
0.803898
0.801454
0.79894
0.796359
0.793712
0.791004
0.788238
0.785414
0.782535
0.779603
0.776617
0.773577
0.770485
0.767335
0.764124
0.76084
0.757476
0.754013
0.750432
0.746707
0.742801
0.73867
0.734258
0.729494
0.724293
0.718547
0.712127
0.704871
0.696588
0.687048
0.675972
0.663033
0.647845
0.629953
0.608845
0.583937
0.554605
0.520199
0.480133
0.433984
0.381685
0.323797
0.261848
0.198631
0.138275
0.0857282
0.0454201
0.0194039
0.00613396
0.0012437
0.000117356
0.765924
0.803713
0.823429
0.833122
0.836881
0.837137
0.835586
0.833104
0.822565
0.924601
0.999999
1
1
1
0.87597
0.700883
0.699892
0.701667
0.703734
0.706155
0.709624
0.713604
0.717815
0.722129
0.726488
0.730867
0.735247
0.739617
0.743961
0.748269
0.752528
0.75672
0.760838
0.764867
0.768798
0.772617
0.776331
0.779934
0.783421
0.78681
0.790072
0.793389
0.797463
0.799706
0.801516
0.803123
0.80456
0.805837
0.806964
0.807942
0.808782
0.80948
0.810042
0.810476
0.810786
0.810967
0.811031
0.810979
0.81081
0.810531
0.810144
0.809652
0.809056
0.808358
0.807559
0.806665
0.805675
0.804593
0.803417
0.80215
0.800796
0.799352
0.797824
0.796212
0.794515
0.79274
0.790885
0.788952
0.786944
0.784863
0.782712
0.780491
0.778207
0.775859
0.773451
0.770988
0.768471
0.765908
0.763296
0.760644
0.757952
0.755218
0.752449
0.749644
0.746801
0.743922
0.741002
0.738037
0.735023
0.731954
0.728818
0.725606
0.722298
0.718881
0.715329
0.71162
0.707718
0.703588
0.699187
0.694464
0.689358
0.683801
0.677714
0.671004
0.663564
0.655271
0.645981
0.635529
0.623723
0.610346
0.595146
0.57783
0.558072
0.535508
0.509728
0.480313
0.446839
0.408954
0.36645
0.319428
0.268496
0.215038
0.161431
0.111069
0.06791
0.0353571
0.0147626
0.00452596
0.000882965
8.11374e-05
0.74882
0.771133
0.785929
0.795782
0.802214
0.806137
0.807963
0.806699
0.80503
0.894362
0.999999
1
0.999998
1
0.834525
0.707999
0.709701
0.711321
0.713323
0.715536
0.717817
0.720091
0.722349
0.724596
0.72683
0.729056
0.73127
0.733467
0.735641
0.737784
0.739894
0.741958
0.74397
0.745931
0.747826
0.749655
0.75142
0.753112
0.754736
0.756301
0.757832
0.759436
0.761697
0.76256
0.762968
0.763195
0.76329
0.763255
0.763105
0.762843
0.76247
0.761985
0.761398
0.760703
0.759904
0.759003
0.758004
0.756905
0.755707
0.754414
0.753029
0.751547
0.749979
0.748316
0.74657
0.744735
0.742816
0.740816
0.738732
0.736571
0.734332
0.732018
0.72963
0.727168
0.724638
0.722039
0.719374
0.716641
0.713846
0.710986
0.708066
0.705086
0.702044
0.69894
0.695775
0.692549
0.689287
0.685989
0.682653
0.679279
0.67586
0.672394
0.668874
0.665297
0.661654
0.657941
0.654149
0.650268
0.646287
0.642197
0.637983
0.63363
0.629121
0.62444
0.619564
0.614469
0.609131
0.603519
0.597599
0.591335
0.584681
0.577592
0.57001
0.561872
0.553105
0.543624
0.533333
0.52212
0.509853
0.496382
0.481535
0.46511
0.44688
0.426588
0.403951
0.378673
0.350464
0.319081
0.284403
0.246544
0.206008
0.16389
0.122047
0.0831037
0.0500856
0.0255309
0.010317
0.00300072
0.000535084
4.13234e-05
)
;

boundaryField
{
    walls
    {
        type            zeroGradient;
    }
    top
    {
        type            zeroGradient;
    }
    bottom
    {
        type            zeroGradient;
    }
    frontAndBack
    {
        type            empty;
    }
    inlet
    {
        type            uniformFixedValue;
        uniformValue    
        {
            type            constant;
            value           1;
        }
        value           uniform 1;
    }
    outlet
    {
        type            zeroGradient;
    }
}


// ************************************************************************* //
