/*--------------------------------*- C++ -*----------------------------------*\
  =========                 |
  \\      /  F ield         | OpenFOAM: The Open Source CFD Toolbox
   \\    /   O peration     | Website:  https://openfoam.org
    \\  /    A nd           | Version:  12
     \\/     M anipulation  |
\*---------------------------------------------------------------------------*/
FoamFile
{
    format      ascii;
    class       volScalarField;
    location    "290";
    object      T;
}
// * * * * * * * * * * * * * * * * * * * * * * * * * * * * * * * * * * * * * //

dimensions      [];

internalField   nonuniform List<scalar> 
4480
(
1.24327e-08
1.36843e-06
0.000887783
0.0182179
0.0735299
0.155212
0.244283
0.32903
0.404358
0.468952
0.52329
0.56853
0.605985
0.636893
0.662328
0.683191
0.700222
0.714024
0.725083
0.733791
0.740471
0.745382
0.748732
0.750693
0.751404
0.750982
0.749521
0.747496
0.745446
0.743359
0.741225
0.739035
0.736773
0.734431
0.731996
0.729459
0.726804
0.724021
0.721093
0.71801
0.714759
0.711319
0.707675
0.703813
0.699715
0.695359
0.690727
0.685802
0.680557
0.67497
0.669022
0.662691
0.655944
0.64876
0.641111
0.632968
0.624307
0.615099
0.605306
0.594904
0.583851
0.572115
0.559655
0.546428
0.532378
0.517457
0.501587
0.484707
0.46672
0.447554
0.427118
0.405356
0.382238
0.357788
0.332102
0.305366
0.277854
0.249932
0.222035
0.194647
0.168255
0.143321
0.120241
0.0994405
0.0811151
0.0653148
0.0519788
0.0409543
0.0320213
0.0249197
0.019373
0.0151099
0.0118792
0.00945944
0.00766382
0.00634045
0.00537028
0.00466292
0.00415204
0.00379052
0.00354624
0.00339864
0.00333603
0.00335398
0.00345414
0.00364425
0.00393872
0.00435987
0.00494034
0.00572646
0.00678303
0.00819998
0.0101012
0.0126561
0.016094
0.0207215
0.0269407
0.0352691
0.0463607
0.0610716
0.0807064
0.107585
0.145685
0.203674
0.312303
0.505175
0.673962
0.83294
0.802595
0.561199
0.383717
0.206332
0.102906
0.0508989
0.0231935
0.00925656
0.00301526
0.000698195
8.844e-05
3.14766e-06
6.47731e-09
8.02354e-05
0.0109577
0.0894722
0.225949
0.368804
0.49183
0.589319
0.663954
0.720504
0.763437
0.796299
0.821725
0.841606
0.857284
0.869735
0.879653
0.88755
0.893806
0.898712
0.902488
0.905297
0.907275
0.90852
0.909116
0.909123
0.908592
0.907391
0.90547
0.902898
0.899739
0.89606
0.891922
0.887383
0.882493
0.877305
0.87186
0.866196
0.860344
0.854332
0.848184
0.841917
0.835539
0.829065
0.822498
0.815836
0.809081
0.802225
0.795262
0.788181
0.780971
0.773622
0.766114
0.758433
0.750563
0.742483
0.734181
0.725633
0.716821
0.70773
0.698332
0.688617
0.678554
0.668128
0.657315
0.646094
0.634432
0.622301
0.609675
0.596517
0.582784
0.568439
0.553439
0.537743
0.521304
0.504094
0.486079
0.467238
0.447569
0.427074
0.40578
0.383741
0.361025
0.337816
0.314313
0.290711
0.267238
0.244143
0.221674
0.200082
0.179597
0.160418
0.142709
0.126585
0.112114
0.0993143
0.0881633
0.0785998
0.0705372
0.0638714
0.0584907
0.0542854
0.0511572
0.0490241
0.0478292
0.0475418
0.0481656
0.0497399
0.0523475
0.0561174
0.0612342
0.0679436
0.0765645
0.0874951
0.101221
0.118324
0.139478
0.165464
0.197176
0.235698
0.282463
0.339442
0.409052
0.493801
0.594972
0.70561
0.807013
0.883219
0.851014
0.677096
0.507546
0.351868
0.225236
0.132297
0.0698263
0.031999
0.0120048
0.00329901
0.00053259
3.03407e-05
1.75285e-06
0.00128236
0.0527695
0.219301
0.409272
0.56402
0.675188
0.751727
0.804257
0.840951
0.86731
0.88685
0.901751
0.91338
0.922603
0.929993
0.935941
0.940727
0.944561
0.9476
0.94997
0.951764
0.953065
0.953931
0.954412
0.954545
0.954359
0.953807
0.952842
0.951479
0.949732
0.947604
0.945105
0.942239
0.939021
0.935458
0.931569
0.927369
0.922877
0.918112
0.913095
0.907846
0.902385
0.89673
0.890898
0.884907
0.878767
0.872491
0.866087
0.859565
0.852931
0.846184
0.839327
0.832358
0.825281
0.818084
0.810771
0.803333
0.795762
0.788055
0.780203
0.772199
0.764033
0.7557
0.74719
0.73849
0.729595
0.720491
0.711165
0.701609
0.691799
0.68173
0.671377
0.660725
0.649746
0.638427
0.626742
0.61466
0.60216
0.589218
0.575797
0.561879
0.547429
0.532427
0.516874
0.500775
0.484138
0.466987
0.449364
0.431342
0.413004
0.394467
0.375868
0.357359
0.339119
0.321333
0.304195
0.287898
0.272634
0.258581
0.245905
0.234756
0.225271
0.217571
0.21177
0.207979
0.206311
0.206895
0.20988
0.215439
0.223782
0.235156
0.249842
0.268157
0.290436
0.317019
0.348237
0.384381
0.425687
0.472322
0.524344
0.581583
0.643345
0.707989
0.772533
0.832289
0.881119
0.911861
0.887522
0.76811
0.631691
0.487951
0.349337
0.228279
0.133344
0.0674138
0.0279843
0.00864771
0.00164237
0.000120982
4.90111e-05
0.00917254
0.147119
0.385094
0.582317
0.712703
0.793315
0.84324
0.875363
0.897283
0.913229
0.925485
0.935264
0.943223
0.949752
0.955112
0.959499
0.963062
0.965932
0.968214
0.969998
0.971358
0.972357
0.973046
0.973462
0.973636
0.973592
0.973314
0.972783
0.97201
0.970994
0.969734
0.968228
0.96647
0.964452
0.962174
0.959633
0.956822
0.953749
0.950413
0.946822
0.942984
0.938908
0.934607
0.930091
0.925378
0.920477
0.915404
0.910171
0.904793
0.899281
0.893643
0.887893
0.882035
0.876081
0.870035
0.863903
0.857685
0.851391
0.845017
0.838571
0.832045
0.825447
0.818776
0.812024
0.805195
0.798289
0.791297
0.78422
0.77705
0.769784
0.76242
0.754946
0.74736
0.73965
0.731809
0.723829
0.715704
0.707415
0.698952
0.690307
0.681469
0.672424
0.663129
0.653594
0.643804
0.633744
0.623409
0.612789
0.601884
0.5907
0.579258
0.567585
0.555723
0.543736
0.531695
0.519704
0.507874
0.496347
0.485281
0.474854
0.465258
0.456704
0.44941
0.443608
0.439528
0.437412
0.437493
0.440006
0.445176
0.45322
0.464332
0.478685
0.496413
0.517597
0.542257
0.570331
0.601656
0.635953
0.672806
0.711629
0.751597
0.79157
0.830019
0.865027
0.894321
0.915187
0.924123
0.906491
0.827697
0.725641
0.603223
0.467134
0.330609
0.208953
0.114067
0.051124
0.0171376
0.00359316
0.000305992
0.000541943
0.0378189
0.290572
0.553706
0.719348
0.810838
0.861349
0.89104
0.910302
0.924272
0.935361
0.944614
0.952446
0.959046
0.964542
0.969058
0.972722
0.975656
0.977973
0.979777
0.981159
0.982193
0.982942
0.983456
0.983775
0.983926
0.983931
0.983783
0.983461
0.98297
0.982312
0.981487
0.980493
0.979326
0.977981
0.97645
0.974724
0.972802
0.970675
0.968342
0.965795
0.963041
0.960074
0.956903
0.95353
0.949963
0.946213
0.942286
0.938194
0.933948
0.929561
0.925043
0.920406
0.915661
0.910821
0.905897
0.900895
0.895822
0.890692
0.885508
0.880278
0.875007
0.869702
0.864366
0.858998
0.853609
0.848193
0.842754
0.837296
0.831815
0.826312
0.820782
0.815231
0.809651
0.804042
0.7984
0.792725
0.787008
0.781246
0.775442
0.769587
0.763678
0.757716
0.751672
0.745557
0.739368
0.733102
0.726755
0.720333
0.713836
0.707271
0.700644
0.693975
0.687279
0.680585
0.673928
0.667357
0.660929
0.654713
0.6488
0.643284
0.638286
0.633941
0.630396
0.627811
0.626366
0.626235
0.627605
0.630656
0.635563
0.64247
0.651508
0.66276
0.676268
0.692012
0.709899
0.729771
0.751375
0.774375
0.798328
0.82269
0.846793
0.869827
0.890828
0.908669
0.92203
0.929246
0.928008
0.913164
0.861588
0.787245
0.689968
0.568057
0.429361
0.290186
0.169137
0.0807725
0.0287974
0.00643872
0.000595925
0.00333326
0.105287
0.457896
0.695274
0.811827
0.867851
0.897322
0.915254
0.928111
0.938689
0.948044
0.956354
0.963548
0.969592
0.97453
0.978476
0.981569
0.983943
0.985735
0.987054
0.988004
0.988669
0.989119
0.989406
0.98957
0.989641
0.989635
0.989557
0.989357
0.989042
0.988612
0.988065
0.987399
0.98661
0.985692
0.984638
0.983443
0.982099
0.9806
0.978943
0.97712
0.975127
0.972962
0.970627
0.968119
0.965442
0.9626
0.959598
0.956445
0.953147
0.949714
0.946156
0.942483
0.938707
0.934837
0.930886
0.926865
0.922782
0.918645
0.914468
0.910261
0.906025
0.901773
0.897507
0.893235
0.888964
0.884693
0.88043
0.876178
0.871933
0.867702
0.863482
0.859277
0.855085
0.850903
0.846735
0.842574
0.838426
0.834286
0.830151
0.826023
0.821904
0.817792
0.813671
0.809543
0.805414
0.801289
0.797169
0.793057
0.788962
0.784895
0.780865
0.776886
0.772974
0.769153
0.765449
0.761892
0.758524
0.755381
0.752518
0.749999
0.747886
0.74626
0.745207
0.744816
0.745192
0.746433
0.74865
0.75194
0.756396
0.762104
0.769114
0.777463
0.787147
0.798123
0.810294
0.823521
0.837597
0.852265
0.867192
0.881985
0.89617
0.909188
0.920379
0.928964
0.933986
0.934212
0.927958
0.912916
0.878567
0.823305
0.748619
0.646349
0.516099
0.369881
0.228524
0.115409
0.0433113
0.0101535
0.000991863
0.0136615
0.220146
0.616938
0.794723
0.865801
0.898015
0.915858
0.928155
0.938373
0.947874
0.956886
0.965027
0.97195
0.977567
0.981966
0.985315
0.987786
0.989546
0.990741
0.991504
0.991949
0.992171
0.992249
0.992245
0.992199
0.992142
0.992085
0.992036
0.991924
0.991749
0.991508
0.991193
0.990799
0.990319
0.989746
0.989069
0.988285
0.987385
0.986361
0.985211
0.983925
0.982501
0.980937
0.979229
0.977377
0.97538
0.973239
0.970959
0.968546
0.966002
0.963335
0.960557
0.957671
0.954688
0.951621
0.948477
0.945265
0.942001
0.93869
0.935342
0.931968
0.928574
0.92517
0.921762
0.91836
0.914967
0.911585
0.908224
0.904883
0.901568
0.898279
0.89502
0.891786
0.888587
0.885417
0.882276
0.879164
0.876081
0.87303
0.87001
0.867014
0.864052
0.861123
0.858205
0.855312
0.852445
0.849605
0.846799
0.844031
0.84131
0.83864
0.836036
0.833512
0.831076
0.828751
0.826553
0.824511
0.822647
0.820992
0.819584
0.818458
0.817661
0.817239
0.817241
0.817724
0.818745
0.82036
0.822626
0.825595
0.829318
0.833823
0.839135
0.845259
0.852172
0.859826
0.868136
0.876991
0.886237
0.89567
0.905047
0.914069
0.922377
0.929547
0.935076
0.938346
0.9386
0.934873
0.925904
0.910141
0.884659
0.842408
0.784569
0.701645
0.585805
0.441778
0.287623
0.152848
0.0600632
0.0146621
0.00149648
0.0419668
0.371648
0.741205
0.85364
0.894168
0.913691
0.926052
0.935958
0.945296
0.954729
0.96395
0.972109
0.978743
0.983842
0.987606
0.990272
0.99205
0.99312
0.993642
0.993763
0.993612
0.993303
0.992931
0.992563
0.992249
0.992016
0.991879
0.991833
0.991792
0.991747
0.991687
0.991599
0.991472
0.991294
0.99105
0.990731
0.990324
0.989823
0.98922
0.988505
0.987677
0.986727
0.985654
0.984455
0.983127
0.981676
0.980097
0.978394
0.97657
0.974632
0.972583
0.970429
0.96818
0.965844
0.963427
0.960939
0.958392
0.955792
0.953151
0.950478
0.947782
0.945066
0.942347
0.939626
0.936909
0.934207
0.931522
0.928861
0.926222
0.923614
0.921037
0.918496
0.915986
0.913515
0.911076
0.908675
0.906312
0.903983
0.901693
0.899438
0.897218
0.89504
0.892896
0.890786
0.888699
0.886646
0.884627
0.882646
0.88071
0.878826
0.876994
0.87523
0.873542
0.871937
0.870432
0.869044
0.867787
0.866684
0.865752
0.865021
0.864511
0.864259
0.864286
0.864632
0.86533
0.866408
0.867907
0.869851
0.872274
0.875191
0.878624
0.882566
0.887011
0.891932
0.897279
0.90298
0.908938
0.915024
0.921076
0.926901
0.932248
0.936835
0.940309
0.942257
0.942168
0.939419
0.933234
0.922667
0.906636
0.884012
0.851476
0.804628
0.737353
0.637282
0.501739
0.342273
0.190649
0.0782468
0.0198648
0.00211856
0.105189
0.531353
0.818783
0.884047
0.908891
0.922524
0.9324
0.94133
0.950547
0.96035
0.969975
0.97811
0.984305
0.988753
0.991793
0.993719
0.994745
0.995049
0.994802
0.994168
0.993305
0.992353
0.991425
0.990609
0.989959
0.989509
0.989264
0.98921
0.989235
0.989326
0.989462
0.989622
0.989784
0.989931
0.990041
0.990095
0.990081
0.989984
0.989793
0.989505
0.989105
0.988596
0.987969
0.987224
0.986358
0.985375
0.984271
0.983054
0.981726
0.980289
0.97875
0.977114
0.975389
0.973582
0.971699
0.969752
0.967745
0.965691
0.963596
0.961471
0.959324
0.957161
0.954989
0.952818
0.950654
0.948499
0.946365
0.944249
0.942159
0.940099
0.93807
0.936072
0.934109
0.932178
0.930286
0.92843
0.926611
0.924829
0.923082
0.921373
0.919698
0.918064
0.916465
0.914906
0.913366
0.911859
0.910388
0.908952
0.907558
0.906205
0.904906
0.90366
0.902483
0.901375
0.900351
0.899422
0.8986
0.897895
0.897331
0.896917
0.896678
0.896627
0.896789
0.897183
0.897833
0.898756
0.899976
0.901505
0.903359
0.905545
0.90807
0.910919
0.914079
0.917519
0.921189
0.925024
0.928941
0.932824
0.936537
0.939909
0.942732
0.944765
0.945704
0.945192
0.942803
0.93801
0.930188
0.918606
0.902482
0.881009
0.853152
0.814639
0.758399
0.672276
0.548127
0.389483
0.22657
0.0970098
0.0256597
0.00287412
0.218285
0.668328
0.855067
0.899352
0.917339
0.928141
0.936775
0.945341
0.954778
0.965165
0.975256
0.983217
0.988799
0.992494
0.994775
0.995929
0.996143
0.995578
0.994424
0.992879
0.991142
0.989395
0.987782
0.986413
0.985356
0.98464
0.984269
0.984198
0.984302
0.984554
0.984922
0.985374
0.985876
0.986396
0.986907
0.987385
0.987804
0.988149
0.988405
0.98856
0.988608
0.98854
0.988352
0.988043
0.987616
0.98707
0.986403
0.985622
0.98473
0.983734
0.982633
0.98144
0.980161
0.978799
0.977366
0.975871
0.974316
0.972715
0.971074
0.969398
0.967702
0.965989
0.964266
0.962541
0.960819
0.959107
0.957409
0.95573
0.954071
0.952439
0.95083
0.949255
0.947709
0.946197
0.944715
0.943266
0.941852
0.940469
0.939123
0.937807
0.936527
0.93528
0.934066
0.932889
0.93173
0.930603
0.929504
0.928435
0.9274
0.926406
0.925451
0.924543
0.923686
0.92289
0.922158
0.9215
0.920922
0.920438
0.92006
0.919793
0.919658
0.919662
0.91982
0.92015
0.920659
0.921363
0.922271
0.92339
0.924731
0.926289
0.928061
0.930033
0.932185
0.934484
0.936883
0.939319
0.941715
0.943968
0.945959
0.947532
0.948511
0.948674
0.947761
0.945459
0.941401
0.935136
0.926158
0.913887
0.897732
0.87706
0.850946
0.817181
0.769394
0.694017
0.581379
0.42769
0.258886
0.115581
0.031958
0.00378682
0.343141
0.757599
0.878303
0.908459
0.922762
0.932002
0.939944
0.94843
0.958266
0.969364
0.979913
0.987514
0.992333
0.995237
0.996763
0.997124
0.996433
0.994846
0.992583
0.989908
0.987083
0.984347
0.981891
0.979851
0.978303
0.977284
0.97678
0.976698
0.976908
0.977367
0.978028
0.978841
0.979758
0.980732
0.981722
0.982694
0.983616
0.984464
0.985221
0.985868
0.986398
0.986804
0.987078
0.98722
0.987231
0.987113
0.98687
0.986504
0.986021
0.985428
0.98473
0.983935
0.983051
0.982083
0.98104
0.97993
0.978763
0.977547
0.976286
0.974993
0.973673
0.972333
0.970981
0.969623
0.968264
0.96691
0.965567
0.964234
0.962922
0.961627
0.960357
0.959111
0.95789
0.956697
0.955529
0.954393
0.953284
0.952204
0.951152
0.950126
0.949131
0.948168
0.94723
0.946324
0.945439
0.944575
0.943733
0.942918
0.942134
0.941376
0.940654
0.939966
0.939317
0.938715
0.938159
0.937663
0.937228
0.93686
0.936567
0.936362
0.936248
0.936235
0.93633
0.936547
0.936885
0.93736
0.937968
0.938718
0.939608
0.940633
0.941783
0.943042
0.944382
0.945775
0.947174
0.948517
0.949734
0.950727
0.951389
0.951584
0.951148
0.949883
0.947557
0.943894
0.938569
0.931201
0.921364
0.908596
0.892423
0.872312
0.847388
0.815557
0.771735
0.705913
0.603213
0.456648
0.28654
0.133354
0.0386945
0.00488859
0.473231
0.811318
0.893166
0.915653
0.926757
0.934719
0.942255
0.950807
0.961142
0.973023
0.984016
0.991051
0.995009
0.997152
0.99796
0.997476
0.995726
0.992877
0.989224
0.985129
0.980951
0.977002
0.973525
0.970687
0.968576
0.967222
0.966599
0.966528
0.966893
0.967634
0.968676
0.96995
0.971386
0.972918
0.974491
0.976057
0.977575
0.979012
0.980343
0.981548
0.982615
0.983539
0.984313
0.984934
0.985407
0.985732
0.985915
0.985962
0.98588
0.985676
0.985358
0.984934
0.984413
0.983802
0.983111
0.982349
0.981523
0.980642
0.979715
0.978748
0.977751
0.976729
0.975689
0.974637
0.973583
0.972525
0.971471
0.970425
0.969391
0.968371
0.967368
0.966383
0.965418
0.964475
0.963554
0.962656
0.961783
0.960929
0.960099
0.959294
0.958512
0.957755
0.957019
0.956309
0.955614
0.95494
0.95428
0.953642
0.953026
0.95243
0.951859
0.951316
0.950802
0.950318
0.949874
0.949469
0.949107
0.948795
0.948537
0.948335
0.948198
0.948131
0.948139
0.948224
0.94839
0.948641
0.948975
0.949395
0.949894
0.950463
0.951088
0.951753
0.95243
0.953084
0.953669
0.954134
0.954404
0.954397
0.954004
0.953103
0.951545
0.949149
0.945706
0.94097
0.934654
0.926424
0.915926
0.902777
0.886581
0.866862
0.842761
0.812242
0.770586
0.708711
0.613825
0.477037
0.309125
0.149921
0.0458296
0.00622102
0.592399
0.84489
0.903266
0.920785
0.930005
0.936803
0.943899
0.952584
0.963461
0.976176
0.987592
0.993874
0.996943
0.998413
0.998536
0.997097
0.994038
0.989593
0.98419
0.978327
0.972488
0.967076
0.962393
0.958637
0.955903
0.954211
0.953506
0.953492
0.954093
0.955216
0.956761
0.958625
0.960713
0.962937
0.965221
0.967501
0.969725
0.971849
0.973843
0.975686
0.977363
0.978862
0.980182
0.981322
0.982285
0.983075
0.983703
0.984173
0.984493
0.984676
0.98473
0.984667
0.984491
0.984217
0.983853
0.983409
0.982894
0.982314
0.981685
0.981006
0.980292
0.979545
0.978775
0.977988
0.977187
0.976381
0.97557
0.974761
0.973958
0.973163
0.972377
0.971604
0.970846
0.9701
0.969373
0.96866
0.967966
0.967289
0.96663
0.96599
0.965365
0.964757
0.964171
0.963601
0.963045
0.962502
0.961972
0.961454
0.960953
0.960465
0.959995
0.959545
0.959113
0.958701
0.958318
0.957959
0.957628
0.957332
0.957069
0.956842
0.956659
0.956518
0.95642
0.956371
0.956368
0.95641
0.956493
0.956619
0.956772
0.956947
0.957127
0.957289
0.957406
0.957447
0.957362
0.9571
0.956591
0.95576
0.954505
0.95271
0.950235
0.946924
0.942575
0.93697
0.929854
0.920934
0.909906
0.896449
0.880223
0.860775
0.837243
0.807607
0.767375
0.708111
0.617819
0.487253
0.324062
0.163769
0.0531945
0.00783703
0.666246
0.876722
0.910391
0.924458
0.932307
0.938553
0.945077
0.95382
0.96525
0.978833
0.990677
0.996043
0.99826
0.999189
0.998624
0.996028
0.991309
0.984838
0.977248
0.969224
0.961393
0.954262
0.948198
0.943426
0.94004
0.938037
0.937327
0.937448
0.938396
0.940038
0.942235
0.944848
0.947747
0.950817
0.953956
0.957085
0.960134
0.963054
0.965812
0.968374
0.970731
0.97287
0.97479
0.976493
0.977983
0.979269
0.98036
0.981268
0.982002
0.982576
0.983002
0.983291
0.983455
0.983505
0.983452
0.983305
0.983081
0.982782
0.982421
0.982005
0.981541
0.98104
0.980508
0.979951
0.979373
0.978781
0.978179
0.977571
0.976961
0.976352
0.975747
0.975146
0.974551
0.973968
0.973394
0.972827
0.972276
0.971732
0.971205
0.970684
0.970181
0.969686
0.969206
0.968738
0.968283
0.967831
0.967388
0.966954
0.966527
0.96611
0.965701
0.965305
0.96492
0.964548
0.964189
0.963846
0.963518
0.963209
0.962921
0.962652
0.962402
0.962176
0.961968
0.961782
0.961613
0.96146
0.961315
0.961172
0.961023
0.960853
0.960644
0.960371
0.960012
0.959528
0.958875
0.958001
0.956843
0.95532
0.953343
0.950802
0.947568
0.94349
0.938389
0.932068
0.924288
0.914798
0.903339
0.889627
0.873362
0.854098
0.83095
0.801885
0.762551
0.704964
0.617793
0.491826
0.332809
0.173007
0.0586218
0.00917436
0.715927
0.887928
0.915532
0.927027
0.93382
0.939645
0.946137
0.954552
0.966516
0.980986
0.993288
0.997625
0.999099
0.999626
0.99831
0.994249
0.987404
0.978396
0.96813
0.957521
0.94736
0.938268
0.930669
0.924811
0.920779
0.918537
0.917941
0.91832
0.91977
0.922109
0.925148
0.928697
0.932587
0.936671
0.940822
0.944938
0.94894
0.952768
0.956379
0.959744
0.96285
0.965688
0.968257
0.970563
0.972614
0.974421
0.975999
0.977358
0.978516
0.979488
0.980288
0.980929
0.981427
0.981793
0.982042
0.982184
0.982231
0.982195
0.982085
0.981911
0.981679
0.9814
0.98108
0.980726
0.980344
0.97994
0.979517
0.979082
0.978637
0.978183
0.977727
0.977271
0.976814
0.976359
0.975907
0.97546
0.975016
0.97458
0.974148
0.973723
0.973306
0.972897
0.972494
0.972098
0.971709
0.971321
0.970935
0.970555
0.970173
0.969799
0.969424
0.969055
0.968689
0.968331
0.967975
0.967625
0.96728
0.966941
0.966609
0.966279
0.965956
0.965637
0.965315
0.964994
0.964667
0.964329
0.963973
0.963588
0.963164
0.962684
0.962132
0.961483
0.960708
0.959769
0.958625
0.957226
0.955509
0.953398
0.950808
0.947633
0.943755
0.939029
0.933295
0.926363
0.918025
0.908063
0.896241
0.882314
0.866004
0.846858
0.823953
0.795227
0.756403
0.699821
0.614719
0.492137
0.336748
0.178412
0.0622484
0.0101656
0.752283
0.896392
0.919657
0.928697
0.934613
0.940108
0.946671
0.955157
0.967259
0.982621
0.995449
0.99871
0.999585
0.999849
0.997634
0.991681
0.982144
0.97002
0.956558
0.942938
0.930126
0.918848
0.909592
0.90262
0.898002
0.895647
0.895037
0.895863
0.898056
0.901355
0.905498
0.910237
0.915351
0.920655
0.925995
0.93125
0.93633
0.94117
0.945724
0.949966
0.953881
0.957465
0.960723
0.963663
0.9663
0.968648
0.970726
0.972551
0.97414
0.975513
0.976689
0.977681
0.978507
0.979184
0.979724
0.980143
0.980452
0.980664
0.980791
0.98084
0.980822
0.980746
0.980621
0.98045
0.980243
0.980006
0.979741
0.979455
0.979152
0.978834
0.978505
0.978166
0.977822
0.977472
0.977119
0.976766
0.97641
0.976053
0.975698
0.975345
0.97499
0.974638
0.974289
0.973944
0.973598
0.973249
0.9729
0.972547
0.972193
0.971835
0.971475
0.971114
0.970747
0.970381
0.970011
0.969637
0.969257
0.968875
0.968486
0.968089
0.967684
0.967263
0.96683
0.966376
0.965893
0.96538
0.964824
0.964217
0.963543
0.962787
0.961926
0.960941
0.959797
0.958459
0.956891
0.955034
0.952832
0.950211
0.947091
0.943369
0.938935
0.933652
0.927372
0.919921
0.911109
0.900743
0.888616
0.874508
0.858148
0.839073
0.816304
0.787732
0.749116
0.69304
0.609241
0.489156
0.336934
0.180706
0.0643017
0.0108135
0.779673
0.902436
0.922014
0.929594
0.934739
0.939928
0.946607
0.955598
0.967572
0.983724
0.997184
0.999391
0.999838
0.999949
0.996592
0.988211
0.975331
0.959467
0.942287
0.925245
0.909481
0.895826
0.884826
0.876761
0.871671
0.869394
0.868905
0.870422
0.873623
0.878154
0.883666
0.889841
0.8964
0.903115
0.909804
0.916331
0.922598
0.928533
0.934095
0.939265
0.944028
0.948389
0.952357
0.955949
0.959182
0.962079
0.964661
0.966952
0.968972
0.970744
0.972288
0.973626
0.974776
0.975755
0.976579
0.977266
0.977823
0.978272
0.978619
0.978878
0.979061
0.979171
0.979222
0.97922
0.979171
0.979081
0.978957
0.978801
0.978621
0.978418
0.978197
0.977958
0.977708
0.977442
0.977172
0.97689
0.976601
0.976307
0.976008
0.975704
0.975396
0.975085
0.974771
0.974453
0.974132
0.973806
0.973472
0.973133
0.972785
0.972429
0.972066
0.971693
0.971313
0.970924
0.970525
0.970113
0.969689
0.969252
0.968797
0.968325
0.96783
0.96731
0.966759
0.966172
0.965543
0.96486
0.964119
0.963302
0.962399
0.961389
0.960252
0.958963
0.95749
0.955801
0.953851
0.951592
0.948963
0.945896
0.942312
0.938116
0.933197
0.92743
0.920675
0.912772
0.90355
0.89284
0.880456
0.866194
0.849786
0.830739
0.80802
0.779454
0.740803
0.684853
0.6018
0.483567
0.334177
0.180514
0.0650381
0.0111515
0.800598
0.906689
0.923261
0.929777
0.934194
0.939083
0.945885
0.955409
0.967858
0.984273
0.998506
0.999768
0.999951
0.999987
0.995153
0.983698
0.966761
0.946526
0.925123
0.904287
0.885309
0.869112
0.856311
0.847216
0.841835
0.839904
0.839976
0.842505
0.847046
0.85312
0.860282
0.868131
0.876327
0.884605
0.892759
0.900645
0.908155
0.91523
0.921826
0.927935
0.933553
0.93869
0.943365
0.947601
0.951422
0.954859
0.957935
0.960679
0.963118
0.965279
0.967183
0.968853
0.970313
0.971581
0.972675
0.973611
0.974411
0.975079
0.975637
0.97609
0.976457
0.976738
0.976951
0.9771
0.977193
0.977235
0.977235
0.977194
0.97712
0.977016
0.976886
0.97673
0.976557
0.976362
0.976153
0.97593
0.975693
0.975443
0.975183
0.974913
0.974636
0.974347
0.974051
0.97375
0.973438
0.97312
0.972787
0.972444
0.972088
0.97172
0.971338
0.970944
0.970533
0.970111
0.96967
0.969211
0.968732
0.968231
0.967705
0.967148
0.966561
0.965938
0.965268
0.964553
0.963779
0.962938
0.962017
0.961008
0.95989
0.958645
0.957256
0.955692
0.953924
0.951915
0.949627
0.947008
0.944002
0.940544
0.936549
0.93193
0.926584
0.92039
0.913219
0.90492
0.895349
0.884345
0.871743
0.857355
0.840901
0.821852
0.799107
0.770417
0.731535
0.675415
0.592695
0.475869
0.329085
0.178349
0.064707
0.0112266
0.816669
0.909595
0.923689
0.929195
0.932975
0.937529
0.944452
0.95457
0.967989
0.984378
0.99942
0.99994
0.999989
0.999998
0.993266
0.978001
0.956255
0.931034
0.904962
0.880014
0.857594
0.838703
0.824055
0.814037
0.808635
0.807108
0.808179
0.812248
0.818663
0.826767
0.835973
0.845789
0.855828
0.865798
0.87549
0.884762
0.89352
0.901714
0.909319
0.916332
0.922765
0.92864
0.933984
0.938827
0.9432
0.947145
0.950685
0.953856
0.956687
0.959209
0.961451
0.963437
0.965185
0.966726
0.968072
0.969245
0.970262
0.97114
0.971887
0.972522
0.973053
0.973493
0.973851
0.974137
0.974354
0.974514
0.974619
0.974678
0.974697
0.974675
0.97462
0.974534
0.974423
0.974284
0.974123
0.973942
0.973741
0.973522
0.973287
0.973038
0.972776
0.972499
0.972208
0.971905
0.97159
0.971265
0.970919
0.97056
0.970184
0.969792
0.969382
0.968952
0.968505
0.968035
0.967544
0.967029
0.966485
0.965913
0.965308
0.964665
0.963982
0.963252
0.962468
0.961624
0.960707
0.959711
0.958624
0.95743
0.956113
0.954652
0.953029
0.951213
0.949176
0.946882
0.944291
0.941348
0.938005
0.934191
0.929831
0.924838
0.919112
0.91254
0.905
0.896361
0.886486
0.875232
0.862456
0.847965
0.831468
0.812383
0.789546
0.760621
0.72134
0.664821
0.582141
0.466419
0.322129
0.174632
0.0635318
0.0110889
0.828969
0.91139
0.923321
0.927749
0.931059
0.935222
0.94224
0.952994
0.967469
0.984472
0.99992
0.999995
1
1
0.990872
0.970984
0.943669
0.912907
0.881803
0.852502
0.826444
0.804692
0.788123
0.777325
0.772286
0.770534
0.773357
0.779833
0.788953
0.799779
0.811548
0.823675
0.835752
0.847498
0.858733
0.869349
0.879278
0.888506
0.897021
0.904846
0.912007
0.918537
0.924472
0.929852
0.934715
0.939107
0.94306
0.946612
0.949796
0.952644
0.955187
0.957453
0.959465
0.961247
0.962822
0.964207
0.965423
0.966484
0.967405
0.968201
0.968882
0.969461
0.969947
0.970351
0.970679
0.970938
0.971136
0.971281
0.971373
0.97142
0.971427
0.971395
0.97133
0.971233
0.971105
0.970953
0.970776
0.970575
0.970352
0.970111
0.96985
0.969569
0.969272
0.96896
0.968628
0.968282
0.967915
0.967527
0.967119
0.966691
0.966239
0.965766
0.965271
0.964746
0.964197
0.963615
0.963002
0.962352
0.961665
0.960932
0.960149
0.959311
0.95841
0.957437
0.956383
0.95524
0.953992
0.952625
0.95112
0.949461
0.947621
0.945576
0.943294
0.940739
0.93787
0.934639
0.930992
0.92686
0.922168
0.91684
0.910772
0.903864
0.896
0.887065
0.876931
0.865475
0.852559
0.837986
0.821443
0.802299
0.779301
0.75003
0.710211
0.653119
0.570278
0.455484
0.313666
0.169697
0.0617023
0.0107854
0.838228
0.912299
0.922341
0.925737
0.928415
0.932097
0.93917
0.950605
0.966286
0.98456
1
0.999999
0.999998
0.999999
0.987915
0.962529
0.928905
0.89215
0.855783
0.821996
0.792139
0.767278
0.74858
0.737159
0.733027
0.732766
0.738136
0.747755
0.760178
0.774148
0.788718
0.803247
0.817335
0.83075
0.843377
0.855155
0.866078
0.876153
0.88541
0.893888
0.901629
0.908682
0.915091
0.920904
0.926165
0.930923
0.935214
0.939078
0.942555
0.945678
0.948473
0.950976
0.953211
0.955202
0.956969
0.958537
0.959923
0.961143
0.962215
0.963148
0.963957
0.964653
0.96525
0.965754
0.966171
0.966516
0.966789
0.967
0.967153
0.967253
0.967304
0.96731
0.967279
0.967208
0.967103
0.966965
0.966795
0.966601
0.966377
0.96613
0.965857
0.965565
0.965248
0.964912
0.964554
0.964177
0.963773
0.963347
0.962898
0.962425
0.961925
0.961396
0.960842
0.960257
0.959639
0.958987
0.958296
0.957567
0.95679
0.955961
0.95508
0.954131
0.953113
0.952019
0.950831
0.949544
0.948144
0.94661
0.944933
0.943085
0.941046
0.938789
0.936281
0.933489
0.930368
0.926873
0.922946
0.918524
0.913537
0.907903
0.901529
0.894322
0.886173
0.876982
0.866635
0.855016
0.841994
0.827365
0.810774
0.791535
0.768304
0.738595
0.698114
0.640316
0.557195
0.443258
0.303968
0.163811
0.0593751
0.0103574
0.844964
0.912475
0.920815
0.923103
0.924999
0.928094
0.935154
0.947306
0.964359
0.984264
1
1
0.999998
0.999997
0.984355
0.952529
0.911923
0.868887
0.827223
0.788986
0.755209
0.726825
0.705445
0.693516
0.688625
0.691755
0.702218
0.717179
0.7343
0.752041
0.769508
0.786243
0.802009
0.81672
0.830364
0.84296
0.854551
0.865192
0.874936
0.883841
0.891966
0.899364
0.90609
0.912196
0.917736
0.92275
0.927282
0.931378
0.935071
0.938397
0.941387
0.944073
0.94648
0.948634
0.950559
0.952269
0.95379
0.955137
0.956326
0.957369
0.95828
0.959071
0.959753
0.960335
0.960826
0.961233
0.961562
0.961821
0.962018
0.962153
0.962236
0.962266
0.96225
0.96219
0.962092
0.961955
0.961782
0.961578
0.961341
0.961076
0.960781
0.96046
0.960113
0.95974
0.959344
0.958926
0.958477
0.958003
0.957501
0.95697
0.956412
0.955823
0.955202
0.954546
0.953855
0.953124
0.952354
0.951534
0.950665
0.949741
0.948754
0.9477
0.946565
0.945347
0.94403
0.942607
0.941058
0.93937
0.937528
0.935505
0.933282
0.930828
0.928112
0.925101
0.92175
0.918011
0.913828
0.909143
0.903885
0.897973
0.891324
0.883853
0.875461
0.866055
0.855536
0.843797
0.830701
0.816026
0.799379
0.780005
0.756477
0.726232
0.684982
0.626388
0.542932
0.429871
0.293243
0.15718
0.056675
0.00983899
0.84951
0.912023
0.918753
0.919659
0.920412
0.923153
0.930101
0.942988
0.961588
0.98351
0.999997
0.999997
0.999998
0.999996
0.980149
0.940886
0.892736
0.843392
0.796707
0.754353
0.716683
0.684147
0.658667
0.64576
0.641434
0.652062
0.671433
0.693756
0.715956
0.73694
0.756458
0.774506
0.791143
0.806448
0.820509
0.83341
0.845236
0.856067
0.865973
0.875023
0.883284
0.89082
0.897678
0.903914
0.90958
0.914727
0.919391
0.923612
0.92743
0.930879
0.933991
0.936794
0.939314
0.941578
0.943606
0.945417
0.947033
0.948468
0.949739
0.950861
0.951843
0.952698
0.953441
0.954075
0.95461
0.95506
0.955423
0.955711
0.95593
0.956082
0.956175
0.956212
0.956196
0.956133
0.956025
0.955875
0.955681
0.955453
0.95519
0.954892
0.954563
0.954201
0.953811
0.953392
0.952946
0.952473
0.951967
0.951433
0.95087
0.950274
0.949646
0.948986
0.94829
0.947559
0.946788
0.945975
0.945115
0.944206
0.943242
0.942217
0.941127
0.939962
0.938715
0.937378
0.935935
0.934379
0.93269
0.930855
0.928856
0.926671
0.924275
0.921637
0.91873
0.915514
0.911946
0.907981
0.903563
0.898633
0.893121
0.886961
0.880068
0.872364
0.863764
0.854187
0.843539
0.831718
0.818572
0.803865
0.787147
0.767592
0.74369
0.712819
0.670721
0.611277
0.527501
0.415409
0.281639
0.14996
0.0536997
0.00925716
0.852051
0.911056
0.916275
0.915547
0.914757
0.917234
0.923915
0.937518
0.957841
0.982279
1
1
0.999998
1
0.975255
0.927492
0.871429
0.816151
0.765234
0.719693
0.6787
0.64155
0.60884
0.583635
0.593921
0.629004
0.661132
0.68627
0.709516
0.731098
0.751189
0.7691
0.785488
0.800495
0.814253
0.826871
0.83844
0.849042
0.858755
0.867645
0.87578
0.88321
0.889999
0.896182
0.901819
0.906948
0.911614
0.915851
0.919693
0.923177
0.926323
0.929168
0.931734
0.934044
0.936119
0.937979
0.939639
0.941121
0.942432
0.943593
0.944611
0.945499
0.946267
0.946924
0.947481
0.947941
0.948316
0.948609
0.948827
0.948975
0.94906
0.949082
0.949048
0.948962
0.948827
0.948643
0.948417
0.94815
0.947843
0.947498
0.947119
0.946703
0.946257
0.945778
0.945269
0.944729
0.944158
0.943553
0.942918
0.942246
0.941541
0.940802
0.940026
0.939209
0.938352
0.937448
0.936497
0.935493
0.934433
0.933308
0.932113
0.930839
0.92948
0.928024
0.92646
0.924773
0.922954
0.920977
0.918831
0.91649
0.913929
0.911118
0.908027
0.904618
0.900847
0.896666
0.892029
0.886869
0.881128
0.874738
0.867629
0.859728
0.850962
0.841257
0.830522
0.818654
0.805488
0.790747
0.773929
0.754136
0.729781
0.698196
0.655188
0.594896
0.510871
0.399915
0.269261
0.142265
0.0505215
0.00863236
0.852607
0.909724
0.913703
0.911327
0.908868
0.910321
0.916535
0.930761
0.95293
0.980514
0.999998
1
1
0.999998
0.969617
0.912193
0.848175
0.787988
0.734519
0.687987
0.646094
0.607005
0.567465
0.590778
0.612913
0.642047
0.66901
0.691914
0.713248
0.733119
0.751556
0.76817
0.783447
0.797514
0.810727
0.823321
0.834182
0.844161
0.853335
0.861765
0.869505
0.876607
0.883111
0.889061
0.894501
0.899471
0.904001
0.908126
0.911886
0.915299
0.918394
0.921197
0.923732
0.926019
0.928076
0.929924
0.931577
0.93305
0.934358
0.935513
0.936523
0.937405
0.938166
0.938811
0.939354
0.9398
0.940153
0.940425
0.940617
0.940736
0.940786
0.940773
0.940699
0.940568
0.940385
0.940153
0.939872
0.939547
0.939182
0.938775
0.938327
0.937846
0.937327
0.936775
0.93619
0.935571
0.934919
0.934234
0.933514
0.932759
0.931966
0.93114
0.930274
0.929368
0.928417
0.927421
0.926373
0.925272
0.924111
0.922884
0.921584
0.920202
0.918731
0.91716
0.915475
0.913665
0.911715
0.909603
0.907312
0.90482
0.902099
0.899118
0.895847
0.892249
0.888279
0.883895
0.879041
0.873667
0.867715
0.861123
0.85383
0.84577
0.836879
0.827087
0.816308
0.804426
0.791252
0.776468
0.759509
0.739417
0.714531
0.682169
0.638215
0.577112
0.492979
0.383404
0.256167
0.134171
0.0471907
0.00797907
0.850989
0.908125
0.91141
0.907453
0.902654
0.902345
0.907982
0.922585
0.946596
0.978126
0.999998
1
1
0.999999
0.963149
0.89476
0.823308
0.760328
0.707586
0.664925
0.630144
0.617797
0.620911
0.629902
0.646429
0.66707
0.687419
0.706307
0.724301
0.741271
0.757118
0.771682
0.78523
0.797869
0.809819
0.82116
0.831085
0.840964
0.84956
0.85728
0.864395
0.870946
0.876974
0.882514
0.887597
0.892257
0.89652
0.900415
0.903969
0.907207
0.910157
0.912831
0.915253
0.917441
0.919412
0.921181
0.922764
0.924172
0.925422
0.926519
0.927479
0.92831
0.929017
0.929616
0.930106
0.9305
0.930802
0.931017
0.931152
0.931213
0.931203
0.931126
0.930987
0.93079
0.930538
0.930233
0.929878
0.929476
0.929031
0.928541
0.928013
0.927446
0.926841
0.926201
0.925524
0.924814
0.92407
0.92329
0.922475
0.921626
0.920741
0.919817
0.918856
0.917851
0.916804
0.915709
0.914562
0.91336
0.912096
0.910764
0.909357
0.907868
0.906282
0.904594
0.902791
0.900855
0.898769
0.89652
0.894082
0.891435
0.88855
0.885395
0.881944
0.878152
0.873985
0.869395
0.864338
0.858764
0.852619
0.845852
0.838409
0.830236
0.821267
0.811437
0.800652
0.788779
0.775596
0.760742
0.7436
0.723132
0.697645
0.664453
0.619576
0.557762
0.473732
0.365842
0.242384
0.125723
0.0437384
0.00730632
0.848141
0.905028
0.90945
0.905152
0.896774
0.891797
0.898521
0.91296
0.938471
0.974959
0.999997
0.999998
1
0.999998
0.955665
0.874834
0.797498
0.735728
0.689855
0.665657
0.655042
0.65446
0.659894
0.668022
0.680624
0.695413
0.710535
0.725308
0.739642
0.75335
0.766321
0.778497
0.789994
0.800868
0.811204
0.820953
0.829769
0.838438
0.846084
0.853931
0.86023
0.866052
0.871439
0.876408
0.880983
0.885193
0.889055
0.892601
0.895844
0.898802
0.9015
0.903949
0.906172
0.908181
0.909987
0.911607
0.913052
0.914334
0.915462
0.916449
0.917301
0.91803
0.918641
0.919141
0.919539
0.919839
0.92005
0.920174
0.920217
0.920185
0.920083
0.919915
0.91968
0.919388
0.919039
0.918636
0.918183
0.917681
0.917136
0.916546
0.915915
0.915244
0.914536
0.913791
0.91301
0.912194
0.911345
0.91046
0.909543
0.90859
0.907598
0.906572
0.905506
0.904399
0.903247
0.902048
0.900796
0.899488
0.898115
0.896673
0.895155
0.893547
0.891844
0.89003
0.888097
0.886023
0.883795
0.881394
0.878797
0.875978
0.872913
0.869574
0.865926
0.861936
0.857563
0.85277
0.847518
0.841758
0.835448
0.828545
0.820995
0.812753
0.803755
0.793929
0.78317
0.771317
0.758116
0.743161
0.725777
0.704878
0.678743
0.644719
0.598978
0.53663
0.452993
0.34717
0.227902
0.116934
0.0401777
0.0066179
0.845159
0.899033
0.906474
0.903653
0.896065
0.885337
0.889169
0.902117
0.928041
0.970765
1
0.999999
1
0.999997
0.946849
0.85186
0.772237
0.719026
0.698101
0.688809
0.687367
0.691083
0.695386
0.702959
0.712704
0.723546
0.734724
0.745869
0.756812
0.767414
0.777601
0.787348
0.796678
0.805599
0.814113
0.822163
0.829662
0.836926
0.843551
0.850276
0.856333
0.861561
0.866182
0.870451
0.87439
0.878023
0.881371
0.884446
0.88726
0.889839
0.892184
0.894317
0.896246
0.897987
0.899545
0.900939
0.90217
0.903256
0.904198
0.905008
0.905694
0.906261
0.906717
0.907071
0.907323
0.907484
0.907557
0.907547
0.907457
0.907295
0.907062
0.906766
0.906404
0.905985
0.905509
0.904982
0.904404
0.903778
0.903109
0.902395
0.901643
0.900851
0.900021
0.899155
0.898254
0.897319
0.896351
0.895351
0.894317
0.893248
0.892146
0.891006
0.889826
0.888606
0.887341
0.886026
0.884657
0.88323
0.881734
0.880167
0.878518
0.876776
0.87493
0.872971
0.870879
0.86864
0.866241
0.863657
0.860867
0.857849
0.85458
0.851026
0.847164
0.842959
0.838378
0.833387
0.827952
0.822036
0.815596
0.808599
0.800998
0.792741
0.783763
0.773981
0.763274
0.751447
0.738214
0.723123
0.70545
0.684085
0.657301
0.622504
0.57606
0.513451
0.43059
0.327293
0.212676
0.107787
0.0365055
0.00591269
0.841835
0.889862
0.901085
0.901298
0.896541
0.889667
0.884051
0.891109
0.914559
0.965182
1
1
1
1
0.936127
0.825054
0.751082
0.726825
0.718882
0.717691
0.720406
0.722982
0.727899
0.734379
0.741804
0.749716
0.757813
0.765922
0.773941
0.781798
0.789451
0.796874
0.804054
0.810978
0.817627
0.823971
0.830005
0.835813
0.841286
0.846729
0.851713
0.8567
0.860639
0.864113
0.867309
0.870257
0.872975
0.875469
0.877756
0.879839
0.881736
0.883451
0.884991
0.886372
0.887598
0.888673
0.889612
0.890418
0.891098
0.891659
0.892108
0.892449
0.892686
0.892831
0.892883
0.892849
0.892731
0.892535
0.892267
0.89193
0.891526
0.891061
0.890534
0.889955
0.889319
0.888637
0.887905
0.887131
0.886312
0.885454
0.884559
0.883624
0.882656
0.881652
0.880614
0.879545
0.878443
0.87731
0.876144
0.874944
0.87371
0.872438
0.871125
0.869769
0.868364
0.866906
0.865391
0.863811
0.862158
0.860422
0.858599
0.856674
0.854637
0.852476
0.850172
0.847716
0.845087
0.842268
0.839235
0.835974
0.832458
0.828662
0.824564
0.820137
0.815352
0.810182
0.804599
0.798568
0.792056
0.785028
0.777436
0.769226
0.760326
0.750628
0.739995
0.728207
0.714939
0.699703
0.681754
0.65996
0.632616
0.597228
0.550366
0.487895
0.40631
0.30608
0.196628
0.0982344
0.0327033
0.00518926
0.837779
0.877211
0.891376
0.895433
0.894502
0.891331
0.888729
0.883997
0.896886
0.957574
1
1
0.999999
1
0.922499
0.79345
0.750842
0.744675
0.744483
0.746547
0.748501
0.752036
0.756533
0.761595
0.766975
0.772512
0.77811
0.783708
0.789269
0.794756
0.800151
0.805432
0.810584
0.815591
0.82044
0.825116
0.829621
0.833972
0.838154
0.842241
0.846076
0.849943
0.8538
0.856369
0.858718
0.860877
0.862858
0.864667
0.866312
0.867798
0.869135
0.870326
0.871381
0.872298
0.87309
0.873759
0.87431
0.874748
0.875079
0.875309
0.875441
0.875479
0.87543
0.875294
0.87508
0.874788
0.874422
0.873989
0.873488
0.872925
0.872306
0.871628
0.870898
0.870119
0.869291
0.868418
0.867503
0.866546
0.865552
0.864519
0.86345
0.862349
0.861212
0.860041
0.858836
0.8576
0.856329
0.855024
0.853686
0.852309
0.850894
0.849434
0.847928
0.84637
0.844756
0.84308
0.841337
0.839519
0.837618
0.835625
0.83353
0.831327
0.829001
0.826544
0.823939
0.821176
0.818237
0.81511
0.811779
0.808226
0.804432
0.80038
0.796049
0.791419
0.786469
0.781176
0.775511
0.769448
0.762955
0.755989
0.748504
0.740436
0.731693
0.722166
0.711681
0.700005
0.686781
0.671504
0.653412
0.631379
0.603741
0.568126
0.521318
0.459561
0.379887
0.283353
0.179612
0.0881532
0.0287085
0.00445057
0.832003
0.860269
0.87492
0.882139
0.885013
0.885332
0.884304
0.88258
0.87481
0.946616
0.999999
1
1
1
0.903735
0.766575
0.76495
0.766189
0.767781
0.769666
0.772421
0.775604
0.77898
0.782442
0.785942
0.789458
0.792974
0.796482
0.799967
0.803424
0.80684
0.8102
0.813501
0.816729
0.819877
0.822934
0.825906
0.828787
0.831574
0.834279
0.836882
0.839527
0.842768
0.844555
0.845997
0.847277
0.848419
0.849435
0.85033
0.851105
0.851772
0.852326
0.852771
0.853116
0.853365
0.853513
0.853572
0.853544
0.853426
0.853228
0.852951
0.8526
0.852175
0.851679
0.851116
0.850491
0.849805
0.849061
0.84826
0.847406
0.846502
0.845549
0.844548
0.843505
0.842416
0.841288
0.840118
0.838909
0.837661
0.836376
0.835052
0.83369
0.832292
0.830854
0.829377
0.827859
0.826298
0.824696
0.823045
0.821348
0.819599
0.817793
0.815928
0.814002
0.812007
0.80994
0.807795
0.805566
0.803246
0.800833
0.798315
0.795688
0.792942
0.790071
0.787064
0.783915
0.78061
0.777143
0.773501
0.769673
0.765646
0.761407
0.756941
0.752234
0.747265
0.742017
0.736464
0.730576
0.72432
0.71765
0.710516
0.702836
0.694516
0.685426
0.675375
0.664114
0.651268
0.636322
0.618509
0.596727
0.569373
0.534194
0.488189
0.427949
0.35099
0.258858
0.16137
0.0772555
0.024297
0.00365762
0.819825
0.836472
0.847479
0.854809
0.859612
0.862569
0.86398
0.86311
0.861941
0.925203
1
1
0.999998
1
0.87159
0.773374
0.774656
0.775877
0.777469
0.779256
0.781097
0.782924
0.78473
0.786523
0.788302
0.790074
0.791837
0.793585
0.795318
0.797027
0.798712
0.800363
0.801974
0.803547
0.805071
0.806543
0.807968
0.809339
0.810658
0.811935
0.813191
0.814515
0.816394
0.817175
0.81757
0.817822
0.817974
0.818025
0.817992
0.817877
0.817679
0.8174
0.817048
0.816619
0.816116
0.815541
0.814899
0.814188
0.813409
0.812566
0.811662
0.810692
0.809667
0.808579
0.807437
0.806238
0.804984
0.803679
0.802319
0.800909
0.79945
0.79794
0.796382
0.794774
0.793119
0.791417
0.789668
0.78787
0.786025
0.784131
0.78219
0.7802
0.778159
0.776067
0.773923
0.771725
0.769492
0.767224
0.764919
0.762578
0.760196
0.757774
0.75531
0.752801
0.750244
0.747642
0.744991
0.742288
0.739532
0.736721
0.733854
0.730926
0.727935
0.724879
0.721755
0.718556
0.71528
0.711922
0.708475
0.704931
0.70128
0.697515
0.693623
0.689587
0.685391
0.681012
0.676425
0.671595
0.666481
0.661029
0.655176
0.648833
0.64189
0.634197
0.625554
0.615688
0.604219
0.590617
0.574124
0.553668
0.527707
0.494104
0.450062
0.392478
0.319261
0.232342
0.141628
0.0651874
0.0190522
0.00245657
)
;

boundaryField
{
    walls
    {
        type            zeroGradient;
    }
    top
    {
        type            zeroGradient;
    }
    bottom
    {
        type            zeroGradient;
    }
    frontAndBack
    {
        type            empty;
    }
    inlet
    {
        type            uniformFixedValue;
        uniformValue    
        {
            type            constant;
            value           1;
        }
        value           uniform 1;
    }
    outlet
    {
        type            zeroGradient;
    }
}


// ************************************************************************* //
