/*--------------------------------*- C++ -*----------------------------------*\
  =========                 |
  \\      /  F ield         | OpenFOAM: The Open Source CFD Toolbox
   \\    /   O peration     | Website:  https://openfoam.org
    \\  /    A nd           | Version:  12
     \\/     M anipulation  |
\*---------------------------------------------------------------------------*/
FoamFile
{
    format      ascii;
    class       volScalarField;
    location    "485";
    object      T;
}
// * * * * * * * * * * * * * * * * * * * * * * * * * * * * * * * * * * * * * //

dimensions      [];

internalField   nonuniform List<scalar> 
4480
(
4.12428e-06
0.000212455
0.022031
0.122986
0.260449
0.390357
0.498993
0.585589
0.653371
0.70617
0.747361
0.779641
0.805072
0.825221
0.841255
0.854054
0.864281
0.872442
0.878915
0.883996
0.887916
0.890852
0.892943
0.894297
0.895001
0.895124
0.894721
0.894037
0.893344
0.892638
0.891919
0.891182
0.89042
0.889631
0.888812
0.88796
0.887068
0.886135
0.885152
0.88412
0.883033
0.881883
0.880664
0.879377
0.878012
0.876561
0.875019
0.873385
0.871645
0.86979
0.867821
0.865732
0.863504
0.861136
0.858619
0.855941
0.853101
0.850091
0.846893
0.843509
0.839921
0.836126
0.832113
0.827878
0.823402
0.818692
0.813722
0.808503
0.803004
0.79724
0.791183
0.784835
0.778183
0.77122
0.763937
0.756323
0.748372
0.740073
0.731415
0.722391
0.712989
0.703199
0.693011
0.682473
0.671591
0.660357
0.648769
0.636821
0.62451
0.611835
0.598795
0.585395
0.571643
0.557553
0.543154
0.528476
0.513572
0.498507
0.483369
0.468267
0.453328
0.438705
0.424563
0.411106
0.398531
0.387059
0.376919
0.368342
0.361556
0.356788
0.354259
0.35418
0.356748
0.362153
0.370557
0.38211
0.396915
0.415035
0.43648
0.461275
0.489743
0.522932
0.562657
0.613359
0.69251
0.80842
0.889972
0.951811
0.940934
0.855123
0.773241
0.653182
0.547585
0.463707
0.38784
0.316296
0.24742
0.180151
0.115205
0.0532672
1.69316e-06
0.00570522
0.114085
0.321592
0.51184
0.653024
0.750629
0.816797
0.861763
0.892717
0.914402
0.929891
0.94118
0.94956
0.955873
0.9607
0.964423
0.96731
0.969551
0.971284
0.97261
0.973595
0.974299
0.974759
0.975011
0.975075
0.97497
0.974593
0.973858
0.972801
0.971457
0.96986
0.968045
0.966043
0.963878
0.961582
0.959177
0.956683
0.954116
0.951495
0.948833
0.94614
0.943421
0.940688
0.937946
0.935192
0.932434
0.929668
0.926894
0.924109
0.921311
0.918501
0.915667
0.912807
0.909919
0.90699
0.904025
0.901011
0.897942
0.894819
0.891626
0.888369
0.885031
0.881614
0.878112
0.874526
0.870839
0.867051
0.863164
0.859174
0.85507
0.850854
0.846522
0.842074
0.837499
0.832803
0.827979
0.823022
0.817945
0.812732
0.807383
0.801911
0.796299
0.79057
0.78474
0.778801
0.772759
0.766628
0.760407
0.754114
0.747757
0.741349
0.73491
0.728462
0.722033
0.715644
0.709341
0.703153
0.697132
0.691335
0.685825
0.680667
0.675945
0.671741
0.668167
0.665317
0.663321
0.662292
0.662374
0.663696
0.666398
0.670605
0.676445
0.684025
0.693429
0.704718
0.717918
0.733032
0.750042
0.768953
0.789855
0.812971
0.838581
0.866895
0.897672
0.92841
0.954107
0.971302
0.958086
0.908387
0.855976
0.797153
0.73326
0.665102
0.592059
0.513414
0.428443
0.33694
0.240329
0.143892
0.000304466
0.0413992
0.273483
0.526176
0.703736
0.81267
0.877134
0.915471
0.938837
0.953589
0.963282
0.969933
0.974676
0.978179
0.980833
0.982886
0.984494
0.985759
0.986757
0.987539
0.988144
0.9886
0.98893
0.989152
0.989279
0.98932
0.989284
0.989151
0.988885
0.988489
0.987961
0.987296
0.986492
0.985541
0.984448
0.98321
0.981832
0.980318
0.978675
0.97691
0.975034
0.973054
0.970983
0.968829
0.9666
0.964311
0.961965
0.959572
0.957137
0.95467
0.952176
0.949656
0.947114
0.944552
0.941978
0.939383
0.936777
0.934155
0.931516
0.928863
0.926192
0.923505
0.920795
0.918067
0.915317
0.912541
0.909742
0.906915
0.904057
0.901175
0.898253
0.895305
0.89232
0.889302
0.886242
0.883148
0.880019
0.876848
0.873639
0.870398
0.867112
0.863795
0.860435
0.857048
0.853627
0.850187
0.846732
0.843263
0.839785
0.836314
0.832853
0.829418
0.826026
0.822684
0.819419
0.816253
0.81321
0.810316
0.807611
0.80513
0.802909
0.800996
0.799448
0.798308
0.797645
0.79752
0.797989
0.799127
0.801005
0.80368
0.807218
0.811674
0.817098
0.823519
0.83096
0.839415
0.848873
0.859289
0.870611
0.882777
0.895713
0.909312
0.923385
0.937562
0.951227
0.963417
0.972816
0.977739
0.968177
0.936404
0.902456
0.864436
0.820691
0.769607
0.709419
0.638133
0.553626
0.45417
0.339805
0.214697
0.0042313
0.141879
0.463511
0.701707
0.834448
0.902903
0.938261
0.957249
0.96809
0.974773
0.979243
0.982464
0.984922
0.986862
0.988422
0.989683
0.990709
0.991535
0.992197
0.992721
0.993129
0.993438
0.993664
0.99382
0.993915
0.993955
0.993946
0.993883
0.993759
0.993575
0.993327
0.993011
0.992625
0.992161
0.991611
0.990972
0.990241
0.989407
0.988473
0.987434
0.986292
0.985048
0.983703
0.982264
0.980733
0.97912
0.977427
0.975664
0.973835
0.971952
0.970018
0.968039
0.966025
0.963978
0.961906
0.959815
0.957706
0.955582
0.953451
0.951311
0.94917
0.947021
0.944874
0.942729
0.940582
0.938438
0.936299
0.934159
0.932024
0.929889
0.927755
0.925626
0.923495
0.921368
0.919238
0.917108
0.914978
0.912852
0.910723
0.90859
0.906459
0.904331
0.902209
0.900078
0.897952
0.895833
0.893722
0.89163
0.889557
0.887507
0.885489
0.883514
0.881592
0.87973
0.87795
0.876258
0.874682
0.873232
0.871935
0.870816
0.869905
0.869224
0.868811
0.868698
0.868926
0.869523
0.870537
0.872
0.873951
0.876423
0.87945
0.883052
0.887249
0.892049
0.897442
0.903409
0.909923
0.916932
0.924371
0.932155
0.940178
0.948285
0.956267
0.963826
0.970566
0.975969
0.979345
0.97971
0.97287
0.951158
0.927069
0.900128
0.868664
0.830596
0.783224
0.722973
0.645334
0.545065
0.417648
0.262687
0.0234073
0.306697
0.647213
0.830206
0.912212
0.948412
0.965325
0.974044
0.979153
0.982609
0.985231
0.98737
0.989161
0.990665
0.991916
0.992941
0.993772
0.994437
0.994957
0.995358
0.995662
0.995886
0.996046
0.996153
0.996219
0.996249
0.996249
0.996215
0.996144
0.996034
0.995886
0.995698
0.99547
0.995197
0.994876
0.994504
0.994072
0.993581
0.993021
0.992393
0.991688
0.990909
0.990048
0.989112
0.988095
0.987002
0.985836
0.984599
0.983295
0.98193
0.98051
0.979038
0.977522
0.975967
0.97438
0.972768
0.971133
0.969478
0.967815
0.966142
0.964465
0.962787
0.961115
0.959449
0.957785
0.956137
0.954498
0.95287
0.951258
0.949659
0.948075
0.946502
0.944949
0.943408
0.941885
0.940374
0.938881
0.9374
0.93593
0.934479
0.933041
0.931616
0.930209
0.928811
0.927428
0.926063
0.924715
0.923385
0.922084
0.920811
0.919574
0.918375
0.917228
0.916136
0.915109
0.914157
0.913295
0.912538
0.911896
0.911392
0.911038
0.910854
0.910866
0.911093
0.911556
0.912284
0.913294
0.91461
0.916253
0.918247
0.920595
0.923318
0.926412
0.929878
0.933703
0.937858
0.942315
0.947024
0.951926
0.956934
0.961949
0.966843
0.971446
0.975541
0.978852
0.981036
0.981618
0.979919
0.974409
0.959117
0.940497
0.919808
0.895848
0.86683
0.830006
0.781035
0.713434
0.617757
0.482197
0.296764
0.0746361
0.49819
0.793315
0.909371
0.951863
0.968687
0.976426
0.980742
0.983696
0.986082
0.988187
0.990059
0.991684
0.993057
0.994179
0.995075
0.995773
0.996302
0.996695
0.996974
0.997166
0.997292
0.997371
0.997415
0.997435
0.99744
0.997434
0.997416
0.997372
0.997305
0.997213
0.997095
0.996951
0.996779
0.996576
0.99634
0.996068
0.995755
0.995398
0.994996
0.994543
0.994036
0.993471
0.99285
0.992168
0.991425
0.990622
0.989759
0.98884
0.987865
0.986839
0.985765
0.984648
0.983492
0.9823
0.981082
0.97984
0.978577
0.977298
0.976011
0.974722
0.973426
0.972136
0.970849
0.969569
0.968303
0.967046
0.965805
0.964583
0.963373
0.962183
0.961011
0.959859
0.958727
0.957611
0.956516
0.955437
0.95438
0.953342
0.95232
0.951315
0.950332
0.949368
0.948422
0.947486
0.94657
0.945675
0.9448
0.943948
0.943122
0.94233
0.941573
0.940855
0.940181
0.939561
0.939002
0.938512
0.938104
0.93778
0.937555
0.937446
0.937458
0.937612
0.937921
0.938395
0.939055
0.939907
0.940975
0.942265
0.943784
0.945546
0.947546
0.949786
0.952258
0.954947
0.957826
0.960869
0.964028
0.967252
0.970469
0.973594
0.976518
0.979108
0.981198
0.98258
0.982989
0.982071
0.979337
0.974098
0.963343
0.9481
0.931129
0.911676
0.888449
0.859229
0.819803
0.762888
0.675506
0.537132
0.322855
0.166797
0.67487
0.88874
0.949922
0.969295
0.977018
0.981039
0.983756
0.986019
0.988137
0.990161
0.992004
0.993579
0.99486
0.995863
0.996624
0.997175
0.997552
0.997789
0.997919
0.997971
0.997971
0.99794
0.997899
0.997856
0.997821
0.997796
0.997784
0.997761
0.997729
0.997685
0.997627
0.997553
0.997461
0.997349
0.997212
0.99705
0.99686
0.996637
0.996383
0.99609
0.995757
0.995385
0.994968
0.994508
0.993999
0.993443
0.992838
0.99219
0.991493
0.990753
0.989973
0.989154
0.988297
0.987412
0.986499
0.985559
0.984604
0.983634
0.982651
0.981662
0.980669
0.979677
0.978686
0.977706
0.976734
0.975771
0.974822
0.973887
0.97297
0.972069
0.971187
0.970319
0.969474
0.968647
0.967837
0.967045
0.966271
0.965518
0.964786
0.964066
0.963368
0.962692
0.962024
0.961375
0.960742
0.960126
0.959529
0.958953
0.958401
0.957871
0.957372
0.956907
0.956474
0.956087
0.955741
0.955451
0.955219
0.95505
0.954958
0.954945
0.955026
0.955208
0.955497
0.955907
0.956446
0.957122
0.957945
0.958917
0.96005
0.961338
0.962785
0.964386
0.966131
0.968004
0.969981
0.972035
0.974132
0.976221
0.978243
0.980125
0.981775
0.983083
0.983916
0.984101
0.983429
0.981626
0.978324
0.973062
0.964948
0.952411
0.937858
0.921214
0.90156
0.877342
0.844975
0.797545
0.720118
0.583676
0.344206
0.295376
0.809697
0.939447
0.967404
0.976401
0.980619
0.983295
0.985468
0.987542
0.989658
0.991745
0.993602
0.995119
0.996287
0.997147
0.997746
0.998125
0.998321
0.998372
0.998317
0.998191
0.998027
0.997858
0.9977
0.997571
0.997478
0.997426
0.997412
0.99741
0.997413
0.99742
0.997425
0.997425
0.997417
0.997395
0.997356
0.997297
0.997216
0.997111
0.996976
0.996813
0.996616
0.996386
0.99612
0.995816
0.995478
0.9951
0.994682
0.994225
0.993733
0.993202
0.992636
0.992037
0.991409
0.99075
0.990067
0.989364
0.988642
0.987905
0.987158
0.986405
0.985644
0.984885
0.984127
0.98337
0.982623
0.981885
0.981159
0.980442
0.979739
0.979052
0.978383
0.977725
0.977088
0.976463
0.975856
0.975268
0.974693
0.974139
0.973599
0.973074
0.97257
0.972079
0.971604
0.971139
0.970689
0.970254
0.969832
0.969429
0.969048
0.968681
0.96834
0.968026
0.967736
0.967477
0.967256
0.967072
0.966934
0.966842
0.966808
0.966829
0.966922
0.96708
0.967321
0.967647
0.968061
0.968574
0.969183
0.969899
0.970718
0.971646
0.972673
0.973794
0.975004
0.976284
0.977614
0.978969
0.980314
0.981606
0.982799
0.98382
0.9846
0.985038
0.985026
0.984417
0.983039
0.980672
0.977042
0.971823
0.964655
0.954672
0.941829
0.927078
0.909692
0.888645
0.861031
0.821002
0.753366
0.622285
0.362631
0.44943
0.89166
0.960915
0.974358
0.979592
0.982516
0.98467
0.986638
0.988701
0.990913
0.993104
0.994966
0.996388
0.997411
0.998102
0.998519
0.9987
0.998679
0.998502
0.998212
0.997858
0.997486
0.997132
0.996824
0.996582
0.996416
0.996327
0.99631
0.996326
0.996372
0.996439
0.99652
0.996608
0.996698
0.996783
0.996855
0.996913
0.996948
0.99696
0.996948
0.996905
0.996835
0.996732
0.996596
0.996426
0.996223
0.995984
0.995713
0.995408
0.99507
0.9947
0.994298
0.993868
0.993411
0.992927
0.992423
0.991897
0.991356
0.990799
0.990233
0.98966
0.989081
0.988497
0.987916
0.987338
0.986762
0.986196
0.985636
0.985086
0.984549
0.984023
0.983509
0.983008
0.982518
0.982046
0.981586
0.981141
0.980711
0.980293
0.979891
0.979499
0.979126
0.978764
0.978416
0.978075
0.977746
0.977431
0.977128
0.976839
0.976561
0.976303
0.976057
0.975836
0.975631
0.975453
0.975301
0.975178
0.975083
0.97503
0.975012
0.975042
0.975114
0.97524
0.975421
0.975662
0.975965
0.976337
0.976775
0.977282
0.977857
0.978503
0.979208
0.979971
0.980779
0.981618
0.982467
0.983309
0.984105
0.984821
0.98541
0.985813
0.985969
0.985787
0.985171
0.984004
0.982137
0.979394
0.975561
0.970396
0.96364
0.955049
0.943995
0.930616
0.914768
0.895785
0.871231
0.836452
0.777245
0.653377
0.379212
0.608374
0.928928
0.968398
0.977551
0.981386
0.983723
0.985619
0.98752
0.989641
0.991995
0.994305
0.996132
0.997417
0.998268
0.998781
0.998999
0.99895
0.998665
0.998197
0.997607
0.996959
0.996315
0.995725
0.995227
0.994844
0.994585
0.994452
0.994429
0.994472
0.994571
0.994715
0.994893
0.995092
0.995303
0.995516
0.995724
0.995916
0.99609
0.996238
0.99636
0.996453
0.996512
0.996537
0.996527
0.996486
0.996411
0.9963
0.996156
0.995979
0.995772
0.995531
0.995262
0.994967
0.994644
0.994301
0.993938
0.993552
0.993153
0.99274
0.992313
0.991881
0.991442
0.990999
0.990555
0.990112
0.989671
0.989236
0.988807
0.988384
0.987971
0.987562
0.987169
0.986783
0.986411
0.986048
0.985695
0.985356
0.985026
0.984711
0.984402
0.984109
0.983826
0.983552
0.983292
0.983037
0.982794
0.982558
0.982332
0.982114
0.981911
0.981717
0.981537
0.98137
0.981222
0.98109
0.980977
0.980883
0.980814
0.980773
0.980755
0.980773
0.980821
0.980905
0.981031
0.981196
0.981404
0.981655
0.981949
0.982291
0.982674
0.983096
0.983552
0.984035
0.984536
0.985039
0.985525
0.985973
0.986353
0.986633
0.986767
0.986709
0.986392
0.985747
0.984685
0.983108
0.980885
0.977879
0.973909
0.968795
0.962327
0.954299
0.944506
0.932562
0.917838
0.90027
0.877695
0.846423
0.793767
0.67754
0.394627
0.723167
0.948758
0.97316
0.979483
0.982548
0.984559
0.98631
0.988202
0.990418
0.992946
0.995366
0.997117
0.998229
0.998899
0.999227
0.999226
0.9989
0.998285
0.997443
0.996466
0.99544
0.994449
0.99356
0.992826
0.992267
0.991902
0.991722
0.991695
0.991776
0.991946
0.992192
0.992495
0.992836
0.993202
0.993577
0.993949
0.994308
0.994646
0.994959
0.995237
0.995482
0.995691
0.995858
0.995987
0.996077
0.996129
0.996143
0.996121
0.996065
0.995975
0.995853
0.995702
0.995524
0.995319
0.99509
0.99484
0.994572
0.994288
0.993987
0.993677
0.993357
0.99303
0.992698
0.992363
0.992027
0.991692
0.99136
0.991029
0.990706
0.990386
0.990076
0.989772
0.989475
0.989187
0.988905
0.988637
0.988374
0.988122
0.987878
0.987639
0.987412
0.987197
0.986985
0.986785
0.986594
0.986405
0.986223
0.986048
0.985885
0.985725
0.985578
0.985438
0.985307
0.98519
0.985081
0.984991
0.984915
0.984853
0.984808
0.984786
0.984784
0.984805
0.984847
0.984919
0.985013
0.985139
0.985288
0.985466
0.985669
0.985896
0.986141
0.986399
0.98666
0.986916
0.987154
0.987352
0.987493
0.987546
0.987481
0.987262
0.98684
0.986161
0.985157
0.983753
0.981861
0.979373
0.976169
0.972106
0.967029
0.960765
0.953129
0.943914
0.932845
0.919494
0.902954
0.881727
0.852732
0.804742
0.695559
0.409325
0.814003
0.959776
0.976262
0.981018
0.983409
0.985148
0.986814
0.988728
0.991064
0.993777
0.996308
0.99793
0.998846
0.999341
0.999484
0.999232
0.998561
0.997517
0.996193
0.994714
0.993207
0.991783
0.99053
0.989508
0.988748
0.988262
0.98804
0.988018
0.988154
0.988427
0.988808
0.989273
0.989798
0.990359
0.990937
0.991516
0.99208
0.992621
0.993126
0.993592
0.994013
0.99439
0.994721
0.995001
0.995237
0.995426
0.995572
0.995675
0.995739
0.995765
0.995756
0.995714
0.995642
0.995542
0.995417
0.995268
0.9951
0.994913
0.994712
0.994496
0.99427
0.994035
0.993793
0.993546
0.993299
0.993047
0.992797
0.992547
0.9923
0.992057
0.991819
0.991585
0.991356
0.991134
0.990918
0.990708
0.990507
0.990308
0.990117
0.989933
0.989757
0.989588
0.989422
0.989266
0.989112
0.988966
0.988821
0.988683
0.988552
0.988423
0.988302
0.988187
0.98808
0.987978
0.987887
0.987805
0.987732
0.98767
0.98762
0.987581
0.987556
0.987546
0.987552
0.987572
0.987607
0.987657
0.987719
0.987798
0.987886
0.987982
0.988078
0.988172
0.988253
0.98831
0.988327
0.988293
0.988184
0.987976
0.987637
0.987131
0.986418
0.985445
0.984154
0.982479
0.980341
0.977645
0.97429
0.970155
0.965103
0.958986
0.951632
0.942831
0.932301
0.919608
0.904014
0.884083
0.856575
0.811648
0.708317
0.423631
0.874444
0.96653
0.978387
0.982117
0.984112
0.9856
0.987173
0.989122
0.991583
0.994493
0.997128
0.99858
0.999293
0.999632
0.999586
0.999029
0.997913
0.99631
0.994366
0.992254
0.990149
0.988197
0.986506
0.98515
0.984164
0.983556
0.983305
0.983305
0.983527
0.983939
0.984502
0.985181
0.985941
0.98675
0.987582
0.988414
0.989228
0.990008
0.990745
0.99143
0.992061
0.992632
0.993144
0.993597
0.993992
0.99433
0.994619
0.994855
0.995042
0.995187
0.995291
0.995359
0.995389
0.995388
0.995359
0.995304
0.995227
0.995127
0.995013
0.994879
0.994735
0.994578
0.994414
0.994243
0.994064
0.993885
0.993701
0.993517
0.993334
0.993151
0.992971
0.992794
0.99262
0.992447
0.992281
0.992117
0.991958
0.991804
0.991654
0.991511
0.991369
0.991231
0.991101
0.990974
0.99085
0.990729
0.990612
0.990497
0.990387
0.990278
0.990174
0.990075
0.989979
0.989885
0.9898
0.989719
0.989641
0.989574
0.98951
0.989452
0.989404
0.989364
0.989328
0.989303
0.989283
0.989267
0.989254
0.989246
0.989233
0.989216
0.989188
0.989143
0.989069
0.988961
0.988799
0.988569
0.98825
0.987822
0.987254
0.986513
0.985557
0.984347
0.982822
0.980926
0.978591
0.975728
0.972252
0.968056
0.963022
0.957011
0.94986
0.941364
0.931235
0.919044
0.904054
0.884874
0.858407
0.815312
0.716599
0.437776
0.902443
0.972923
0.979897
0.982905
0.984606
0.985981
0.987434
0.989396
0.991986
0.9951
0.99784
0.999083
0.999597
0.999812
0.999561
0.998613
0.996917
0.994593
0.991864
0.988972
0.986145
0.983565
0.98137
0.979643
0.978418
0.977696
0.977445
0.977495
0.977844
0.978445
0.979247
0.980198
0.981253
0.982369
0.98351
0.984649
0.985757
0.986821
0.987829
0.988768
0.989636
0.990429
0.991148
0.991792
0.992365
0.992869
0.993308
0.993687
0.994008
0.994277
0.994497
0.994673
0.994807
0.994905
0.994969
0.995001
0.99501
0.994993
0.994955
0.994899
0.994825
0.994739
0.994641
0.994535
0.99442
0.994299
0.994173
0.994045
0.993913
0.993781
0.993649
0.993515
0.993382
0.993253
0.993126
0.992997
0.992875
0.992751
0.992633
0.992514
0.992402
0.992289
0.992181
0.992075
0.991974
0.99187
0.991769
0.991671
0.991572
0.991476
0.99138
0.991286
0.991194
0.991105
0.991017
0.990931
0.990846
0.990765
0.990688
0.990611
0.990536
0.990464
0.990391
0.99032
0.990247
0.990172
0.990091
0.990002
0.989904
0.989788
0.989651
0.989483
0.989279
0.989025
0.988707
0.988311
0.987819
0.987204
0.986441
0.985499
0.984342
0.982929
0.981209
0.979134
0.976632
0.973632
0.970059
0.965813
0.960788
0.954854
0.947855
0.939585
0.92976
0.917952
0.903432
0.884849
0.859193
0.817487
0.722072
0.448077
0.920094
0.975234
0.98099
0.983456
0.984934
0.986215
0.987664
0.989555
0.99227
0.995592
0.998444
0.999449
0.999792
0.999914
0.999421
0.997963
0.995512
0.992278
0.988581
0.984749
0.981069
0.97777
0.975009
0.97288
0.971415
0.970605
0.970396
0.970543
0.971077
0.971935
0.973047
0.974343
0.97576
0.977247
0.978757
0.980254
0.981709
0.983102
0.984416
0.985641
0.986776
0.987816
0.988762
0.989616
0.990382
0.991064
0.991669
0.992196
0.992658
0.993056
0.993397
0.993685
0.993924
0.99412
0.994277
0.994397
0.994487
0.994548
0.994585
0.994599
0.994593
0.994571
0.994533
0.994484
0.994424
0.994355
0.994278
0.994196
0.99411
0.994017
0.993924
0.99383
0.993733
0.993636
0.993538
0.99344
0.993341
0.993245
0.993147
0.993051
0.992957
0.992865
0.992773
0.992682
0.992591
0.9925
0.992408
0.992319
0.992226
0.992136
0.992043
0.99195
0.991857
0.991766
0.991671
0.991577
0.991482
0.991385
0.991289
0.991188
0.991087
0.990984
0.990872
0.990758
0.990636
0.990505
0.990362
0.990202
0.990023
0.989818
0.989583
0.98931
0.988989
0.988607
0.988152
0.987611
0.986963
0.986187
0.985257
0.984144
0.982815
0.981231
0.979351
0.977119
0.974478
0.971369
0.967714
0.963424
0.958402
0.952524
0.945639
0.937542
0.927955
0.916447
0.902302
0.88419
0.859179
0.818539
0.725574
0.45532
0.932376
0.976985
0.981864
0.98381
0.985097
0.986313
0.98778
0.989689
0.992436
0.995965
0.998943
0.999701
0.999904
0.999965
0.999168
0.997041
0.993626
0.989267
0.984409
0.979476
0.97482
0.97071
0.967332
0.964785
0.963102
0.962248
0.962036
0.962348
0.963159
0.964372
0.965892
0.967627
0.969497
0.971433
0.97338
0.975295
0.977144
0.978905
0.980562
0.982105
0.98353
0.984837
0.986028
0.987107
0.988078
0.988948
0.989724
0.990413
0.991019
0.991551
0.992017
0.992418
0.992764
0.993058
0.993306
0.993513
0.993683
0.99382
0.993927
0.994008
0.994065
0.994102
0.994122
0.994123
0.994112
0.994091
0.994058
0.994017
0.993969
0.993915
0.993855
0.99379
0.993722
0.993651
0.993578
0.993503
0.993427
0.993348
0.993268
0.99319
0.993107
0.993025
0.992944
0.992864
0.992781
0.992695
0.99261
0.992522
0.992433
0.992341
0.992248
0.992153
0.992053
0.991954
0.991851
0.991745
0.991633
0.991519
0.991401
0.991277
0.991149
0.991009
0.990864
0.990708
0.990536
0.990351
0.990148
0.989923
0.989671
0.989385
0.989061
0.988691
0.988264
0.987768
0.987196
0.986525
0.985742
0.984823
0.983748
0.982485
0.981008
0.979277
0.977256
0.974896
0.972142
0.968938
0.965214
0.960888
0.955865
0.950031
0.943231
0.93527
0.925872
0.914606
0.900764
0.883039
0.858543
0.818737
0.727601
0.460204
0.941284
0.978242
0.982363
0.983997
0.985119
0.986264
0.98776
0.989785
0.992506
0.996218
0.999346
0.999859
0.999962
0.999988
0.998792
0.995801
0.991183
0.98547
0.979253
0.973058
0.967305
0.962306
0.95827
0.955309
0.953445
0.952618
0.952451
0.953021
0.954207
0.95588
0.95791
0.960179
0.962586
0.965045
0.967492
0.969876
0.972164
0.974325
0.97635
0.978233
0.979967
0.981555
0.983001
0.984312
0.985495
0.986558
0.987511
0.98836
0.989115
0.989783
0.990371
0.990889
0.991341
0.991735
0.992075
0.992368
0.992615
0.992825
0.993
0.993143
0.993262
0.993353
0.993424
0.993477
0.993512
0.993532
0.993539
0.993534
0.99352
0.993496
0.993466
0.993426
0.993384
0.993333
0.993281
0.993223
0.993162
0.993098
0.993032
0.992963
0.992891
0.992818
0.992743
0.992664
0.992584
0.992502
0.992417
0.992329
0.992238
0.992143
0.992044
0.99194
0.991834
0.991723
0.991607
0.991485
0.991357
0.991224
0.991082
0.990933
0.990774
0.990603
0.990419
0.990221
0.990005
0.989766
0.989508
0.989219
0.988898
0.988539
0.988132
0.987674
0.98715
0.986555
0.985871
0.985086
0.984182
0.983138
0.981936
0.980546
0.97894
0.977084
0.974942
0.972471
0.969618
0.966334
0.962554
0.958195
0.953171
0.947368
0.94064
0.93279
0.923545
0.91248
0.898895
0.881489
0.857427
0.818282
0.728495
0.463254
0.947897
0.979126
0.982622
0.984025
0.984987
0.986068
0.987591
0.989739
0.99257
0.996343
0.999653
0.999947
0.999989
0.999997
0.998278
0.994189
0.988109
0.980805
0.973035
0.96543
0.95847
0.952506
0.947781
0.94442
0.942438
0.941737
0.94178
0.942728
0.94442
0.946671
0.949321
0.952219
0.955239
0.958282
0.961273
0.964164
0.96691
0.969496
0.971901
0.974129
0.976175
0.978046
0.979749
0.981292
0.982687
0.983944
0.98507
0.986079
0.98698
0.987784
0.988495
0.989125
0.989681
0.99017
0.990598
0.990971
0.991298
0.991576
0.991818
0.992022
0.992197
0.99234
0.99246
0.992557
0.992634
0.992692
0.992735
0.992762
0.992778
0.992781
0.992775
0.992758
0.992736
0.992703
0.992666
0.992623
0.992574
0.99252
0.992462
0.992398
0.992334
0.992262
0.992189
0.992114
0.992033
0.991951
0.991862
0.99177
0.991672
0.99157
0.991461
0.991349
0.991228
0.991106
0.990974
0.990835
0.990689
0.990532
0.990367
0.990188
0.989998
0.989795
0.989573
0.989334
0.989074
0.988787
0.988471
0.988125
0.987738
0.987307
0.986827
0.986286
0.985676
0.984985
0.984204
0.983316
0.982304
0.981154
0.979837
0.978333
0.976614
0.97465
0.972406
0.969837
0.966905
0.963555
0.959724
0.95534
0.950317
0.944543
0.937873
0.930117
0.921002
0.910108
0.896741
0.879618
0.85592
0.817308
0.728514
0.464877
0.952868
0.979729
0.982701
0.983885
0.984706
0.98571
0.987262
0.989545
0.992598
0.996367
0.999865
0.999986
0.999997
0.999999
0.997608
0.992154
0.984335
0.975208
0.965709
0.95656
0.94829
0.941287
0.935839
0.932109
0.930107
0.929557
0.929974
0.931503
0.933903
0.936925
0.940348
0.943989
0.947704
0.951385
0.954955
0.958364
0.961577
0.964579
0.967359
0.969921
0.972268
0.974409
0.976356
0.978121
0.979714
0.981154
0.982447
0.983608
0.984645
0.985574
0.986404
0.987144
0.987797
0.988379
0.988892
0.989343
0.98974
0.990089
0.99039
0.990652
0.990876
0.99107
0.991234
0.991373
0.991485
0.991579
0.991651
0.991708
0.99175
0.991776
0.99179
0.991793
0.991787
0.99177
0.991744
0.991711
0.991671
0.991622
0.991568
0.99151
0.991447
0.991377
0.991302
0.991222
0.991138
0.991051
0.990955
0.990855
0.990749
0.990638
0.990519
0.990392
0.99026
0.990119
0.989969
0.989811
0.989642
0.989462
0.98927
0.989063
0.988842
0.988604
0.988346
0.988067
0.987759
0.987424
0.987058
0.986653
0.986207
0.985708
0.985158
0.98454
0.98385
0.983076
0.982206
0.981223
0.980117
0.978866
0.97745
0.975848
0.974032
0.971974
0.969641
0.966996
0.963996
0.960587
0.95672
0.952316
0.947297
0.941545
0.934931
0.927261
0.918261
0.907519
0.894347
0.877474
0.8541
0.815928
0.727857
0.465382
0.956622
0.980091
0.982606
0.983551
0.984271
0.985189
0.986758
0.989183
0.992476
0.996388
0.999981
0.999999
1
1
0.996756
0.989644
0.979806
0.968641
0.957261
0.946458
0.936781
0.928654
0.922438
0.918382
0.916503
0.915867
0.916947
0.919393
0.922825
0.926885
0.931287
0.935808
0.940298
0.944653
0.948807
0.952724
0.956376
0.959766
0.962886
0.96575
0.968367
0.970752
0.972916
0.974877
0.976648
0.97825
0.979692
0.980989
0.982154
0.983197
0.984132
0.984968
0.985713
0.986377
0.986967
0.98749
0.987953
0.988361
0.98872
0.989034
0.989307
0.989544
0.989747
0.989923
0.990069
0.990191
0.990292
0.990374
0.990437
0.990482
0.990514
0.990531
0.990537
0.990531
0.990512
0.990487
0.990452
0.990408
0.990354
0.990297
0.990231
0.990157
0.990078
0.989996
0.989904
0.989808
0.989705
0.989593
0.989474
0.98935
0.989215
0.989074
0.988926
0.988765
0.988597
0.988415
0.988223
0.988017
0.987799
0.987563
0.987309
0.987036
0.986741
0.986418
0.986067
0.985687
0.985269
0.984811
0.984305
0.983748
0.983129
0.982443
0.981679
0.980827
0.979875
0.978811
0.97762
0.976282
0.974776
0.97309
0.97119
0.969052
0.966644
0.963935
0.960878
0.957427
0.953531
0.949111
0.944097
0.938376
0.931813
0.924216
0.915328
0.904731
0.891742
0.875101
0.852022
0.814217
0.726666
0.465002
0.959419
0.980267
0.982377
0.983093
0.983672
0.984482
0.98606
0.988636
0.992201
0.996407
1
0.999999
0.999998
0.999999
0.995703
0.986618
0.974484
0.9611
0.94773
0.935196
0.924023
0.914647
0.907558
0.903224
0.901677
0.901602
0.903661
0.907319
0.912025
0.917298
0.922778
0.928222
0.933483
0.938475
0.943162
0.947519
0.951551
0.95526
0.95866
0.961768
0.964602
0.967181
0.969522
0.971643
0.973561
0.975297
0.976861
0.978269
0.979539
0.980682
0.981704
0.982623
0.983446
0.984182
0.984836
0.985422
0.985942
0.986403
0.986813
0.987171
0.987486
0.987759
0.987998
0.988205
0.988378
0.988529
0.988651
0.988753
0.988833
0.988893
0.988937
0.988964
0.988979
0.988979
0.988968
0.988944
0.988907
0.988866
0.98881
0.988749
0.988677
0.988601
0.988514
0.988421
0.98832
0.988213
0.988095
0.987971
0.987839
0.987699
0.987549
0.987388
0.98722
0.98704
0.986847
0.986644
0.986425
0.986195
0.985946
0.985679
0.985394
0.985083
0.98475
0.98439
0.983996
0.983569
0.983104
0.982591
0.982032
0.981415
0.980735
0.979985
0.979152
0.97823
0.977206
0.976067
0.974799
0.973384
0.971806
0.970044
0.968072
0.965868
0.963399
0.960635
0.957535
0.95405
0.950133
0.945713
0.940708
0.935018
0.928504
0.92099
0.912208
0.901752
0.888946
0.872531
0.849722
0.812244
0.725047
0.463919
0.961455
0.980289
0.982028
0.982501
0.982901
0.98358
0.98515
0.987881
0.991756
0.996338
1
1
0.999998
0.999997
0.994437
0.983036
0.968351
0.952619
0.937219
0.922934
0.910183
0.899363
0.891153
0.886571
0.884721
0.885948
0.889981
0.895719
0.902255
0.908994
0.915597
0.921899
0.927808
0.9333
0.938377
0.943049
0.947335
0.951261
0.954848
0.958118
0.961099
0.963807
0.966266
0.968494
0.970518
0.972347
0.973998
0.975494
0.97684
0.978055
0.979148
0.980131
0.981014
0.981807
0.982518
0.983149
0.983715
0.984218
0.984666
0.985061
0.985408
0.985713
0.985979
0.986209
0.986408
0.986577
0.986716
0.986831
0.986925
0.986996
0.98705
0.987083
0.9871
0.987103
0.987092
0.987068
0.98703
0.986983
0.986924
0.986855
0.986776
0.986687
0.986591
0.986485
0.986372
0.986251
0.986119
0.985979
0.98583
0.985669
0.985501
0.985321
0.98513
0.984927
0.984711
0.98448
0.984238
0.983976
0.983696
0.983399
0.983078
0.982735
0.982362
0.981962
0.981526
0.981056
0.980541
0.97998
0.979369
0.978696
0.977961
0.977149
0.976255
0.975271
0.974182
0.972978
0.971642
0.970162
0.968521
0.966695
0.964663
0.962407
0.95989
0.957083
0.95395
0.950444
0.946516
0.942096
0.93711
0.931456
0.925003
0.917572
0.908898
0.898588
0.885965
0.869777
0.847236
0.810053
0.723075
0.462267
0.962851
0.980178
0.981567
0.981729
0.98187
0.982467
0.98401
0.986897
0.991117
0.996162
0.999997
0.999997
0.999998
0.999996
0.992941
0.978862
0.961405
0.943289
0.925927
0.909979
0.89562
0.883071
0.873142
0.86811
0.866457
0.870621
0.87816
0.886795
0.895327
0.903335
0.910739
0.917551
0.9238
0.929525
0.934766
0.939559
0.943938
0.947939
0.951591
0.954917
0.95795
0.960715
0.963224
0.965504
0.967572
0.969453
0.971156
0.972695
0.974088
0.975347
0.976483
0.977508
0.978431
0.979261
0.980007
0.980674
0.981272
0.981804
0.982279
0.9827
0.983071
0.983396
0.983682
0.983929
0.98414
0.984322
0.984473
0.984596
0.984696
0.984771
0.984826
0.984862
0.984879
0.984879
0.984865
0.984837
0.984791
0.984735
0.984668
0.984587
0.984498
0.984395
0.984285
0.984165
0.984036
0.983897
0.983746
0.983587
0.983418
0.983237
0.983045
0.982843
0.982626
0.982399
0.982158
0.981901
0.981627
0.981337
0.981027
0.980695
0.980341
0.97996
0.979551
0.979112
0.978634
0.97812
0.97756
0.976952
0.97629
0.975569
0.97478
0.973914
0.972967
0.971925
0.970779
0.969516
0.968124
0.966589
0.964889
0.963016
0.960938
0.958636
0.956082
0.953247
0.950091
0.946573
0.942639
0.938235
0.933277
0.92767
0.921284
0.913946
0.905396
0.895236
0.882809
0.866856
0.844587
0.807675
0.720813
0.460137
0.963673
0.979955
0.981013
0.980811
0.980605
0.981141
0.982619
0.985652
0.990252
0.995874
1
1
0.999998
1
0.9912
0.974058
0.953672
0.933277
0.914208
0.896912
0.881126
0.866625
0.853674
0.84366
0.847763
0.86171
0.874304
0.884034
0.89297
0.901215
0.908835
0.915594
0.921755
0.927368
0.932497
0.937188
0.941476
0.945395
0.948978
0.952248
0.955239
0.957963
0.960452
0.962712
0.964773
0.966646
0.968351
0.969898
0.971301
0.972574
0.973721
0.974761
0.9757
0.976547
0.977309
0.977993
0.978604
0.979154
0.979641
0.980075
0.980458
0.980793
0.981086
0.98134
0.981559
0.981742
0.981896
0.982021
0.98212
0.982195
0.982247
0.982277
0.982288
0.982281
0.982258
0.982216
0.982161
0.982093
0.982011
0.981917
0.981811
0.981691
0.981563
0.981423
0.981274
0.981114
0.980943
0.980761
0.980569
0.980364
0.980147
0.97992
0.979678
0.979422
0.979152
0.978865
0.978561
0.978238
0.977898
0.977532
0.977143
0.976725
0.976279
0.975799
0.975283
0.974724
0.974124
0.97347
0.972763
0.971995
0.971158
0.970243
0.969247
0.968156
0.966961
0.965648
0.964211
0.962628
0.960887
0.95897
0.956856
0.954522
0.951943
0.94909
0.945922
0.942403
0.938482
0.9341
0.92918
0.923631
0.917325
0.910089
0.901676
0.891696
0.879479
0.86377
0.841789
0.805131
0.718292
0.457585
0.963934
0.979662
0.980444
0.979875
0.979303
0.979605
0.980968
0.984121
0.98912
0.995461
0.999998
1
1
0.999998
0.989191
0.968562
0.945208
0.922873
0.902691
0.884858
0.868568
0.853146
0.837289
0.846688
0.85545
0.866954
0.877476
0.886318
0.894501
0.902074
0.909062
0.915326
0.921065
0.926324
0.931252
0.93593
0.939956
0.943645
0.947029
0.950132
0.952976
0.955585
0.95797
0.960147
0.962136
0.963955
0.96561
0.967115
0.96849
0.969738
0.970868
0.971893
0.972821
0.973659
0.974413
0.975093
0.975703
0.976247
0.976734
0.977166
0.977543
0.977877
0.978169
0.978417
0.978631
0.978811
0.978956
0.979074
0.979164
0.97923
0.97927
0.97929
0.979288
0.979265
0.979227
0.979172
0.979099
0.979012
0.978913
0.978799
0.97867
0.978532
0.978379
0.978218
0.978045
0.977859
0.977663
0.977456
0.977236
0.977004
0.976758
0.976502
0.976231
0.975946
0.975644
0.975327
0.97499
0.974635
0.974259
0.973859
0.973433
0.972979
0.972495
0.971977
0.971421
0.970824
0.970183
0.969488
0.968738
0.967927
0.967047
0.96609
0.965048
0.963915
0.962677
0.961327
0.959848
0.958229
0.956455
0.954507
0.952369
0.950014
0.94742
0.944557
0.94139
0.937884
0.933986
0.929644
0.924774
0.919302
0.913093
0.90599
0.897731
0.887945
0.875962
0.860533
0.838839
0.802431
0.715523
0.454622
0.963593
0.979312
0.97994
0.979021
0.977932
0.977843
0.979067
0.982271
0.987662
0.994906
0.999998
1
1
0.999999
0.986892
0.96229
0.936125
0.912595
0.892514
0.876015
0.862374
0.857506
0.858728
0.862235
0.868718
0.876783
0.884666
0.891922
0.898798
0.905244
0.911238
0.916719
0.921801
0.926523
0.930976
0.93519
0.938864
0.942515
0.945688
0.948528
0.951146
0.95355
0.955761
0.957791
0.959652
0.961357
0.962917
0.96434
0.965638
0.966822
0.967904
0.968883
0.969771
0.970574
0.971299
0.97195
0.972535
0.973056
0.973523
0.973933
0.974295
0.974612
0.974883
0.975118
0.975313
0.975475
0.975605
0.975704
0.975775
0.975821
0.975844
0.975842
0.97582
0.975778
0.975719
0.97564
0.975545
0.975434
0.97531
0.975169
0.975017
0.974851
0.974673
0.974484
0.97428
0.974067
0.973841
0.973602
0.973351
0.973089
0.972813
0.972523
0.972221
0.971901
0.971566
0.971216
0.970844
0.970455
0.970043
0.969606
0.969144
0.968655
0.968131
0.967575
0.966982
0.966347
0.965663
0.964931
0.964142
0.963292
0.962373
0.961377
0.960301
0.95913
0.957859
0.956473
0.954967
0.953321
0.951522
0.949555
0.9474
0.945039
0.942441
0.939584
0.936432
0.932951
0.929091
0.924799
0.92001
0.914629
0.908546
0.901594
0.893536
0.883977
0.872261
0.857127
0.835746
0.799576
0.712496
0.451216
0.962917
0.978567
0.979517
0.978528
0.976654
0.975536
0.976987
0.980107
0.985792
0.994171
0.999998
0.999998
1
0.999998
0.984226
0.955115
0.92666
0.903387
0.885753
0.876323
0.872178
0.871942
0.874039
0.877185
0.882074
0.887793
0.893603
0.899245
0.904695
0.909883
0.914774
0.919343
0.923646
0.927703
0.931549
0.935168
0.938432
0.941634
0.944455
0.947347
0.949661
0.951798
0.953779
0.955601
0.957277
0.958819
0.96023
0.96153
0.962719
0.963802
0.964792
0.96569
0.966508
0.967248
0.967914
0.968514
0.969051
0.969529
0.969951
0.970325
0.97065
0.970933
0.971172
0.971373
0.971539
0.97167
0.971771
0.97184
0.971883
0.971899
0.971892
0.971864
0.97181
0.97174
0.971649
0.971541
0.971415
0.971272
0.971118
0.970946
0.970761
0.970562
0.970351
0.970127
0.969891
0.969642
0.969382
0.969108
0.968824
0.968526
0.968212
0.967887
0.967547
0.967193
0.966821
0.966432
0.966024
0.965598
0.965147
0.964673
0.964174
0.963644
0.963085
0.96249
0.96186
0.961185
0.960466
0.959697
0.958873
0.957985
0.957032
0.956004
0.954896
0.953697
0.952396
0.950987
0.949458
0.947794
0.945981
0.944007
0.941847
0.939487
0.9369
0.934061
0.930942
0.927503
0.923701
0.919491
0.914804
0.909556
0.903635
0.89688
0.88905
0.879761
0.86835
0.853549
0.832502
0.796555
0.709165
0.447261
0.962208
0.977028
0.978843
0.97821
0.976523
0.974187
0.974967
0.977685
0.983394
0.993189
1
0.999999
1
0.999997
0.981086
0.946832
0.91735
0.897076
0.888943
0.885328
0.884756
0.886173
0.887818
0.890727
0.894468
0.898618
0.902879
0.907109
0.911248
0.915243
0.919067
0.922717
0.926201
0.929525
0.932689
0.935675
0.938448
0.941132
0.943578
0.946055
0.948281
0.950204
0.951901
0.95347
0.954915
0.956247
0.957477
0.958607
0.959638
0.960589
0.961451
0.962238
0.96295
0.963597
0.964175
0.964698
0.965159
0.965572
0.965931
0.966244
0.966513
0.966741
0.966929
0.967083
0.967199
0.967286
0.967342
0.967371
0.967369
0.967346
0.967297
0.967229
0.967135
0.967025
0.966894
0.966747
0.966583
0.9664
0.966206
0.965994
0.96577
0.965532
0.96528
0.965016
0.964738
0.964449
0.964147
0.963834
0.963507
0.963167
0.962815
0.962449
0.962067
0.961671
0.96126
0.960829
0.96038
0.959912
0.95942
0.958906
0.958366
0.957797
0.957197
0.956567
0.955896
0.955184
0.95443
0.953625
0.952765
0.951845
0.950863
0.949804
0.94867
0.947446
0.946125
0.944698
0.943154
0.941482
0.939662
0.937688
0.93554
0.933196
0.930635
0.927836
0.924774
0.921406
0.9177
0.913609
0.909063
0.903992
0.898287
0.891777
0.884235
0.875269
0.864213
0.849786
0.82909
0.793339
0.705438
0.442553
0.961418
0.974625
0.977531
0.977661
0.97663
0.97514
0.973926
0.975258
0.980299
0.991892
1
1
1
1
0.977268
0.937155
0.909496
0.900076
0.896958
0.896468
0.89749
0.898458
0.900327
0.902794
0.905617
0.90862
0.911684
0.914742
0.917758
0.920706
0.92357
0.926343
0.929018
0.931591
0.93406
0.936411
0.938644
0.940789
0.94281
0.944816
0.946652
0.94849
0.94994
0.951221
0.952397
0.953483
0.954487
0.955407
0.956254
0.957024
0.95773
0.95837
0.958945
0.959466
0.959931
0.96034
0.960704
0.961019
0.96129
0.961519
0.96171
0.961863
0.961978
0.962063
0.962116
0.962139
0.962133
0.9621
0.962043
0.961964
0.961861
0.961737
0.961591
0.961429
0.961246
0.961048
0.960832
0.960602
0.960355
0.960095
0.959823
0.959533
0.959234
0.95892
0.958593
0.958255
0.957904
0.957541
0.957165
0.956776
0.956377
0.955962
0.955534
0.955091
0.95463
0.954152
0.953659
0.953144
0.952608
0.952047
0.951463
0.950851
0.950209
0.949537
0.948824
0.948076
0.947283
0.946443
0.945547
0.944598
0.943585
0.9425
0.94134
0.940097
0.93876
0.937321
0.935772
0.934099
0.932288
0.930331
0.928209
0.925905
0.923405
0.920676
0.917707
0.914461
0.9109
0.906982
0.90265
0.897828
0.892405
0.886221
0.879039
0.870467
0.859826
0.845815
0.825488
0.789875
0.701149
0.436754
0.960451
0.971294
0.975065
0.976188
0.976078
0.975427
0.974867
0.97372
0.976247
0.990118
1
1
0.999999
1
0.972413
0.925725
0.90948
0.906949
0.906811
0.907568
0.908287
0.909615
0.911311
0.91322
0.915248
0.917333
0.919436
0.921535
0.923618
0.925668
0.92768
0.929648
0.931563
0.933422
0.935223
0.936956
0.938623
0.940234
0.941782
0.943292
0.94471
0.946143
0.947571
0.948525
0.949398
0.950201
0.950942
0.951619
0.952237
0.952797
0.953305
0.953762
0.954171
0.954529
0.954845
0.955118
0.955347
0.955538
0.955691
0.955809
0.955893
0.955944
0.955966
0.955957
0.955922
0.95586
0.955772
0.955661
0.955526
0.95537
0.955195
0.954999
0.954784
0.954553
0.954304
0.954038
0.953758
0.953462
0.953153
0.952828
0.952491
0.952143
0.95178
0.951404
0.951015
0.950617
0.950205
0.94978
0.949345
0.948897
0.948439
0.947965
0.947478
0.946975
0.946458
0.945925
0.945375
0.944805
0.944216
0.943603
0.942964
0.942302
0.941609
0.940888
0.940129
0.939335
0.938498
0.937616
0.936685
0.935701
0.934656
0.933547
0.932365
0.931104
0.929759
0.928323
0.926782
0.925128
0.923355
0.921446
0.919393
0.91718
0.914787
0.912203
0.909399
0.906356
0.90303
0.89939
0.895373
0.890906
0.885871
0.880119
0.873398
0.865309
0.855157
0.841614
0.821655
0.786057
0.695938
0.429253
0.959083
0.966844
0.970799
0.972761
0.973598
0.973781
0.973597
0.973221
0.97117
0.987559
0.999999
1
1
1
0.965732
0.916126
0.915016
0.915369
0.915931
0.916613
0.917636
0.918825
0.920087
0.921383
0.92269
0.924003
0.925314
0.926622
0.92792
0.929207
0.930478
0.931726
0.932954
0.934154
0.935325
0.93646
0.937566
0.938639
0.939676
0.940683
0.941654
0.942645
0.943861
0.94454
0.945089
0.94558
0.946022
0.946419
0.946774
0.947086
0.947361
0.947595
0.947789
0.947949
0.948079
0.948169
0.948229
0.948261
0.948259
0.94823
0.948174
0.948093
0.947986
0.947853
0.947695
0.947518
0.947319
0.947101
0.946861
0.946603
0.946328
0.946034
0.945724
0.945399
0.945057
0.944703
0.944334
0.943951
0.943553
0.943145
0.942723
0.942287
0.941842
0.941382
0.940912
0.94043
0.939936
0.939432
0.938914
0.938387
0.937848
0.937293
0.936726
0.936147
0.935552
0.934942
0.934315
0.933669
0.933003
0.932319
0.931611
0.93088
0.93012
0.929335
0.928516
0.927667
0.926778
0.925852
0.924883
0.923868
0.922802
0.921681
0.920501
0.919257
0.917943
0.916555
0.915086
0.913527
0.911869
0.910107
0.908232
0.906226
0.904079
0.901779
0.899296
0.896615
0.893691
0.890496
0.886959
0.883009
0.878527
0.873356
0.867232
0.85974
0.85017
0.83714
0.817517
0.781651
0.688851
0.417654
0.956201
0.960736
0.963715
0.965699
0.967013
0.967842
0.968263
0.96808
0.967818
0.982569
1
1
0.999998
1
0.954298
0.91932
0.919747
0.920155
0.920742
0.921418
0.922112
0.922795
0.923466
0.924131
0.924786
0.92544
0.92609
0.926735
0.927376
0.928008
0.928634
0.929248
0.929847
0.930438
0.931009
0.931563
0.932105
0.932627
0.93313
0.933621
0.934108
0.934625
0.935361
0.935699
0.935884
0.936016
0.936116
0.936175
0.936208
0.936214
0.936191
0.936139
0.936064
0.935962
0.935836
0.935683
0.935512
0.935316
0.935097
0.934857
0.934598
0.934315
0.934017
0.933696
0.93336
0.933004
0.932631
0.932243
0.931837
0.931416
0.930981
0.930531
0.930066
0.929585
0.929093
0.928588
0.928071
0.927539
0.926996
0.926439
0.925872
0.925294
0.924703
0.924098
0.923483
0.922855
0.922222
0.921584
0.920937
0.920287
0.919628
0.918964
0.918292
0.917612
0.916923
0.916227
0.915522
0.914807
0.914082
0.913347
0.912601
0.911843
0.911071
0.910286
0.909487
0.908671
0.907837
0.906987
0.906115
0.905221
0.904302
0.903357
0.902384
0.901377
0.900333
0.89925
0.898122
0.896942
0.895702
0.894396
0.893014
0.891544
0.889973
0.888283
0.886452
0.884452
0.882247
0.87979
0.877015
0.873847
0.87016
0.865783
0.860441
0.853704
0.844825
0.832356
0.812972
0.776274
0.677646
0.387727
)
;

boundaryField
{
    walls
    {
        type            zeroGradient;
    }
    top
    {
        type            zeroGradient;
    }
    bottom
    {
        type            zeroGradient;
    }
    frontAndBack
    {
        type            empty;
    }
    inlet
    {
        type            uniformFixedValue;
        uniformValue    
        {
            type            constant;
            value           1;
        }
        value           uniform 1;
    }
    outlet
    {
        type            zeroGradient;
    }
}


// ************************************************************************* //
