/*--------------------------------*- C++ -*----------------------------------*\
  =========                 |
  \\      /  F ield         | OpenFOAM: The Open Source CFD Toolbox
   \\    /   O peration     | Website:  https://openfoam.org
    \\  /    A nd           | Version:  12
     \\/     M anipulation  |
\*---------------------------------------------------------------------------*/
FoamFile
{
    format      ascii;
    class       volScalarField;
    location    "435";
    object      T;
}
// * * * * * * * * * * * * * * * * * * * * * * * * * * * * * * * * * * * * * //

dimensions      [];

internalField   nonuniform List<scalar> 
4480
(
1.36604e-06
8.2992e-05
0.0127108
0.0892499
0.210664
0.334582
0.443167
0.532514
0.604083
0.660825
0.705714
0.741291
0.769583
0.792171
0.810262
0.824777
0.836423
0.845743
0.853151
0.858968
0.863451
0.866796
0.869159
0.870662
0.871401
0.871458
0.870895
0.869999
0.869091
0.868166
0.867223
0.866255
0.865256
0.864222
0.863147
0.862028
0.860858
0.859632
0.858341
0.856984
0.855556
0.854043
0.852441
0.850747
0.84895
0.847041
0.845011
0.842858
0.840565
0.838121
0.835526
0.832768
0.829828
0.826703
0.823379
0.819842
0.816089
0.812108
0.807878
0.803398
0.798647
0.793619
0.7883
0.782681
0.776743
0.770486
0.763884
0.756942
0.749629
0.741953
0.733886
0.725424
0.716553
0.707262
0.697537
0.687364
0.67673
0.66562
0.654016
0.641903
0.629258
0.61606
0.602285
0.58798
0.57314
0.557742
0.541768
0.525203
0.508041
0.490285
0.471957
0.453097
0.433771
0.414071
0.394121
0.374069
0.354096
0.334403
0.315208
0.296739
0.279225
0.262887
0.247932
0.234554
0.222914
0.213157
0.205407
0.199766
0.196326
0.195176
0.196407
0.200119
0.206428
0.215475
0.227412
0.242414
0.260649
0.282277
0.30743
0.336285
0.369374
0.408086
0.454775
0.515021
0.610384
0.752635
0.855191
0.935109
0.921642
0.810609
0.708112
0.564874
0.444721
0.353924
0.276298
0.207796
0.146995
0.0935235
0.0489124
0.0153342
5.74488e-07
0.00264886
0.0785816
0.262197
0.44949
0.597106
0.703306
0.777428
0.828961
0.865107
0.89084
0.909485
0.923245
0.933574
0.941435
0.947497
0.952208
0.955883
0.958751
0.960975
0.962679
0.963946
0.964848
0.965433
0.965744
0.965807
0.965647
0.96515
0.964229
0.962925
0.961281
0.959335
0.957129
0.954697
0.952069
0.949281
0.946358
0.943325
0.9402
0.937003
0.933751
0.930455
0.92712
0.92376
0.920378
0.916975
0.913554
0.910113
0.906651
0.903164
0.899648
0.896103
0.892516
0.888882
0.885198
0.88145
0.877641
0.873754
0.869785
0.86573
0.861572
0.857317
0.852944
0.848454
0.843841
0.839101
0.834219
0.829192
0.82402
0.818699
0.813217
0.807574
0.801764
0.795788
0.789631
0.783301
0.776789
0.770088
0.76321
0.75614
0.748875
0.741426
0.733777
0.725953
0.717969
0.709816
0.701502
0.693037
0.684418
0.675662
0.666778
0.657778
0.648681
0.639512
0.630302
0.62108
0.611899
0.602804
0.593863
0.585155
0.576772
0.568814
0.561407
0.554682
0.548798
0.543914
0.540217
0.537888
0.537131
0.538141
0.541118
0.546242
0.553691
0.563613
0.576121
0.591299
0.60918
0.629765
0.653029
0.678979
0.707742
0.739633
0.775046
0.814282
0.857029
0.899851
0.935845
0.960304
0.943876
0.877307
0.806924
0.729062
0.646528
0.561355
0.473882
0.384639
0.294621
0.205987
0.123107
0.0536213
0.000113388
0.0228159
0.213256
0.460025
0.648354
0.769985
0.844665
0.890384
0.918942
0.937368
0.949722
0.958354
0.964613
0.9693
0.972896
0.975704
0.97792
0.979675
0.981066
0.982159
0.983007
0.983647
0.98411
0.984422
0.984598
0.984653
0.984598
0.984409
0.984046
0.983511
0.982808
0.981928
0.980874
0.979638
0.978225
0.976633
0.974871
0.972943
0.970858
0.968624
0.966256
0.963761
0.961154
0.958445
0.955644
0.952767
0.949817
0.946806
0.94374
0.940628
0.937477
0.934288
0.931064
0.927807
0.924525
0.921209
0.917868
0.914497
0.911094
0.907661
0.904194
0.900694
0.897154
0.893578
0.88996
0.886298
0.882592
0.878839
0.875034
0.871182
0.86727
0.863308
0.859288
0.855211
0.851069
0.84687
0.842612
0.838288
0.833903
0.829461
0.824952
0.820387
0.815756
0.811075
0.806339
0.801565
0.796758
0.79192
0.787057
0.782188
0.777321
0.77247
0.76766
0.762902
0.758228
0.753668
0.749251
0.745017
0.741013
0.737288
0.733894
0.730895
0.728367
0.726376
0.725015
0.72437
0.724531
0.7256
0.727682
0.730866
0.73525
0.740918
0.747947
0.756387
0.766274
0.777609
0.790377
0.804523
0.819976
0.836653
0.85445
0.873224
0.892716
0.912423
0.931506
0.948649
0.962062
0.969463
0.957493
0.914942
0.868491
0.816107
0.756104
0.687153
0.608185
0.518532
0.418368
0.309713
0.198162
0.0945494
0.00183267
0.0911565
0.390359
0.64202
0.792319
0.873556
0.917066
0.941159
0.955295
0.964227
0.970332
0.974809
0.97827
0.981026
0.983255
0.985067
0.986543
0.987735
0.988692
0.98945
0.990042
0.990491
0.990819
0.991047
0.991184
0.991242
0.991229
0.991138
0.99096
0.990696
0.990345
0.989901
0.989361
0.988718
0.987964
0.987095
0.986107
0.98499
0.983748
0.982375
0.980874
0.979247
0.977496
0.975628
0.973649
0.971567
0.969387
0.967121
0.964772
0.962354
0.959873
0.957333
0.954746
0.952115
0.949449
0.946752
0.944029
0.941281
0.938518
0.935736
0.932945
0.930137
0.927323
0.924503
0.921672
0.918835
0.915996
0.913147
0.910295
0.907433
0.904565
0.901692
0.89881
0.895922
0.893023
0.890114
0.887198
0.884276
0.881343
0.878397
0.875445
0.872489
0.869531
0.866555
0.863579
0.860604
0.857634
0.85468
0.851745
0.848834
0.845959
0.843133
0.840371
0.837683
0.835097
0.832624
0.830297
0.828135
0.826172
0.824443
0.822987
0.821839
0.82105
0.820663
0.820736
0.821311
0.822453
0.824212
0.826641
0.829791
0.83371
0.838431
0.843985
0.850385
0.857625
0.865683
0.874523
0.884079
0.894266
0.90497
0.916046
0.927288
0.938411
0.949011
0.958548
0.966315
0.971379
0.972418
0.963871
0.93514
0.902427
0.86513
0.821022
0.767531
0.701718
0.620359
0.520594
0.401294
0.266194
0.128279
0.0117439
0.223559
0.574821
0.78362
0.882993
0.928836
0.951038
0.962841
0.969937
0.974826
0.978585
0.981672
0.984267
0.986449
0.988265
0.989754
0.990962
0.991929
0.992687
0.993274
0.99372
0.99405
0.994287
0.994447
0.994545
0.994591
0.994592
0.994543
0.994439
0.994279
0.994063
0.993791
0.993462
0.993069
0.992611
0.992082
0.991475
0.990788
0.990013
0.989148
0.988186
0.987129
0.98597
0.984714
0.983358
0.981908
0.980366
0.978735
0.977022
0.975233
0.973374
0.97145
0.96947
0.967441
0.965369
0.963263
0.961127
0.958963
0.956784
0.95459
0.952387
0.950178
0.947971
0.945766
0.94356
0.941367
0.93918
0.937002
0.934837
0.932684
0.930544
0.928414
0.926301
0.924199
0.922113
0.920038
0.917979
0.915932
0.913893
0.911873
0.909864
0.907868
0.905891
0.903921
0.901965
0.900029
0.898111
0.896214
0.89435
0.892522
0.890736
0.888999
0.887326
0.885725
0.884207
0.882789
0.881489
0.880326
0.879318
0.878494
0.877871
0.877481
0.877354
0.877521
0.878011
0.878863
0.880105
0.881769
0.883888
0.886493
0.889597
0.893224
0.897377
0.902057
0.907249
0.912917
0.919025
0.925508
0.932282
0.939238
0.946238
0.953108
0.959615
0.965465
0.970283
0.973601
0.974783
0.97292
0.96598
0.945953
0.921029
0.892748
0.859295
0.818059
0.765317
0.695846
0.603257
0.481102
0.327555
0.155115
0.0429023
0.400145
0.733825
0.876958
0.932266
0.955061
0.965874
0.972037
0.976308
0.979776
0.982839
0.985564
0.987928
0.989923
0.991553
0.992855
0.993872
0.994646
0.995222
0.995637
0.995926
0.996121
0.996246
0.996319
0.996356
0.996368
0.996361
0.996335
0.996271
0.996171
0.996035
0.995862
0.99565
0.995397
0.9951
0.994756
0.994362
0.993912
0.993402
0.992832
0.992193
0.991483
0.990699
0.989841
0.988906
0.987893
0.986803
0.985637
0.984401
0.983094
0.981723
0.980291
0.978805
0.977269
0.975689
0.974074
0.972427
0.970755
0.96906
0.967352
0.965639
0.963917
0.962198
0.96048
0.95877
0.957072
0.955384
0.953712
0.95206
0.950423
0.948805
0.947207
0.945631
0.944077
0.94254
0.941028
0.939532
0.938061
0.936611
0.935179
0.933767
0.93238
0.931014
0.929668
0.928335
0.927025
0.92574
0.92448
0.923248
0.922051
0.920895
0.919783
0.918724
0.917723
0.916794
0.915944
0.915188
0.914539
0.914007
0.913609
0.913368
0.913294
0.913414
0.913746
0.914308
0.915127
0.916215
0.917602
0.9193
0.921321
0.923684
0.926387
0.929431
0.932808
0.9365
0.940472
0.944688
0.949086
0.953597
0.958122
0.962546
0.966722
0.970468
0.973555
0.975706
0.97656
0.975644
0.972307
0.965629
0.951615
0.931431
0.908568
0.88182
0.849109
0.806997
0.749497
0.66763
0.548947
0.382707
0.177178
0.108253
0.582365
0.846846
0.928462
0.955483
0.966554
0.972402
0.976372
0.979678
0.982768
0.985718
0.988398
0.990685
0.992545
0.994002
0.995108
0.995913
0.996472
0.996831
0.99704
0.997137
0.997158
0.997135
0.997092
0.997043
0.997002
0.996971
0.996954
0.99692
0.99687
0.996802
0.996712
0.996597
0.996456
0.996286
0.99608
0.995838
0.995556
0.995229
0.994857
0.994434
0.993956
0.993425
0.992835
0.992186
0.991475
0.990701
0.989866
0.988973
0.98802
0.98701
0.98595
0.984839
0.983682
0.982487
0.981258
0.979995
0.97871
0.977406
0.976087
0.974757
0.973422
0.972086
0.970753
0.969429
0.968114
0.966809
0.965522
0.964249
0.962998
0.961764
0.960553
0.959359
0.958192
0.957046
0.955921
0.954817
0.953734
0.952677
0.951643
0.950626
0.949635
0.94867
0.947716
0.946783
0.945872
0.944982
0.944115
0.943277
0.942468
0.94169
0.940951
0.940257
0.939608
0.939017
0.938485
0.938028
0.937649
0.937359
0.937172
0.937095
0.937148
0.937339
0.937682
0.938192
0.938883
0.939767
0.940856
0.942159
0.943688
0.945441
0.947421
0.949623
0.952036
0.954639
0.957399
0.960283
0.963242
0.966207
0.9691
0.971819
0.974242
0.976217
0.977566
0.978055
0.977402
0.975242
0.971087
0.964321
0.953755
0.937246
0.917832
0.895267
0.868034
0.833507
0.786003
0.715562
0.604628
0.431465
0.196146
0.213112
0.735846
0.91232
0.952406
0.965566
0.971765
0.975697
0.978878
0.981906
0.98499
0.988026
0.990723
0.992924
0.994619
0.995867
0.99674
0.997302
0.997608
0.997712
0.997667
0.997524
0.997327
0.997117
0.99692
0.996757
0.996639
0.996573
0.996555
0.996548
0.996547
0.996548
0.996545
0.996533
0.996507
0.996461
0.996391
0.99629
0.996159
0.995993
0.995785
0.995538
0.995245
0.994905
0.994518
0.994079
0.993593
0.993055
0.992464
0.991823
0.991134
0.990396
0.989611
0.988785
0.98792
0.987018
0.986084
0.985123
0.984138
0.983135
0.982118
0.981093
0.980057
0.979023
0.977991
0.97696
0.97594
0.974931
0.973936
0.972952
0.971986
0.97104
0.970114
0.969203
0.968317
0.967447
0.966599
0.965773
0.964965
0.964181
0.963416
0.962669
0.961949
0.961245
0.960561
0.959891
0.95924
0.958607
0.957993
0.957403
0.95684
0.956299
0.955792
0.95532
0.954882
0.954486
0.954141
0.953849
0.953618
0.953453
0.953365
0.953358
0.953447
0.953632
0.95393
0.954349
0.954892
0.955575
0.956397
0.957371
0.958493
0.959772
0.961196
0.96276
0.964455
0.966258
0.968142
0.970073
0.972006
0.97388
0.975632
0.977167
0.978386
0.979159
0.979333
0.978716
0.977077
0.974122
0.969489
0.962738
0.95339
0.940271
0.923229
0.903406
0.87964
0.850121
0.809976
0.749709
0.648557
0.473512
0.213141
0.355432
0.839758
0.942549
0.96252
0.970254
0.974557
0.977715
0.980595
0.983601
0.986821
0.990004
0.992705
0.994766
0.996248
0.997254
0.99787
0.998155
0.998164
0.997959
0.9976
0.997154
0.996681
0.996227
0.995833
0.995522
0.995308
0.995193
0.99517
0.99519
0.995246
0.995328
0.995427
0.995532
0.995639
0.995737
0.995816
0.995873
0.995901
0.995894
0.995854
0.995771
0.99565
0.995484
0.995272
0.995016
0.994713
0.994362
0.993968
0.993528
0.993044
0.992518
0.99195
0.991345
0.990705
0.990031
0.989331
0.988601
0.987852
0.987084
0.986303
0.985512
0.984715
0.983912
0.983111
0.982314
0.981521
0.980739
0.979966
0.979204
0.978459
0.977728
0.977013
0.976314
0.97563
0.974967
0.974321
0.973693
0.973084
0.972491
0.971918
0.971359
0.970822
0.970301
0.969799
0.969305
0.968828
0.968369
0.967925
0.967499
0.96709
0.966707
0.966342
0.966008
0.9657
0.965426
0.965189
0.964992
0.964836
0.964736
0.964687
0.964703
0.964783
0.964936
0.965168
0.965485
0.965892
0.966396
0.966996
0.967697
0.968498
0.969402
0.970395
0.971476
0.972627
0.973831
0.97506
0.976288
0.977466
0.978546
0.979465
0.980146
0.9805
0.980412
0.97975
0.978355
0.976033
0.972545
0.96761
0.960905
0.952078
0.940788
0.926153
0.908259
0.886774
0.860503
0.825352
0.773093
0.681843
0.508761
0.228903
0.51876
0.894496
0.953678
0.967248
0.9729
0.976333
0.979108
0.981885
0.984974
0.988398
0.991748
0.994398
0.996259
0.997492
0.998241
0.998577
0.998548
0.998201
0.99761
0.996856
0.996023
0.995193
0.994432
0.993788
0.993292
0.992958
0.992786
0.992756
0.99281
0.992936
0.993119
0.993345
0.993599
0.993866
0.994134
0.994393
0.994631
0.994843
0.99502
0.99516
0.99526
0.995314
0.995321
0.995282
0.995198
0.995069
0.994891
0.994668
0.994401
0.994094
0.993741
0.993352
0.992927
0.992467
0.991979
0.991464
0.990921
0.99036
0.989781
0.989184
0.988581
0.987969
0.987351
0.986733
0.986115
0.985502
0.984895
0.984297
0.983706
0.983127
0.982557
0.982005
0.981463
0.980939
0.980426
0.979928
0.979447
0.978978
0.978527
0.978087
0.977666
0.977259
0.976864
0.976487
0.976117
0.975762
0.975418
0.975086
0.974767
0.974467
0.974181
0.973912
0.973663
0.97344
0.973238
0.973064
0.972917
0.972805
0.972731
0.972693
0.972703
0.972758
0.972865
0.97303
0.973252
0.973537
0.973886
0.974298
0.974779
0.975323
0.975926
0.976583
0.977284
0.978017
0.97876
0.979491
0.980178
0.980783
0.981261
0.981552
0.981592
0.981294
0.980563
0.979281
0.977317
0.974496
0.970635
0.965498
0.958838
0.950375
0.939817
0.926855
0.910914
0.891039
0.866926
0.835042
0.78855
0.706028
0.537441
0.24394
0.64648
0.924185
0.960746
0.970099
0.974611
0.977561
0.980122
0.982883
0.986109
0.98978
0.99329
0.995825
0.997436
0.998406
0.998891
0.998926
0.998526
0.997742
0.996659
0.995398
0.994071
0.992789
0.991639
0.990687
0.989965
0.989491
0.989258
0.989223
0.989326
0.989546
0.989863
0.990252
0.990692
0.991161
0.991642
0.992119
0.992577
0.993005
0.9934
0.993748
0.994051
0.994304
0.994503
0.994649
0.994742
0.994784
0.994775
0.994718
0.994614
0.994465
0.994273
0.994042
0.993775
0.993473
0.993139
0.992776
0.99239
0.991983
0.991555
0.991114
0.990661
0.990198
0.989729
0.989257
0.988784
0.988312
0.987844
0.987378
0.986923
0.986472
0.986034
0.985604
0.985184
0.984776
0.984377
0.983994
0.98362
0.983259
0.982909
0.982569
0.982242
0.98193
0.981625
0.981335
0.981055
0.980781
0.980516
0.980261
0.980021
0.979787
0.979569
0.979362
0.979169
0.978994
0.978832
0.978695
0.978578
0.978483
0.978412
0.978373
0.978364
0.978387
0.978443
0.978541
0.978673
0.978851
0.979066
0.979322
0.979619
0.979951
0.980315
0.980702
0.9811
0.981498
0.981878
0.982212
0.982477
0.98263
0.982633
0.982436
0.981974
0.981173
0.979945
0.97819
0.975787
0.972596
0.968455
0.963176
0.956552
0.948345
0.938295
0.926093
0.911323
0.893332
0.870727
0.841001
0.798404
0.722795
0.560071
0.258608
0.752862
0.940719
0.965338
0.972361
0.975877
0.978426
0.980861
0.983651
0.987049
0.990987
0.994654
0.997004
0.998329
0.999046
0.999272
0.998967
0.998111
0.996764
0.995052
0.993137
0.991185
0.989341
0.987717
0.986392
0.985408
0.984778
0.98449
0.984462
0.984637
0.984989
0.985482
0.986084
0.986762
0.987487
0.988233
0.988979
0.989706
0.9904
0.991048
0.991643
0.992178
0.992655
0.993069
0.993417
0.993705
0.99393
0.994097
0.994208
0.994266
0.994273
0.994233
0.99415
0.994027
0.993866
0.993671
0.993446
0.993195
0.992919
0.992625
0.992311
0.991985
0.991647
0.9913
0.990946
0.990592
0.990234
0.989877
0.989522
0.989171
0.988825
0.988485
0.988152
0.987826
0.987509
0.9872
0.9869
0.986611
0.986327
0.986053
0.985788
0.985534
0.985289
0.98505
0.984823
0.984601
0.984388
0.984178
0.983977
0.983785
0.983598
0.98342
0.983253
0.983095
0.982947
0.982813
0.982692
0.982585
0.982494
0.982421
0.982365
0.982328
0.982315
0.982324
0.982355
0.98241
0.982488
0.982588
0.982711
0.982852
0.983008
0.983169
0.983332
0.983484
0.983608
0.983687
0.983701
0.983621
0.983415
0.983039
0.982447
0.981582
0.980377
0.978752
0.976621
0.973878
0.970396
0.966042
0.960656
0.954052
0.946028
0.936339
0.92468
0.910628
0.893527
0.872238
0.844434
0.804359
0.733737
0.577353
0.273184
0.828568
0.950828
0.96848
0.973979
0.976909
0.97909
0.981388
0.984227
0.987807
0.992029
0.995844
0.997946
0.998976
0.999468
0.999434
0.998723
0.997283
0.995207
0.992689
0.989953
0.987226
0.984696
0.982506
0.98075
0.979472
0.978684
0.978358
0.978357
0.978645
0.979177
0.979906
0.980784
0.981767
0.982815
0.983891
0.984966
0.986018
0.987025
0.987974
0.988857
0.989667
0.990398
0.991052
0.991627
0.992126
0.99255
0.992906
0.993194
0.993418
0.993585
0.993697
0.993761
0.993774
0.993748
0.993684
0.993585
0.993456
0.993299
0.993121
0.992919
0.992704
0.992472
0.99223
0.99198
0.991721
0.99146
0.991194
0.990929
0.990665
0.990402
0.990142
0.989888
0.989637
0.98939
0.989151
0.988915
0.988687
0.988464
0.988249
0.988041
0.987838
0.987639
0.987451
0.987267
0.987088
0.986914
0.986744
0.986578
0.986419
0.986262
0.986111
0.985969
0.98583
0.985697
0.985574
0.985459
0.98535
0.985254
0.985166
0.985088
0.985023
0.984971
0.984927
0.984899
0.984881
0.984872
0.984869
0.984875
0.98488
0.984884
0.984876
0.984849
0.984789
0.984687
0.984518
0.984264
0.983897
0.983388
0.982698
0.98178
0.980583
0.97905
0.977104
0.974667
0.97165
0.967937
0.963413
0.957936
0.951345
0.943452
0.934024
0.92276
0.909236
0.892807
0.872348
0.845625
0.807188
0.73978
0.589868
0.287877
0.865396
0.960379
0.970708
0.975138
0.977637
0.979648
0.981768
0.984627
0.988393
0.992909
0.996875
0.998673
0.999417
0.999728
0.999416
0.998194
0.995997
0.992985
0.989448
0.985701
0.982038
0.978697
0.975853
0.973616
0.972029
0.971094
0.970767
0.970831
0.971283
0.972061
0.973098
0.97433
0.975696
0.97714
0.978617
0.98009
0.981525
0.982901
0.984204
0.985416
0.986536
0.987558
0.988482
0.989308
0.990041
0.990682
0.991239
0.991716
0.992117
0.992448
0.992715
0.992924
0.993078
0.993183
0.993245
0.993264
0.993252
0.993206
0.993133
0.993035
0.992915
0.99278
0.992629
0.992467
0.992294
0.992114
0.991928
0.991738
0.991545
0.991352
0.991159
0.990965
0.990772
0.990585
0.9904
0.990214
0.990037
0.989859
0.989689
0.989518
0.989355
0.989193
0.989038
0.988886
0.988739
0.988591
0.988446
0.988306
0.988165
0.988028
0.987891
0.987759
0.98763
0.987504
0.987381
0.987262
0.987146
0.987035
0.98693
0.986828
0.986729
0.986636
0.986544
0.986455
0.986367
0.986278
0.986185
0.986083
0.985972
0.985841
0.985685
0.985491
0.985252
0.984951
0.98457
0.984088
0.983482
0.982716
0.981759
0.980567
0.979094
0.977283
0.975069
0.972385
0.969139
0.965236
0.960575
0.955023
0.948436
0.940635
0.931399
0.920426
0.9073
0.891379
0.871559
0.845674
0.808481
0.743449
0.598249
0.298677
0.88891
0.963803
0.972319
0.975949
0.978118
0.979993
0.982106
0.984861
0.988807
0.993623
0.997748
0.999203
0.999698
0.999875
0.999242
0.997355
0.994177
0.989985
0.985194
0.98023
0.975464
0.971191
0.967616
0.964858
0.962962
0.961913
0.961641
0.961829
0.962521
0.963631
0.96507
0.966746
0.968581
0.970506
0.972462
0.9744
0.976283
0.978085
0.979785
0.98137
0.982837
0.98418
0.985401
0.986501
0.987487
0.988362
0.989135
0.989809
0.990395
0.990898
0.991325
0.991683
0.991977
0.992214
0.992399
0.992537
0.992633
0.992693
0.99272
0.992719
0.99269
0.992641
0.992573
0.992489
0.992391
0.992282
0.992163
0.992037
0.991907
0.991769
0.99163
0.991491
0.991348
0.991205
0.991062
0.99092
0.990777
0.990637
0.990497
0.990359
0.990223
0.99009
0.989959
0.989829
0.9897
0.989571
0.989441
0.989314
0.989184
0.989057
0.988927
0.988798
0.988669
0.988543
0.988414
0.988286
0.988157
0.988027
0.987899
0.987766
0.987634
0.9875
0.987358
0.987212
0.987059
0.986895
0.986717
0.98652
0.986299
0.986048
0.985758
0.985421
0.985023
0.984549
0.98398
0.983301
0.982483
0.981498
0.980312
0.978887
0.977178
0.975133
0.972698
0.9698
0.966364
0.962308
0.957531
0.951914
0.945325
0.93759
0.928495
0.917743
0.904922
0.889395
0.870075
0.844843
0.808611
0.745353
0.603669
0.306288
0.905425
0.966399
0.97361
0.976472
0.978361
0.980137
0.982276
0.985057
0.98905
0.994165
0.998471
0.999567
0.999861
0.999949
0.998918
0.996161
0.991732
0.986083
0.979789
0.973399
0.96737
0.96205
0.957677
0.954381
0.952202
0.951096
0.95082
0.951222
0.95227
0.95384
0.955806
0.958051
0.960471
0.962977
0.965498
0.967976
0.97037
0.97265
0.974794
0.976791
0.978636
0.980326
0.981865
0.983258
0.984511
0.985632
0.98663
0.987514
0.98829
0.988969
0.989561
0.99007
0.990504
0.990872
0.99118
0.991433
0.991637
0.991798
0.991921
0.992009
0.992066
0.992097
0.992106
0.992092
0.992061
0.992017
0.991958
0.991889
0.991812
0.991726
0.991634
0.991535
0.991433
0.991328
0.991219
0.99111
0.990998
0.990884
0.990769
0.990656
0.990538
0.990422
0.990306
0.990192
0.990075
0.989956
0.989837
0.989713
0.98959
0.989463
0.989335
0.989204
0.989069
0.988934
0.988794
0.988652
0.988503
0.988352
0.988196
0.988033
0.987865
0.987684
0.987496
0.987296
0.987076
0.986841
0.986582
0.986297
0.985978
0.985618
0.985207
0.98474
0.984198
0.983569
0.98284
0.981985
0.980982
0.979804
0.97842
0.976791
0.97488
0.972636
0.970008
0.966934
0.963341
0.959154
0.95428
0.948609
0.942012
0.934328
0.925337
0.914754
0.902172
0.886956
0.868035
0.843326
0.807841
0.745925
0.606861
0.311391
0.917488
0.96826
0.974347
0.976749
0.978394
0.980069
0.982249
0.985198
0.989151
0.994532
0.999054
0.999796
0.999945
0.999983
0.998431
0.994553
0.988566
0.981163
0.973109
0.965088
0.957642
0.951172
0.945951
0.94212
0.939707
0.938636
0.938418
0.939154
0.940687
0.94285
0.945476
0.948411
0.951525
0.954708
0.957874
0.96096
0.96392
0.966719
0.969341
0.971778
0.974021
0.976076
0.977946
0.979641
0.98117
0.982543
0.983772
0.984866
0.985837
0.986695
0.987448
0.98811
0.988685
0.989184
0.989613
0.989981
0.990288
0.990547
0.990761
0.990934
0.991074
0.991178
0.991256
0.991311
0.991342
0.991355
0.991351
0.991331
0.9913
0.991256
0.991205
0.991142
0.991075
0.990998
0.99092
0.990835
0.990745
0.990652
0.990557
0.990458
0.990356
0.990253
0.990147
0.990037
0.989926
0.989813
0.989695
0.989574
0.989449
0.989319
0.989184
0.989044
0.988901
0.988751
0.988597
0.988435
0.988265
0.988089
0.987903
0.987707
0.987498
0.987276
0.987038
0.986781
0.986503
0.986197
0.985864
0.985493
0.985082
0.984622
0.984101
0.983514
0.982843
0.982078
0.9812
0.980189
0.979023
0.977675
0.976118
0.974315
0.972229
0.969814
0.967022
0.963796
0.960068
0.955771
0.950816
0.945097
0.938493
0.930842
0.921936
0.911488
0.899096
0.884134
0.865542
0.841256
0.806376
0.745477
0.608342
0.314518
0.92649
0.969569
0.974731
0.976794
0.978205
0.979785
0.982005
0.985132
0.989244
0.994713
0.999498
0.999923
0.999984
0.999996
0.997766
0.992462
0.984581
0.975117
0.965055
0.955212
0.946207
0.938494
0.932384
0.928039
0.925474
0.924567
0.924619
0.925844
0.928028
0.930939
0.934364
0.938112
0.942017
0.945954
0.949824
0.953565
0.957119
0.960466
0.963579
0.966462
0.969111
0.971533
0.973736
0.975733
0.977536
0.979161
0.980616
0.981918
0.98308
0.984114
0.985029
0.985838
0.98655
0.987175
0.987721
0.988195
0.988608
0.988958
0.989262
0.989515
0.98973
0.989905
0.990048
0.990163
0.990252
0.990316
0.99036
0.990384
0.990394
0.990389
0.990371
0.990339
0.9903
0.990249
0.990192
0.990127
0.990056
0.989977
0.989894
0.989804
0.989713
0.989613
0.989511
0.989407
0.989296
0.989183
0.989061
0.988936
0.988803
0.988666
0.98852
0.988369
0.988209
0.988044
0.987869
0.987686
0.987492
0.987286
0.987069
0.986835
0.986587
0.986322
0.986033
0.985723
0.985385
0.985014
0.984606
0.984159
0.98366
0.983104
0.982484
0.981786
0.980998
0.980105
0.979095
0.977945
0.976634
0.97514
0.973429
0.971472
0.969232
0.966669
0.963738
0.96038
0.956543
0.952153
0.947129
0.941371
0.934761
0.92714
0.9183
0.907963
0.89573
0.880979
0.862661
0.838738
0.804347
0.744228
0.608502
0.316098
0.933284
0.970462
0.974852
0.976593
0.977799
0.979268
0.981529
0.984851
0.989286
0.994748
0.999805
0.99998
0.999996
0.999999
0.996896
0.989823
0.979689
0.967866
0.955569
0.943733
0.933039
0.923988
0.916949
0.912129
0.90954
0.908826
0.909362
0.911336
0.914435
0.918338
0.922761
0.927468
0.932271
0.937031
0.941648
0.946058
0.950215
0.954099
0.957698
0.961013
0.964051
0.966823
0.969343
0.971626
0.973688
0.97555
0.977222
0.978722
0.980062
0.98126
0.98233
0.983282
0.984122
0.98487
0.985526
0.986103
0.98661
0.987053
0.987434
0.987765
0.988048
0.988289
0.988492
0.988663
0.9888
0.988912
0.988997
0.989061
0.989107
0.989133
0.989142
0.989138
0.989122
0.989092
0.989051
0.989002
0.988942
0.988873
0.988796
0.988714
0.988625
0.988529
0.988426
0.988317
0.988202
0.988084
0.987955
0.98782
0.987677
0.987528
0.987369
0.987201
0.987025
0.986837
0.98664
0.986431
0.986209
0.985972
0.98572
0.98545
0.985161
0.98485
0.984514
0.98415
0.983751
0.983316
0.98284
0.982315
0.981736
0.98109
0.980376
0.979576
0.978681
0.977676
0.976546
0.975269
0.973829
0.972201
0.970355
0.968265
0.965894
0.963204
0.960151
0.956688
0.952756
0.948287
0.943209
0.937421
0.930808
0.923208
0.914431
0.904193
0.892095
0.877528
0.859451
0.835841
0.801866
0.74235
0.607635
0.316459
0.938426
0.971003
0.974717
0.976109
0.977166
0.978509
0.980796
0.984326
0.98911
0.994778
0.999973
0.999999
1
1
0.995791
0.986569
0.97382
0.959361
0.944635
0.930666
0.91816
0.907664
0.899638
0.894402
0.891972
0.891147
0.892539
0.895694
0.900123
0.905365
0.91105
0.916891
0.922693
0.928322
0.933694
0.938759
0.943484
0.947869
0.951907
0.955613
0.959
0.962087
0.964888
0.967426
0.969718
0.97179
0.973656
0.975333
0.976838
0.978186
0.979393
0.980471
0.981431
0.982286
0.983045
0.983716
0.984309
0.984831
0.985289
0.985689
0.986035
0.986335
0.986591
0.986811
0.986993
0.987144
0.987267
0.987366
0.98744
0.987492
0.987527
0.987542
0.987543
0.987529
0.987499
0.987459
0.987408
0.987344
0.98727
0.98719
0.987099
0.986998
0.986891
0.986778
0.986654
0.986525
0.986386
0.986237
0.986079
0.985913
0.985735
0.985548
0.985351
0.985139
0.984917
0.984678
0.984426
0.984156
0.983869
0.983561
0.983229
0.982873
0.982487
0.982067
0.98161
0.981114
0.980571
0.979975
0.979317
0.978592
0.977787
0.976895
0.975901
0.974791
0.973552
0.972165
0.970612
0.968865
0.966899
0.964694
0.962208
0.95941
0.956256
0.952704
0.948693
0.944164
0.939044
0.93323
0.926617
0.919047
0.910325
0.90017
0.888201
0.873807
0.855951
0.832623
0.799012
0.739964
0.60596
0.315859
0.942266
0.971267
0.974386
0.975445
0.976295
0.97748
0.979783
0.983533
0.988713
0.994807
1
0.999999
0.999998
0.999999
0.994425
0.982645
0.966924
0.949596
0.932304
0.916105
0.901678
0.889579
0.880434
0.874842
0.872843
0.872741
0.875392
0.880108
0.886179
0.892983
0.900057
0.907088
0.913884
0.920334
0.926393
0.932026
0.93724
0.942038
0.946436
0.950459
0.954126
0.957463
0.960492
0.963237
0.96572
0.967965
0.969989
0.971811
0.973453
0.974931
0.976252
0.977439
0.978501
0.979449
0.980293
0.981047
0.981715
0.982307
0.982831
0.98329
0.983692
0.98404
0.984344
0.984605
0.984824
0.985013
0.985165
0.985291
0.985389
0.985461
0.985513
0.985542
0.985556
0.98555
0.985529
0.985493
0.985441
0.985382
0.985305
0.985221
0.985123
0.985018
0.984901
0.984776
0.984641
0.984498
0.984341
0.984176
0.984001
0.983815
0.983617
0.983404
0.983182
0.982945
0.982692
0.982424
0.982138
0.981835
0.98151
0.98116
0.980787
0.980382
0.979946
0.979477
0.978963
0.978406
0.977799
0.977131
0.976403
0.975599
0.974712
0.973734
0.972648
0.971446
0.970109
0.968622
0.966964
0.965115
0.96305
0.960741
0.958159
0.95527
0.952031
0.948404
0.944334
0.939756
0.934604
0.928782
0.922174
0.914635
0.905964
0.8959
0.884054
0.869825
0.852186
0.829128
0.795839
0.737171
0.603638
0.314501
0.945062
0.971305
0.973881
0.974582
0.975174
0.976167
0.97846
0.982438
0.988068
0.994706
1
1
0.999998
0.999997
0.992783
0.978001
0.958977
0.938618
0.91871
0.900262
0.88381
0.869863
0.859283
0.853377
0.850987
0.852562
0.857754
0.865146
0.873571
0.882263
0.890784
0.898918
0.906549
0.913644
0.920205
0.926244
0.931785
0.936863
0.941502
0.945733
0.949589
0.953093
0.956276
0.95916
0.961778
0.964145
0.966283
0.968217
0.969959
0.97153
0.972943
0.974214
0.975355
0.976377
0.977294
0.978109
0.978837
0.979485
0.980061
0.980567
0.981012
0.981403
0.981742
0.982036
0.982288
0.982501
0.982676
0.98282
0.982937
0.983024
0.983088
0.983127
0.983144
0.983143
0.983124
0.983087
0.983034
0.982968
0.982887
0.982793
0.982686
0.982567
0.982438
0.982296
0.982145
0.981985
0.981809
0.981624
0.981426
0.981215
0.980992
0.980755
0.980504
0.980237
0.979953
0.979651
0.979332
0.97899
0.978624
0.978234
0.977815
0.977367
0.976879
0.976356
0.975788
0.975174
0.974503
0.97377
0.972972
0.972095
0.971134
0.970074
0.968907
0.96762
0.966197
0.964621
0.962872
0.960934
0.958782
0.956389
0.953723
0.950761
0.947457
0.943771
0.939654
0.935044
0.929872
0.924045
0.917452
0.909949
0.901343
0.891371
0.879649
0.86559
0.848167
0.825377
0.792395
0.73404
0.600789
0.312536
0.946972
0.971145
0.973207
0.973457
0.973672
0.974548
0.976801
0.981008
0.987142
0.994453
0.999997
0.999997
0.999998
0.999996
0.990842
0.972589
0.94998
0.926545
0.904115
0.883535
0.865026
0.848866
0.836087
0.829609
0.827472
0.832824
0.842524
0.853642
0.864633
0.874958
0.884508
0.893299
0.901368
0.908763
0.915535
0.921728
0.92739
0.932564
0.937286
0.94159
0.945514
0.94909
0.952337
0.955287
0.957964
0.960398
0.9626
0.964593
0.966394
0.968023
0.969492
0.970817
0.97201
0.973082
0.974045
0.974907
0.975678
0.976364
0.976975
0.977517
0.977993
0.97841
0.978776
0.979092
0.979361
0.979592
0.979783
0.979938
0.980064
0.980156
0.980224
0.980266
0.980283
0.980279
0.980256
0.980214
0.980151
0.980074
0.979983
0.979874
0.979754
0.979617
0.979469
0.979309
0.979138
0.978954
0.978755
0.978544
0.978321
0.978083
0.97783
0.977564
0.97728
0.976981
0.976665
0.976328
0.975969
0.975589
0.975183
0.974749
0.974286
0.973788
0.973254
0.97268
0.972056
0.971384
0.970653
0.969859
0.968994
0.968051
0.96702
0.965888
0.964648
0.963284
0.961783
0.960129
0.958304
0.956289
0.95406
0.951599
0.94887
0.945846
0.94249
0.938763
0.934613
0.929983
0.924799
0.918983
0.912417
0.904962
0.896427
0.886559
0.874978
0.861096
0.843905
0.82139
0.788714
0.730619
0.597504
0.310074
0.948087
0.970823
0.972399
0.972118
0.971829
0.972616
0.974775
0.979201
0.98589
0.994037
1
1
0.999998
1
0.988583
0.96636
0.939966
0.913597
0.888978
0.866677
0.846349
0.827695
0.811052
0.79818
0.803444
0.821354
0.837549
0.850076
0.861588
0.872215
0.882046
0.890769
0.898722
0.905972
0.912599
0.918661
0.924204
0.92927
0.933904
0.938135
0.942003
0.945527
0.948748
0.951673
0.954339
0.956763
0.958969
0.960971
0.962785
0.964432
0.965916
0.967261
0.968475
0.969569
0.970553
0.971436
0.972226
0.972934
0.973562
0.97412
0.974612
0.975044
0.97542
0.975745
0.976024
0.976258
0.976454
0.976612
0.976736
0.976828
0.976892
0.976927
0.976936
0.976923
0.976889
0.976831
0.976756
0.976663
0.976552
0.976426
0.976285
0.976125
0.975955
0.975769
0.975572
0.97536
0.975135
0.974895
0.974642
0.974372
0.974087
0.973788
0.973471
0.973136
0.972781
0.972406
0.972008
0.971586
0.971139
0.970662
0.970153
0.969607
0.969023
0.968396
0.967721
0.966992
0.966206
0.965352
0.964427
0.963422
0.962325
0.961128
0.959821
0.958391
0.956824
0.955101
0.953214
0.951134
0.948847
0.946327
0.943547
0.940479
0.937086
0.933332
0.929163
0.924526
0.919352
0.913557
0.907029
0.899634
0.891187
0.881434
0.870013
0.856341
0.839399
0.817171
0.784813
0.726939
0.593835
0.307183
0.948423
0.970394
0.971568
0.970751
0.969923
0.970372
0.972368
0.976973
0.984251
0.993441
0.999998
1
1
0.999998
0.985978
0.959236
0.929008
0.900147
0.874113
0.851141
0.830182
0.810362
0.79001
0.802061
0.813311
0.82809
0.841625
0.853011
0.863554
0.873319
0.882333
0.890418
0.897826
0.90462
0.910985
0.917032
0.922236
0.927004
0.931381
0.935394
0.939074
0.942448
0.945532
0.94835
0.950925
0.953277
0.955418
0.957366
0.959145
0.960758
0.96222
0.963546
0.964745
0.965828
0.966803
0.967681
0.968468
0.969171
0.969798
0.970354
0.97084
0.971269
0.971643
0.971962
0.972235
0.972464
0.972649
0.972798
0.972911
0.972992
0.973039
0.973061
0.973055
0.973022
0.972968
0.972892
0.972793
0.972677
0.972543
0.972391
0.972221
0.972037
0.971836
0.971622
0.971393
0.971149
0.97089
0.970617
0.970328
0.970024
0.969701
0.969365
0.969009
0.968636
0.968241
0.967826
0.967385
0.966921
0.966428
0.965906
0.965349
0.964756
0.964122
0.963445
0.962718
0.961936
0.961097
0.960188
0.959205
0.958142
0.956988
0.955732
0.954365
0.952877
0.95125
0.949476
0.94753
0.945401
0.943067
0.940505
0.93769
0.934591
0.931176
0.927406
0.923233
0.918606
0.913455
0.907699
0.901225
0.893914
0.885576
0.875975
0.864736
0.851298
0.834635
0.812734
0.780693
0.723016
0.589804
0.303894
0.947919
0.969882
0.97083
0.969502
0.967919
0.967796
0.969592
0.974284
0.982138
0.992638
0.999998
1
1
0.999999
0.982993
0.951109
0.917254
0.886869
0.860987
0.839754
0.822219
0.815961
0.817529
0.822035
0.830366
0.840738
0.850884
0.860231
0.869093
0.877407
0.885139
0.892214
0.898774
0.904874
0.910626
0.916071
0.920822
0.925542
0.929644
0.933317
0.936702
0.939813
0.942673
0.945299
0.947707
0.949913
0.95193
0.953772
0.955451
0.956982
0.958381
0.959646
0.960794
0.961832
0.962768
0.963609
0.964364
0.965037
0.965637
0.966166
0.966632
0.967039
0.967387
0.967688
0.967937
0.968143
0.968308
0.968433
0.968521
0.968576
0.968601
0.968595
0.968562
0.968503
0.968422
0.968316
0.968189
0.968041
0.967875
0.967688
0.967487
0.967267
0.967032
0.966782
0.966514
0.966233
0.965937
0.965623
0.965294
0.96495
0.964589
0.964208
0.963812
0.963394
0.962956
0.962497
0.962012
0.961502
0.960963
0.960392
0.959787
0.959147
0.958462
0.957734
0.956958
0.956125
0.955229
0.95427
0.953234
0.952118
0.950911
0.949602
0.948186
0.946646
0.944974
0.94315
0.941165
0.938998
0.936629
0.934037
0.931199
0.928088
0.924664
0.920897
0.916737
0.912137
0.907024
0.901324
0.894937
0.887729
0.879536
0.870113
0.859113
0.84595
0.829609
0.808059
0.776361
0.71885
0.585397
0.300187
0.946944
0.968813
0.970209
0.968775
0.966043
0.964415
0.966547
0.971132
0.979428
0.991574
0.999998
0.999998
1
0.999998
0.979535
0.94181
0.905009
0.874982
0.852276
0.840152
0.834822
0.834518
0.837217
0.841264
0.847554
0.854915
0.862398
0.869669
0.876696
0.883389
0.889699
0.895598
0.901155
0.906396
0.911364
0.916041
0.92026
0.9244
0.928047
0.931785
0.934779
0.937544
0.940104
0.942461
0.944629
0.946623
0.94845
0.950131
0.951667
0.953068
0.954348
0.955509
0.956565
0.957521
0.958381
0.959155
0.959848
0.960464
0.961009
0.961489
0.961907
0.962269
0.962576
0.962833
0.963043
0.963209
0.963336
0.963422
0.963473
0.96349
0.963477
0.963435
0.963362
0.963266
0.963144
0.962999
0.962831
0.962643
0.962437
0.96221
0.961966
0.961704
0.961426
0.961131
0.960821
0.960494
0.960153
0.959794
0.959421
0.959031
0.958621
0.958195
0.957751
0.957287
0.956801
0.956292
0.955759
0.9552
0.95461
0.95399
0.953337
0.952643
0.951911
0.951131
0.950304
0.949419
0.948474
0.947463
0.946379
0.945212
0.943957
0.942604
0.941143
0.939563
0.937848
0.93599
0.933974
0.931779
0.929388
0.926784
0.923936
0.920823
0.917409
0.91366
0.909535
0.90498
0.899932
0.894323
0.888054
0.880999
0.872997
0.863811
0.85309
0.840258
0.824292
0.803139
0.771806
0.71442
0.580553
0.295981
0.945924
0.966632
0.969229
0.968306
0.965842
0.962417
0.963579
0.9676
0.975953
0.990158
1
0.999999
1
0.999997
0.975462
0.931078
0.892971
0.866843
0.856386
0.851739
0.851006
0.852833
0.854951
0.858697
0.863516
0.868863
0.874354
0.879809
0.885148
0.890302
0.89524
0.899952
0.904452
0.908744
0.912832
0.916691
0.920276
0.923745
0.926907
0.930109
0.932989
0.935475
0.937669
0.939697
0.941566
0.94329
0.944879
0.946339
0.947673
0.948901
0.950016
0.951032
0.951952
0.952787
0.953533
0.954206
0.954801
0.955331
0.955793
0.956195
0.95654
0.956831
0.957071
0.957266
0.957413
0.957521
0.95759
0.957622
0.957616
0.957581
0.957513
0.957419
0.957294
0.957146
0.956972
0.956777
0.956559
0.956318
0.956062
0.955783
0.955488
0.955174
0.954844
0.954498
0.954133
0.953754
0.953359
0.952949
0.952521
0.952077
0.951616
0.951137
0.950638
0.95012
0.949581
0.949019
0.94843
0.947818
0.947173
0.946499
0.945792
0.945045
0.944258
0.943428
0.942546
0.94161
0.940616
0.939556
0.938423
0.93721
0.935913
0.934516
0.933017
0.931402
0.929657
0.927773
0.925734
0.923525
0.921123
0.918516
0.915678
0.912581
0.909195
0.905491
0.901429
0.896955
0.892017
0.886545
0.880442
0.8736
0.865858
0.856975
0.84661
0.834183
0.818656
0.797952
0.767002
0.709678
0.575143
0.291101
0.944786
0.963244
0.967351
0.967513
0.965999
0.963812
0.962027
0.964049
0.971466
0.988281
1
1
1
1
0.970509
0.918539
0.882823
0.870708
0.866705
0.866081
0.867401
0.868651
0.871061
0.874241
0.877881
0.881753
0.885704
0.88965
0.893543
0.897348
0.901046
0.904626
0.908081
0.911406
0.914596
0.917634
0.920519
0.923292
0.925904
0.928498
0.930871
0.933247
0.935121
0.936776
0.938297
0.9397
0.940996
0.942186
0.943279
0.944274
0.945185
0.94601
0.946752
0.947424
0.948021
0.948549
0.949015
0.94942
0.949767
0.95006
0.950303
0.950496
0.950642
0.950748
0.950812
0.950837
0.950824
0.950777
0.950699
0.950591
0.950452
0.950287
0.950094
0.949879
0.949637
0.949376
0.949091
0.948789
0.948465
0.948123
0.947765
0.947387
0.946994
0.946583
0.946155
0.945713
0.945254
0.944779
0.944288
0.94378
0.943257
0.942714
0.942153
0.941572
0.940969
0.940343
0.939695
0.939019
0.938316
0.937579
0.936811
0.936005
0.935159
0.934272
0.933332
0.932344
0.931296
0.930185
0.929002
0.927747
0.926406
0.924971
0.923436
0.921792
0.920023
0.918119
0.91607
0.913856
0.911461
0.908872
0.906062
0.903011
0.899693
0.896071
0.892118
0.887786
0.883021
0.877757
0.871914
0.865375
0.857986
0.849511
0.839603
0.827673
0.812666
0.792467
0.761913
0.704533
0.56893
0.28527
0.943396
0.958548
0.963851
0.965419
0.965226
0.964258
0.963434
0.961791
0.965589
0.985718
1
1
0.999999
1
0.964212
0.903733
0.882794
0.879556
0.879389
0.880371
0.881301
0.883016
0.885205
0.887669
0.890286
0.892976
0.89569
0.8984
0.901088
0.903736
0.906335
0.908876
0.911351
0.913752
0.916079
0.918318
0.920473
0.922554
0.924554
0.926506
0.928338
0.930188
0.932034
0.933265
0.934392
0.935429
0.936385
0.937259
0.938056
0.938778
0.939433
0.94002
0.940546
0.941006
0.941411
0.94176
0.942053
0.942296
0.94249
0.942638
0.942743
0.942804
0.942828
0.942812
0.942762
0.942677
0.942558
0.942409
0.94223
0.942023
0.941791
0.941533
0.94125
0.940946
0.940618
0.940269
0.939902
0.939514
0.939109
0.938684
0.938242
0.937786
0.937312
0.93682
0.936311
0.935789
0.93525
0.934694
0.934125
0.933538
0.932936
0.932314
0.931675
0.931015
0.930335
0.929633
0.928908
0.928156
0.927378
0.926569
0.925726
0.924849
0.923934
0.922978
0.921974
0.920921
0.919811
0.918642
0.917408
0.916102
0.914717
0.913245
0.911678
0.910007
0.908224
0.906319
0.904275
0.902083
0.899729
0.897195
0.894466
0.891522
0.888335
0.884884
0.881133
0.877049
0.872572
0.867652
0.862201
0.85611
0.849215
0.841292
0.831976
0.820666
0.806278
0.78665
0.756476
0.69881
0.5614
0.278005
0.941424
0.952273
0.95782
0.960569
0.961725
0.961957
0.961673
0.961122
0.958233
0.982023
0.999999
1
1
1
0.955544
0.891285
0.889909
0.890378
0.89111
0.891994
0.893316
0.894852
0.896483
0.898155
0.899844
0.90154
0.903234
0.904923
0.906599
0.908262
0.909904
0.911517
0.913103
0.914653
0.916165
0.917632
0.91906
0.920446
0.921785
0.923086
0.92434
0.925619
0.927189
0.928063
0.928771
0.929404
0.929973
0.930483
0.930938
0.931338
0.93169
0.931989
0.932237
0.932441
0.932603
0.932716
0.93279
0.932826
0.932819
0.932777
0.9327
0.93259
0.932446
0.932269
0.932061
0.931827
0.931564
0.931276
0.930961
0.930621
0.930259
0.929874
0.929467
0.929041
0.928593
0.928128
0.927644
0.927142
0.926621
0.926085
0.925531
0.92496
0.924375
0.923772
0.923155
0.922521
0.921871
0.921208
0.920526
0.919831
0.91912
0.918388
0.91764
0.916873
0.916086
0.915279
0.914447
0.913591
0.912709
0.9118
0.91086
0.909889
0.90888
0.907836
0.906747
0.905618
0.904437
0.903205
0.901915
0.900565
0.899148
0.897655
0.896085
0.89443
0.892681
0.890832
0.888874
0.886794
0.884583
0.882228
0.879719
0.877032
0.87415
0.871055
0.867706
0.864079
0.860113
0.855759
0.850925
0.845501
0.839322
0.832156
0.823618
0.813085
0.79944
0.780438
0.750571
0.692116
0.551168
0.267223
0.93727
0.943621
0.947797
0.950578
0.952416
0.953571
0.95415
0.95388
0.953498
0.974811
1
1
0.999998
1
0.940711
0.895335
0.895894
0.896427
0.897185
0.898057
0.898953
0.899836
0.900703
0.901561
0.902409
0.903254
0.904095
0.904929
0.905758
0.906575
0.907384
0.908177
0.908952
0.909713
0.910451
0.911167
0.911864
0.912537
0.913186
0.913819
0.914446
0.915111
0.916059
0.91649
0.916725
0.916891
0.917014
0.917088
0.917125
0.917127
0.917092
0.917019
0.916917
0.916779
0.916609
0.916406
0.916177
0.915916
0.915625
0.915307
0.914964
0.914591
0.914197
0.913773
0.913329
0.912859
0.912367
0.911855
0.911319
0.910764
0.910189
0.909595
0.908981
0.908347
0.907697
0.90703
0.906346
0.905643
0.904925
0.904189
0.903438
0.902672
0.901889
0.901089
0.900273
0.899441
0.898601
0.897753
0.896894
0.896029
0.895154
0.89427
0.893375
0.89247
0.891552
0.890624
0.889684
0.88873
0.887763
0.886782
0.885786
0.884773
0.883741
0.882692
0.881623
0.880531
0.879416
0.878277
0.87711
0.875912
0.87468
0.873413
0.872106
0.870753
0.869351
0.867893
0.866373
0.864781
0.863107
0.861341
0.859469
0.857474
0.855337
0.853033
0.85053
0.847788
0.844758
0.84137
0.837536
0.833142
0.82801
0.821893
0.814389
0.804846
0.792093
0.773773
0.744038
0.683796
0.534971
0.239783
)
;

boundaryField
{
    walls
    {
        type            zeroGradient;
    }
    top
    {
        type            zeroGradient;
    }
    bottom
    {
        type            zeroGradient;
    }
    frontAndBack
    {
        type            empty;
    }
    inlet
    {
        type            uniformFixedValue;
        uniformValue    
        {
            type            constant;
            value           1;
        }
        value           uniform 1;
    }
    outlet
    {
        type            zeroGradient;
    }
}


// ************************************************************************* //
