/*--------------------------------*- C++ -*----------------------------------*\
  =========                 |
  \\      /  F ield         | OpenFOAM: The Open Source CFD Toolbox
   \\    /   O peration     | Website:  https://openfoam.org
    \\  /    A nd           | Version:  12
     \\/     M anipulation  |
\*---------------------------------------------------------------------------*/
FoamFile
{
    format      ascii;
    class       volScalarField;
    location    "280";
    object      T;
}
// * * * * * * * * * * * * * * * * * * * * * * * * * * * * * * * * * * * * * //

dimensions      [];

internalField   nonuniform List<scalar> 
4480
(
7.92544e-09
9.17175e-07
0.000670246
0.0153362
0.0656105
0.142852
0.229042
0.312287
0.387065
0.451694
0.506391
0.552151
0.590184
0.621669
0.647646
0.668998
0.686456
0.700621
0.711979
0.720925
0.727786
0.732821
0.736246
0.738233
0.738925
0.738443
0.736883
0.734738
0.732566
0.730354
0.728094
0.725773
0.723377
0.720895
0.718315
0.715626
0.712813
0.709864
0.706762
0.703495
0.700049
0.696404
0.692542
0.68845
0.684106
0.67949
0.67458
0.66936
0.6638
0.657877
0.651571
0.644858
0.637702
0.630081
0.621966
0.613324
0.604129
0.594348
0.583941
0.572877
0.561112
0.548607
0.53531
0.52117
0.506118
0.490092
0.472999
0.454764
0.435283
0.414487
0.392308
0.368732
0.343803
0.317649
0.290491
0.262652
0.234545
0.206652
0.179487
0.153558
0.129324
0.107162
0.0873362
0.0701008
0.0554721
0.0433305
0.0334706
0.0256295
0.0195161
0.014836
0.0113114
0.00869379
0.00677127
0.0053703
0.00435401
0.00361797
0.00308505
0.00269988
0.00242391
0.00223109
0.00210457
0.00203425
0.0020151
0.00204631
0.00213078
0.00227546
0.00249201
0.00279809
0.00321946
0.00379295
0.00457082
0.00562672
0.00706405
0.00902731
0.0117163
0.015405
0.020462
0.0273753
0.03678
0.0495273
0.0669228
0.0912818
0.126617
0.181677
0.287309
0.479465
0.652101
0.818908
0.787015
0.531048
0.34901
0.176674
0.0821663
0.0377711
0.0158641
0.00576683
0.00168322
0.000340417
3.6364e-05
1.05603e-06
4.23763e-09
5.65482e-05
0.00878298
0.0792583
0.209165
0.34931
0.472246
0.570896
0.647125
0.705301
0.749729
0.783903
0.810452
0.831282
0.847756
0.86087
0.871337
0.879684
0.886305
0.891501
0.895501
0.898477
0.90057
0.901884
0.902508
0.902505
0.901928
0.900646
0.898617
0.895911
0.892596
0.888738
0.884404
0.879651
0.874532
0.869102
0.863402
0.857474
0.851345
0.845049
0.838608
0.832039
0.825351
0.818559
0.811665
0.804668
0.797569
0.79036
0.783033
0.775577
0.767979
0.760231
0.752308
0.744196
0.73588
0.727334
0.718548
0.709494
0.700152
0.690505
0.680524
0.670194
0.659482
0.648369
0.636826
0.624826
0.612329
0.599299
0.585702
0.571493
0.556622
0.541045
0.524715
0.507591
0.489633
0.470819
0.451134
0.430576
0.409177
0.386973
0.364038
0.340479
0.316426
0.292142
0.267896
0.243941
0.22055
0.197995
0.176527
0.156374
0.13772
0.1207
0.105396
0.0918323
0.0799863
0.0697897
0.0611424
0.0539201
0.047988
0.0432091
0.0394535
0.0366048
0.0345664
0.0332642
0.0326507
0.0327057
0.0334402
0.0348981
0.0371619
0.0403567
0.0446591
0.0503053
0.0576044
0.0669492
0.0788296
0.0938451
0.112714
0.136289
0.165577
0.201821
0.246666
0.302371
0.371759
0.45788
0.562652
0.67935
0.788253
0.871695
0.838396
0.650009
0.469646
0.310533
0.187822
0.103322
0.0505651
0.0212215
0.0071743
0.001734
0.000237785
1.10798e-05
1.17795e-06
0.000951927
0.0446697
0.201278
0.388034
0.543848
0.657516
0.73664
0.791405
0.829921
0.857744
0.878465
0.894326
0.906742
0.91661
0.924531
0.930916
0.936058
0.940179
0.943448
0.945998
0.947929
0.949329
0.950261
0.950777
0.950918
0.950716
0.95012
0.949084
0.947626
0.945758
0.943488
0.940826
0.937777
0.934358
0.930577
0.926453
0.922004
0.91725
0.91221
0.906907
0.90136
0.895593
0.889622
0.883464
0.87714
0.870658
0.864033
0.857272
0.850385
0.843376
0.836248
0.828999
0.821629
0.814141
0.806522
0.798776
0.790891
0.782861
0.77468
0.766338
0.757829
0.749137
0.74026
0.731182
0.721891
0.712377
0.702624
0.692614
0.682336
0.67176
0.660877
0.649657
0.638078
0.626107
0.613724
0.600897
0.587592
0.57378
0.559434
0.544515
0.529002
0.512861
0.496082
0.478685
0.460693
0.442144
0.423095
0.403629
0.383861
0.363923
0.343976
0.324199
0.30478
0.285921
0.26782
0.250668
0.234643
0.219905
0.20659
0.194812
0.184664
0.176221
0.169544
0.164692
0.161725
0.160716
0.161763
0.164993
0.170573
0.178718
0.189696
0.203827
0.221482
0.243078
0.269057
0.299875
0.335973
0.377756
0.42557
0.479654
0.540002
0.606024
0.676045
0.746826
0.813109
0.867901
0.903075
0.878075
0.746919
0.5968
0.442981
0.301563
0.185454
0.100849
0.046868
0.0176092
0.00481597
0.000783968
4.76672e-05
3.45103e-05
0.00716082
0.130344
0.362201
0.561143
0.695281
0.77931
0.831855
0.865916
0.889294
0.906376
0.919546
0.930076
0.938658
0.945704
0.951491
0.956229
0.960079
0.96318
0.965646
0.967574
0.969045
0.970125
0.97087
0.97132
0.971507
0.971459
0.971158
0.970585
0.96975
0.968654
0.967297
0.965676
0.963785
0.961619
0.959176
0.956454
0.953447
0.950164
0.946603
0.942775
0.938686
0.934348
0.929773
0.924974
0.919967
0.914764
0.90938
0.903827
0.898123
0.892275
0.886295
0.880196
0.873981
0.867663
0.861246
0.854735
0.848131
0.841443
0.834665
0.827807
0.82086
0.813831
0.806717
0.799513
0.792218
0.784832
0.777345
0.769758
0.762059
0.754243
0.746308
0.738237
0.730026
0.72166
0.713128
0.704419
0.69552
0.68641
0.677072
0.667493
0.657655
0.64754
0.637093
0.626323
0.615208
0.603731
0.591884
0.579659
0.567059
0.554101
0.540816
0.52725
0.513465
0.499549
0.485604
0.471762
0.458165
0.444985
0.432406
0.420628
0.409858
0.400319
0.392232
0.385826
0.381326
0.378962
0.37896
0.381547
0.386947
0.395385
0.407074
0.422216
0.440988
0.463526
0.489908
0.520138
0.554111
0.591593
0.632188
0.675289
0.719996
0.765018
0.808585
0.848464
0.882018
0.906167
0.917103
0.89909
0.812563
0.697593
0.561131
0.415417
0.277755
0.163888
0.0824318
0.0335323
0.00999261
0.00181
0.000128679
0.000400023
0.030947
0.266638
0.530329
0.70119
0.797134
0.850686
0.882407
0.903097
0.918153
0.930127
0.940127
0.948594
0.95573
0.961673
0.966555
0.970517
0.97369
0.976196
0.978148
0.979643
0.980763
0.981575
0.982132
0.982478
0.982642
0.982648
0.982488
0.982139
0.981607
0.980895
0.980003
0.978929
0.977668
0.976215
0.974564
0.972705
0.970636
0.968348
0.965841
0.963109
0.960155
0.956978
0.953585
0.949979
0.946169
0.942165
0.937976
0.933613
0.929088
0.924414
0.919602
0.914665
0.909613
0.90446
0.899217
0.893891
0.888488
0.883024
0.8775
0.871924
0.866302
0.860641
0.854943
0.849207
0.843444
0.837649
0.831822
0.825969
0.820085
0.814169
0.808218
0.802233
0.796208
0.79014
0.784023
0.777857
0.77163
0.765336
0.758978
0.752541
0.746022
0.739417
0.732692
0.725855
0.718898
0.711813
0.704592
0.697237
0.689745
0.682117
0.67436
0.666491
0.65853
0.650508
0.642467
0.634466
0.626576
0.618882
0.611494
0.604532
0.59814
0.592481
0.587731
0.58408
0.581735
0.580902
0.581794
0.584619
0.589576
0.596836
0.606551
0.618826
0.633717
0.651218
0.671238
0.693611
0.71806
0.744206
0.771542
0.799433
0.827095
0.853573
0.877745
0.898319
0.913819
0.922451
0.921816
0.906588
0.850777
0.766485
0.654538
0.518068
0.371375
0.234918
0.126363
0.0548643
0.01744
0.00338962
0.00026478
0.0025761
0.0898952
0.431156
0.674958
0.797607
0.85734
0.889007
0.90836
0.922263
0.933709
0.943832
0.952821
0.960601
0.967136
0.972474
0.976741
0.980084
0.982653
0.984592
0.986022
0.987053
0.987776
0.988267
0.988581
0.988761
0.98884
0.988835
0.98875
0.988534
0.988192
0.987726
0.987134
0.986413
0.985558
0.984564
0.983423
0.982131
0.980679
0.979061
0.977273
0.975308
0.973162
0.970832
0.968321
0.965629
0.962756
0.959708
0.956491
0.953116
0.949586
0.945914
0.94211
0.938185
0.934151
0.930017
0.925797
0.921503
0.917142
0.912724
0.908262
0.903767
0.899239
0.894693
0.890131
0.885559
0.880985
0.876409
0.871837
0.867274
0.862715
0.858165
0.853623
0.849092
0.844569
0.840051
0.835541
0.831031
0.826527
0.822022
0.817514
0.813001
0.808487
0.803968
0.799424
0.794855
0.790268
0.785665
0.781043
0.776405
0.771758
0.76711
0.762468
0.757845
0.753257
0.748729
0.744286
0.739962
0.735802
0.73185
0.728169
0.724833
0.721918
0.719523
0.717751
0.716714
0.716539
0.717349
0.719281
0.722458
0.726996
0.733003
0.740548
0.749678
0.760397
0.772658
0.786353
0.801317
0.81731
0.834024
0.851069
0.86798
0.884206
0.8991
0.91192
0.921801
0.927715
0.928366
0.922042
0.90644
0.870012
0.808138
0.720672
0.601763
0.457693
0.307852
0.175786
0.0808058
0.0270922
0.00554773
0.000461812
0.0110332
0.195102
0.591903
0.778789
0.854896
0.889663
0.90898
0.922303
0.933369
0.943652
0.953402
0.962205
0.96969
0.97576
0.980515
0.984135
0.986808
0.988714
0.990012
0.990845
0.991335
0.991584
0.991677
0.99168
0.991636
0.991578
0.99152
0.991467
0.991345
0.991155
0.990892
0.990549
0.99012
0.989598
0.988975
0.98824
0.987389
0.986413
0.985304
0.984058
0.982668
0.981129
0.97944
0.977597
0.975602
0.97345
0.971147
0.968695
0.966102
0.963369
0.960508
0.957528
0.954434
0.951237
0.94795
0.944583
0.941143
0.937647
0.934103
0.930518
0.926904
0.923269
0.919623
0.91597
0.912323
0.908684
0.905055
0.901446
0.897857
0.894294
0.890755
0.887245
0.88376
0.880308
0.876885
0.873488
0.870119
0.866777
0.863464
0.860179
0.856915
0.853681
0.850477
0.847278
0.844099
0.840938
0.837799
0.834685
0.831601
0.828555
0.825552
0.822605
0.819727
0.816928
0.814231
0.811652
0.809223
0.806967
0.804917
0.803118
0.801607
0.800442
0.799673
0.799361
0.799575
0.800381
0.801853
0.804059
0.807066
0.810939
0.815717
0.821436
0.828105
0.835703
0.844175
0.853429
0.863332
0.873706
0.884317
0.894881
0.905057
0.914437
0.922549
0.928837
0.932632
0.933132
0.929339
0.919988
0.903545
0.876855
0.830586
0.762871
0.663782
0.530452
0.376645
0.227011
0.109922
0.0386508
0.00827436
0.000725615
0.0353362
0.340068
0.720743
0.841524
0.885438
0.906621
0.920026
0.930759
0.940869
0.951074
0.961046
0.969864
0.977034
0.982543
0.986611
0.989494
0.991421
0.992585
0.993162
0.993307
0.993161
0.992844
0.992458
0.992074
0.991744
0.991501
0.991356
0.991307
0.991262
0.99121
0.991142
0.991042
0.9909
0.990701
0.990431
0.990079
0.989633
0.989086
0.988428
0.987649
0.986749
0.985718
0.984555
0.983257
0.981821
0.980252
0.978548
0.976711
0.974745
0.972657
0.970451
0.968135
0.965716
0.963205
0.960608
0.957937
0.955202
0.952412
0.949577
0.946708
0.943814
0.9409
0.937981
0.93506
0.932142
0.92924
0.926354
0.923493
0.920655
0.917847
0.915073
0.912335
0.909627
0.906961
0.904326
0.90173
0.899172
0.896649
0.894165
0.891716
0.889301
0.886929
0.88459
0.882284
0.88
0.877748
0.875528
0.873345
0.871205
0.869116
0.867076
0.865104
0.863207
0.861392
0.859677
0.858081
0.856618
0.855313
0.854185
0.853267
0.852581
0.852169
0.852055
0.852285
0.852896
0.853926
0.855419
0.857406
0.85993
0.863011
0.866676
0.870924
0.875747
0.881119
0.886985
0.893266
0.899851
0.906596
0.913318
0.919799
0.92576
0.930889
0.934797
0.937036
0.937059
0.934213
0.927708
0.916611
0.899861
0.876207
0.841207
0.787142
0.705666
0.586757
0.43659
0.276304
0.140411
0.0516445
0.0115391
0.00106493
0.0921435
0.499435
0.803267
0.874414
0.901414
0.916205
0.92691
0.936581
0.946556
0.957157
0.967561
0.976352
0.983046
0.987851
0.991137
0.993222
0.99434
0.994684
0.99444
0.993781
0.992877
0.991878
0.990901
0.99004
0.989356
0.988881
0.988622
0.988564
0.98859
0.988684
0.988824
0.988989
0.989154
0.989303
0.98941
0.989458
0.989432
0.989317
0.9891
0.988778
0.988337
0.987778
0.987093
0.98628
0.98534
0.984271
0.983076
0.981758
0.980321
0.978768
0.977107
0.975341
0.973482
0.971535
0.969507
0.967411
0.965251
0.963041
0.960787
0.958501
0.956192
0.953866
0.95153
0.949195
0.946867
0.944549
0.942252
0.939975
0.937723
0.935504
0.933316
0.931161
0.929043
0.926958
0.924913
0.922906
0.920937
0.919007
0.917113
0.915257
0.913437
0.91166
0.909919
0.908218
0.906536
0.904888
0.903276
0.9017
0.900166
0.898675
0.897239
0.895857
0.894546
0.893306
0.892155
0.891101
0.89016
0.889342
0.888672
0.888162
0.887839
0.887717
0.887824
0.888181
0.888816
0.889749
0.891008
0.892607
0.894566
0.896895
0.899601
0.902672
0.906095
0.909834
0.913838
0.918034
0.922331
0.926601
0.930692
0.934416
0.937547
0.939816
0.940896
0.940403
0.937884
0.932797
0.924514
0.912331
0.895482
0.873027
0.84323
0.799471
0.731361
0.626821
0.485031
0.320611
0.170451
0.065522
0.0153048
0.00149281
0.198109
0.64199
0.842827
0.891065
0.910586
0.922298
0.931653
0.940926
0.951137
0.962367
0.973271
0.981872
0.987902
0.991893
0.994359
0.995615
0.995863
0.995282
0.994071
0.992446
0.990615
0.988772
0.98707
0.985625
0.984508
0.983753
0.98336
0.983285
0.983393
0.983658
0.984044
0.984519
0.985046
0.985591
0.986126
0.986624
0.98706
0.987415
0.987675
0.987827
0.987864
0.987776
0.98756
0.987215
0.986742
0.986142
0.985414
0.984562
0.983593
0.982511
0.981319
0.980027
0.978643
0.977171
0.975624
0.97401
0.972332
0.970606
0.968836
0.96703
0.965202
0.963357
0.9615
0.959641
0.957786
0.955941
0.95411
0.9523
0.950511
0.948751
0.947014
0.945314
0.943644
0.94201
0.940408
0.93884
0.93731
0.935812
0.934352
0.932924
0.931534
0.930179
0.928857
0.927575
0.926312
0.925081
0.92388
0.92271
0.921576
0.920483
0.919433
0.91843
0.917482
0.916598
0.91578
0.915042
0.914388
0.913835
0.913394
0.913073
0.912892
0.912861
0.912997
0.913318
0.913834
0.914562
0.915513
0.916696
0.918122
0.919789
0.921692
0.923819
0.926146
0.92864
0.931249
0.933905
0.936522
0.938991
0.941177
0.942913
0.944004
0.944209
0.94325
0.94079
0.936447
0.929764
0.920245
0.907341
0.89047
0.86885
0.840904
0.802785
0.745289
0.652872
0.52133
0.357962
0.198499
0.0797433
0.0195383
0.00202753
0.319102
0.7372
0.868175
0.900952
0.91647
0.926485
0.935087
0.944272
0.954911
0.966907
0.978305
0.986515
0.99172
0.994856
0.996509
0.996914
0.996198
0.994529
0.992143
0.98932
0.986338
0.983449
0.980855
0.978701
0.977066
0.975989
0.975456
0.975368
0.975589
0.976073
0.97677
0.977627
0.978593
0.979619
0.980663
0.981685
0.982654
0.983544
0.984337
0.985011
0.985562
0.985979
0.986255
0.986391
0.986387
0.986245
0.985968
0.985561
0.985029
0.984379
0.983617
0.98275
0.981789
0.980739
0.979608
0.978406
0.977144
0.975829
0.974465
0.973069
0.971643
0.970196
0.968736
0.96727
0.965804
0.964342
0.962891
0.961452
0.960035
0.958636
0.957265
0.955918
0.954597
0.953307
0.952043
0.950814
0.949612
0.948442
0.947302
0.946189
0.945109
0.944063
0.943043
0.942057
0.941094
0.940151
0.939233
0.938343
0.937486
0.936655
0.935863
0.935107
0.934393
0.933728
0.933112
0.932559
0.932072
0.931656
0.931321
0.93108
0.930937
0.930904
0.930986
0.931201
0.931547
0.932042
0.932683
0.933479
0.934428
0.935525
0.936762
0.938118
0.939568
0.941077
0.942596
0.944058
0.945386
0.946474
0.947204
0.947429
0.946968
0.94561
0.943104
0.939159
0.933442
0.925575
0.915151
0.90174
0.884868
0.863829
0.837125
0.801207
0.7487
0.66789
0.546352
0.387538
0.223465
0.0938484
0.0242179
0.00269359
0.448006
0.795252
0.88434
0.908759
0.920803
0.929431
0.937591
0.946846
0.958023
0.970863
0.982738
0.990336
0.994611
0.996925
0.997805
0.997308
0.995466
0.992459
0.988603
0.984278
0.979866
0.975696
0.972024
0.969027
0.966798
0.965367
0.964707
0.964631
0.965016
0.965796
0.966896
0.96824
0.969755
0.971371
0.973031
0.974683
0.976282
0.977797
0.979198
0.980466
0.981586
0.982554
0.983363
0.984007
0.984495
0.984825
0.985003
0.985037
0.984932
0.984698
0.984342
0.983873
0.9833
0.982632
0.981878
0.981047
0.98015
0.979193
0.978188
0.97714
0.976059
0.974953
0.973827
0.972689
0.971548
0.970404
0.969264
0.968133
0.967014
0.965911
0.964825
0.96376
0.962716
0.961694
0.960697
0.959724
0.958778
0.957852
0.956953
0.956079
0.955231
0.954409
0.953609
0.952837
0.952081
0.951347
0.950629
0.949933
0.949261
0.94861
0.947987
0.947392
0.946828
0.946297
0.945808
0.94536
0.944959
0.944611
0.944321
0.944092
0.943931
0.943847
0.943844
0.943924
0.944092
0.944352
0.944703
0.945148
0.94568
0.946289
0.94696
0.947676
0.948408
0.949117
0.949752
0.950258
0.950555
0.950552
0.950131
0.949158
0.947471
0.944878
0.941153
0.936043
0.929258
0.920476
0.909367
0.895581
0.878704
0.858066
0.832195
0.797717
0.747883
0.672064
0.559407
0.409463
0.244759
0.107496
0.0293375
0.00352323
0.56875
0.831737
0.895312
0.914327
0.924325
0.93169
0.939372
0.94877
0.960531
0.974271
0.986602
0.993385
0.996699
0.998286
0.998432
0.996919
0.99369
0.988995
0.983288
0.977096
0.970931
0.965217
0.960273
0.956307
0.953421
0.951632
0.950887
0.950869
0.951502
0.952686
0.954315
0.956282
0.958486
0.960833
0.963244
0.96565
0.967997
0.970238
0.972341
0.974284
0.97605
0.977628
0.979016
0.980213
0.981221
0.982046
0.982698
0.983182
0.983506
0.983684
0.983726
0.983641
0.983437
0.983128
0.982724
0.982234
0.981669
0.981035
0.980348
0.979608
0.978831
0.978019
0.977183
0.976329
0.975459
0.974585
0.973706
0.972829
0.971958
0.971096
0.970244
0.969407
0.968584
0.967776
0.966987
0.966215
0.965462
0.964727
0.964012
0.963318
0.96264
0.961981
0.961344
0.960726
0.960122
0.959531
0.958955
0.958393
0.957847
0.957316
0.956804
0.956314
0.955842
0.955393
0.954973
0.954581
0.954217
0.953891
0.953601
0.953349
0.953144
0.952985
0.952871
0.952812
0.952801
0.95284
0.952924
0.953055
0.953216
0.953402
0.953593
0.953767
0.953892
0.953936
0.953845
0.953561
0.953011
0.95211
0.950748
0.9488
0.946113
0.942519
0.93781
0.93176
0.92412
0.914614
0.902968
0.888888
0.871998
0.85163
0.8263
0.792734
0.744601
0.672075
0.564805
0.421012
0.259452
0.119337
0.0347904
0.00455822
0.645495
0.866392
0.903049
0.918312
0.926821
0.933587
0.94065
0.950109
0.962467
0.977143
0.989933
0.995727
0.998122
0.999124
0.998535
0.995795
0.990809
0.983974
0.975958
0.967485
0.959219
0.951693
0.945293
0.940256
0.936682
0.934565
0.933813
0.933938
0.934935
0.936666
0.938983
0.941739
0.944798
0.948037
0.951351
0.954653
0.957871
0.960954
0.963864
0.966568
0.969054
0.97131
0.973333
0.975126
0.976694
0.978044
0.979189
0.980138
0.980903
0.981497
0.981934
0.982226
0.982384
0.982421
0.982349
0.982177
0.981922
0.981588
0.981188
0.98073
0.980221
0.979673
0.97909
0.978483
0.977852
0.977208
0.976552
0.975891
0.975227
0.974565
0.973907
0.973254
0.972608
0.971975
0.971351
0.970736
0.970138
0.969547
0.968974
0.96841
0.967863
0.967327
0.966806
0.966298
0.965804
0.965315
0.964834
0.964364
0.963901
0.963449
0.963006
0.962576
0.962158
0.961755
0.961365
0.960992
0.960636
0.960299
0.959985
0.959691
0.959418
0.95917
0.958942
0.958738
0.958552
0.958383
0.958223
0.958066
0.957903
0.957716
0.957488
0.957193
0.956803
0.956277
0.955569
0.954621
0.953364
0.951709
0.949559
0.946796
0.943279
0.938849
0.933323
0.926502
0.918159
0.908065
0.895993
0.881678
0.864765
0.844565
0.819562
0.78652
0.739401
0.668987
0.565468
0.426462
0.268223
0.127361
0.0388818
0.00543315
0.697389
0.878598
0.908629
0.921099
0.928462
0.934771
0.941798
0.950901
0.963836
0.97947
0.992753
0.997436
0.999027
0.999597
0.998209
0.993917
0.986684
0.977169
0.966329
0.955131
0.944411
0.934819
0.926803
0.920623
0.916368
0.913999
0.913365
0.91376
0.915285
0.917749
0.920952
0.924695
0.928797
0.933106
0.937486
0.94183
0.946054
0.950095
0.953906
0.957458
0.960736
0.963731
0.966441
0.968873
0.971034
0.972937
0.974598
0.976026
0.977241
0.978259
0.979093
0.97976
0.980273
0.980648
0.980897
0.981032
0.981068
0.981015
0.980883
0.980683
0.980422
0.980111
0.979756
0.979366
0.978946
0.978501
0.978038
0.977562
0.977075
0.97658
0.976082
0.975585
0.975087
0.974591
0.974099
0.973612
0.97313
0.972655
0.972186
0.971725
0.971272
0.970828
0.970391
0.969963
0.969541
0.969121
0.968704
0.968293
0.967881
0.967477
0.967073
0.966674
0.96628
0.965893
0.965509
0.965132
0.96476
0.964393
0.964035
0.963679
0.96333
0.962984
0.962637
0.962289
0.961935
0.961569
0.961183
0.960767
0.960307
0.959788
0.95919
0.958487
0.957647
0.956629
0.955387
0.953867
0.952
0.949703
0.946882
0.943424
0.939202
0.934066
0.927854
0.920381
0.911454
0.900883
0.888463
0.873957
0.857012
0.836899
0.812051
0.779241
0.732628
0.663481
0.562541
0.427266
0.272305
0.132112
0.0416449
0.00608995
0.735527
0.887812
0.913107
0.922912
0.929323
0.935274
0.942377
0.951556
0.96464
0.981237
0.995086
0.998607
0.999552
0.999837
0.997497
0.991204
0.981127
0.968323
0.954114
0.939745
0.926233
0.914342
0.904583
0.897232
0.89236
0.88987
0.88922
0.890084
0.892389
0.895862
0.900226
0.905221
0.910614
0.916207
0.921839
0.927384
0.932745
0.937853
0.94266
0.947137
0.951269
0.955052
0.958491
0.961593
0.964375
0.966851
0.96904
0.970963
0.972635
0.974077
0.975311
0.97635
0.977213
0.977918
0.978478
0.978908
0.979223
0.979434
0.979555
0.979594
0.979561
0.979466
0.97932
0.979125
0.978892
0.978627
0.978332
0.978016
0.977681
0.977331
0.97697
0.976598
0.976221
0.975838
0.975453
0.975066
0.974679
0.97429
0.973903
0.973519
0.973133
0.972752
0.972374
0.972
0.971626
0.97125
0.970873
0.970493
0.970112
0.969727
0.969341
0.968953
0.96856
0.968167
0.96777
0.967369
0.966962
0.966552
0.966135
0.965709
0.965275
0.964823
0.964357
0.963868
0.963349
0.962796
0.962197
0.961542
0.960815
0.959997
0.959066
0.957999
0.95676
0.955308
0.953604
0.951584
0.949185
0.946329
0.942926
0.938867
0.934037
0.928294
0.921492
0.913469
0.904056
0.893087
0.880385
0.865725
0.848735
0.828645
0.803814
0.770998
0.724503
0.656003
0.556796
0.424473
0.272694
0.134161
0.0432156
0.00652139
0.764353
0.894388
0.915665
0.923887
0.929462
0.935082
0.94231
0.952034
0.964979
0.982429
0.99696
0.999342
0.999825
0.999945
0.996395
0.987536
0.973929
0.95718
0.939054
0.921083
0.90447
0.890083
0.878493
0.869994
0.864626
0.862217
0.86169
0.863278
0.866641
0.871408
0.877211
0.883716
0.890628
0.897706
0.90476
0.911644
0.918256
0.924518
0.930388
0.935844
0.940872
0.945474
0.949663
0.953453
0.956865
0.959921
0.962645
0.96506
0.967188
0.969054
0.970679
0.972085
0.973292
0.974317
0.975179
0.975894
0.976473
0.976936
0.977292
0.977554
0.977735
0.977839
0.97788
0.977866
0.977801
0.977694
0.977549
0.977372
0.977169
0.976941
0.976696
0.976431
0.976154
0.975862
0.975564
0.975255
0.974938
0.974617
0.974291
0.97396
0.973625
0.973288
0.972947
0.972603
0.972257
0.971906
0.971547
0.971182
0.97081
0.970429
0.97004
0.969641
0.969236
0.96882
0.968395
0.967955
0.967503
0.967037
0.966552
0.966048
0.965519
0.964962
0.964372
0.963743
0.963068
0.962334
0.961537
0.960658
0.959683
0.958593
0.957362
0.955966
0.954369
0.952534
0.950413
0.947951
0.945084
0.941735
0.937821
0.93324
0.927877
0.921608
0.914298
0.905805
0.89598
0.884684
0.871755
0.856966
0.839923
0.819794
0.794863
0.761845
0.715157
0.646844
0.548766
0.418839
0.270176
0.13403
0.043774
0.00674494
0.78643
0.899015
0.917021
0.924087
0.928875
0.93417
0.94153
0.951831
0.965289
0.983022
0.998387
0.99975
0.999947
0.999986
0.994873
0.982766
0.964877
0.943519
0.920949
0.898992
0.879006
0.861955
0.84848
0.838901
0.833227
0.831178
0.831237
0.833884
0.838652
0.845038
0.852573
0.860836
0.869469
0.878191
0.886785
0.8951
0.903021
0.910484
0.917444
0.92389
0.929819
0.935241
0.940175
0.944646
0.948679
0.952305
0.95555
0.958445
0.961017
0.963295
0.9653
0.967059
0.968594
0.969926
0.971074
0.972055
0.97289
0.973586
0.974166
0.974635
0.975012
0.975299
0.975512
0.975658
0.975745
0.975778
0.975766
0.975711
0.975621
0.975499
0.97535
0.975174
0.974979
0.974762
0.97453
0.974283
0.974022
0.973748
0.973464
0.973169
0.972868
0.972554
0.972234
0.971908
0.971572
0.97123
0.970872
0.970505
0.970125
0.969732
0.969325
0.968905
0.968468
0.96802
0.967551
0.967064
0.966555
0.966022
0.965463
0.96487
0.964245
0.96358
0.962866
0.9621
0.961272
0.960369
0.95938
0.958293
0.957088
0.955744
0.95424
0.952544
0.950624
0.948439
0.945946
0.943088
0.939803
0.93602
0.93165
0.926603
0.920771
0.914041
0.906293
0.897395
0.887231
0.875668
0.862555
0.847663
0.830557
0.810333
0.785191
0.751801
0.704673
0.6362
0.538822
0.410926
0.26536
0.132168
0.0435071
0.00679046
0.803416
0.902176
0.917489
0.923461
0.927559
0.932491
0.939982
0.950926
0.965431
0.983136
0.999374
0.999935
0.999989
0.999997
0.992879
0.976746
0.953781
0.927172
0.899694
0.873425
0.849836
0.829969
0.814565
0.804021
0.798322
0.796692
0.797794
0.802052
0.808782
0.817295
0.826974
0.837302
0.84787
0.858371
0.868583
0.878355
0.887589
0.896231
0.904252
0.911652
0.91844
0.92464
0.930279
0.935391
0.940007
0.944169
0.947905
0.951251
0.954237
0.956897
0.95926
0.961352
0.963193
0.964814
0.966229
0.96746
0.968527
0.969445
0.970226
0.970888
0.971439
0.971894
0.972262
0.972553
0.972772
0.97293
0.97303
0.973081
0.973089
0.973055
0.972985
0.972883
0.972754
0.972597
0.972415
0.972213
0.971991
0.971749
0.971491
0.971219
0.970933
0.970632
0.970317
0.96999
0.969652
0.969302
0.968933
0.968549
0.968148
0.967731
0.967295
0.966839
0.966365
0.965867
0.965347
0.964801
0.964226
0.96362
0.962978
0.962296
0.96157
0.960793
0.959957
0.959056
0.958075
0.957008
0.95584
0.954555
0.953135
0.951556
0.949798
0.947827
0.945611
0.943111
0.940281
0.937063
0.933401
0.929223
0.924446
0.918984
0.912739
0.905605
0.897475
0.888241
0.877794
0.866016
0.852765
0.837787
0.820602
0.800222
0.774768
0.740854
0.693083
0.624195
0.527231
0.401146
0.258727
0.12895
0.0425884
0.0066916
0.816432
0.904132
0.917094
0.921899
0.925487
0.929996
0.937591
0.949223
0.96487
0.983238
0.999914
0.999994
1
1
0.990347
0.969331
0.940493
0.908053
0.875294
0.844471
0.817085
0.794237
0.776831
0.765474
0.760151
0.758275
0.761206
0.76798
0.77754
0.788905
0.80127
0.814022
0.826728
0.839095
0.850928
0.862113
0.872579
0.882308
0.891288
0.899543
0.907097
0.913988
0.92025
0.925927
0.93106
0.935694
0.939866
0.943614
0.946972
0.949976
0.952658
0.955045
0.957165
0.959042
0.960698
0.962155
0.963431
0.964544
0.965509
0.966341
0.967051
0.967654
0.968157
0.968574
0.968909
0.969172
0.96937
0.969512
0.969599
0.969636
0.969632
0.969587
0.969507
0.969393
0.969246
0.969075
0.968877
0.968654
0.968408
0.968145
0.96786
0.967555
0.967233
0.966897
0.966541
0.96617
0.965778
0.965364
0.96493
0.964476
0.963997
0.963496
0.962972
0.962418
0.961838
0.961224
0.960577
0.95989
0.959163
0.958387
0.957556
0.956666
0.955708
0.95467
0.953543
0.952318
0.950978
0.949506
0.947882
0.946087
0.94409
0.941867
0.939379
0.936587
0.933446
0.929903
0.9259
0.921363
0.916217
0.910386
0.903772
0.896285
0.88783
0.878316
0.867642
0.855703
0.842349
0.827293
0.810004
0.789413
0.763538
0.728955
0.680378
0.610897
0.514177
0.38981
0.250647
0.124682
0.0411688
0.00648086
0.826237
0.905125
0.916037
0.919724
0.922628
0.926616
0.934272
0.946641
0.963592
0.983333
1
0.999999
0.999998
0.999999
0.987221
0.960397
0.924909
0.886171
0.847901
0.8124
0.781063
0.754986
0.735369
0.723361
0.718977
0.71865
0.724235
0.73429
0.747303
0.761958
0.777258
0.792528
0.807345
0.821462
0.834758
0.847165
0.858675
0.869295
0.879055
0.887996
0.896162
0.903602
0.910363
0.916497
0.922048
0.927069
0.931596
0.935672
0.93934
0.942634
0.945581
0.94822
0.950574
0.952671
0.954531
0.956181
0.957638
0.958919
0.960042
0.961019
0.961865
0.96259
0.96321
0.963732
0.964163
0.964516
0.964792
0.965004
0.965154
0.965246
0.965289
0.965283
0.965238
0.965151
0.965028
0.96487
0.964679
0.964464
0.964216
0.963946
0.963648
0.963331
0.962989
0.962626
0.962242
0.961839
0.961409
0.960956
0.960479
0.959978
0.959449
0.958891
0.958307
0.957691
0.95704
0.956353
0.955626
0.954857
0.954037
0.953161
0.952227
0.951221
0.950139
0.948972
0.947702
0.946323
0.944818
0.943165
0.941352
0.939349
0.937131
0.93467
0.931928
0.928868
0.92544
0.921597
0.917276
0.912414
0.906938
0.900773
0.893835
0.886044
0.877316
0.867574
0.85673
0.844675
0.831245
0.816121
0.798696
0.777818
0.751413
0.716038
0.666519
0.59633
0.499783
0.37715
0.241407
0.119609
0.039374
0.00618713
0.833369
0.905321
0.914387
0.916874
0.918934
0.922287
0.92993
0.943076
0.961511
0.983013
1
1
0.999998
0.999997
0.983456
0.949832
0.906989
0.861661
0.817862
0.777738
0.742344
0.712621
0.690222
0.677678
0.672478
0.675677
0.686572
0.702206
0.720132
0.738732
0.757068
0.77465
0.791226
0.806704
0.821067
0.834332
0.846543
0.857758
0.868029
0.877418
0.885987
0.893789
0.900884
0.907325
0.913169
0.918458
0.923239
0.92756
0.931455
0.934962
0.938115
0.940946
0.943482
0.945751
0.947776
0.949575
0.951174
0.952588
0.953836
0.954928
0.95588
0.956706
0.957415
0.958019
0.958526
0.958944
0.959279
0.95954
0.959735
0.959864
0.959939
0.959958
0.959927
0.959851
0.959734
0.959576
0.959381
0.959154
0.958893
0.958602
0.958281
0.957932
0.957558
0.957158
0.956734
0.956287
0.95581
0.955307
0.954777
0.954216
0.953628
0.953007
0.952354
0.951666
0.95094
0.950172
0.949362
0.9485
0.947584
0.946609
0.945565
0.944447
0.943241
0.941943
0.940535
0.939008
0.937341
0.935518
0.93352
0.931321
0.928895
0.926209
0.923229
0.919917
0.916224
0.9121
0.907487
0.902327
0.896553
0.890091
0.88287
0.874825
0.865879
0.855964
0.844999
0.832869
0.819384
0.804177
0.786572
0.765325
0.738286
0.701995
0.651431
0.580478
0.484121
0.363328
0.231227
0.113922
0.0373054
0.00583449
0.838178
0.904836
0.912156
0.913149
0.913971
0.916942
0.924464
0.938408
0.958519
0.9822
0.999997
0.999997
0.999998
0.999996
0.979009
0.937532
0.88675
0.834819
0.785803
0.74143
0.702026
0.668014
0.641361
0.627779
0.623134
0.634138
0.654325
0.677649
0.700886
0.722883
0.743366
0.762325
0.779815
0.795914
0.810713
0.824297
0.836753
0.848164
0.858605
0.868144
0.876854
0.8848
0.892032
0.898609
0.904584
0.910012
0.914931
0.919382
0.923408
0.927044
0.930323
0.933277
0.935932
0.938315
0.940448
0.942354
0.944051
0.945557
0.94689
0.948064
0.949091
0.949982
0.950754
0.951412
0.951964
0.952425
0.952796
0.953085
0.953303
0.953448
0.953532
0.953556
0.953524
0.953443
0.953314
0.953142
0.952924
0.95267
0.952381
0.952054
0.951697
0.951305
0.950886
0.950437
0.949961
0.949458
0.948922
0.948358
0.947764
0.947137
0.946477
0.945785
0.945055
0.944289
0.943482
0.942629
0.941727
0.940772
0.939758
0.938678
0.937526
0.936291
0.934965
0.933537
0.931991
0.930318
0.928495
0.926506
0.924331
0.921945
0.919319
0.916419
0.913213
0.909661
0.905715
0.901329
0.896448
0.891015
0.884967
0.878249
0.870792
0.862538
0.853427
0.843393
0.832354
0.820181
0.806646
0.791337
0.773492
0.751781
0.72399
0.686678
0.635005
0.563292
0.467223
0.34846
0.220271
0.107767
0.0350422
0.00544213
0.840853
0.903792
0.909474
0.908699
0.907851
0.910537
0.917772
0.932496
0.954472
0.980871
1
1
0.999998
1
0.973835
0.923386
0.864284
0.806165
0.752786
0.70516
0.662361
0.62359
0.589438
0.563008
0.573589
0.610047
0.643537
0.669812
0.694149
0.716774
0.737859
0.756673
0.7739
0.789683
0.804161
0.817444
0.829627
0.840794
0.851029
0.860397
0.868971
0.876803
0.88396
0.890479
0.896421
0.901829
0.906748
0.911213
0.915263
0.918933
0.922247
0.925243
0.927945
0.930375
0.932557
0.934511
0.936254
0.937808
0.939181
0.940394
0.941457
0.942381
0.943178
0.943858
0.944431
0.944901
0.945281
0.945574
0.945788
0.945928
0.946001
0.946008
0.945955
0.945848
0.94569
0.94548
0.945227
0.944931
0.944595
0.94422
0.94381
0.943362
0.942884
0.942372
0.941831
0.94126
0.940656
0.94002
0.939352
0.938649
0.937911
0.937139
0.936327
0.935475
0.934579
0.933634
0.932638
0.931585
0.930471
0.929284
0.92802
0.926668
0.925219
0.923661
0.92198
0.920159
0.918185
0.916033
0.913684
0.911113
0.90829
0.905182
0.901757
0.897974
0.89379
0.889155
0.884026
0.878345
0.872061
0.865122
0.857473
0.849065
0.839842
0.829743
0.81867
0.806474
0.792887
0.777429
0.759261
0.736978
0.708321
0.669892
0.617085
0.544688
0.449082
0.332617
0.208657
0.101254
0.032644
0.00502454
0.841415
0.902349
0.90669
0.90413
0.901475
0.903054
0.909786
0.925189
0.949167
0.978967
0.999998
1
1
0.999998
0.967874
0.90723
0.839779
0.776572
0.72062
0.672055
0.628394
0.587646
0.546432
0.570502
0.593416
0.623714
0.651835
0.675781
0.69812
0.718951
0.738299
0.755749
0.771805
0.786597
0.800497
0.813751
0.825185
0.835693
0.845356
0.854237
0.862391
0.869874
0.876727
0.882997
0.888729
0.893966
0.898739
0.903085
0.907044
0.910637
0.913895
0.916845
0.91951
0.921914
0.924075
0.926013
0.927746
0.929288
0.930655
0.93186
0.932911
0.933826
0.934613
0.935277
0.935833
0.936286
0.936641
0.936908
0.937092
0.9372
0.937233
0.937201
0.937105
0.936949
0.936739
0.936478
0.936166
0.93581
0.935412
0.934971
0.934491
0.933976
0.933422
0.932837
0.932218
0.931567
0.930882
0.930165
0.929412
0.928624
0.927799
0.926938
0.926036
0.925093
0.924102
0.923062
0.921965
0.920811
0.919589
0.918293
0.916913
0.915442
0.913867
0.912177
0.910356
0.908388
0.906259
0.903941
0.901416
0.898659
0.895639
0.892324
0.88868
0.884672
0.880255
0.87539
0.870029
0.864129
0.857646
0.850532
0.842745
0.834237
0.824957
0.814834
0.803757
0.791543
0.777871
0.762199
0.743606
0.720635
0.691001
0.651402
0.597479
0.524536
0.429654
0.315835
0.196458
0.0944582
0.0301528
0.00459212
0.839657
0.900616
0.904206
0.899934
0.894744
0.894417
0.900527
0.916348
0.942325
0.976389
0.999998
1
1
0.999999
0.961035
0.888824
0.81359
0.747549
0.692478
0.648044
0.611832
0.598913
0.602057
0.611324
0.628472
0.649962
0.671201
0.690954
0.709798
0.727589
0.744217
0.759511
0.773746
0.787031
0.799599
0.811529
0.821973
0.832372
0.841421
0.849549
0.857041
0.86394
0.870288
0.876122
0.881475
0.88638
0.890868
0.894968
0.898707
0.902112
0.905214
0.908023
0.910567
0.912862
0.914928
0.91678
0.918435
0.919905
0.921207
0.922348
0.923343
0.924201
0.924928
0.925539
0.926036
0.926431
0.926729
0.926935
0.927056
0.927099
0.927068
0.926967
0.926801
0.926574
0.926292
0.925954
0.925566
0.925129
0.924649
0.924124
0.923562
0.922959
0.92232
0.921646
0.920935
0.920193
0.919417
0.918604
0.917758
0.916876
0.915958
0.914999
0.914001
0.912956
0.911865
0.910722
0.90952
0.908256
0.906921
0.905507
0.904006
0.902408
0.900698
0.898866
0.896899
0.894775
0.892475
0.889984
0.887273
0.88432
0.881094
0.877565
0.873704
0.869472
0.864834
0.859751
0.854189
0.848106
0.841464
0.834227
0.826357
0.817809
0.808521
0.798411
0.787339
0.775084
0.761266
0.74528
0.726152
0.702366
0.671668
0.630874
0.575938
0.502674
0.408866
0.298107
0.183719
0.0874271
0.0275958
0.00415153
0.836587
0.89728
0.90208
0.897438
0.888371
0.882986
0.890278
0.905936
0.933548
0.97297
0.999997
0.999998
1
0.999998
0.953122
0.867789
0.786428
0.721788
0.674019
0.648863
0.637793
0.637145
0.64276
0.651184
0.664295
0.679716
0.695514
0.71097
0.725984
0.740356
0.753964
0.766746
0.778822
0.790249
0.801112
0.811363
0.820635
0.829754
0.837797
0.846053
0.852681
0.858807
0.864475
0.869703
0.874515
0.878943
0.883003
0.88673
0.890136
0.893243
0.896074
0.898642
0.900971
0.903072
0.90496
0.906651
0.908157
0.909489
0.910658
0.911678
0.912555
0.913302
0.913923
0.914428
0.914824
0.915117
0.915316
0.915424
0.915448
0.915392
0.915263
0.915066
0.914799
0.914475
0.914092
0.913654
0.913165
0.912628
0.912048
0.911423
0.910757
0.910052
0.909311
0.908533
0.907721
0.906873
0.905993
0.905077
0.904129
0.903142
0.902117
0.901053
0.899946
0.898794
0.89759
0.896332
0.895012
0.893627
0.892164
0.890619
0.888981
0.887236
0.885376
0.883383
0.881246
0.878943
0.876457
0.873768
0.870852
0.867684
0.864239
0.86049
0.856406
0.851957
0.84711
0.841837
0.836106
0.829884
0.82314
0.815842
0.807946
0.799405
0.790144
0.780056
0.768972
0.756617
0.742563
0.726151
0.706359
0.681659
0.64985
0.607914
0.552141
0.478884
0.386598
0.279398
0.170449
0.0801837
0.0249872
0.00370605
0.833373
0.890851
0.898861
0.89581
0.887596
0.875968
0.880137
0.894201
0.922281
0.968443
1
0.999999
1
0.999997
0.943802
0.843542
0.759873
0.704356
0.682662
0.673025
0.671532
0.6754
0.679872
0.687758
0.697924
0.709248
0.720938
0.732605
0.74407
0.755185
0.76587
0.776099
0.785895
0.795264
0.804208
0.812666
0.820546
0.828181
0.835144
0.842212
0.848579
0.854072
0.858929
0.863413
0.86755
0.871365
0.874878
0.878103
0.881052
0.883753
0.886207
0.888436
0.89045
0.892265
0.893886
0.895334
0.896609
0.89773
0.898699
0.899528
0.900226
0.900799
0.901255
0.901602
0.901844
0.901989
0.902043
0.902011
0.901894
0.901704
0.901441
0.901112
0.900716
0.900264
0.899754
0.899192
0.89858
0.897919
0.897218
0.896471
0.895687
0.894864
0.894003
0.893108
0.892177
0.891212
0.890214
0.889182
0.888113
0.887007
0.885863
0.884677
0.883443
0.882163
0.880828
0.879432
0.87797
0.876435
0.874817
0.873108
0.871299
0.869375
0.867324
0.865136
0.86279
0.86027
0.857562
0.854642
0.851491
0.848086
0.844409
0.840428
0.836126
0.831475
0.826449
0.821025
0.815175
0.808874
0.802086
0.794782
0.786912
0.77841
0.769182
0.759094
0.747939
0.735395
0.720994
0.704033
0.683466
0.657796
0.624909
0.581988
0.525689
0.4529
0.362701
0.259644
0.15663
0.0727283
0.0223301
0.00325596
0.829791
0.881031
0.893061
0.893268
0.88811
0.880657
0.874568
0.882278
0.907714
0.962417
1
1
1
1
0.932467
0.815257
0.737674
0.712515
0.70434
0.703153
0.70601
0.708713
0.713854
0.720627
0.728392
0.73667
0.745147
0.753641
0.762046
0.770283
0.778309
0.786096
0.793631
0.800898
0.807878
0.814538
0.820873
0.826971
0.832716
0.83843
0.84366
0.848892
0.853023
0.856665
0.860014
0.863101
0.865944
0.868552
0.870941
0.873114
0.87509
0.876874
0.878473
0.879905
0.881171
0.88228
0.883244
0.884068
0.884758
0.885325
0.885773
0.886108
0.886334
0.886464
0.886498
0.886441
0.886299
0.886077
0.88578
0.885414
0.884979
0.884483
0.883925
0.883314
0.882647
0.881934
0.881172
0.880367
0.87952
0.878632
0.877708
0.876744
0.875746
0.874711
0.87364
0.872535
0.871394
0.870217
0.869002
0.867746
0.866449
0.865103
0.863706
0.862254
0.860739
0.859155
0.857499
0.855759
0.853927
0.851993
0.84995
0.847782
0.845481
0.843033
0.84042
0.837634
0.834654
0.831466
0.828049
0.824394
0.820476
0.816276
0.811778
0.806962
0.801805
0.796285
0.790381
0.78406
0.777286
0.770018
0.762192
0.753726
0.744504
0.734349
0.72303
0.710193
0.695335
0.677737
0.656371
0.629786
0.595996
0.552422
0.496088
0.424395
0.336986
0.238748
0.142218
0.0650392
0.0196191
0.00280154
0.825418
0.86749
0.882641
0.886967
0.885932
0.882483
0.879661
0.874566
0.888619
0.954206
1
1
0.999999
1
0.91806
0.781919
0.737387
0.731099
0.730976
0.733175
0.735251
0.738967
0.743684
0.748991
0.754628
0.760432
0.766299
0.772168
0.777999
0.783753
0.789411
0.794951
0.800355
0.805606
0.810693
0.815597
0.820321
0.824884
0.829268
0.833551
0.837569
0.841619
0.845655
0.84834
0.850793
0.853046
0.855111
0.856995
0.858705
0.860247
0.861632
0.862864
0.863952
0.864895
0.865707
0.86639
0.866948
0.867389
0.867718
0.867941
0.868063
0.868087
0.868022
0.867867
0.867632
0.867317
0.866927
0.866468
0.86594
0.865351
0.864704
0.863998
0.863239
0.862431
0.861574
0.860671
0.859725
0.858736
0.857707
0.856637
0.855529
0.854385
0.8532
0.851976
0.850712
0.849409
0.848064
0.846674
0.845241
0.843758
0.842224
0.840631
0.838978
0.837255
0.835462
0.83359
0.831634
0.829584
0.827435
0.825177
0.8228
0.8203
0.817662
0.81488
0.81194
0.808833
0.805545
0.802066
0.798384
0.794484
0.790352
0.785974
0.781332
0.776408
0.771184
0.765636
0.759731
0.753436
0.746708
0.739486
0.731695
0.723232
0.713953
0.703675
0.692128
0.678952
0.663632
0.645464
0.623453
0.596237
0.561973
0.518338
0.462712
0.392966
0.309219
0.216579
0.127122
0.0570472
0.0168228
0.00234625
0.819191
0.849352
0.865006
0.872716
0.875768
0.876081
0.874955
0.873086
0.864771
0.942378
0.999999
1
1
1
0.898224
0.753514
0.752024
0.75339
0.755095
0.7571
0.760002
0.763348
0.766893
0.770529
0.774203
0.777894
0.781585
0.785266
0.788925
0.792552
0.796136
0.799662
0.803124
0.80651
0.809811
0.813016
0.81613
0.819149
0.822067
0.8249
0.827624
0.830391
0.833783
0.835648
0.83715
0.838482
0.839669
0.840723
0.841649
0.842451
0.843139
0.843708
0.844163
0.844515
0.844766
0.844912
0.844965
0.844928
0.844797
0.844584
0.844289
0.843917
0.843469
0.842948
0.842357
0.841703
0.840984
0.840206
0.839369
0.838476
0.83753
0.836531
0.835483
0.834387
0.833241
0.832051
0.830815
0.829533
0.828206
0.826835
0.825417
0.823952
0.822442
0.820883
0.819274
0.817614
0.815899
0.814131
0.812302
0.810415
0.808464
0.806444
0.804355
0.802192
0.79995
0.797626
0.795215
0.792712
0.790113
0.787413
0.784606
0.781687
0.778648
0.775485
0.772188
0.768754
0.765169
0.761429
0.757521
0.753436
0.74916
0.744678
0.739976
0.735032
0.729823
0.724323
0.718497
0.712299
0.705678
0.698565
0.690875
0.682487
0.673256
0.662982
0.651391
0.638126
0.622683
0.60439
0.582305
0.555166
0.521293
0.478597
0.424784
0.358126
0.279113
0.192947
0.111169
0.0485759
0.013815
0.00187143
0.806061
0.823834
0.835592
0.843422
0.848549
0.851699
0.853194
0.85225
0.850985
0.919266
1
1
0.999998
1
0.864235
0.760404
0.761773
0.763077
0.764754
0.766629
0.76856
0.770478
0.772376
0.774261
0.776132
0.777996
0.77985
0.781689
0.783511
0.785308
0.787078
0.788812
0.790503
0.792154
0.793752
0.795295
0.796788
0.798223
0.799604
0.800939
0.802251
0.803634
0.805597
0.806403
0.806806
0.807059
0.807206
0.807247
0.807198
0.807064
0.806842
0.806534
0.806149
0.805682
0.805138
0.804516
0.803824
0.803057
0.802218
0.801311
0.800339
0.799296
0.798193
0.797022
0.795792
0.794499
0.793147
0.791738
0.790268
0.788743
0.787162
0.785524
0.783831
0.782082
0.780279
0.778423
0.776512
0.774545
0.772525
0.770448
0.768316
0.76613
0.763885
0.761582
0.75922
0.756799
0.754338
0.751839
0.749299
0.74672
0.744098
0.741434
0.738725
0.735971
0.733169
0.730321
0.727424
0.724475
0.721475
0.718422
0.715312
0.712143
0.708912
0.705616
0.702252
0.698812
0.695292
0.691686
0.687984
0.684176
0.68025
0.676192
0.671986
0.667608
0.663033
0.65823
0.653162
0.647778
0.64202
0.635812
0.629062
0.621648
0.613415
0.604159
0.593614
0.581421
0.567104
0.550014
0.529277
0.503727
0.471828
0.4317
0.38133
0.319308
0.246371
0.16769
0.0942158
0.0394423
0.0103799
0.00119838
)
;

boundaryField
{
    walls
    {
        type            zeroGradient;
    }
    top
    {
        type            zeroGradient;
    }
    bottom
    {
        type            zeroGradient;
    }
    frontAndBack
    {
        type            empty;
    }
    inlet
    {
        type            uniformFixedValue;
        uniformValue    
        {
            type            constant;
            value           1;
        }
        value           uniform 1;
    }
    outlet
    {
        type            zeroGradient;
    }
}


// ************************************************************************* //
