/*--------------------------------*- C++ -*----------------------------------*\
  =========                 |
  \\      /  F ield         | OpenFOAM: The Open Source CFD Toolbox
   \\    /   O peration     | Website:  https://openfoam.org
    \\  /    A nd           | Version:  12
     \\/     M anipulation  |
\*---------------------------------------------------------------------------*/
FoamFile
{
    format      ascii;
    class       volScalarField;
    location    "100";
    object      T;
}
// * * * * * * * * * * * * * * * * * * * * * * * * * * * * * * * * * * * * * //

dimensions      [];

internalField   nonuniform List<scalar> 
4480
(
5.68205e-16
2.70047e-13
3.12144e-09
1.91352e-06
0.000126822
0.00161753
0.00758505
0.0206412
0.0410685
0.0673068
0.0970954
0.128261
0.159058
0.188234
0.214968
0.238777
0.259421
0.276832
0.291044
0.30216
0.31032
0.31568
0.318401
0.31864
0.316547
0.312267
0.305932
0.298422
0.290741
0.282845
0.274686
0.26622
0.257398
0.248175
0.238505
0.228344
0.21765
0.206388
0.194529
0.182061
0.168988
0.155342
0.14119
0.126645
0.111868
0.0970782
0.0825472
0.0685857
0.0555194
0.0436563
0.0332488
0.0244579
0.0173321
0.0118053
0.00771329
0.00482666
0.00288915
0.00165289
0.000903347
0.000471573
0.00023518
0.0001121
5.11053e-05
2.23036e-05
9.32812e-06
3.74335e-06
1.44326e-06
5.35398e-07
1.9138e-07
6.60219e-08
2.20159e-08
7.10813e-09
2.22569e-09
6.77024e-10
2.00411e-10
5.7835e-11
1.63007e-11
4.49562e-12
1.21562e-12
3.22942e-13
8.44699e-14
2.18018e-14
5.56525e-15
4.95983e-15
4.85868e-15
4.21611e-15
3.39691e-15
2.61658e-15
1.9615e-15
1.44917e-15
1.06519e-15
7.84725e-16
5.82902e-16
4.3882e-16
3.36318e-16
2.63479e-16
2.11776e-16
1.75229e-16
1.49725e-16
1.32486e-16
1.21723e-16
1.16393e-16
1.16079e-16
1.20966e-16
1.31933e-16
1.50797e-16
1.80814e-16
2.27606e-16
3.00904e-16
4.1783e-16
6.0923e-16
9.32191e-16
1.49537e-15
2.51152e-15
4.40899e-15
8.07415e-15
1.53905e-14
3.04686e-14
6.25488e-14
1.33389e-13
2.98684e-13
7.16932e-13
1.87205e-12
5.49733e-12
2.07498e-11
8.27921e-11
1.7874e-10
2.37542e-10
7.68083e-11
1.96609e-12
5.58043e-14
7.95056e-16
9.60193e-18
1.15597e-19
1.28578e-21
1.07622e-23
6.90227e-26
2.54498e-28
4.33429e-31
1.99691e-34
8.40518e-16
6.55949e-11
2.0517e-07
5.3875e-05
0.00181509
0.0135682
0.0438132
0.0918022
0.150803
0.21367
0.275244
0.332511
0.384029
0.429323
0.468466
0.501812
0.529834
0.553034
0.571901
0.586883
0.598377
0.60672
0.612204
0.615065
0.615502
0.613668
0.609682
0.60363
0.596044
0.587028
0.576676
0.565079
0.552322
0.538475
0.523597
0.507738
0.490931
0.4732
0.454552
0.43499
0.414507
0.393095
0.370747
0.347471
0.323296
0.298279
0.27253
0.246214
0.219566
0.1929
0.166603
0.14113
0.11697
0.094613
0.0744992
0.0569646
0.0421999
0.0302247
0.0208918
0.0139159
0.00892226
0.00550213
0.00326197
0.00185894
0.00101848
0.000536675
0.000272145
0.00013291
6.25731e-05
2.8427e-05
1.24758e-05
5.29547e-06
2.17652e-06
8.67304e-07
3.35476e-07
1.26115e-07
4.61324e-08
1.64398e-08
5.71408e-09
1.9393e-09
6.43388e-10
2.08886e-10
6.64367e-11
2.48431e-11
1.15853e-11
6.24718e-12
3.62144e-12
2.17614e-12
1.3376e-12
8.37704e-13
5.34199e-13
3.47103e-13
2.3012e-13
1.55943e-13
1.0824e-13
7.71178e-14
5.65261e-14
4.27205e-14
3.33641e-14
2.69838e-14
2.26459e-14
1.97586e-14
1.79539e-14
1.70162e-14
1.6844e-14
1.74329e-14
1.88794e-14
2.14057e-14
2.54147e-14
3.1594e-14
4.11044e-14
5.59228e-14
7.94727e-14
1.17799e-13
1.81809e-13
2.91618e-13
4.85189e-13
8.35968e-13
1.49025e-12
2.75057e-12
5.2721e-12
1.05304e-11
2.18666e-11
4.66584e-11
9.93896e-11
1.92938e-10
2.92859e-10
2.95578e-10
9.59446e-11
3.64068e-12
1.27068e-13
3.54988e-15
7.93446e-17
1.40792e-18
2.12444e-20
2.31311e-22
1.88563e-24
8.92651e-27
2.02768e-29
1.4814e-32
5.87867e-13
4.66824e-09
5.04623e-06
0.000615566
0.0111593
0.0526785
0.125995
0.214996
0.304701
0.386974
0.458968
0.520548
0.572615
0.616341
0.652862
0.6832
0.708241
0.728739
0.745338
0.75858
0.768915
0.776712
0.78228
0.785862
0.787652
0.787801
0.786423
0.783368
0.778663
0.772379
0.764584
0.755336
0.744694
0.732706
0.719423
0.704884
0.689123
0.672166
0.654028
0.634711
0.614212
0.59251
0.569582
0.545391
0.519904
0.493094
0.464942
0.435462
0.404707
0.37279
0.339897
0.306303
0.272382
0.238603
0.205518
0.173731
0.143852
0.116449
0.0919843
0.0707754
0.0529571
0.0384772
0.0271125
0.018509
0.0122321
0.00782156
0.00483772
0.00289412
0.00167489
0.000937994
0.000508589
0.000267155
0.000136052
6.72268e-05
3.22595e-05
1.5047e-05
6.82864e-06
3.01802e-06
1.30028e-06
5.46643e-07
2.24455e-07
9.01019e-08
3.5393e-08
1.4104e-08
5.88923e-09
2.60608e-09
1.22615e-09
6.10861e-10
3.19722e-10
1.74415e-10
9.85689e-11
5.7487e-11
3.45294e-11
2.13433e-11
1.35775e-11
8.89484e-12
6.0069e-12
4.18698e-12
3.01649e-12
2.24957e-12
1.73918e-12
1.39596e-12
1.16488e-12
1.01182e-12
9.15822e-13
8.64519e-13
8.51647e-13
8.75833e-13
9.40324e-13
1.05368e-12
1.23153e-12
1.49993e-12
1.90118e-12
2.50377e-12
3.4194e-12
4.83228e-12
7.05015e-12
1.05938e-11
1.63556e-11
2.58802e-11
4.18354e-11
6.86822e-11
1.13162e-10
1.83207e-10
2.81787e-10
3.89831e-10
4.4441e-10
3.60059e-10
1.21873e-10
6.51582e-12
2.88093e-13
1.08272e-14
3.30358e-16
7.8285e-18
1.54316e-19
2.15678e-21
2.23524e-23
1.35558e-25
4.06263e-28
4.16544e-31
6.66454e-11
1.48781e-07
6.53692e-05
0.00397199
0.0411771
0.132364
0.248802
0.361327
0.457782
0.537053
0.601867
0.655226
0.699429
0.736111
0.766492
0.791537
0.812056
0.828733
0.842158
0.852831
0.861174
0.867536
0.872201
0.875403
0.877319
0.878089
0.877818
0.876425
0.873819
0.870032
0.865084
0.85898
0.851723
0.843306
0.833722
0.822965
0.811025
0.797886
0.783538
0.767959
0.751124
0.733
0.713544
0.692706
0.670424
0.646633
0.62126
0.594239
0.565511
0.535045
0.502847
0.468976
0.433573
0.396865
0.359188
0.320988
0.282814
0.245296
0.209117
0.174952
0.143427
0.115052
0.0901847
0.0689938
0.0514587
0.0373836
0.0264335
0.0181814
0.0121599
0.00790618
0.00499701
0.00307045
0.00183457
0.00106625
0.000603073
0.000332119
0.000178193
9.32068e-05
4.75623e-05
2.36948e-05
1.15332e-05
5.48886e-06
2.55618e-06
1.17822e-06
5.45549e-07
2.55389e-07
1.21613e-07
5.92142e-08
2.95951e-08
1.52194e-08
8.0619e-09
4.39971e-09
2.47323e-09
1.43169e-09
8.53415e-10
5.23966e-10
3.31528e-10
2.1635e-10
1.45762e-10
1.01501e-10
7.31379e-11
5.45977e-11
4.22727e-11
3.3982e-11
2.83878e-11
2.46611e-11
2.22898e-11
2.09656e-11
2.05203e-11
2.08914e-11
2.21074e-11
2.42896e-11
2.76683e-11
3.26159e-11
3.97018e-11
4.9776e-11
6.40906e-11
8.44659e-11
1.13497e-10
1.54738e-10
2.12665e-10
2.91858e-10
3.94315e-10
5.13634e-10
6.26294e-10
6.84816e-10
6.2719e-10
4.25937e-10
1.50581e-10
1.13839e-11
6.11706e-13
2.81526e-14
1.0583e-15
3.09568e-17
7.53401e-19
1.29991e-20
1.667e-22
1.26473e-24
4.84877e-27
6.59163e-30
3.0911e-09
2.65029e-06
0.000525468
0.0168711
0.106374
0.249166
0.386222
0.495655
0.579266
0.64461
0.697781
0.7422
0.779547
0.81077
0.836597
0.857711
0.874779
0.888422
0.899198
0.907603
0.914058
0.918911
0.922447
0.924891
0.926419
0.927157
0.9272
0.926526
0.925013
0.922685
0.919549
0.915599
0.91082
0.905186
0.898668
0.891231
0.882836
0.873447
0.86302
0.851516
0.838884
0.825079
0.810037
0.793699
0.775988
0.756824
0.736112
0.713751
0.689636
0.663661
0.635733
0.605779
0.573762
0.539702
0.503694
0.465924
0.426686
0.38639
0.345563
0.304828
0.264879
0.226438
0.190205
0.156801
0.126721
0.100297
0.0776725
0.0588103
0.0435077
0.0314325
0.022168
0.015258
0.010248
0.00671656
0.00429598
0.00268205
0.00163488
0.000973355
0.000566245
0.000322029
0.00017913
9.75135e-05
5.19811e-05
2.72558e-05
1.41828e-05
7.34866e-06
3.8048e-06
1.97567e-06
1.0326e-06
5.45128e-07
2.9162e-07
1.5854e-07
8.7811e-08
4.96554e-08
2.87194e-08
1.70162e-08
1.03429e-08
6.45805e-09
4.14763e-09
2.74345e-09
1.87126e-09
1.31775e-09
9.59145e-10
7.22321e-10
5.63308e-10
4.55226e-10
3.81387e-10
3.3132e-10
2.98414e-10
2.78544e-10
2.69229e-10
2.6915e-10
2.77862e-10
2.9564e-10
3.23403e-10
3.62672e-10
4.15519e-10
4.84404e-10
5.71783e-10
6.79196e-10
8.05493e-10
9.43726e-10
1.0768e-09
1.17365e-09
1.19035e-09
1.08252e-09
8.33417e-10
4.91887e-10
1.7861e-10
1.94274e-11
1.22606e-12
6.62527e-14
2.93138e-15
1.01296e-16
2.92588e-18
6.02386e-20
9.28465e-22
8.57648e-24
4.08313e-26
7.08264e-29
7.97435e-08
3.0281e-05
0.0029011
0.0517526
0.210733
0.381245
0.508588
0.597139
0.662185
0.714689
0.759927
0.799329
0.832994
0.86102
0.883799
0.901951
0.916167
0.927118
0.935421
0.941603
0.94612
0.949345
0.951579
0.953051
0.953934
0.954351
0.954377
0.954027
0.95311
0.951644
0.949631
0.947062
0.943917
0.940171
0.93579
0.930735
0.924967
0.918438
0.9111
0.902905
0.893797
0.883717
0.872604
0.86039
0.846998
0.83234
0.816321
0.798833
0.779759
0.758968
0.736325
0.711698
0.68496
0.656006
0.624767
0.591233
0.555463
0.517608
0.477928
0.436806
0.394737
0.352321
0.310245
0.269237
0.230022
0.193276
0.159572
0.129342
0.102847
0.0801738
0.0612377
0.0458096
0.0335504
0.0240512
0.0168739
0.0115854
0.00778466
0.00511988
0.00329649
0.00207839
0.00128359
0.000776801
0.000460846
0.000268488
0.000154556
8.80879e-05
4.98145e-05
2.80164e-05
1.57092e-05
8.80431e-06
4.94531e-06
2.79137e-06
1.58758e-06
9.12218e-07
5.30901e-07
3.13717e-07
1.88655e-07
1.157e-07
7.25095e-08
4.6522e-08
3.06099e-08
2.06861e-08
1.43785e-08
1.0292e-08
7.59408e-09
5.78091e-09
4.54253e-09
3.68551e-09
3.08724e-09
2.66896e-09
2.37947e-09
2.18508e-09
2.06351e-09
1.99987e-09
1.98398e-09
2.00845e-09
2.06707e-09
2.15312e-09
2.25754e-09
2.36673e-09
2.46018e-09
2.50873e-09
2.47536e-09
2.32146e-09
2.02087e-09
1.58019e-09
1.05674e-09
5.58194e-10
2.02073e-10
3.24726e-11
2.35263e-12
1.45642e-13
7.39115e-15
2.93788e-16
9.80868e-18
2.34939e-19
4.24914e-21
4.6681e-23
2.69333e-25
5.80458e-28
1.35469e-06
0.000243959
0.0117886
0.121977
0.339785
0.500275
0.598503
0.663811
0.715
0.760672
0.802965
0.840651
0.87246
0.898144
0.918215
0.933492
0.944823
0.952991
0.958675
0.962465
0.964854
0.966249
0.966971
0.967271
0.967321
0.967236
0.967078
0.966872
0.966347
0.965507
0.964338
0.962815
0.960912
0.958595
0.955828
0.952568
0.948779
0.944414
0.939428
0.933775
0.927403
0.920258
0.912286
0.90342
0.893594
0.882726
0.87073
0.857505
0.842943
0.826914
0.809281
0.789897
0.768603
0.74524
0.719665
0.691747
0.661396
0.628578
0.593331
0.555782
0.516171
0.47485
0.432294
0.389079
0.345874
0.303394
0.262369
0.223494
0.187377
0.15451
0.125227
0.099702
0.0779404
0.0598013
0.0450212
0.0332497
0.0240862
0.0171133
0.0119261
0.00815265
0.00546762
0.00359826
0.00232432
0.00147435
0.000922515
0.000570151
0.000348559
0.000211111
0.00012689
7.5825e-05
4.51341e-05
2.68163e-05
1.59379e-05
9.49669e-06
5.68632e-06
3.42944e-06
2.0882e-06
1.28672e-06
8.04167e-07
5.10856e-07
3.30543e-07
2.18254e-07
1.47315e-07
1.01799e-07
7.21122e-08
5.24202e-08
3.91327e-08
3.00141e-08
2.36537e-08
1.91491e-08
1.5914e-08
1.35618e-08
1.18328e-08
1.05486e-08
9.58344e-09
8.84461e-09
8.26028e-09
7.7705e-09
7.32147e-09
6.86241e-09
6.34519e-09
5.72786e-09
4.98276e-09
4.10869e-09
3.1431e-09
2.16671e-09
1.29111e-09
6.2451e-10
2.21789e-10
4.72096e-11
4.37446e-12
3.05143e-13
1.7461e-14
7.84321e-16
2.97203e-17
8.13133e-19
1.6945e-20
2.17393e-22
1.49233e-24
3.92605e-27
1.70157e-05
0.00148531
0.0370052
0.230624
0.465422
0.587271
0.65545
0.705076
0.749694
0.793742
0.836237
0.87356
0.903767
0.926921
0.944007
0.956167
0.964412
0.969598
0.972456
0.973621
0.973637
0.972955
0.97194
0.970857
0.969893
0.969159
0.968704
0.968526
0.968302
0.968002
0.967589
0.967016
0.966236
0.965197
0.963849
0.962144
0.960032
0.957473
0.954421
0.950829
0.946659
0.941862
0.936392
0.930197
0.92322
0.9154
0.906662
0.896923
0.886089
0.874054
0.860691
0.845862
0.829415
0.811186
0.790999
0.768684
0.744077
0.717035
0.687455
0.65529
0.620566
0.583396
0.54401
0.502744
0.460052
0.416497
0.372726
0.329443
0.287366
0.247191
0.209542
0.174936
0.143751
0.116215
0.0923958
0.0722171
0.0554772
0.041879
0.0310628
0.0226374
0.0162094
0.011405
0.00788632
0.00535966
0.00359019
0.00237314
0.00154948
0.00100044
0.000639518
0.000405268
0.000254959
0.000159479
9.93456e-05
6.17399e-05
3.83495e-05
2.38548e-05
1.48897e-05
9.3453e-06
5.91023e-06
3.77422e-06
2.43865e-06
1.59743e-06
1.06278e-06
7.19356e-07
4.96095e-07
3.49013e-07
2.50722e-07
1.84032e-07
1.38064e-07
1.05855e-07
8.29031e-08
6.62592e-08
5.3966e-08
4.47042e-08
3.75699e-08
3.19329e-08
2.73454e-08
2.3484e-08
2.01132e-08
1.70647e-08
1.42265e-08
1.15392e-08
8.99582e-09
6.6387e-09
4.54848e-09
2.82021e-09
1.52806e-09
6.88629e-10
2.40314e-10
5.81985e-11
7.959e-12
6.17924e-13
3.93802e-14
1.97401e-15
8.37963e-17
2.58424e-18
6.12212e-20
9.04935e-22
7.29483e-24
2.31679e-26
0.000173701
0.00720191
0.0927091
0.360838
0.561527
0.640359
0.689304
0.731796
0.774874
0.820124
0.864121
0.901099
0.929168
0.949276
0.963057
0.971917
0.976921
0.978933
0.978715
0.976958
0.974284
0.971219
0.96818
0.965476
0.963309
0.96179
0.960948
0.960741
0.960775
0.961
0.961347
0.961738
0.962094
0.962341
0.962403
0.962211
0.961707
0.960834
0.959543
0.957796
0.955546
0.95276
0.949397
0.945417
0.94078
0.935438
0.929336
0.922414
0.914597
0.905799
0.895921
0.884846
0.872443
0.858561
0.843035
0.82569
0.806338
0.784799
0.760896
0.734481
0.705446
0.673736
0.639374
0.602476
0.563265
0.522072
0.479347
0.435639
0.391585
0.347876
0.30522
0.264304
0.225752
0.19009
0.157717
0.128886
0.103703
0.0821329
0.0640158
0.0490955
0.0370461
0.0275034
0.0200903
0.0144405
0.0102272
0.00714533
0.00492815
0.00335804
0.00226258
0.00150889
0.000997012
0.000653473
0.000425384
0.000275384
0.000177553
0.000114186
7.33669e-05
4.71765e-05
3.04129e-05
1.96913e-05
1.28281e-05
8.42358e-06
5.58504e-06
3.74504e-06
2.54348e-06
1.75186e-06
1.22498e-06
8.7025e-07
6.28407e-07
4.61266e-07
3.44059e-07
2.60583e-07
2.00147e-07
1.55621e-07
1.22203e-07
9.66267e-08
7.66523e-08
6.07335e-08
4.78057e-08
3.71436e-08
2.82675e-08
2.08759e-08
1.47924e-08
9.9179e-09
6.18321e-09
3.50533e-09
1.75496e-09
7.46344e-10
2.55982e-10
6.60312e-11
1.16586e-11
1.22223e-12
8.59403e-14
4.76302e-15
2.24344e-16
7.7238e-18
2.05992e-19
3.47457e-21
3.25992e-23
1.24172e-25
0.00138765
0.0290266
0.188874
0.479148
0.618905
0.670009
0.710695
0.750975
0.794806
0.842481
0.888347
0.924381
0.949578
0.966229
0.976583
0.982093
0.983732
0.982315
0.978655
0.973552
0.96775
0.961891
0.956478
0.951872
0.9483
0.945866
0.944578
0.944292
0.944593
0.945388
0.946569
0.94802
0.949621
0.95126
0.952831
0.954241
0.955405
0.956253
0.956726
0.956775
0.956358
0.955439
0.953985
0.951969
0.949363
0.946134
0.942244
0.937651
0.932305
0.926145
0.919092
0.911061
0.901945
0.89162
0.879947
0.866766
0.851897
0.83516
0.816355
0.79529
0.77179
0.7457
0.71691
0.685373
0.651116
0.614262
0.575041
0.533794
0.490971
0.447127
0.402892
0.358953
0.316009
0.274736
0.235751
0.199574
0.166604
0.137102
0.111186
0.0888403
0.0699275
0.054215
0.0414003
0.0311391
0.0230823
0.0168792
0.0121824
0.00868304
0.0061156
0.00425937
0.00293581
0.00200429
0.00135661
0.000911287
0.000608194
0.000403772
0.000266987
0.000176073
0.000115973
7.64043e-05
5.04233e-05
3.33847e-05
2.22082e-05
1.48644e-05
1.00237e-05
6.81822e-06
4.68286e-06
3.25e-06
2.28035e-06
1.61783e-06
1.16035e-06
8.40792e-07
6.1484e-07
4.53014e-07
3.35582e-07
2.49242e-07
1.84962e-07
1.36571e-07
9.98266e-08
7.17983e-08
5.04449e-08
3.43231e-08
2.23818e-08
1.38115e-08
7.94092e-09
4.17222e-09
1.95489e-09
7.91985e-10
2.66894e-10
7.13247e-11
1.4274e-11
2.00353e-12
1.83371e-13
1.11579e-14
5.78976e-16
2.20972e-17
6.58836e-19
1.25974e-20
1.3677e-22
6.22691e-25
0.00627371
0.0782876
0.317884
0.559565
0.647138
0.688118
0.725852
0.765665
0.811142
0.861837
0.909594
0.943869
0.965556
0.978611
0.985623
0.987793
0.985852
0.980582
0.972918
0.963863
0.954356
0.945195
0.936997
0.930187
0.925006
0.921552
0.919797
0.919432
0.920056
0.921528
0.923689
0.926369
0.9294
0.932623
0.935891
0.939076
0.942064
0.944766
0.947106
0.94902
0.950465
0.951404
0.951807
0.951653
0.950924
0.9496
0.947661
0.945083
0.941835
0.937878
0.933161
0.927621
0.921184
0.913749
0.905207
0.895426
0.884254
0.871522
0.857041
0.840618
0.822048
0.801132
0.77769
0.751572
0.722672
0.690954
0.656462
0.619335
0.579826
0.538294
0.495212
0.451144
0.406732
0.362662
0.319627
0.278296
0.239266
0.203043
0.170008
0.14041
0.114359
0.091836
0.0727055
0.0567428
0.0436622
0.0331495
0.0248408
0.0183797
0.0134337
0.00970416
0.00693232
0.00490045
0.00343038
0.00237978
0.00163754
0.00111869
0.000759478
0.000512946
0.000345033
0.000231413
0.000154943
0.000103691
6.94416e-05
4.65928e-05
3.13557e-05
2.11864e-05
1.43849e-05
9.82126e-06
6.74567e-06
4.66177e-06
3.24094e-06
2.2654e-06
1.59056e-06
1.1201e-06
7.89599e-07
5.55764e-07
3.89331e-07
2.7039e-07
1.85291e-07
1.24583e-07
8.16358e-08
5.17183e-08
3.13764e-08
1.80214e-08
9.66498e-09
4.75929e-09
2.10818e-09
8.19366e-10
2.7121e-10
7.38382e-11
1.58995e-11
2.59632e-12
3.08219e-13
2.56325e-14
1.45743e-15
6.13518e-17
2.035e-18
4.39139e-20
5.49806e-22
2.98789e-24
0.0196858
0.152854
0.431426
0.60935
0.664291
0.701055
0.73705
0.776953
0.82453
0.878619
0.928203
0.959844
0.977614
0.98723
0.991124
0.989881
0.983928
0.974117
0.961655
0.947862
0.933955
0.920933
0.90953
0.900228
0.893277
0.888746
0.886558
0.886159
0.887221
0.889544
0.8929
0.897054
0.901774
0.906842
0.912064
0.917268
0.922307
0.927063
0.931438
0.935359
0.938771
0.941637
0.943932
0.945632
0.946733
0.947224
0.947099
0.946349
0.944963
0.942921
0.940196
0.936748
0.932526
0.927464
0.921477
0.914463
0.9063
0.896844
0.885933
0.873382
0.858996
0.842565
0.82388
0.802736
0.778957
0.752394
0.722959
0.690635
0.655493
0.617707
0.577565
0.535463
0.491906
0.447491
0.402876
0.358756
0.315821
0.274722
0.236034
0.200232
0.167664
0.138543
0.112952
0.090847
0.072076
0.0564364
0.043621
0.0332898
0.0250921
0.0186866
0.0137555
0.0100134
0.00721233
0.00514304
0.00363326
0.00254456
0.00176806
0.00121984
0.000836387
0.000570425
0.00038733
0.000262101
0.000176916
0.000119228
8.02943e-05
5.40787e-05
3.64501e-05
2.45999e-05
1.66292e-05
1.12603e-05
7.63645e-06
5.18397e-06
3.51941e-06
2.38633e-06
1.61307e-06
1.08446e-06
7.22983e-07
4.76233e-07
3.08594e-07
1.95688e-07
1.20685e-07
7.1857e-08
4.09481e-08
2.21041e-08
1.11652e-08
5.20082e-09
2.19559e-09
8.23034e-10
2.67527e-10
7.34126e-11
1.6516e-11
2.95377e-12
4.07026e-13
4.19326e-14
3.14234e-15
1.67148e-16
6.14741e-18
1.49302e-19
2.1516e-21
1.39573e-23
0.0480001
0.239898
0.513974
0.636713
0.678922
0.711331
0.745029
0.785339
0.835277
0.893025
0.944372
0.972557
0.986302
0.992894
0.993895
0.988951
0.978242
0.962907
0.944636
0.925199
0.906159
0.888726
0.873748
0.861739
0.852934
0.84735
0.844836
0.844506
0.846188
0.8496
0.854432
0.860364
0.86709
0.874321
0.881801
0.88931
0.896664
0.903708
0.910328
0.916434
0.921964
0.926872
0.931136
0.93474
0.937683
0.939965
0.941596
0.942577
0.942913
0.942604
0.941642
0.94001
0.937676
0.934603
0.930732
0.92599
0.920283
0.913494
0.905495
0.896119
0.885194
0.87252
0.857885
0.84107
0.821855
0.80004
0.775445
0.747942
0.717468
0.684039
0.64777
0.608889
0.567737
0.524768
0.48054
0.435686
0.390895
0.34687
0.304294
0.263792
0.225902
0.191046
0.159521
0.131484
0.106956
0.0858905
0.0680966
0.0533094
0.0412158
0.0314781
0.0237557
0.017721
0.0130719
0.00953919
0.00689001
0.00492824
0.00349285
0.00245443
0.00171115
0.00118437
0.000814439
0.000556811
0.000378743
0.00025649
0.000173047
0.00011638
7.80599e-05
5.22354e-05
3.48797e-05
2.32406e-05
1.54481e-05
1.0238e-05
6.75907e-06
4.43952e-06
2.89613e-06
1.87232e-06
1.19627e-06
7.5285e-07
4.64795e-07
2.80152e-07
1.6392e-07
9.24823e-08
4.99165e-08
2.55366e-08
1.22487e-08
5.43859e-09
2.2024e-09
7.99584e-10
2.5523e-10
7.00977e-11
1.6181e-11
3.06255e-12
4.63196e-13
5.45162e-14
4.85604e-15
3.17358e-16
1.46264e-17
4.47188e-19
8.07778e-21
6.43373e-23
0.0940208
0.350689
0.568262
0.653793
0.68994
0.719976
0.750692
0.79115
0.843544
0.905128
0.958258
0.982292
0.992215
0.996369
0.994574
0.985311
0.968749
0.94664
0.921404
0.89539
0.870535
0.848245
0.829446
0.814642
0.804015
0.7975
0.794852
0.794771
0.797319
0.802118
0.808756
0.816814
0.825893
0.835626
0.845688
0.855803
0.865739
0.875316
0.884396
0.892869
0.900668
0.907745
0.914075
0.919652
0.924477
0.928565
0.931931
0.934595
0.936575
0.937885
0.938535
0.938528
0.937854
0.936494
0.934417
0.931569
0.927892
0.923292
0.917666
0.910882
0.902785
0.893201
0.881931
0.86876
0.853456
0.835791
0.815539
0.792501
0.766515
0.737482
0.705378
0.670277
0.632364
0.591944
0.549435
0.505366
0.460363
0.415105
0.370309
0.326678
0.284876
0.245482
0.208971
0.175694
0.145848
0.119554
0.0967693
0.0773472
0.0610551
0.0476028
0.0366654
0.0279058
0.0209926
0.0156138
0.0114861
0.00836051
0.00602377
0.00429813
0.00303862
0.00212949
0.00148013
0.00102088
0.000699074
0.000475508
0.00032142
0.000215991
0.000144338
9.59371e-05
6.34276e-05
4.17059e-05
2.72643e-05
1.77096e-05
1.14196e-05
7.30103e-06
4.62059e-06
2.88865e-06
1.77935e-06
1.07656e-06
6.37389e-07
3.67645e-07
2.05511e-07
1.10651e-07
5.69743e-08
2.78213e-08
1.27595e-08
5.4347e-09
2.12225e-09
7.48709e-10
2.3473e-10
6.42186e-11
1.5032e-11
2.94747e-12
4.73295e-13
6.07328e-14
6.0585e-15
4.54546e-16
2.45404e-17
8.91298e-19
1.92795e-20
1.8476e-22
0.143366
0.423137
0.603021
0.665463
0.697464
0.725406
0.755753
0.7946
0.849391
0.914921
0.969985
0.989386
0.995968
0.99833
0.993589
0.978998
0.955141
0.92482
0.891433
0.858
0.826807
0.799406
0.77672
0.759195
0.746914
0.739703
0.737191
0.73762
0.741354
0.747894
0.756707
0.767259
0.779046
0.791613
0.804562
0.817558
0.830326
0.842652
0.854372
0.865369
0.875566
0.884915
0.893394
0.901001
0.907746
0.913654
0.918752
0.923068
0.926639
0.929492
0.931651
0.933136
0.933956
0.934111
0.933588
0.93236
0.930386
0.927603
0.92393
0.919265
0.913477
0.906417
0.897907
0.887744
0.875705
0.861553
0.845042
0.82593
0.803997
0.779055
0.750981
0.719726
0.685336
0.647974
0.607924
0.565593
0.521505
0.47628
0.430609
0.38522
0.340839
0.29815
0.257765
0.220188
0.185794
0.154832
0.127428
0.103569
0.0831313
0.0659011
0.0516007
0.0399132
0.0305036
0.0230385
0.0172001
0.0126969
0.00927021
0.00669642
0.00478749
0.00338872
0.00237566
0.00165009
0.00113593
0.000775276
0.000524738
0.000352293
0.00023464
0.000155043
0.000101629
6.60682e-05
4.25779e-05
2.71837e-05
1.71776e-05
1.07302e-05
6.61556e-06
4.01772e-06
2.39771e-06
1.402e-06
8.00435e-07
4.44367e-07
2.38727e-07
1.23413e-07
6.09939e-08
2.86017e-08
1.26153e-08
5.18168e-09
1.95961e-09
6.73628e-10
2.0749e-10
5.63675e-11
1.32738e-11
2.6589e-12
4.43759e-13
6.02864e-14
6.48774e-15
5.34593e-16
3.2208e-17
1.32256e-18
3.2667e-20
3.60149e-22
0.193672
0.480049
0.628369
0.673275
0.701633
0.727795
0.758324
0.797437
0.852837
0.922353
0.979673
0.994235
0.998148
0.999328
0.991165
0.969827
0.936953
0.896906
0.854295
0.812821
0.775037
0.74252
0.716109
0.696119
0.682498
0.67493
0.672083
0.67341
0.678795
0.687576
0.69906
0.712575
0.727495
0.743267
0.759418
0.775557
0.791371
0.806618
0.821119
0.834748
0.847426
0.859108
0.869777
0.879438
0.888114
0.895836
0.902645
0.908585
0.913698
0.918028
0.921614
0.924488
0.926675
0.928192
0.929044
0.929222
0.928704
0.927451
0.925405
0.922485
0.918588
0.913587
0.907327
0.899622
0.890267
0.879028
0.86565
0.849875
0.831444
0.810116
0.785689
0.75802
0.72705
0.69282
0.65549
0.615349
0.572815
0.528423
0.482815
0.436702
0.390829
0.345942
0.302744
0.261858
0.2238
0.188936
0.157543
0.129737
0.10551
0.0847376
0.0672096
0.0526484
0.0407361
0.0311368
0.0235143
0.0175483
0.0129439
0.00943889
0.00680606
0.00485389
0.00342455
0.00239074
0.00165182
0.00112972
0.000764915
0.000512771
0.000340329
0.000223615
0.000145424
9.35734e-05
5.95416e-05
3.74393e-05
2.3241e-05
1.42254e-05
8.57222e-06
5.07587e-06
2.94659e-06
1.67235e-06
9.24956e-07
4.96635e-07
2.57715e-07
1.28582e-07
6.13145e-08
2.77523e-08
1.18295e-08
4.70621e-09
1.72979e-09
5.80723e-10
1.75814e-10
4.73261e-11
1.11509e-11
2.26022e-12
3.86497e-13
5.45171e-14
6.17413e-15
5.42434e-16
3.52641e-17
1.5789e-18
4.28866e-20
5.23485e-22
0.240284
0.52003
0.640795
0.677702
0.702579
0.727152
0.758124
0.799521
0.854303
0.92736
0.987432
0.997276
0.999278
0.999774
0.987344
0.957462
0.913664
0.86245
0.809804
0.760015
0.715734
0.678401
0.648659
0.626635
0.61211
0.60461
0.601705
0.604342
0.611782
0.623191
0.637714
0.654526
0.672876
0.692107
0.711667
0.731111
0.750091
0.76834
0.785672
0.801962
0.817129
0.831135
0.843974
0.855662
0.86623
0.875724
0.884194
0.891698
0.898289
0.904024
0.908951
0.91312
0.916566
0.919319
0.9214
0.922818
0.923561
0.923613
0.922935
0.921466
0.919128
0.915808
0.911379
0.905676
0.898502
0.889637
0.878832
0.865816
0.850312
0.832041
0.810751
0.786228
0.758331
0.727001
0.6923
0.654408
0.613646
0.570472
0.525461
0.47929
0.432701
0.386469
0.341353
0.29806
0.257211
0.219282
0.18466
0.15358
0.126137
0.102299
0.081923
0.0647817
0.0505856
0.039008
0.0297079
0.0223471
0.0166057
0.0121907
0.00884297
0.00633895
0.00449097
0.00314495
0.00217709
0.00148987
0.00100795
0.000674094
0.000445602
0.000291089
0.000187854
0.000119711
7.52845e-05
4.66869e-05
2.85212e-05
1.71429e-05
1.01225e-05
5.86097e-06
3.32033e-06
1.83564e-06
9.87318e-07
5.14798e-07
2.59133e-07
1.25324e-07
5.79132e-08
2.54104e-08
1.05102e-08
4.06475e-09
1.45637e-09
4.78428e-10
1.4244e-10
3.79397e-11
8.91066e-12
1.81549e-12
3.14947e-13
4.55091e-14
5.33222e-15
4.89349e-16
3.35296e-17
1.59484e-18
4.63274e-20
6.07957e-22
0.281183
0.547813
0.647221
0.678893
0.700347
0.723387
0.754884
0.79872
0.855644
0.929866
0.993333
0.998962
0.99978
0.999941
0.982041
0.94148
0.884797
0.821215
0.758139
0.700229
0.649951
0.608405
0.575931
0.552434
0.53752
0.530552
0.528534
0.532941
0.542851
0.557241
0.575085
0.59541
0.617336
0.640113
0.663121
0.685871
0.70798
0.729176
0.749263
0.768122
0.78568
0.80191
0.816816
0.830427
0.842788
0.853957
0.863992
0.872964
0.880939
0.887984
0.894157
0.899516
0.904111
0.907982
0.911162
0.913669
0.915517
0.916689
0.917173
0.916918
0.915868
0.913927
0.910986
0.906897
0.901482
0.894526
0.885789
0.874996
0.861859
0.846076
0.827356
0.805435
0.780111
0.75125
0.718833
0.68296
0.643872
0.601952
0.557722
0.511823
0.464986
0.417993
0.371642
0.326699
0.283855
0.243676
0.206629
0.173044
0.143101
0.116843
0.094192
0.0749643
0.0589004
0.045689
0.03499
0.0264565
0.0197514
0.0145601
0.0105988
0.00761887
0.00540861
0.00379183
0.00262526
0.0017949
0.00121175
0.000807646
0.000531342
0.000344938
0.000220872
0.000139427
8.67098e-05
5.30809e-05
3.19528e-05
1.88902e-05
1.09513e-05
6.21462e-06
3.44479e-06
1.86049e-06
9.76216e-07
4.95969e-07
2.43033e-07
1.1435e-07
5.13973e-08
2.19404e-08
8.83627e-09
3.3323e-09
1.16677e-09
3.75698e-10
1.10064e-10
2.89837e-11
6.7677e-12
1.37956e-12
2.41097e-13
3.5351e-14
4.23392e-15
4.00023e-16
2.84065e-17
1.40865e-18
4.2873e-20
5.91787e-22
0.315733
0.566788
0.64964
0.67654
0.694921
0.716332
0.748374
0.794947
0.856284
0.930352
0.997415
0.999732
0.999955
0.99999
0.975086
0.921456
0.850008
0.773273
0.699954
0.634664
0.579306
0.534406
0.499925
0.47557
0.46082
0.454189
0.45371
0.460626
0.473722
0.491704
0.513321
0.537438
0.563069
0.589398
0.615766
0.641665
0.666711
0.690635
0.713253
0.734453
0.75418
0.772421
0.789194
0.80454
0.818516
0.831195
0.842643
0.852941
0.862164
0.870387
0.877683
0.884116
0.889737
0.894606
0.898757
0.902223
0.905022
0.907161
0.908625
0.909389
0.9094
0.908588
0.90685
0.904054
0.90003
0.89458
0.887459
0.878398
0.867096
0.853232
0.836489
0.81657
0.793223
0.766263
0.735613
0.701314
0.663551
0.622659
0.579119
0.533548
0.486668
0.439268
0.392169
0.346177
0.302035
0.260373
0.221708
0.186436
0.154797
0.12689
0.102678
0.0820132
0.0646581
0.050313
0.0386411
0.0292905
0.0219134
0.0161807
0.011792
0.00848141
0.00602042
0.00421733
0.00291515
0.00198813
0.00133756
0.000887488
0.000580586
0.000374332
0.000237752
0.000148665
9.1453e-05
5.5297e-05
3.28293e-05
1.91129e-05
1.08954e-05
6.07088e-06
3.29954e-06
1.74505e-06
8.9559e-07
4.44601e-07
2.12714e-07
9.76697e-08
4.28333e-08
1.78439e-08
7.01772e-09
2.58737e-09
8.87239e-10
2.80452e-10
8.08976e-11
2.10524e-11
4.87864e-12
9.91717e-13
1.73731e-13
2.56733e-14
3.11599e-15
2.99928e-16
2.18061e-17
1.11197e-18
3.49286e-20
4.98939e-22
0.343876
0.578955
0.64828
0.670151
0.686217
0.705764
0.738269
0.787803
0.853981
0.930797
0.999647
0.999975
0.999999
1
0.966277
0.897004
0.809152
0.719088
0.636429
0.565106
0.505956
0.4587
0.422922
0.398275
0.384219
0.376365
0.378431
0.388978
0.406315
0.428745
0.45473
0.482963
0.512387
0.542167
0.571664
0.600398
0.628017
0.654288
0.67905
0.702221
0.723766
0.74369
0.762023
0.778824
0.794159
0.80811
0.820758
0.832186
0.842479
0.851717
0.859978
0.867333
0.873844
0.879571
0.884559
0.888846
0.892458
0.89541
0.897698
0.899304
0.900186
0.900282
0.899499
0.897715
0.894766
0.890453
0.884538
0.876743
0.866755
0.854239
0.83886
0.820289
0.798244
0.77251
0.742971
0.709644
0.67268
0.632394
0.589252
0.543868
0.496963
0.449341
0.401845
0.355305
0.310495
0.268083
0.228613
0.192511
0.160049
0.131351
0.1064
0.0850617
0.0671094
0.0522468
0.0401368
0.0304237
0.0227536
0.0167893
0.0122219
0.00877675
0.00621698
0.00434336
0.0029923
0.00203252
0.00136086
0.000897855
0.000583522
0.000373397
0.000235131
0.000145611
8.86096e-05
5.29386e-05
3.10167e-05
1.77989e-05
9.98895e-06
5.47293e-06
2.92161e-06
1.51606e-06
7.6269e-07
3.70842e-07
1.73668e-07
7.80213e-08
3.34734e-08
1.36441e-08
5.2531e-09
1.89777e-09
6.38541e-10
1.98413e-10
5.6393e-11
1.45009e-11
3.33126e-12
6.7374e-13
1.17891e-13
1.74726e-14
2.1356e-15
2.0783e-16
1.53328e-17
7.95931e-19
2.55161e-20
3.72655e-22
0.365813
0.585835
0.644007
0.661048
0.674113
0.691404
0.724207
0.776944
0.848681
0.931207
0.999999
0.999999
0.999998
0.999999
0.955423
0.867812
0.762324
0.659574
0.569332
0.493922
0.432517
0.383831
0.347217
0.322649
0.30971
0.303714
0.308937
0.323586
0.34552
0.372608
0.402994
0.435197
0.468105
0.500904
0.533013
0.564016
0.593634
0.621678
0.648037
0.672661
0.695541
0.716702
0.736192
0.754078
0.770439
0.785362
0.798932
0.811239
0.822375
0.832423
0.841458
0.849562
0.856799
0.863229
0.868903
0.873867
0.878148
0.881765
0.884723
0.887005
0.888577
0.889378
0.889324
0.888289
0.886108
0.882584
0.877464
0.870463
0.861252
0.849482
0.834796
0.81685
0.795348
0.77006
0.740868
0.70778
0.670958
0.630732
0.587579
0.542133
0.495136
0.447417
0.399829
0.35322
0.308373
0.26597
0.226548
0.190531
0.158186
0.12963
0.104837
0.0836677
0.0658859
0.0511898
0.0392374
0.0296696
0.0221301
0.0162811
0.0118132
0.00845258
0.0059633
0.00414751
0.0028432
0.0019206
0.00127806
0.000837519
0.000540238
0.000342849
0.000213941
0.000131175
7.89623e-05
4.66216e-05
2.69692e-05
1.52653e-05
8.44213e-06
4.55369e-06
2.39103e-06
1.21937e-06
6.02414e-07
2.87467e-07
1.32056e-07
5.81772e-08
2.44735e-08
9.78273e-09
3.69518e-09
1.31066e-09
4.33442e-10
1.32568e-10
3.71539e-11
9.44119e-12
2.1487e-12
4.31715e-13
7.52673e-14
1.11489e-14
1.36607e-15
1.33663e-16
9.941e-18
5.21407e-19
1.69188e-20
2.50364e-22
0.38181
0.588464
0.637122
0.648977
0.658402
0.672959
0.705764
0.761925
0.840024
0.929907
1
1
0.999998
0.999997
0.942364
0.833641
0.709892
0.596149
0.501037
0.424013
0.361912
0.312341
0.274736
0.250245
0.235062
0.233156
0.244724
0.266295
0.294603
0.327073
0.361814
0.397482
0.433127
0.468095
0.501941
0.534359
0.565154
0.594206
0.621453
0.646877
0.670497
0.692352
0.712506
0.731031
0.748017
0.763547
0.777712
0.790607
0.802316
0.812927
0.822518
0.831167
0.838941
0.845901
0.8521
0.857577
0.862371
0.866499
0.869965
0.872754
0.874831
0.876134
0.87657
0.876008
0.874275
0.871153
0.866375
0.859637
0.850594
0.838877
0.824118
0.805967
0.78413
0.758399
0.728679
0.695016
0.657618
0.61686
0.573274
0.527534
0.480422
0.432786
0.385496
0.33939
0.29524
0.253701
0.215273
0.180339
0.149124
0.121702
0.0980137
0.0778872
0.0610654
0.0472317
0.0360367
0.02712
0.0201293
0.0147336
0.0106336
0.00756629
0.00530685
0.00366822
0.00249823
0.0016759
0.001107
0.000719728
0.000460362
0.00028954
0.000178945
0.000108595
6.46572e-05
3.77319e-05
2.15573e-05
1.20425e-05
6.56785e-06
3.49125e-06
1.80529e-06
9.06076e-07
4.40296e-07
2.0656e-07
9.32539e-08
4.0366e-08
1.66835e-08
6.55298e-09
2.43307e-09
8.48811e-10
2.76328e-10
8.32907e-11
2.30375e-11
5.78699e-12
1.30443e-12
2.60118e-13
4.51098e-14
6.66164e-15
8.15615e-16
7.99121e-17
5.96286e-18
3.14274e-19
1.02586e-20
1.52792e-22
0.392051
0.587542
0.627649
0.633099
0.637219
0.650135
0.682479
0.742218
0.827562
0.926568
0.999997
0.999997
0.999998
0.999996
0.926962
0.794299
0.652509
0.530794
0.43454
0.358722
0.297214
0.246566
0.20659
0.181189
0.165756
0.172185
0.194202
0.225029
0.26023
0.297435
0.335326
0.373055
0.410028
0.44583
0.480178
0.512887
0.54384
0.572977
0.600276
0.625745
0.649423
0.671363
0.691628
0.710295
0.72745
0.743184
0.757579
0.770724
0.782706
0.793607
0.803504
0.81247
0.820571
0.827865
0.834402
0.840223
0.845359
0.849823
0.853619
0.856725
0.859095
0.860655
0.861298
0.86087
0.859173
0.855969
0.850961
0.843816
0.834174
0.82165
0.805881
0.786537
0.763358
0.736189
0.705006
0.66994
0.631282
0.589497
0.545195
0.49911
0.452067
0.404928
0.358553
0.313746
0.271223
0.231573
0.195221
0.162466
0.133453
0.108185
0.0865416
0.068306
0.0531895
0.0408588
0.0309597
0.0231374
0.0170526
0.0123929
0.00887956
0.00627158
0.00436558
0.00299422
0.00202295
0.00134588
0.000881424
0.000567981
0.000359943
0.000224199
0.000137165
8.23634e-05
4.84977e-05
2.79749e-05
1.579e-05
8.70946e-06
4.68764e-06
2.45776e-06
1.2529e-06
6.19644e-07
2.96586e-07
1.37006e-07
6.08887e-08
2.59419e-08
1.05532e-08
4.08046e-09
1.49187e-09
5.12748e-10
1.64562e-10
4.89441e-11
1.33723e-11
3.32233e-12
7.41742e-13
1.4673e-13
2.52844e-14
3.7164e-15
4.53624e-16
4.43769e-17
3.31062e-18
1.74632e-19
5.70865e-21
8.51564e-23
0.396561
0.583705
0.616167
0.614035
0.610992
0.622696
0.653883
0.717199
0.810688
0.921106
1
1
0.999998
1
0.909079
0.749587
0.591155
0.46614
0.373453
0.301734
0.241628
0.189001
0.143222
0.105142
0.105667
0.137053
0.174878
0.210831
0.248367
0.287001
0.32627
0.363848
0.400252
0.435244
0.468662
0.500402
0.530401
0.558633
0.5851
0.609824
0.63285
0.654226
0.674024
0.692307
0.709161
0.724663
0.738897
0.751941
0.763874
0.774773
0.784704
0.793739
0.801936
0.809348
0.816017
0.821978
0.827252
0.831847
0.835745
0.838914
0.841284
0.842756
0.843189
0.842396
0.840147
0.836157
0.830104
0.82163
0.810361
0.795931
0.778004
0.75631
0.730674
0.701049
0.667532
0.63038
0.59002
0.547023
0.502091
0.456016
0.409644
0.363821
0.319355
0.276968
0.237269
0.200733
0.167667
0.138249
0.112513
0.0903691
0.0716257
0.0560155
0.0432213
0.0329
0.0247035
0.0182953
0.0133625
0.00962358
0.00683312
0.00478246
0.00329865
0.00224162
0.00150038
0.00098878
0.000641336
0.000409221
0.000256736
0.000158273
9.58123e-05
5.69094e-05
3.31364e-05
1.88947e-05
1.05388e-05
5.74226e-06
3.05193e-06
1.57956e-06
7.94603e-07
3.87687e-07
1.83014e-07
8.33637e-08
3.65276e-08
1.53429e-08
6.15362e-09
2.34618e-09
8.46074e-10
2.86936e-10
9.09187e-11
2.67155e-11
7.21721e-12
1.77468e-12
3.92556e-13
7.70254e-14
1.31811e-14
1.92628e-15
2.3404e-16
2.28139e-17
1.69738e-18
8.93494e-20
2.91553e-21
4.34033e-23
0.39506
0.577625
0.604116
0.594339
0.583522
0.59049
0.619612
0.686184
0.788555
0.913276
0.999998
1
1
0.999998
0.88852
0.6992
0.527213
0.405612
0.321978
0.257042
0.199253
0.145705
0.0928529
0.105616
0.123752
0.153944
0.188369
0.222799
0.258509
0.294957
0.331493
0.366597
0.400607
0.433356
0.465314
0.496862
0.524888
0.551276
0.576067
0.599287
0.62097
0.641168
0.65993
0.677317
0.693398
0.708243
0.721919
0.734497
0.746049
0.756635
0.766316
0.77515
0.783184
0.790461
0.79701
0.802851
0.807986
0.812399
0.81605
0.818867
0.820745
0.821544
0.821075
0.819101
0.815348
0.809498
0.801203
0.79011
0.775869
0.758173
0.736775
0.711529
0.682407
0.649523
0.613151
0.573711
0.531767
0.488004
0.443189
0.398134
0.35365
0.310511
0.269405
0.230911
0.195476
0.163406
0.134868
0.10989
0.0883821
0.0701597
0.0549655
0.0424947
0.0324177
0.0244002
0.0181185
0.0132715
0.00958803
0.006831
0.00479852
0.00332284
0.0022677
0.00152481
0.00100987
0.000658518
0.000422613
0.000266797
0.000165593
0.000100984
6.04644e-05
3.55172e-05
2.04488e-05
1.15276e-05
6.35541e-06
3.42225e-06
1.79721e-06
9.18924e-07
4.56599e-07
2.20013e-07
1.02561e-07
4.61285e-08
1.99571e-08
8.2771e-09
3.27823e-09
1.23448e-09
4.39802e-10
1.47405e-10
4.618e-11
1.34236e-11
3.58964e-12
8.7434e-13
1.91721e-13
3.73213e-14
6.34123e-15
9.20838e-16
1.11253e-16
1.0791e-17
7.99281e-19
4.18991e-20
1.36153e-21
2.01765e-23
0.386701
0.569737
0.593211
0.576102
0.554413
0.55316
0.579646
0.648527
0.759977
0.902659
0.999997
1
1
0.999998
0.864961
0.642618
0.462677
0.353657
0.284795
0.229327
0.178675
0.153765
0.149351
0.154664
0.170916
0.195633
0.224297
0.254536
0.286093
0.318255
0.350321
0.38148
0.411835
0.441308
0.470164
0.498423
0.523854
0.549761
0.572809
0.593905
0.613651
0.632106
0.649317
0.665329
0.680194
0.693966
0.706698
0.718447
0.729264
0.739201
0.748307
0.756611
0.764149
0.770938
0.776985
0.782277
0.786785
0.790449
0.793185
0.794869
0.795344
0.794409
0.791822
0.787313
0.78057
0.771278
0.759112
0.743777
0.725022
0.702674
0.676656
0.647011
0.613919
0.577698
0.538806
0.497818
0.455407
0.412309
0.369287
0.327085
0.286402
0.247846
0.211918
0.178993
0.149315
0.122995
0.100045
0.0803477
0.0637066
0.0498651
0.0385279
0.0293824
0.0221155
0.0164272
0.0120404
0.00870724
0.0062118
0.00437103
0.00303316
0.0020752
0.00139948
0.000930008
0.000608801
0.000392435
0.000248983
0.000155406
9.53692e-05
5.75066e-05
3.40468e-05
1.97755e-05
1.12582e-05
6.27542e-06
3.42093e-06
1.82136e-06
9.45702e-07
4.78073e-07
2.34858e-07
1.11885e-07
5.1566e-08
2.29313e-08
9.80995e-09
4.02355e-09
1.57616e-09
5.87167e-10
2.06998e-10
6.86737e-11
2.13038e-11
6.1345e-12
1.6258e-12
3.92653e-13
8.54145e-14
1.6503e-14
2.7844e-15
4.01678e-16
4.82282e-17
4.65015e-18
3.42456e-19
1.78495e-20
5.76619e-22
8.49039e-24
0.374365
0.556395
0.583402
0.564865
0.526614
0.503493
0.535028
0.603935
0.723284
0.888575
0.999997
0.999998
1
0.999998
0.837765
0.578967
0.400639
0.315982
0.266764
0.232703
0.211575
0.204515
0.207419
0.214761
0.22989
0.250386
0.27397
0.299297
0.325738
0.352667
0.379558
0.406011
0.431996
0.457446
0.48239
0.506579
0.529007
0.551535
0.571819
0.592982
0.610315
0.626551
0.641753
0.655944
0.669157
0.681428
0.692791
0.703286
0.712937
0.721769
0.729805
0.737048
0.7435
0.749137
0.753922
0.757796
0.760674
0.762439
0.762946
0.762019
0.759446
0.754989
0.748387
0.739369
0.727667
0.713033
0.695263
0.674209
0.649813
0.622112
0.591261
0.557532
0.521313
0.483107
0.443496
0.403128
0.36268
0.322828
0.284211
0.2474
0.21288
0.181026
0.1521
0.126246
0.103497
0.0837909
0.0670012
0.0529118
0.0412648
0.0317787
0.0241652
0.0181431
0.0134483
0.00984042
0.0071073
0.00506623
0.00356363
0.00247316
0.00169308
0.00114306
0.000760873
0.000499199
0.000322705
0.000205462
0.000128783
7.94259e-05
4.81715e-05
2.87116e-05
1.68052e-05
9.65127e-06
5.43345e-06
2.99544e-06
1.6152e-06
8.50734e-07
4.3704e-07
2.18618e-07
1.06286e-07
5.01163e-08
2.28652e-08
1.00674e-08
4.26486e-09
1.73255e-09
6.72376e-10
2.4821e-10
8.67334e-11
2.85298e-11
8.77787e-12
2.5077e-12
6.59575e-13
1.58139e-13
3.41594e-14
6.55518e-15
1.09865e-15
1.57451e-16
1.87805e-17
1.79876e-18
1.31568e-19
6.80936e-21
2.18346e-22
3.18944e-24
0.361413
0.533668
0.568969
0.557067
0.522437
0.471857
0.490259
0.553312
0.676119
0.869958
1
0.999999
1
0.999997
0.805786
0.506892
0.346376
0.299362
0.282737
0.26909
0.26405
0.266854
0.270549
0.280098
0.294152
0.311327
0.330507
0.35095
0.372168
0.393755
0.415401
0.436901
0.458166
0.479104
0.499613
0.519468
0.53837
0.55702
0.574325
0.592139
0.608423
0.622674
0.63542
0.647269
0.658266
0.668428
0.677763
0.686274
0.693951
0.700791
0.706759
0.711822
0.715925
0.718997
0.72094
0.721646
0.72097
0.718758
0.714824
0.708976
0.701009
0.690716
0.677905
0.662411
0.644105
0.622919
0.598855
0.571995
0.542516
0.510689
0.476874
0.441515
0.405117
0.368237
0.331446
0.29531
0.260364
0.227086
0.195881
0.167062
0.14085
0.117365
0.0966393
0.0786191
0.0631826
0.0501536
0.039334
0.030478
0.0233309
0.0176433
0.0131797
0.00972461
0.00708672
0.00510016
0.00362441
0.00254301
0.00176137
0.00120411
0.000812275
0.000540583
0.000354832
0.000229641
0.000146483
9.20578e-05
5.69728e-05
3.47044e-05
2.07948e-05
1.22487e-05
7.08712e-06
4.02463e-06
2.24105e-06
1.22233e-06
6.52262e-07
3.40076e-07
1.72984e-07
8.57016e-08
4.12776e-08
1.92874e-08
8.7226e-09
3.8079e-09
1.59993e-09
6.44818e-10
2.4834e-10
9.10058e-11
3.15779e-11
1.03173e-11
3.15388e-12
8.95417e-13
2.34094e-13
5.5796e-14
1.19821e-14
2.2858e-15
3.80777e-16
5.42223e-17
6.42348e-18
6.10715e-19
4.43164e-20
2.27417e-21
7.2254e-23
1.04438e-24
0.346927
0.500439
0.545499
0.545838
0.523837
0.491369
0.464544
0.501232
0.61506
0.845135
1
1
1
1
0.766952
0.424568
0.309459
0.314294
0.31586
0.317758
0.322177
0.325761
0.333254
0.343743
0.356411
0.370597
0.385811
0.401704
0.418023
0.434565
0.451171
0.467725
0.484135
0.500306
0.516135
0.531498
0.546325
0.560773
0.574503
0.588245
0.600843
0.613171
0.622954
0.631485
0.639143
0.645941
0.651854
0.656842
0.660861
0.663848
0.66574
0.666452
0.665886
0.663942
0.660497
0.655423
0.648591
0.639864
0.629115
0.616227
0.601108
0.583694
0.563961
0.541942
0.51772
0.491442
0.463325
0.433647
0.402745
0.371007
0.338852
0.306724
0.275064
0.244299
0.21482
0.186968
0.161022
0.137191
0.115609
0.096338
0.0793721
0.0646441
0.0520375
0.0413969
0.0325405
0.0252713
0.0193994
0.0147204
0.0110407
0.00818454
0.00599629
0.00434138
0.00310592
0.00219546
0.00153314
0.00105754
0.000720443
0.000484632
0.000321841
0.000210951
0.00013643
8.7034e-05
5.47473e-05
3.39433e-05
2.07328e-05
1.24696e-05
7.38036e-06
4.29582e-06
2.45716e-06
1.37999e-06
7.60264e-07
4.10431e-07
2.16866e-07
1.12007e-07
5.64612e-08
2.77325e-08
1.3248e-08
6.14225e-09
2.75738e-09
1.1954e-09
4.98978e-10
1.99869e-10
7.65335e-11
2.7895e-11
9.63039e-12
3.13158e-12
9.52989e-13
2.69396e-13
7.01331e-14
1.66453e-14
3.55878e-15
6.75681e-16
1.11962e-16
1.58467e-17
1.86408e-18
1.75779e-19
1.26361e-20
6.41713e-22
2.01578e-23
2.87158e-25
0.329164
0.455251
0.506917
0.521413
0.515501
0.499857
0.487202
0.466773
0.534902
0.811343
1
1
0.999999
1
0.717679
0.330151
0.305351
0.332652
0.345649
0.353318
0.359848
0.367837
0.377066
0.387211
0.398003
0.409239
0.420774
0.432496
0.444313
0.456142
0.467909
0.479547
0.490987
0.502159
0.512995
0.523423
0.533403
0.542927
0.551894
0.56043
0.568025
0.575038
0.580087
0.583347
0.585616
0.586868
0.587058
0.586128
0.584017
0.580659
0.575988
0.569932
0.562425
0.553396
0.542792
0.530564
0.516676
0.501119
0.483905
0.465073
0.444699
0.422893
0.399803
0.375615
0.350552
0.324866
0.298835
0.272756
0.24693
0.221657
0.197222
0.173883
0.151867
0.131358
0.112493
0.0953611
0.080002
0.0664091
0.054535
0.0442966
0.0355834
0.0282647
0.0221974
0.017233
0.0132241
0.0100291
0.00752239
0.00558064
0.00409467
0.00297119
0.00213198
0.00151265
0.0010611
0.000735844
0.000504394
0.000341701
0.000228739
0.000151276
9.88189e-05
6.37446e-05
4.05935e-05
2.55119e-05
1.58178e-05
9.67131e-06
5.82857e-06
3.46059e-06
2.023e-06
1.16362e-06
6.58074e-07
3.65616e-07
1.99369e-07
1.06589e-07
5.58065e-08
2.85757e-08
1.42893e-08
6.96627e-09
3.30491e-09
1.52258e-09
6.79573e-10
2.93076e-10
1.21762e-10
4.85698e-11
1.853e-11
6.73218e-12
2.31767e-12
7.51793e-13
2.28276e-13
6.43971e-14
1.67302e-14
3.96185e-15
8.4482e-16
1.59872e-16
2.63774e-17
3.71222e-18
4.33422e-19
4.0478e-20
2.875e-21
1.43967e-22
4.45714e-24
6.2574e-26
0.303671
0.394287
0.444878
0.470035
0.478985
0.478025
0.472175
0.463788
0.4351
0.762687
0.999999
1
1
0.999999
0.649937
0.23599
0.292626
0.311841
0.322292
0.331551
0.339666
0.347542
0.355403
0.363283
0.371157
0.378988
0.386733
0.394348
0.401785
0.408999
0.415941
0.422561
0.428812
0.434641
0.439997
0.444829
0.449092
0.452736
0.455689
0.457893
0.45912
0.459254
0.456091
0.452328
0.447986
0.442702
0.43642
0.429116
0.420778
0.411397
0.400976
0.389523
0.377058
0.363614
0.349239
0.333989
0.317944
0.301197
0.283854
0.266045
0.247906
0.22959
0.211257
0.193072
0.175202
0.157809
0.141047
0.125056
0.109959
0.0958553
0.082823
0.0709129
0.0601503
0.0505352
0.0420439
0.0346325
0.0282396
0.0227906
0.0182016
0.0143832
0.0112444
0.00869543
0.00665074
0.00503054
0.00376245
0.00278216
0.00203601
0.00147474
0.00105718
0.00074998
0.000526469
0.000365657
0.00025125
0.000170772
0.0001148
7.63164e-05
5.01612e-05
3.25917e-05
2.09286e-05
1.32789e-05
8.32239e-06
5.15064e-06
3.14664e-06
1.89685e-06
1.12776e-06
6.60973e-07
3.81661e-07
2.1698e-07
1.21365e-07
6.67334e-08
3.60386e-08
1.90949e-08
9.91486e-09
5.03859e-09
2.50234e-09
1.21249e-09
5.7214e-10
2.62365e-10
1.16644e-10
5.01445e-11
2.07815e-11
8.2745e-12
3.15311e-12
1.14487e-12
3.941e-13
1.27874e-13
3.88506e-14
1.09675e-14
2.85107e-15
6.75338e-16
1.4395e-16
2.71996e-17
4.47344e-18
6.26075e-19
7.24533e-20
6.67735e-21
4.65372e-22
2.27171e-23
6.82713e-25
9.49212e-27
0.250704
0.304857
0.341994
0.367014
0.383208
0.392731
0.39663
0.392193
0.38667
0.667579
0.999999
1
0.999998
1
0.531722
0.176205
0.184238
0.191978
0.195856
0.19804
0.200278
0.20302
0.206217
0.209698
0.2133
0.216898
0.220396
0.223718
0.226804
0.229604
0.232073
0.234173
0.235869
0.23713
0.237926
0.238229
0.238013
0.237247
0.235892
0.233898
0.231154
0.227411
0.220808
0.213806
0.207645
0.201157
0.194272
0.186995
0.179357
0.171395
0.163148
0.154662
0.145988
0.137176
0.128284
0.11937
0.110495
0.101718
0.0931014
0.0847033
0.0765801
0.0687836
0.0613615
0.0543537
0.0477943
0.0417084
0.0361129
0.0310163
0.0264182
0.0223103
0.0186768
0.0154956
0.0127392
0.0103757
0.00837083
0.0066884
0.00529193
0.00414553
0.00321487
0.00246779
0.00187482
0.0014095
0.00104851
0.000771654
0.000561781
0.000404525
0.000288499
0.000203804
0.000142595
9.88044e-05
6.77914e-05
4.60522e-05
3.09706e-05
2.06164e-05
1.35823e-05
8.8546e-06
5.71108e-06
3.64365e-06
2.29895e-06
1.43414e-06
8.84312e-07
5.3881e-07
3.24289e-07
1.92721e-07
1.1304e-07
6.54076e-08
3.73144e-08
2.09751e-08
1.16093e-08
6.32164e-09
3.38369e-09
1.77847e-09
9.16864e-10
4.63023e-10
2.28724e-10
1.10337e-10
5.18834e-11
2.37315e-11
1.05339e-11
4.52535e-12
1.87588e-12
7.47732e-13
2.85478e-13
1.0393e-13
3.58935e-14
1.16906e-14
3.56646e-15
1.01107e-15
2.63899e-16
6.27289e-17
1.34036e-17
2.53447e-18
4.16044e-19
5.78882e-20
6.62142e-21
5.97908e-22
4.02899e-23
1.86206e-24
5.10724e-26
5.98283e-28
)
;

boundaryField
{
    walls
    {
        type            zeroGradient;
    }
    top
    {
        type            zeroGradient;
    }
    bottom
    {
        type            zeroGradient;
    }
    frontAndBack
    {
        type            empty;
    }
    inlet
    {
        type            uniformFixedValue;
        uniformValue    
        {
            type            constant;
            value           1;
        }
        value           uniform 1;
    }
    outlet
    {
        type            zeroGradient;
    }
}


// ************************************************************************* //
