/*--------------------------------*- C++ -*----------------------------------*\
  =========                 |
  \\      /  F ield         | OpenFOAM: The Open Source CFD Toolbox
   \\    /   O peration     | Website:  https://openfoam.org
    \\  /    A nd           | Version:  12
     \\/     M anipulation  |
\*---------------------------------------------------------------------------*/
FoamFile
{
    format      ascii;
    class       volScalarField;
    location    "90";
    object      T;
}
// * * * * * * * * * * * * * * * * * * * * * * * * * * * * * * * * * * * * * //

dimensions      [];

internalField   nonuniform List<scalar> 
4480
(
7.28457e-17
3.97993e-14
5.68556e-10
4.5985e-07
4.19689e-05
0.000716932
0.00410454
0.0127218
0.0276602
0.04829
0.0729809
0.0998464
0.127187
0.153664
0.178321
0.200531
0.219923
0.236318
0.249666
0.260003
0.267421
0.272042
0.274
0.27344
0.270505
0.265338
0.258081
0.249627
0.240997
0.232147
0.223034
0.213619
0.203863
0.193735
0.183209
0.172267
0.160901
0.149122
0.136958
0.124466
0.111736
0.0988905
0.0860967
0.073558
0.0615081
0.0501954
0.0398609
0.0307104
0.0228872
0.0164526
0.0113781
0.00755194
0.00480067
0.00291779
0.00169327
0.000937333
0.000494642
0.00024877
0.000119244
5.4495e-05
2.37585e-05
9.88981e-06
3.93466e-06
1.49795e-06
5.46427e-07
1.91269e-07
6.43425e-08
2.08351e-08
6.5051e-09
1.96168e-09
5.72369e-10
1.61876e-10
4.44581e-11
1.18796e-11
3.09444e-12
7.8735e-13
1.96096e-13
4.79106e-14
1.15089e-14
2.72447e-15
6.37101e-16
1.47515e-16
3.38964e-17
3.97682e-17
4.28474e-17
3.85717e-17
3.13306e-17
2.38988e-17
1.75394e-17
1.25867e-17
8.93442e-18
6.32781e-18
4.50307e-18
3.23872e-18
2.36619e-18
1.76391e-18
1.3471e-18
1.05776e-18
8.56798e-19
7.18083e-19
6.24388e-19
5.64663e-19
5.32261e-19
5.23966e-19
5.39569e-19
5.82047e-19
6.58448e-19
7.81809e-19
9.74838e-19
1.2768e-18
1.7565e-18
2.53715e-18
3.84525e-18
6.10881e-18
1.01598e-17
1.76621e-17
3.20398e-17
6.05499e-17
1.19101e-16
2.4446e-16
5.29809e-16
1.23939e-15
3.17931e-15
9.26215e-15
3.52293e-14
1.43517e-13
3.09523e-13
3.91095e-13
1.13749e-13
2.18043e-15
4.55643e-17
4.65037e-19
4.05309e-21
3.54732e-23
2.92353e-25
1.81666e-27
8.80266e-30
2.46259e-32
3.21431e-35
1.15221e-38
1.21382e-16
1.1052e-11
4.34237e-08
1.52584e-05
0.000717126
0.00712775
0.0275143
0.0645358
0.11436
0.17092
0.228902
0.284657
0.336057
0.382065
0.422343
0.456969
0.486238
0.510543
0.530309
0.545948
0.557837
0.566305
0.571635
0.57406
0.573773
0.570919
0.56561
0.557987
0.548725
0.537923
0.525678
0.512078
0.497208
0.481141
0.463937
0.445653
0.426332
0.406012
0.384727
0.362515
0.339418
0.315497
0.290834
0.265553
0.239821
0.213864
0.187971
0.162496
0.137848
0.114471
0.0928133
0.0732816
0.0561958
0.0417476
0.0299742
0.020755
0.0138343
0.00886325
0.00545159
0.00321662
0.00181977
0.000986993
0.000513276
0.000256039
0.000122588
5.63811e-05
2.4933e-05
1.06132e-05
4.35371e-06
1.72328e-06
6.59014e-07
2.43806e-07
8.73744e-08
3.03729e-08
1.02546e-08
3.36699e-09
1.07648e-09
3.35539e-10
1.0209e-10
3.0355e-11
8.83041e-12
2.51609e-12
7.02973e-13
2.55221e-13
1.24124e-13
6.91267e-14
4.03291e-14
2.39586e-14
1.43986e-14
8.74912e-15
5.38185e-15
3.35803e-15
2.13035e-15
1.37762e-15
9.10442e-16
6.16518e-16
4.2887e-16
3.07234e-16
2.27207e-16
1.73849e-16
1.37928e-16
1.1369e-16
9.75352e-17
8.72296e-17
8.14392e-17
7.94622e-17
8.11018e-17
8.66387e-17
9.69059e-17
1.13491e-16
1.39131e-16
1.78439e-16
2.39217e-16
3.34835e-16
4.88672e-16
7.42515e-16
1.17291e-15
1.924e-15
3.27632e-15
5.79974e-15
1.07133e-14
2.07389e-14
4.19982e-14
8.79596e-14
1.84948e-13
3.54298e-13
5.23064e-13
4.97325e-13
1.44447e-13
4.1573e-15
1.09872e-16
2.28891e-18
3.78013e-20
4.93585e-22
5.55913e-24
4.51412e-26
2.78793e-28
1.00281e-30
1.74649e-33
9.9211e-37
9.4841e-14
9.05663e-10
1.24209e-06
0.000205098
0.00521819
0.0320909
0.0894314
0.167652
0.252742
0.334906
0.409362
0.474555
0.530529
0.577996
0.617882
0.65113
0.678621
0.701136
0.719358
0.733866
0.745149
0.753606
0.759566
0.763292
0.764984
0.764796
0.762836
0.758922
0.753091
0.745413
0.735951
0.724763
0.711909
0.697436
0.681397
0.66383
0.644771
0.624247
0.602279
0.578877
0.554051
0.527808
0.50016
0.471132
0.44077
0.409164
0.376446
0.342822
0.308574
0.274077
0.239795
0.206271
0.174097
0.14388
0.116186
0.0914837
0.0700957
0.0521637
0.0376372
0.0262888
0.0177527
0.0115784
0.00728768
0.00442465
0.0025907
0.00146288
0.000796827
0.000418859
0.000212609
0.000104286
4.94726e-05
2.27201e-05
1.01109e-05
4.36468e-06
1.82963e-06
7.45571e-07
2.95665e-07
1.14224e-07
4.30348e-08
1.58286e-08
5.68936e-09
2.00039e-09
6.88681e-10
2.44854e-10
9.40179e-11
3.92861e-11
1.77423e-11
8.53441e-12
4.3097e-12
2.26076e-12
1.22411e-12
6.81835e-13
3.90116e-13
2.29211e-13
1.38357e-13
8.588e-14
5.48849e-14
3.61668e-14
2.46119e-14
1.73243e-14
1.26337e-14
9.55946e-15
7.51603e-15
6.14823e-15
5.23848e-15
4.65314e-15
4.31185e-15
4.1701e-15
4.20973e-15
4.4353e-15
4.87478e-15
5.58496e-15
6.66276e-15
8.26554e-15
1.06457e-14
1.42093e-14
1.96174e-14
2.79591e-14
4.10559e-14
6.19896e-14
9.59715e-14
1.51503e-13
2.4096e-13
3.77757e-13
5.63295e-13
7.53156e-13
8.20518e-13
6.19933e-13
1.87061e-13
7.71926e-15
2.61906e-16
7.4999e-18
1.72716e-19
3.06372e-21
4.56571e-23
4.80344e-25
3.79626e-27
1.75711e-29
4.0489e-32
3.23313e-35
1.23352e-11
3.33196e-08
1.87014e-05
0.00155017
0.0224873
0.0913309
0.194861
0.305069
0.405282
0.490584
0.561674
0.62072
0.669778
0.710488
0.744159
0.771868
0.794531
0.812923
0.827712
0.839457
0.84863
0.855618
0.860736
0.864238
0.866316
0.867119
0.866758
0.865123
0.862067
0.857612
0.851759
0.844499
0.835815
0.825684
0.814081
0.80098
0.786356
0.770173
0.752406
0.733015
0.711964
0.689209
0.664703
0.638403
0.610268
0.580271
0.54841
0.514721
0.479294
0.442296
0.403983
0.364714
0.324966
0.285315
0.24643
0.209026
0.173817
0.141458
0.112484
0.0872573
0.0659382
0.0484767
0.0346344
0.0240247
0.0161683
0.0105511
0.00667454
0.00409232
0.002432
0.00140117
0.000782893
0.000424428
0.00022338
0.000114212
5.67703e-05
2.74545e-05
1.29285e-05
5.93318e-06
2.65588e-06
1.16061e-06
4.9557e-07
2.06937e-07
8.45794e-08
3.43746e-08
1.41758e-08
5.97819e-09
2.59466e-09
1.16394e-09
5.40667e-10
2.60042e-10
1.29335e-10
6.6411e-11
3.51551e-11
1.91668e-11
1.07586e-11
6.21805e-12
3.70225e-12
2.27266e-12
1.4398e-12
9.42448e-13
6.38142e-13
4.47505e-13
3.25385e-13
2.45564e-13
1.9253e-13
1.5693e-13
1.3305e-13
1.17366e-13
1.07717e-13
1.02829e-13
1.0204e-13
1.05157e-13
1.12402e-13
1.24419e-13
1.42341e-13
1.67929e-13
2.03772e-13
2.53555e-13
3.22364e-13
4.16848e-13
5.44775e-13
7.12743e-13
9.19945e-13
1.14605e-12
1.33542e-12
1.38967e-12
1.19929e-12
7.52214e-13
2.36416e-13
1.41072e-14
5.86833e-16
2.08634e-17
6.01115e-19
1.3359e-20
2.49e-22
3.26911e-24
3.22447e-26
1.87944e-28
5.56741e-31
5.91535e-34
6.58954e-10
6.85862e-07
0.000174424
0.00766305
0.0667414
0.190522
0.326687
0.443572
0.536074
0.609244
0.668754
0.71821
0.759555
0.793956
0.822311
0.845432
0.864092
0.878992
0.890758
0.899938
0.906994
0.912309
0.916194
0.918893
0.920597
0.921443
0.921532
0.920837
0.919199
0.916633
0.91313
0.908664
0.903197
0.896675
0.889041
0.880227
0.870162
0.858777
0.845992
0.831734
0.815915
0.798454
0.779256
0.75823
0.735275
0.710293
0.683192
0.653891
0.622334
0.588508
0.552457
0.514306
0.47428
0.432717
0.390088
0.346982
0.304098
0.262207
0.222112
0.184574
0.15026
0.119684
0.0931595
0.0707884
0.0524611
0.03789
0.0266535
0.0182527
0.012165
0.00788942
0.00497868
0.00305751
0.00182771
0.00106382
0.000603158
0.000333279
0.000179572
9.44012e-05
4.84513e-05
2.42949e-05
1.19098e-05
5.71189e-06
2.68202e-06
1.24039e-06
5.71681e-07
2.6365e-07
1.22176e-07
5.71214e-08
2.7046e-08
1.30117e-08
6.37813e-09
3.19244e-09
1.63437e-09
8.56903e-10
4.60605e-10
2.54071e-10
1.43953e-10
8.38598e-11
5.02809e-11
3.1063e-11
1.9795e-11
1.30261e-11
8.86077e-12
6.23645e-12
4.54532e-12
3.43265e-12
2.68733e-12
2.18132e-12
1.83564e-12
1.60088e-12
1.44583e-12
1.35085e-12
1.30379e-12
1.29757e-12
1.32865e-12
1.39599e-12
1.50025e-12
1.64278e-12
1.82421e-12
2.0419e-12
2.28569e-12
2.53126e-12
2.73239e-12
2.81704e-12
2.69755e-12
2.30558e-12
1.65309e-12
8.93428e-13
2.87924e-13
2.54079e-14
1.2487e-15
5.26274e-17
1.80507e-18
4.79604e-20
1.07314e-21
1.69881e-23
2.03217e-25
1.45314e-27
5.37862e-30
7.32752e-33
1.96217e-08
9.05937e-06
0.00111446
0.0271356
0.149218
0.316741
0.455563
0.555845
0.629691
0.688592
0.738705
0.781978
0.818762
0.849292
0.874064
0.893785
0.909226
0.921124
0.930153
0.936889
0.941825
0.945365
0.947835
0.949481
0.950489
0.950991
0.951071
0.950742
0.949796
0.948251
0.946099
0.94332
0.93988
0.935731
0.930815
0.925064
0.918404
0.910749
0.902013
0.892104
0.880917
0.868348
0.854284
0.838605
0.821183
0.801881
0.78056
0.757075
0.73129
0.703075
0.672333
0.639008
0.603107
0.564722
0.524053
0.481427
0.437304
0.392281
0.347072
0.302483
0.259355
0.218508
0.180684
0.146482
0.116314
0.0903834
0.0686794
0.0510006
0.0369929
0.0261995
0.018113
0.0122224
0.00804967
0.00517477
0.00324762
0.00199027
0.00119143
0.000696957
0.000398574
0.00022294
0.00012203
6.54019e-05
3.43404e-05
1.77073e-05
9.03879e-06
4.57865e-06
2.30754e-06
1.16014e-06
5.83471e-07
2.94374e-07
1.49404e-07
7.64862e-08
3.95997e-08
2.07848e-08
1.10849e-08
6.01938e-09
3.33456e-09
1.88782e-09
1.09403e-09
6.49995e-10
3.96482e-10
2.48622e-10
1.60464e-10
1.06708e-10
7.31782e-11
5.17888e-11
3.78405e-11
2.85523e-11
2.22458e-11
1.78898e-11
1.48386e-11
1.26801e-11
1.11463e-11
1.00595e-11
9.29831e-12
8.77652e-12
8.42902e-12
8.20111e-12
8.04046e-12
7.89034e-12
7.68461e-12
7.34661e-12
6.79613e-12
5.96984e-12
4.85569e-12
3.53069e-12
2.17724e-12
1.04547e-12
3.35666e-13
4.52387e-14
2.56179e-15
1.24534e-16
4.94128e-18
1.52466e-19
3.9813e-21
7.40109e-23
1.04787e-24
8.98057e-27
4.05551e-29
6.90324e-32
3.85503e-07
8.44107e-05
0.00522506
0.0731376
0.266592
0.443121
0.557369
0.632537
0.689896
0.740137
0.786265
0.827226
0.861751
0.88961
0.911376
0.927946
0.940245
0.949125
0.955323
0.959478
0.962124
0.963698
0.964548
0.964939
0.965058
0.965026
0.96491
0.964733
0.964212
0.963348
0.962125
0.960516
0.958486
0.95599
0.952977
0.949385
0.94515
0.940199
0.93445
0.927819
0.920207
0.911512
0.901625
0.890423
0.877776
0.863538
0.847556
0.829666
0.809695
0.787464
0.762798
0.735539
0.705553
0.672753
0.637127
0.598749
0.557808
0.514629
0.469677
0.423556
0.376998
0.33082
0.285887
0.243047
0.203072
0.166602
0.134099
0.105821
0.0818189
0.0619517
0.0459192
0.0333082
0.0236395
0.016414
0.01115
0.0074106
0.00481958
0.00306788
0.00191187
0.00116684
0.000697682
0.000408862
0.000234943
0.000132476
7.37378e-05
4.05809e-05
2.21196e-05
1.19632e-05
6.43246e-06
3.44546e-06
1.84241e-06
9.85732e-07
5.28874e-07
2.85213e-07
1.54961e-07
8.50172e-08
4.7207e-08
2.65866e-08
1.52188e-08
8.87181e-09
5.27652e-09
3.20712e-09
1.9951e-09
1.27195e-09
8.31976e-10
5.58814e-10
3.85663e-10
2.73576e-10
1.99473e-10
1.49449e-10
1.14974e-10
9.07264e-11
7.33219e-11
6.05667e-11
5.10085e-11
4.36628e-11
3.78444e-11
3.30609e-11
2.89475e-11
2.52287e-11
2.16991e-11
1.82217e-11
1.47377e-11
1.12823e-11
7.99059e-12
5.07564e-12
2.76565e-12
1.2086e-12
3.8045e-13
6.93753e-14
5.1314e-15
2.82401e-16
1.27156e-17
4.46731e-19
1.33451e-20
2.8567e-22
4.69676e-24
4.73536e-26
2.56139e-28
5.35364e-31
5.61378e-06
0.000594929
0.0188666
0.156466
0.396961
0.543989
0.624309
0.679778
0.728479
0.776299
0.822397
0.86288
0.895645
0.920757
0.939292
0.952492
0.96146
0.967125
0.970283
0.97162
0.971723
0.971078
0.970077
0.969002
0.968053
0.967344
0.966927
0.966796
0.966607
0.966328
0.96592
0.965334
0.964518
0.963416
0.961969
0.960118
0.957799
0.954951
0.951505
0.947385
0.942516
0.936807
0.930164
0.922482
0.913643
0.903522
0.89197
0.87883
0.863927
0.847078
0.82808
0.806729
0.782828
0.756191
0.726664
0.69415
0.658624
0.620162
0.578961
0.535359
0.489837
0.443018
0.39565
0.348565
0.302634
0.258714
0.217579
0.179878
0.146084
0.116475
0.091128
0.069933
0.0526241
0.0388208
0.0280709
0.0198947
0.0138202
0.00941062
0.00628225
0.00411234
0.00264028
0.00166314
0.00102817
0.000623996
0.00037323
0.000220336
0.000128541
7.42008e-05
4.24425e-05
2.40916e-05
1.35922e-05
7.63505e-06
4.27765e-06
2.39487e-06
1.34244e-06
7.54946e-07
4.26817e-07
2.43094e-07
1.39768e-07
8.1288e-08
4.7915e-08
2.86777e-08
1.74573e-08
1.08253e-08
6.84695e-09
4.42202e-09
2.91854e-09
1.96948e-09
1.35913e-09
9.58996e-10
6.91479e-10
5.08999e-10
3.8195e-10
2.91613e-10
2.25964e-10
1.77156e-10
1.39992e-10
1.10988e-10
8.77876e-11
6.88029e-11
5.29868e-11
3.96879e-11
2.85454e-11
1.94015e-11
1.22071e-11
6.91902e-12
3.40358e-12
1.3785e-12
4.25942e-13
8.9252e-14
1.0135e-14
6.22699e-16
3.13735e-17
1.23729e-18
4.16733e-20
1.01244e-21
1.90534e-23
2.22821e-25
1.42436e-27
3.61504e-30
6.66946e-05
0.00334736
0.0542209
0.273594
0.509795
0.608725
0.66332
0.709148
0.755726
0.804811
0.852571
0.892707
0.923168
0.944986
0.959942
0.969574
0.975044
0.977291
0.977141
0.975344
0.972567
0.969379
0.966226
0.963439
0.961232
0.959716
0.95892
0.958792
0.95891
0.959218
0.959642
0.9601
0.960508
0.960787
0.960856
0.960641
0.960074
0.959089
0.957621
0.955613
0.952993
0.949697
0.945647
0.940761
0.934945
0.928093
0.920084
0.910785
0.90004
0.887676
0.873505
0.857319
0.8389
0.818024
0.794472
0.768047
0.738586
0.705994
0.670251
0.631453
0.589823
0.545726
0.499674
0.452324
0.404442
0.356873
0.310494
0.266148
0.224599
0.186476
0.152236
0.122145
0.0962773
0.0745279
0.0566444
0.0422636
0.0309533
0.022252
0.0157025
0.010878
0.00739909
0.00494246
0.00324301
0.00209083
0.00132726
0.000830862
0.000513372
0.000313393
0.000189215
0.000113114
6.70346e-05
3.94329e-05
2.30568e-05
1.342e-05
7.78747e-06
4.51274e-06
2.61593e-06
1.51956e-06
8.8614e-07
5.19716e-07
3.0711e-07
1.83166e-07
1.10444e-07
6.74315e-08
4.17448e-08
2.62345e-08
1.67526e-08
1.08772e-08
7.18322e-09
4.82488e-09
3.29489e-09
2.2857e-09
1.60863e-09
1.14648e-09
8.25513e-10
5.98723e-10
4.35783e-10
3.16884e-10
2.28953e-10
1.63285e-10
1.14035e-10
7.7236e-11
5.01348e-11
3.07345e-11
1.74691e-11
8.99053e-12
4.06139e-12
1.54523e-12
4.68595e-13
1.05138e-13
1.57628e-14
1.34959e-15
7.52698e-17
3.29674e-18
1.2384e-19
3.37791e-21
7.19882e-23
9.6644e-25
7.23265e-27
2.21397e-29
0.000620872
0.0157321
0.126421
0.399557
0.584201
0.643717
0.686366
0.729607
0.777198
0.829036
0.87886
0.917976
0.945318
0.963381
0.974621
0.98063
0.982471
0.981026
0.977176
0.971784
0.965656
0.959482
0.953806
0.949012
0.945339
0.942891
0.941671
0.941513
0.941968
0.942934
0.944291
0.945915
0.947678
0.949461
0.951153
0.952656
0.95388
0.954748
0.955194
0.955156
0.954579
0.953406
0.951577
0.949035
0.945709
0.941522
0.936378
0.930172
0.922779
0.914058
0.903838
0.891939
0.878152
0.862253
0.844009
0.823179
0.799531
0.772866
0.743026
0.709925
0.673577
0.634107
0.591783
0.547017
0.500371
0.452537
0.404312
0.356555
0.310137
0.265886
0.22453
0.18666
0.152692
0.122857
0.097197
0.0755913
0.0577803
0.0434039
0.0320406
0.0232434
0.0165714
0.0116127
0.00800001
0.00541911
0.00361343
0.00237502
0.00153982
0.000985474
0.000623081
0.000389531
0.000241012
0.00014773
8.98035e-05
5.42018e-05
3.25204e-05
1.94216e-05
1.15609e-05
6.86907e-06
4.07989e-06
2.42605e-06
1.4465e-06
8.66099e-07
5.2154e-07
3.16294e-07
1.93435e-07
1.19431e-07
7.45144e-08
4.70122e-08
3.00061e-08
1.93763e-08
1.26554e-08
8.35446e-09
5.56807e-09
3.74039e-09
2.52696e-09
1.71209e-09
1.15927e-09
7.81095e-10
5.21003e-10
3.41886e-10
2.19064e-10
1.35829e-10
8.06116e-11
4.51863e-11
2.35336e-11
1.11567e-11
4.69152e-12
1.69362e-12
5.038e-13
1.17404e-13
2.01652e-14
2.37781e-15
1.77472e-16
8.56217e-18
3.55755e-19
1.08069e-20
2.58761e-22
3.9585e-24
3.44636e-26
1.26763e-28
0.00321471
0.0485438
0.240623
0.501604
0.620759
0.662636
0.702104
0.745374
0.794956
0.850104
0.901956
0.939142
0.962661
0.976816
0.984435
0.986838
0.98482
0.979226
0.971063
0.961417
0.951305
0.941596
0.932953
0.925831
0.920484
0.917007
0.915357
0.915191
0.916068
0.91783
0.9203
0.923295
0.926634
0.930145
0.933676
0.93709
0.94027
0.943122
0.945567
0.947534
0.948973
0.949835
0.950073
0.949645
0.948505
0.946597
0.943858
0.94021
0.935562
0.929802
0.922799
0.914397
0.904421
0.892663
0.878903
0.862897
0.844398
0.823153
0.798927
0.771528
0.740815
0.706733
0.669338
0.628814
0.585489
0.539843
0.492498
0.444196
0.39577
0.348087
0.302011
0.258333
0.217733
0.180741
0.147709
0.118805
0.0940218
0.0732009
0.0560589
0.042227
0.0312863
0.0228015
0.0163477
0.011532
0.00800812
0.0054807
0.00369868
0.0024627
0.00161881
0.00105121
0.000674851
0.000428632
0.000269578
0.000168034
0.000103905
6.38036e-05
3.89486e-05
2.3663e-05
1.43249e-05
8.6514e-06
5.21911e-06
3.14892e-06
1.90247e-06
1.15234e-06
7.0053e-07
4.27848e-07
2.62741e-07
1.62338e-07
1.00958e-07
6.32029e-08
3.98211e-08
2.52353e-08
1.60686e-08
1.02653e-08
6.56619e-09
4.19433e-09
2.66687e-09
1.68108e-09
1.04548e-09
6.37754e-10
3.78939e-10
2.17492e-10
1.19382e-10
6.1921e-11
2.99102e-11
1.32187e-11
5.23052e-12
1.80502e-12
5.26465e-13
1.25118e-13
2.32502e-14
3.23132e-15
3.21032e-16
2.18993e-17
1.00007e-18
3.3631e-20
8.99549e-22
1.56004e-23
1.57368e-25
6.94318e-28
0.0113158
0.105764
0.357382
0.570118
0.638928
0.675382
0.714002
0.757722
0.809607
0.868389
0.922178
0.956482
0.975742
0.986164
0.99041
0.989135
0.982793
0.972296
0.958947
0.944181
0.929323
0.915461
0.903395
0.893638
0.886454
0.881903
0.879883
0.879783
0.881233
0.884006
0.887849
0.892505
0.897722
0.903265
0.908928
0.91453
0.91992
0.924974
0.929594
0.933703
0.937244
0.940176
0.942462
0.944067
0.944971
0.945134
0.944522
0.943084
0.940759
0.937469
0.933117
0.927581
0.920718
0.912358
0.902303
0.890333
0.876202
0.859652
0.84042
0.818247
0.792908
0.764224
0.732092
0.696508
0.657596
0.615615
0.570981
0.524259
0.476146
0.427444
0.379014
0.331732
0.286431
0.243853
0.204605
0.169129
0.13769
0.110373
0.0871002
0.0676591
0.0517319
0.0389327
0.0288412
0.0210329
0.0151024
0.0106871
0.00745588
0.00513047
0.00348368
0.00233543
0.00154664
0.00101243
0.000655514
0.000420091
0.000266671
0.000167813
0.000104776
6.49629e-05
4.00353e-05
2.45477e-05
1.49897e-05
9.12478e-06
5.54267e-06
3.36274e-06
2.03952e-06
1.23758e-06
7.51823e-07
4.5749e-07
2.78936e-07
1.70417e-07
1.04306e-07
6.39216e-08
3.9185e-08
2.39952e-08
1.46504e-08
8.89703e-09
5.35787e-09
3.18768e-09
1.86524e-09
1.06764e-09
5.93957e-10
3.18712e-10
1.63459e-10
7.92686e-11
3.58824e-11
1.49308e-11
5.60768e-12
1.86057e-12
5.31966e-13
1.27451e-13
2.48179e-14
3.80374e-15
4.4419e-16
3.83042e-17
2.37167e-18
1.02973e-19
3.0642e-21
6.0036e-23
6.99992e-25
3.7034e-27
0.0304069
0.180909
0.452442
0.606495
0.652876
0.685991
0.722794
0.767005
0.821379
0.884068
0.939727
0.970269
0.985161
0.992303
0.993429
0.988166
0.976687
0.960205
0.940551
0.919657
0.899236
0.880615
0.86472
0.852102
0.843003
0.837424
0.835176
0.835282
0.837533
0.841608
0.84716
0.853836
0.8613
0.869241
0.877386
0.885502
0.893398
0.900915
0.907939
0.914379
0.920173
0.925278
0.929665
0.933317
0.936219
0.938358
0.939722
0.940283
0.940006
0.938848
0.93674
0.933599
0.929311
0.923745
0.916737
0.908093
0.897596
0.884995
0.870031
0.852419
0.831894
0.808199
0.781126
0.750536
0.716381
0.67874
0.637827
0.594015
0.547826
0.499928
0.451102
0.402206
0.354124
0.307715
0.263764
0.222929
0.185713
0.152447
0.12328
0.0981962
0.0770327
0.0595131
0.0452802
0.0339297
0.0250398
0.0182117
0.0130575
0.00923217
0.00643926
0.00443231
0.00301215
0.002022
0.00134142
0.000879969
0.000571141
0.000366997
0.000233619
0.000147429
9.22993e-05
5.73684e-05
3.54271e-05
2.17528e-05
1.32902e-05
8.08542e-06
4.90131e-06
2.96223e-06
1.78582e-06
1.07429e-06
6.44986e-07
3.86469e-07
2.31043e-07
1.37733e-07
8.17993e-08
4.83353e-08
2.83673e-08
1.64981e-08
9.48169e-09
5.36635e-09
2.97852e-09
1.61319e-09
8.47552e-10
4.28951e-10
2.07411e-10
9.4891e-11
4.06109e-11
1.60427e-11
5.75929e-12
1.84555e-12
5.17285e-13
1.24001e-13
2.48135e-14
4.04064e-15
5.21516e-16
5.19301e-17
3.87928e-18
2.10829e-19
8.02188e-21
2.01454e-22
2.98308e-24
1.95074e-26
0.0650547
0.283924
0.519484
0.626404
0.663485
0.695347
0.729171
0.77346
0.830416
0.897218
0.954783
0.98082
0.991568
0.996067
0.994182
0.984263
0.966442
0.942589
0.915337
0.887268
0.860519
0.836643
0.816651
0.801087
0.790127
0.783678
0.781441
0.781981
0.785337
0.791073
0.798727
0.807833
0.81795
0.828681
0.839678
0.85065
0.861354
0.871608
0.881271
0.890239
0.898447
0.905851
0.91243
0.918175
0.923088
0.927171
0.930431
0.932866
0.934467
0.935212
0.935066
0.933975
0.931862
0.928625
0.924136
0.918235
0.910736
0.901413
0.890018
0.876276
0.859898
0.840596
0.818097
0.792167
0.762639
0.729442
0.692621
0.65237
0.609036
0.563127
0.515298
0.466327
0.417077
0.368447
0.321314
0.276486
0.234655
0.196359
0.161964
0.131655
0.10545
0.0832144
0.0646963
0.0495552
0.0373934
0.0278091
0.0203869
0.0147364
0.0105056
0.00738889
0.00512868
0.00351449
0.0023786
0.00159062
0.00105147
0.000687416
0.000444687
0.000284794
0.00018067
0.000113595
7.08268e-05
4.38171e-05
2.69111e-05
1.64168e-05
9.95218e-06
5.99782e-06
3.59461e-06
2.14278e-06
1.27054e-06
7.49258e-07
4.39286e-07
2.55899e-07
1.47979e-07
8.48377e-08
4.81404e-08
2.69801e-08
1.48952e-08
8.07463e-09
4.28153e-09
2.21044e-09
1.10511e-09
5.31623e-10
2.44249e-10
1.06245e-10
4.33142e-11
1.6357e-11
5.64531e-12
1.75363e-12
4.81978e-13
1.15026e-13
2.33579e-14
3.94959e-15
5.43472e-16
5.93724e-17
5.00985e-18
3.1597e-19
1.42613e-20
4.31135e-22
7.74154e-24
6.1555e-26
0.106172
0.360784
0.563475
0.638448
0.67106
0.701435
0.734884
0.777298
0.836794
0.907844
0.967491
0.988504
0.995633
0.998191
0.993139
0.977463
0.951706
0.918872
0.882684
0.846485
0.81282
0.783407
0.75926
0.740849
0.728239
0.721206
0.719307
0.720604
0.72545
0.733272
0.743466
0.755433
0.768617
0.782523
0.796723
0.810861
0.824653
0.837882
0.850385
0.86205
0.872808
0.882618
0.891465
0.899352
0.906293
0.912308
0.917423
0.921651
0.925011
0.927503
0.929119
0.929831
0.929592
0.928332
0.925955
0.922334
0.917312
0.910695
0.902257
0.89174
0.878857
0.863305
0.844778
0.822985
0.797674
0.768663
0.735865
0.69932
0.659218
0.615909
0.569912
0.521898
0.472659
0.423078
0.374068
0.326525
0.28127
0.239006
0.200278
0.165459
0.134741
0.108144
0.0855388
0.066676
0.0512165
0.0387722
0.0289329
0.0212861
0.0154425
0.0110499
0.0078005
0.00543422
0.00373709
0.00253778
0.00170234
0.00112842
0.000739429
0.00047917
0.000307205
0.000194934
0.000122475
7.6221e-05
4.70039e-05
2.87327e-05
1.74152e-05
1.04688e-05
6.24223e-06
3.69217e-06
2.16613e-06
1.2602e-06
7.26692e-07
4.15078e-07
2.34619e-07
1.31071e-07
7.22542e-08
3.9224e-08
2.09169e-08
1.09243e-08
5.56787e-09
2.75761e-09
1.32056e-09
6.07896e-10
2.67177e-10
1.11238e-10
4.34762e-11
1.57866e-11
5.26302e-12
1.58968e-12
4.28635e-13
1.01508e-13
2.07425e-14
3.58791e-15
5.14455e-16
5.97357e-17
5.46645e-18
3.81178e-19
1.93493e-20
6.67036e-22
1.37967e-23
1.27235e-25
0.151224
0.424595
0.595301
0.646022
0.675457
0.704264
0.73784
0.780441
0.840547
0.9159
0.977986
0.993757
0.997994
0.999272
0.990542
0.967556
0.931944
0.888418
0.842068
0.797031
0.75617
0.721235
0.693139
0.672198
0.658318
0.651107
0.649078
0.651596
0.658483
0.668973
0.682279
0.697645
0.714379
0.731876
0.749629
0.767224
0.784338
0.800728
0.81622
0.830696
0.844088
0.856361
0.867513
0.877557
0.886522
0.894445
0.901367
0.907325
0.91235
0.916468
0.919693
0.922018
0.923426
0.923872
0.92329
0.921582
0.918619
0.914239
0.908241
0.900386
0.8904
0.877982
0.862811
0.844558
0.82292
0.797635
0.768511
0.735472
0.698573
0.658027
0.614221
0.567711
0.51921
0.469551
0.419646
0.370431
0.322811
0.277604
0.235501
0.197028
0.162529
0.132172
0.10595
0.0837127
0.0651934
0.0500377
0.0378566
0.0282346
0.0207625
0.0150558
0.0107682
0.00759771
0.00528963
0.00363478
0.00246578
0.00165185
0.00109307
0.000714682
0.000461839
0.000295055
0.000186411
0.000116494
7.20291e-05
4.40724e-05
2.66898e-05
1.59987e-05
9.49265e-06
5.57463e-06
3.23951e-06
1.86217e-06
1.0583e-06
5.94192e-07
3.29265e-07
1.79854e-07
9.66863e-08
5.10546e-08
2.64185e-08
1.33584e-08
6.57841e-09
3.14261e-09
1.44964e-09
6.42249e-10
2.71597e-10
1.0885e-10
4.10069e-11
1.43873e-11
4.65177e-12
1.36979e-12
3.62561e-13
8.50179e-14
1.73826e-14
3.04484e-15
4.48051e-16
5.41528e-17
5.23296e-18
3.90722e-19
2.15096e-20
8.13008e-22
1.85994e-23
1.90965e-25
0.194856
0.470495
0.610134
0.650172
0.676572
0.703778
0.737743
0.782743
0.842142
0.921325
0.986388
0.99705
0.999219
0.999755
0.986437
0.954162
0.906555
0.850687
0.793235
0.739052
0.691131
0.651061
0.619512
0.596571
0.581943
0.575057
0.573245
0.577476
0.586881
0.600493
0.617336
0.636481
0.657094
0.678458
0.699984
0.721203
0.741759
0.761387
0.779911
0.797217
0.81324
0.827959
0.841383
0.853542
0.86448
0.87425
0.882907
0.890508
0.897102
0.902732
0.907428
0.911212
0.914082
0.916018
0.916978
0.916892
0.915651
0.913125
0.909134
0.903462
0.895853
0.886007
0.873601
0.85829
0.839729
0.817601
0.791643
0.761683
0.727673
0.689712
0.64808
0.603228
0.55579
0.506542
0.456379
0.406248
0.357104
0.309848
0.265273
0.224025
0.186575
0.15321
0.124033
0.0989851
0.0778697
0.0603774
0.0461441
0.0347634
0.0258187
0.018906
0.0136516
0.0097219
0.0068293
0.004733
0.0032368
0.00218473
0.0014557
0.000957677
0.000622194
0.000399275
0.000253121
0.000158548
9.81339e-05
6.00256e-05
3.62849e-05
2.16757e-05
1.27947e-05
7.46114e-06
4.29699e-06
2.44291e-06
1.37016e-06
7.57544e-07
4.12451e-07
2.2086e-07
1.16135e-07
5.98535e-08
3.0166e-08
1.4828e-08
7.08615e-09
3.28022e-09
1.46452e-09
6.27531e-10
2.56594e-10
9.94703e-11
3.62862e-11
1.23519e-11
3.88626e-12
1.11817e-12
2.90735e-13
6.74157e-14
1.37377e-14
2.41989e-15
3.61623e-16
4.48482e-17
4.4939e-18
3.51496e-19
2.04624e-20
8.24685e-22
2.02544e-23
2.24413e-25
0.234262
0.502666
0.61728
0.651103
0.674314
0.699866
0.734315
0.781899
0.843595
0.924036
0.99278
0.998876
0.999762
0.999936
0.980728
0.936807
0.874978
0.805364
0.736346
0.67327
0.618937
0.574515
0.540284
0.516041
0.501285
0.49526
0.49473
0.501211
0.513612
0.530745
0.551433
0.57458
0.599213
0.624516
0.649829
0.674643
0.698572
0.721353
0.742801
0.762816
0.781348
0.798388
0.813961
0.828113
0.840905
0.852405
0.862682
0.871809
0.87985
0.886866
0.8929
0.897991
0.902156
0.905394
0.907682
0.908968
0.909177
0.908184
0.905842
0.901945
0.896255
0.888478
0.878292
0.865337
0.849246
0.829657
0.806258
0.778806
0.747176
0.711384
0.671622
0.628267
0.581888
0.533214
0.483117
0.432552
0.382503
0.333922
0.287678
0.2445
0.204953
0.169413
0.138067
0.110929
0.0878594
0.0685894
0.0527769
0.0400282
0.0299261
0.0220561
0.0160268
0.0114829
0.00811333
0.00565383
0.00388633
0.00263542
0.00176331
0.00116422
0.000758598
0.000487873
0.00030971
0.000194079
0.000120056
7.33101e-05
4.41861e-05
2.62838e-05
1.5427e-05
8.93173e-06
5.09881e-06
2.86847e-06
1.58921e-06
8.66347e-07
4.64218e-07
2.44182e-07
1.25891e-07
6.34992e-08
3.12667e-08
1.49908e-08
6.97741e-09
3.14184e-09
1.36317e-09
5.67269e-10
2.25218e-10
8.47955e-11
3.00696e-11
9.96557e-12
3.0599e-12
8.61963e-13
2.20335e-13
5.04842e-14
1.02259e-14
1.80261e-15
2.71556e-16
3.42122e-17
3.50962e-18
2.83158e-19
1.71227e-20
7.21259e-22
1.86088e-23
2.1742e-25
0.268213
0.524735
0.619777
0.648376
0.6686
0.692352
0.727316
0.777823
0.844286
0.924558
0.997201
0.999709
0.999951
0.999989
0.973229
0.915006
0.836786
0.752476
0.672111
0.601093
0.541564
0.493952
0.458006
0.433244
0.419008
0.413663
0.415165
0.424716
0.440885
0.462172
0.48715
0.514545
0.543272
0.572453
0.601394
0.629575
0.656619
0.68227
0.706363
0.728812
0.749587
0.768699
0.786188
0.802118
0.816561
0.829606
0.841329
0.851818
0.861148
0.869393
0.876613
0.882857
0.888151
0.892516
0.895939
0.898387
0.899797
0.900068
0.899056
0.896579
0.892399
0.886234
0.877754
0.86659
0.85235
0.834652
0.813134
0.787514
0.757611
0.723387
0.684982
0.642726
0.59715
0.548959
0.499014
0.448277
0.397753
0.348432
0.301227
0.256921
0.216136
0.179301
0.146658
0.118262
0.0940112
0.0736631
0.0568881
0.0433016
0.0324871
0.0240252
0.0175147
0.0125878
0.0089197
0.00623214
0.00429389
0.00291762
0.00195525
0.00129242
0.000842656
0.00054195
0.000343822
0.00021516
0.000132806
8.08456e-05
4.85296e-05
2.87194e-05
1.67506e-05
9.62515e-06
5.4462e-06
3.03265e-06
1.66064e-06
8.93415e-07
4.71722e-07
2.44123e-07
1.23638e-07
6.11683e-08
2.94996e-08
1.38339e-08
6.29034e-09
2.76421e-09
1.16948e-09
4.74299e-10
1.83488e-10
6.73309e-11
2.32867e-11
7.53633e-12
2.26386e-12
6.25474e-13
1.57318e-13
3.56051e-14
7.15642e-15
1.25817e-15
1.90077e-16
2.41532e-17
2.51356e-18
2.06881e-19
1.28285e-20
5.56646e-22
1.4849e-23
1.79856e-25
0.296231
0.53898
0.618141
0.641428
0.659316
0.680999
0.716408
0.770085
0.841785
0.925035
0.999618
0.999973
0.999998
1
0.963719
0.888312
0.791765
0.692495
0.601888
0.524693
0.461758
0.412398
0.375762
0.351212
0.338083
0.331853
0.336479
0.350269
0.371263
0.397515
0.427292
0.459145
0.491927
0.524755
0.556966
0.588084
0.617773
0.645821
0.672094
0.696539
0.719149
0.739956
0.759017
0.77641
0.79222
0.806547
0.819481
0.831116
0.841537
0.850824
0.859048
0.866266
0.872517
0.877827
0.882197
0.885603
0.887989
0.889267
0.8893
0.887909
0.884858
0.879861
0.872578
0.862629
0.849603
0.83309
0.812708
0.788146
0.759194
0.725795
0.688075
0.64635
0.601148
0.553182
0.503322
0.452545
0.401877
0.352327
0.304828
0.260189
0.219045
0.181846
0.148846
0.120111
0.0955465
0.0749183
0.0578964
0.0440967
0.0331026
0.0244927
0.0178627
0.0128417
0.00910088
0.0063585
0.00437987
0.00297454
0.0019918
0.00131507
0.0008561
0.000549497
0.000347734
0.000216937
0.000133403
8.08488e-05
4.82785e-05
2.83976e-05
1.64473e-05
9.37561e-06
5.25718e-06
2.89779e-06
1.5689e-06
8.33533e-07
4.34077e-07
2.21286e-07
1.1026e-07
5.3602e-08
2.53714e-08
1.16646e-08
5.19475e-09
2.23388e-09
9.2425e-10
3.66414e-10
1.38542e-10
4.96957e-11
1.68106e-11
5.32639e-12
1.56875e-12
4.2579e-13
1.05469e-13
2.35787e-14
4.69748e-15
8.21753e-16
1.24041e-16
1.58167e-17
1.65884e-18
1.38169e-19
8.70365e-21
3.84924e-22
1.04929e-23
1.30103e-25
0.318239
0.54717
0.613387
0.631608
0.646322
0.665518
0.701203
0.758316
0.836033
0.925476
0.999999
0.999999
0.999998
0.999999
0.951985
0.856354
0.739963
0.626417
0.527777
0.447062
0.383008
0.333426
0.296919
0.273064
0.26142
0.257635
0.266001
0.284421
0.310438
0.341658
0.376034
0.411964
0.448267
0.484101
0.518886
0.552219
0.583845
0.613603
0.641416
0.667261
0.691159
0.713164
0.733348
0.7518
0.768615
0.783898
0.797745
0.810254
0.82152
0.831627
0.840643
0.848637
0.855651
0.861714
0.866831
0.870985
0.874122
0.876151
0.876937
0.876291
0.873969
0.869669
0.863038
0.853675
0.841147
0.825033
0.804936
0.780541
0.751649
0.718216
0.680394
0.638534
0.593203
0.545147
0.49527
0.444575
0.394101
0.344865
0.29779
0.253668
0.213113
0.176549
0.1442
0.11611
0.0921616
0.0721068
0.0556016
0.0422558
0.0316504
0.0233656
0.0170018
0.012194
0.0086209
0.0060079
0.00412732
0.00279508
0.00186595
0.00122794
0.000796534
0.000509275
0.000320906
0.000199259
0.000121898
7.34534e-05
4.35852e-05
2.54582e-05
1.46316e-05
8.27003e-06
4.59425e-06
2.50669e-06
1.34214e-06
7.04505e-07
3.62123e-07
1.82028e-07
8.93438e-08
4.27431e-08
1.98911e-08
8.98324e-09
3.92675e-09
1.65631e-09
6.71826e-10
2.61023e-10
9.6711e-11
3.39988e-11
1.12764e-11
3.5059e-12
1.01437e-12
2.70879e-13
6.61413e-14
1.46094e-14
2.88324e-15
5.01109e-16
7.53842e-17
9.61066e-18
1.01102e-18
8.47249e-20
5.38458e-21
2.40823e-22
6.65071e-24
8.36289e-26
0.334315
0.550521
0.605837
0.618575
0.629393
0.645597
0.681248
0.742037
0.826642
0.924063
1
1
0.999998
0.999997
0.93785
0.818838
0.681727
0.555845
0.452692
0.372009
0.309429
0.260902
0.224737
0.201544
0.188079
0.189018
0.204205
0.229806
0.262256
0.298765
0.337307
0.37646
0.415241
0.452988
0.489266
0.523792
0.556396
0.58699
0.61554
0.642058
0.66659
0.6892
0.709975
0.729005
0.746398
0.76225
0.776662
0.789738
0.801564
0.812226
0.821797
0.830339
0.837897
0.844498
0.850148
0.854814
0.858445
0.860935
0.862134
0.861832
0.859763
0.855601
0.848962
0.839423
0.826544
0.809891
0.789084
0.763839
0.734006
0.699605
0.660863
0.618211
0.572291
0.52392
0.474048
0.423701
0.37392
0.325696
0.279909
0.237289
0.198381
0.163536
0.132911
0.106489
0.0841035
0.0654758
0.0502395
0.0379937
0.0283194
0.0208052
0.0150657
0.0107533
0.0075656
0.00524681
0.00358674
0.00241685
0.00160521
0.00105081
0.000677937
0.000431006
0.000269986
0.000166605
0.000101256
6.05929e-05
3.56898e-05
2.06832e-05
1.17878e-05
6.60311e-06
3.63316e-06
1.96205e-06
1.03906e-06
5.39064e-07
2.73652e-07
1.35748e-07
6.57022e-08
3.09722e-08
1.41919e-08
6.30664e-09
2.71092e-09
1.12388e-09
4.47876e-10
1.70921e-10
6.21976e-11
2.14782e-11
6.99999e-12
2.13987e-12
6.09301e-13
1.60314e-13
3.86248e-14
8.43296e-15
1.64835e-15
2.84361e-16
4.256e-17
5.41122e-18
5.69044e-19
4.77763e-20
3.04811e-21
1.37076e-22
3.81074e-24
4.82603e-26
0.344523
0.54985
0.595506
0.601395
0.606514
0.620925
0.656047
0.720673
0.813124
0.920441
0.999997
0.999997
0.999998
0.999996
0.921157
0.775518
0.617724
0.483083
0.380432
0.304097
0.245558
0.198672
0.161846
0.138082
0.125389
0.134959
0.160317
0.194602
0.233281
0.273862
0.314925
0.355559
0.395142
0.433255
0.469626
0.504086
0.536544
0.566963
0.595347
0.621728
0.646165
0.668736
0.689517
0.708606
0.726099
0.7421
0.756699
0.769989
0.782058
0.792985
0.802838
0.81167
0.819521
0.826405
0.832315
0.837208
0.841002
0.843566
0.844721
0.844221
0.841759
0.836973
0.829454
0.81876
0.804449
0.786124
0.763451
0.736227
0.704408
0.668133
0.627757
0.583839
0.537122
0.488504
0.438978
0.389574
0.341297
0.295069
0.251673
0.211724
0.175649
0.143681
0.115874
0.092124
0.0721993
0.0557785
0.0424751
0.0318817
0.0235883
0.0172031
0.0123674
0.00876446
0.0061227
0.00421632
0.00286212
0.0019151
0.00126305
0.000820987
0.000525891
0.000331922
0.000206387
0.000126397
7.62234e-05
4.52479e-05
2.64304e-05
1.5185e-05
8.57648e-06
4.75912e-06
2.59281e-06
1.38579e-06
7.25954e-07
3.72354e-07
1.86777e-07
9.15002e-08
4.37104e-08
2.03261e-08
9.18266e-09
4.0212e-09
1.70259e-09
6.95011e-10
2.72638e-10
1.02402e-10
3.66738e-11
1.24654e-11
3.99997e-12
1.20452e-12
3.38086e-13
8.77676e-14
2.08872e-14
4.51044e-15
8.73292e-16
1.49472e-16
2.22337e-17
2.81438e-18
2.95157e-19
2.4753e-20
1.57962e-21
7.11308e-23
1.98133e-24
2.51438e-26
0.348794
0.545887
0.583008
0.580717
0.57813
0.591252
0.6251
0.693547
0.794822
0.914518
1
1
0.999998
1
0.901751
0.726133
0.548997
0.411275
0.315717
0.248449
0.196059
0.150491
0.110262
0.0756667
0.078987
0.110765
0.150064
0.188117
0.228025
0.269102
0.310757
0.3505
0.388863
0.425599
0.46055
0.493623
0.524771
0.553985
0.581285
0.60671
0.630322
0.652183
0.67238
0.690987
0.708098
0.723799
0.738178
0.751314
0.763282
0.774152
0.783969
0.792782
0.800606
0.807434
0.813229
0.817914
0.821367
0.823414
0.823818
0.822289
0.818473
0.811975
0.80237
0.78923
0.772161
0.750839
0.725055
0.694749
0.660043
0.621259
0.578917
0.533719
0.48652
0.438273
0.389977
0.342614
0.297092
0.254198
0.214556
0.178613
0.146631
0.118692
0.094726
0.0745308
0.0578102
0.0442057
0.0333237
0.0247649
0.0181443
0.0131059
0.00933316
0.0065528
0.00453585
0.00309541
0.00208252
0.00138117
0.000902948
0.000581818
0.000369458
0.000231165
0.000142485
8.64966e-05
5.16993e-05
3.04142e-05
1.76034e-05
1.00193e-05
5.60494e-06
3.07975e-06
1.66099e-06
8.78544e-07
4.55305e-07
2.30953e-07
1.14526e-07
5.54435e-08
2.61635e-08
1.20139e-08
5.35751e-09
2.31509e-09
9.6698e-10
3.89302e-10
1.50591e-10
5.57697e-11
1.9694e-11
6.60123e-12
2.08945e-12
6.20897e-13
1.72068e-13
4.41342e-14
1.03862e-14
2.22002e-15
4.25922e-16
7.23221e-17
1.06856e-17
1.34519e-18
1.40469e-19
1.17422e-20
7.47592e-22
3.36078e-23
9.34838e-25
1.18445e-26
0.346774
0.539379
0.569904
0.55928
0.548342
0.556415
0.588017
0.659919
0.770816
0.906031
0.999998
1
1
0.999998
0.879415
0.670304
0.477054
0.344605
0.264116
0.210321
0.165547
0.121963
0.0790068
0.0908737
0.106983
0.136676
0.171669
0.207262
0.244438
0.282469
0.320584
0.357154
0.39251
0.426471
0.459519
0.492042
0.520871
0.547947
0.573322
0.597034
0.619128
0.639663
0.658698
0.6763
0.692541
0.707496
0.721226
0.733797
0.74527
0.75568
0.765057
0.773412
0.780726
0.786952
0.792
0.795742
0.797992
0.798513
0.797017
0.793159
0.78656
0.776827
0.763568
0.746427
0.725136
0.69953
0.669593
0.635484
0.597543
0.556298
0.512437
0.466787
0.420257
0.373791
0.328313
0.284673
0.243598
0.20567
0.171298
0.140718
0.114001
0.0910735
0.0717405
0.0557193
0.0426675
0.0322133
0.023982
0.0176056
0.0127449
0.00909824
0.0064049
0.00444636
0.00304386
0.00205477
0.00136771
0.000897616
0.000580777
0.000370423
0.000232856
0.000144244
8.80294e-05
5.29128e-05
3.13154e-05
1.82414e-05
1.04537e-05
5.89094e-06
3.26249e-06
1.77452e-06
9.47235e-07
4.95811e-07
2.54238e-07
1.27575e-07
6.25689e-08
2.99522e-08
1.39734e-08
6.34206e-09
2.79485e-09
1.19326e-09
4.9237e-10
1.95802e-10
7.48099e-11
2.73644e-11
9.54501e-12
3.16073e-12
9.88592e-13
2.90383e-13
7.95804e-14
2.01961e-14
4.70548e-15
9.96469e-16
1.89553e-16
3.19388e-17
4.6865e-18
5.86387e-19
6.0906e-20
5.06757e-21
3.21303e-22
1.43891e-23
3.98737e-25
5.0309e-27
0.337521
0.530789
0.558092
0.539312
0.516663
0.516017
0.544786
0.619085
0.739818
0.894521
0.999997
1
1
0.999998
0.853789
0.607408
0.404121
0.2886
0.231643
0.194243
0.1595
0.140988
0.139018
0.144278
0.15997
0.184584
0.213626
0.244565
0.277007
0.310133
0.343167
0.375239
0.406442
0.436686
0.46624
0.49512
0.521064
0.547426
0.570837
0.592226
0.612205
0.630835
0.648165
0.664239
0.679103
0.692804
0.705379
0.716862
0.727274
0.736618
0.744884
0.752019
0.757953
0.762572
0.765722
0.767202
0.766768
0.76413
0.758966
0.750929
0.739677
0.724891
0.706301
0.683736
0.657128
0.626562
0.592275
0.55467
0.514305
0.471874
0.428171
0.384046
0.340359
0.297932
0.257503
0.219691
0.184973
0.15367
0.125946
0.101823
0.0811943
0.063855
0.0495254
0.0378796
0.02857
0.0212485
0.0155884
0.0112806
0.00805244
0.00567016
0.00393855
0.00269864
0.00182395
0.00121596
0.000799532
0.000518474
0.000331546
0.000209038
0.000129925
7.95907e-05
4.80421e-05
2.85658e-05
1.67258e-05
9.63995e-06
5.46655e-06
3.04843e-06
1.67074e-06
8.99329e-07
4.7509e-07
2.46099e-07
1.24881e-07
6.20104e-08
3.00942e-08
1.42544e-08
6.57957e-09
2.9544e-09
1.28802e-09
5.44012e-10
2.22055e-10
8.73548e-11
3.30174e-11
1.19487e-11
4.12395e-12
1.35146e-12
4.18417e-13
1.21693e-13
3.30332e-14
8.30683e-15
1.91861e-15
4.02966e-16
7.60627e-17
1.27236e-17
1.85438e-18
2.30558e-19
2.38049e-20
1.96947e-21
1.24192e-22
5.53187e-24
1.52447e-25
1.9119e-27
0.324051
0.516301
0.547515
0.526865
0.486106
0.46218
0.496535
0.570721
0.700015
0.879254
0.999997
0.999998
1
0.999997
0.824178
0.536415
0.333717
0.250376
0.223279
0.207414
0.19577
0.193344
0.198143
0.206318
0.221832
0.242688
0.266724
0.292585
0.319608
0.34713
0.374597
0.401586
0.428061
0.45395
0.479279
0.503795
0.526477
0.549203
0.569616
0.590787
0.608094
0.62423
0.639244
0.653145
0.665944
0.677649
0.688255
0.697752
0.706102
0.713248
0.719116
0.723589
0.72653
0.727759
0.727062
0.724201
0.718909
0.710909
0.699927
0.685715
0.66807
0.646863
0.622054
0.593724
0.562081
0.527468
0.490358
0.451338
0.411086
0.370335
0.329835
0.290317
0.252445
0.216798
0.183833
0.153879
0.127129
0.103646
0.0833777
0.0661755
0.0518156
0.0400231
0.030495
0.0229189
0.0169899
0.0124224
0.0089627
0.0063813
0.00448357
0.00310874
0.0021271
0.00143623
0.000956928
0.00062911
0.000408069
0.000261129
0.00016483
0.000102615
6.29936e-05
3.81237e-05
2.27401e-05
1.33646e-05
7.73625e-06
4.40899e-06
2.47275e-06
1.36401e-06
7.39599e-07
3.93926e-07
2.05938e-07
1.05581e-07
5.30319e-08
2.60683e-08
1.2525e-08
5.87397e-09
2.68473e-09
1.1938e-09
5.15447e-10
2.15629e-10
8.7186e-11
3.39791e-11
1.27252e-11
4.56362e-12
1.56117e-12
5.07199e-13
1.55714e-13
4.49199e-14
1.20976e-14
3.01916e-15
6.9226e-16
1.44378e-16
2.70687e-17
4.49838e-18
6.51417e-19
8.04801e-20
8.25702e-21
6.78772e-22
4.2524e-23
1.88143e-24
5.14837e-26
6.40809e-28
0.309888
0.491847
0.531796
0.51844
0.481081
0.427243
0.448086
0.515794
0.648846
0.859073
1
0.999999
1
0.999997
0.789325
0.455738
0.271949
0.23803
0.243437
0.243556
0.246052
0.252464
0.258645
0.269708
0.284767
0.302699
0.322506
0.343493
0.365189
0.387191
0.40919
0.430978
0.452465
0.473555
0.494146
0.514002
0.532815
0.551279
0.56828
0.58558
0.601125
0.614521
0.626279
0.636916
0.646425
0.654766
0.661886
0.667709
0.672139
0.675071
0.676362
0.675862
0.673394
0.668771
0.661791
0.652265
0.640006
0.624869
0.606743
0.585588
0.561438
0.534417
0.504751
0.472765
0.438876
0.40359
0.367472
0.331124
0.295157
0.260163
0.226681
0.195177
0.166022
0.139484
0.115723
0.094793
0.0766533
0.0611831
0.0481991
0.0374726
0.0287496
0.0217654
0.0162592
0.0119842
0.00871527
0.00625304
0.00442915
0.00309744
0.00213865
0.00145791
0.000981211
0.000651963
0.00042765
0.000276904
0.000176973
0.000111627
6.9479e-05
4.2667e-05
2.58459e-05
1.54403e-05
9.09407e-06
5.27916e-06
3.01937e-06
1.70071e-06
9.42968e-07
5.1438e-07
2.75883e-07
1.45384e-07
7.52181e-08
3.81734e-08
1.89848e-08
9.24216e-09
4.39877e-09
2.04398e-09
9.25835e-10
4.08086e-10
1.74698e-10
7.24762e-11
2.90682e-11
1.12401e-11
4.17754e-12
1.48719e-12
5.0515e-13
1.62995e-13
4.9712e-14
1.425e-14
3.81438e-15
9.46341e-16
2.15743e-16
4.47429e-17
8.34173e-18
1.37841e-18
1.98442e-19
2.43657e-20
2.48338e-21
2.027e-22
1.26019e-23
5.53009e-25
1.49995e-26
1.84826e-28
0.294027
0.456194
0.506169
0.506419
0.482561
0.447914
0.419834
0.459228
0.582594
0.832165
1
1
1
1
0.746963
0.36322
0.23009
0.252816
0.270784
0.282544
0.29209
0.299931
0.310207
0.322603
0.336642
0.351853
0.367847
0.38433
0.401079
0.417906
0.434662
0.451229
0.467517
0.483426
0.498843
0.513631
0.527698
0.541176
0.55368
0.565849
0.576503
0.585997
0.593002
0.598503
0.602681
0.605476
0.606801
0.606551
0.604622
0.600892
0.595247
0.587567
0.577737
0.565669
0.551284
0.534545
0.515457
0.494075
0.470513
0.444952
0.417637
0.388878
0.35904
0.328538
0.297813
0.267319
0.237504
0.208788
0.181546
0.156091
0.132667
0.111438
0.0924901
0.0758345
0.0614153
0.049121
0.0387959
0.0302547
0.0232942
0.0177062
0.0132861
0.00984096
0.00719499
0.0051922
0.00369811
0.00259951
0.00180489
0.00123797
0.000838819
0.000561449
0.000371213
0.000242429
0.000156374
9.96154e-05
6.2665e-05
3.89229e-05
2.38672e-05
1.44456e-05
8.62804e-06
5.08426e-06
2.95502e-06
1.69343e-06
9.56498e-07
5.32268e-07
2.91671e-07
1.57304e-07
8.34442e-08
4.35076e-08
2.22795e-08
1.11953e-08
5.5148e-09
2.66014e-09
1.25495e-09
5.78216e-10
2.59791e-10
1.13626e-10
4.82844e-11
1.98914e-11
7.92493e-12
3.04518e-12
1.12507e-12
3.98287e-13
1.34576e-13
4.32088e-14
1.31172e-14
3.74361e-15
9.97889e-16
2.46576e-16
5.59902e-17
1.1565e-17
2.14704e-18
3.53156e-19
5.05807e-20
6.17389e-21
6.24931e-22
5.06016e-23
3.11729e-24
1.3542e-25
3.63303e-27
4.41427e-29
0.274579
0.407723
0.46414
0.479968
0.473608
0.456938
0.443574
0.421581
0.495597
0.795533
1
1
0.999999
1
0.693169
0.256599
0.221649
0.260154
0.280953
0.293749
0.305014
0.316098
0.327454
0.339127
0.351046
0.363112
0.375232
0.387317
0.399287
0.411063
0.422569
0.43373
0.44447
0.454705
0.464351
0.473318
0.481539
0.488969
0.49546
0.501074
0.505243
0.507918
0.507262
0.505849
0.503013
0.498702
0.492868
0.48546
0.476441
0.465778
0.45346
0.43949
0.423897
0.406735
0.388095
0.3681
0.346908
0.324714
0.301747
0.278262
0.254538
0.230865
0.207539
0.184845
0.163052
0.142398
0.123083
0.105266
0.0890523
0.0745022
0.0616257
0.0503889
0.0407206
0.0325188
0.0256587
0.0200016
0.0154023
0.0117154
0.0088013
0.00653023
0.00478494
0.00346232
0.00247387
0.00174534
0.00121578
0.000836123
0.000568317
0.000381846
0.0002536
0.000166476
0.000108013
6.92611e-05
4.38892e-05
2.74812e-05
1.70011e-05
1.039e-05
6.27168e-06
3.73852e-06
2.20023e-06
1.27815e-06
7.32673e-07
4.14302e-07
2.31013e-07
1.26965e-07
6.87466e-08
3.66523e-08
1.92294e-08
9.92084e-09
5.0293e-09
2.50303e-09
1.22179e-09
5.84278e-10
2.73403e-10
1.25011e-10
5.57676e-11
2.423e-11
1.02333e-11
4.1921e-12
1.66164e-12
6.35535e-13
2.33831e-13
8.24734e-14
2.77758e-14
8.89265e-15
2.69282e-15
7.66815e-16
2.03988e-16
5.03083e-17
1.14012e-17
2.34987e-18
4.35123e-19
7.13376e-20
1.01737e-20
1.23481e-21
1.24065e-22
9.95035e-24
6.05775e-25
2.59569e-26
6.86636e-28
8.22696e-30
0.246816
0.342349
0.39689
0.424172
0.433932
0.433031
0.426834
0.417844
0.387232
0.742787
0.999999
1
1
0.999999
0.619153
0.150681
0.200476
0.220583
0.233276
0.244571
0.253818
0.262316
0.270532
0.278607
0.286557
0.294351
0.301939
0.309264
0.316266
0.322886
0.329063
0.334734
0.339841
0.34432
0.348109
0.351145
0.353372
0.354724
0.355118
0.354475
0.352543
0.349051
0.341252
0.333895
0.326098
0.317336
0.307587
0.296882
0.285273
0.27282
0.259605
0.245716
0.231259
0.216357
0.201139
0.185748
0.170335
0.155052
0.140052
0.125484
0.111487
0.0981867
0.0856897
0.0740829
0.0634297
0.0537692
0.0451155
0.0374598
0.030772
0.025004
0.0200932
0.0159661
0.012543
0.00974094
0.00747728
0.00567271
0.00425306
0.00315097
0.00230669
0.00166843
0.00119227
0.000841721
0.00058703
0.000404411
0.000275187
0.000184944
0.000122927
8.0822e-05
5.25606e-05
3.38075e-05
2.15056e-05
1.35283e-05
8.41473e-06
5.17484e-06
3.14598e-06
1.8904e-06
1.12257e-06
6.5865e-07
3.81751e-07
2.18514e-07
1.23489e-07
6.88784e-08
3.7904e-08
2.05708e-08
1.10046e-08
5.79992e-09
3.00976e-09
1.53677e-09
7.71465e-10
3.80438e-10
1.84115e-10
8.73492e-11
4.05755e-11
1.84293e-11
8.172e-12
3.53159e-12
1.48455e-12
6.05696e-13
2.39271e-13
9.12652e-14
3.35083e-14
1.18006e-14
3.97049e-15
1.27061e-15
3.8475e-16
1.09597e-16
2.91706e-17
7.19849e-18
1.63213e-18
3.36422e-19
6.22563e-20
1.0189e-20
1.44815e-21
1.74755e-22
1.74008e-23
1.37709e-24
8.2269e-26
3.4372e-27
8.8304e-29
1.04859e-30
0.191638
0.248152
0.287477
0.314133
0.33143
0.341626
0.34581
0.341058
0.335143
0.639682
0.999999
1
0.999998
1
0.490396
0.101922
0.108819
0.115612
0.119169
0.121142
0.123034
0.125309
0.12796
0.13085
0.133838
0.136811
0.139677
0.142365
0.144814
0.146973
0.1488
0.150254
0.151301
0.151913
0.15206
0.151721
0.150873
0.149494
0.147559
0.145032
0.14183
0.137748
0.131202
0.124801
0.119146
0.113302
0.107242
0.100999
0.0946208
0.0881595
0.0816677
0.0751992
0.0688085
0.0625475
0.0564668
0.0506131
0.0450293
0.039752
0.0348119
0.0302327
0.0260308
0.0222144
0.018785
0.0157362
0.0130558
0.0107256
0.00872291
0.00702165
0.00559339
0.00440857
0.0034375
0.00265125
0.0020224
0.00152562
0.00113801
0.000839322
0.000612013
0.000441173
0.000314376
0.000221438
0.000154167
0.000106083
7.21408e-05
4.84809e-05
3.21945e-05
2.1124e-05
1.37178e-05
8.81824e-06
5.61088e-06
3.53341e-06
2.20205e-06
1.35796e-06
8.28553e-07
5.00122e-07
2.98601e-07
1.76321e-07
1.02951e-07
5.94285e-08
3.39075e-08
1.91173e-08
1.06479e-08
5.85691e-09
3.18043e-09
1.70427e-09
9.00793e-10
4.69375e-10
2.40973e-10
1.2181e-10
6.0581e-11
2.96187e-11
1.42219e-11
6.69962e-12
3.09258e-12
1.39695e-12
6.16557e-13
2.65431e-13
1.11244e-13
4.52908e-14
1.78682e-14
6.81229e-15
2.50199e-15
8.821e-16
2.97334e-16
9.53845e-17
2.89698e-17
8.28027e-18
2.21196e-18
5.47862e-19
1.24646e-19
2.57657e-20
4.77645e-21
7.81749e-22
1.10821e-22
1.32869e-23
1.30692e-24
1.01295e-25
5.84944e-27
2.31379e-28
5.42689e-30
5.43411e-32
)
;

boundaryField
{
    walls
    {
        type            zeroGradient;
    }
    top
    {
        type            zeroGradient;
    }
    bottom
    {
        type            zeroGradient;
    }
    frontAndBack
    {
        type            empty;
    }
    inlet
    {
        type            uniformFixedValue;
        uniformValue    
        {
            type            constant;
            value           1;
        }
        value           uniform 1;
    }
    outlet
    {
        type            zeroGradient;
    }
}


// ************************************************************************* //
