/*--------------------------------*- C++ -*----------------------------------*\
  =========                 |
  \\      /  F ield         | OpenFOAM: The Open Source CFD Toolbox
   \\    /   O peration     | Website:  https://openfoam.org
    \\  /    A nd           | Version:  12
     \\/     M anipulation  |
\*---------------------------------------------------------------------------*/
FoamFile
{
    format      ascii;
    class       volScalarField;
    location    "175";
    object      T;
}
// * * * * * * * * * * * * * * * * * * * * * * * * * * * * * * * * * * * * * //

dimensions      [];

internalField   nonuniform List<scalar> 
4480
(
9.5933e-12
2.14175e-09
6.57895e-06
0.000725898
0.00871838
0.0333754
0.0747265
0.126503
0.182109
0.236842
0.287961
0.334142
0.374939
0.410403
0.440831
0.466629
0.488233
0.506066
0.520519
0.531939
0.540639
0.546885
0.550909
0.55291
0.55306
0.551507
0.54838
0.544388
0.540343
0.536223
0.532005
0.527668
0.523186
0.518537
0.513698
0.508644
0.503347
0.497782
0.491916
0.485721
0.479163
0.472203
0.464802
0.456919
0.448504
0.439506
0.429864
0.419517
0.408387
0.39639
0.383437
0.369424
0.354236
0.337763
0.319897
0.300552
0.279693
0.257355
0.233677
0.208936
0.18355
0.158077
0.133171
0.109521
0.0877702
0.0684377
0.0518557
0.0381466
0.0272262
0.0188474
0.0126531
0.00823914
0.00520526
0.00319214
0.00190134
0.00110073
0.000619834
0.000339789
0.000181494
9.45422e-05
4.80735e-05
2.38844e-05
1.16056e-05
5.8864e-06
3.24969e-06
1.98024e-06
1.31585e-06
9.2987e-07
6.83905e-07
5.17172e-07
4.00239e-07
3.16787e-07
2.56654e-07
2.13093e-07
1.81527e-07
1.58848e-07
1.42977e-07
1.32565e-07
1.26808e-07
1.25346e-07
1.28232e-07
1.35971e-07
1.49643e-07
1.7115e-07
2.0364e-07
2.52283e-07
3.25626e-07
4.3802e-07
6.14057e-07
8.96807e-07
1.36339e-06
2.15491e-06
3.53497e-06
6.00529e-06
1.05364e-05
1.90321e-05
3.52659e-05
6.67792e-05
0.000128767
0.000252513
0.000506294
0.00105237
0.00229591
0.00540248
0.0152034
0.0447936
0.0877493
0.143115
0.0963044
0.0165266
0.00305847
0.000343471
3.28092e-05
3.06428e-06
2.4642e-07
1.5167e-08
6.671e-10
1.67969e-11
1.86937e-13
5.16846e-16
7.79897e-12
2.5178e-07
0.00018664
0.00806823
0.0501019
0.129246
0.225243
0.320429
0.405859
0.478795
0.539585
0.589733
0.630963
0.664835
0.692648
0.715458
0.734103
0.749248
0.761428
0.771071
0.778523
0.784058
0.787902
0.790235
0.791205
0.790928
0.7895
0.786838
0.783072
0.778299
0.772614
0.766111
0.758878
0.750998
0.742542
0.733582
0.724175
0.714373
0.704214
0.693734
0.682958
0.671903
0.660573
0.648974
0.637097
0.624925
0.612438
0.599605
0.586387
0.572739
0.558602
0.543915
0.528599
0.512567
0.495729
0.477978
0.459216
0.439342
0.418274
0.395961
0.372381
0.347581
0.321658
0.294792
0.267234
0.239313
0.211422
0.184014
0.15757
0.132568
0.109446
0.0885679
0.0701845
0.0544192
0.0412608
0.0305786
0.0221453
0.0156706
0.0108359
0.00732298
0.00483821
0.00312625
0.00197651
0.00123421
0.000767239
0.000478023
0.000300726
0.000192455
0.000126107
8.50092e-05
5.9105e-05
4.24125e-05
3.1393e-05
2.39455e-05
1.8808e-05
1.52079e-05
1.26624e-05
1.08631e-05
9.61111e-06
8.77863e-06
8.28679e-06
8.09332e-06
8.1868e-06
8.58559e-06
9.34277e-06
1.05566e-05
1.23917e-05
1.51141e-05
1.91536e-05
2.52086e-05
3.44293e-05
4.87373e-05
7.13913e-05
0.000107991
0.000168281
0.000269394
0.000441749
0.000739862
0.00126257
0.00219243
0.00387614
0.00698855
0.0128386
0.0238962
0.0444179
0.0787307
0.12401
0.163709
0.11247
0.0259051
0.00528506
0.00092264
0.000137034
1.70495e-05
1.73916e-06
1.33067e-07
7.22977e-09
2.30194e-10
3.40587e-12
1.50519e-14
3.18094e-09
8.3238e-06
0.00198727
0.037947
0.140915
0.273834
0.39962
0.503827
0.585608
0.648881
0.698116
0.73697
0.768072
0.793253
0.813779
0.830563
0.844276
0.855431
0.864436
0.871612
0.877225
0.881482
0.884559
0.886593
0.887694
0.887951
0.887433
0.886057
0.883802
0.880715
0.876838
0.872202
0.866847
0.8608
0.854104
0.846788
0.838894
0.830458
0.821517
0.812105
0.802259
0.792007
0.78138
0.770399
0.759082
0.747447
0.735497
0.723238
0.710664
0.697766
0.684527
0.67092
0.65691
0.642455
0.627506
0.611996
0.59586
0.579015
0.561375
0.542853
0.52336
0.502815
0.481145
0.458305
0.434271
0.409062
0.382744
0.355437
0.327323
0.298652
0.269727
0.240914
0.212608
0.185222
0.159158
0.134789
0.112423
0.0922905
0.0745287
0.059179
0.0461888
0.035427
0.0266991
0.0198204
0.0145341
0.0105486
0.00759595
0.00544218
0.00389193
0.00278806
0.00200821
0.00145994
0.00107514
0.000804751
0.000614037
0.000478779
0.000382261
0.000313037
0.00026331
0.00022779
0.000202918
0.000186348
0.000176614
0.000172919
0.000175053
0.00018336
0.000198824
0.000223242
0.000259545
0.000312337
0.00038878
0.00050001
0.000663452
0.000906533
0.00127273
0.00183131
0.00269322
0.00403654
0.00614797
0.00948893
0.0147975
0.0232233
0.0364377
0.0565421
0.0853888
0.122527
0.161221
0.183134
0.13131
0.0381076
0.00922764
0.00194495
0.000349741
5.2048e-05
6.31674e-06
5.74559e-07
3.74071e-08
1.46109e-09
2.77238e-11
1.69179e-13
1.73263e-07
0.000122114
0.0113476
0.108257
0.273986
0.432128
0.554392
0.642462
0.705604
0.752222
0.788095
0.816722
0.840112
0.859429
0.875418
0.888615
0.899449
0.908271
0.915387
0.921052
0.925487
0.928872
0.931358
0.933069
0.934097
0.934518
0.934389
0.933674
0.932346
0.930429
0.927938
0.924881
0.921266
0.917097
0.912377
0.907114
0.901319
0.894996
0.888167
0.880843
0.873045
0.864794
0.856109
0.847015
0.837532
0.82768
0.817477
0.80694
0.796079
0.784906
0.773424
0.761631
0.749524
0.737087
0.724305
0.71115
0.697588
0.683573
0.669059
0.65398
0.638274
0.621859
0.604661
0.586593
0.567571
0.54752
0.526373
0.504079
0.480615
0.455987
0.430242
0.403475
0.375825
0.347488
0.318705
0.289765
0.260991
0.232729
0.205329
0.179133
0.154451
0.131551
0.110637
0.0919126
0.0755115
0.0613876
0.0494248
0.039453
0.0312654
0.0246373
0.0193409
0.0151578
0.0118876
0.00935326
0.0074032
0.00591112
0.00477455
0.0039119
0.00325963
0.00276898
0.00240327
0.00213536
0.00194574
0.00182098
0.00175263
0.00173657
0.00177281
0.00186561
0.00202423
0.00226427
0.00260987
0.00309715
0.00377935
0.00473454
0.00607678
0.0079722
0.0106618
0.0144924
0.0199563
0.0277361
0.0387387
0.0540717
0.0748638
0.101776
0.134049
0.167941
0.194586
0.198263
0.147572
0.0527238
0.0147927
0.003567
0.000729336
0.00012297
1.69448e-05
1.75804e-06
1.32089e-07
6.08318e-09
1.40835e-10
1.10016e-12
3.78072e-06
0.00100392
0.0414731
0.222702
0.423618
0.571943
0.66938
0.733411
0.778022
0.811755
0.839116
0.862153
0.881707
0.898188
0.911904
0.923167
0.932304
0.939624
0.945416
0.949937
0.953412
0.956023
0.957924
0.959235
0.96005
0.960438
0.960448
0.96007
0.95925
0.958005
0.956343
0.954267
0.951779
0.948873
0.945546
0.94179
0.937601
0.932976
0.927913
0.922415
0.916483
0.910128
0.903356
0.896183
0.88862
0.880684
0.872392
0.863758
0.8548
0.845532
0.835968
0.826118
0.81599
0.805589
0.794917
0.783969
0.772733
0.761193
0.749329
0.73711
0.724498
0.711448
0.697907
0.683813
0.669093
0.653678
0.637483
0.620427
0.602434
0.583427
0.563341
0.542127
0.519761
0.496238
0.471592
0.445888
0.419238
0.391787
0.363727
0.335293
0.306744
0.278372
0.250482
0.223402
0.197564
0.173246
0.150674
0.130011
0.111357
0.0947412
0.0801358
0.0674592
0.0565894
0.0473746
0.039646
0.0332282
0.0279482
0.0236419
0.0201595
0.0173685
0.0151543
0.013421
0.0120907
0.011102
0.0104089
0.00998005
0.00979799
0.00985897
0.0101739
0.0107704
0.0116952
0.01302
0.0148473
0.0173205
0.0206351
0.0250536
0.0309224
0.038686
0.0488942
0.0621855
0.0792204
0.100517
0.126126
0.155099
0.184743
0.209763
0.221551
0.208629
0.15821
0.0685729
0.0218007
0.00587835
0.00133433
0.000248704
3.79489e-05
4.37582e-06
3.69068e-07
1.94149e-08
5.27443e-10
5.01493e-12
4.55565e-05
0.00534292
0.108493
0.365352
0.560207
0.675957
0.744137
0.788108
0.820412
0.847138
0.870714
0.891573
0.909564
0.92463
0.936918
0.946733
0.954433
0.960369
0.964874
0.968229
0.970679
0.972426
0.973633
0.974426
0.974897
0.975114
0.975119
0.974918
0.974408
0.973601
0.972499
0.971101
0.969401
0.967391
0.965061
0.9624
0.9594
0.956047
0.952337
0.948264
0.943821
0.939008
0.933826
0.928282
0.92238
0.91613
0.909543
0.902631
0.895413
0.887897
0.880103
0.872043
0.863731
0.85518
0.846398
0.837394
0.828172
0.818731
0.809066
0.79917
0.789031
0.77862
0.767915
0.756879
0.745469
0.733637
0.721322
0.708461
0.694987
0.680816
0.665874
0.650082
0.633362
0.615643
0.596859
0.576964
0.555924
0.533732
0.510406
0.48599
0.460569
0.434262
0.40722
0.379605
0.351755
0.323958
0.29651
0.269708
0.243836
0.219154
0.195885
0.174205
0.154243
0.136075
0.119727
0.10518
0.0923772
0.0812296
0.0716266
0.063445
0.0565562
0.050833
0.0461562
0.0424186
0.0395286
0.0374135
0.0360209
0.0353216
0.0353105
0.0360107
0.037476
0.0397951
0.0430974
0.0475586
0.0534059
0.0609218
0.0704426
0.0823435
0.0970053
0.114741
0.13567
0.159503
0.185241
0.210783
0.232525
0.245095
0.241551
0.214823
0.161919
0.0840961
0.0298534
0.00888688
0.00221219
0.000449976
7.49689e-05
9.45798e-06
8.79488e-07
5.17143e-08
1.60518e-09
1.79872e-11
0.000360111
0.0203035
0.219254
0.508343
0.6641
0.743204
0.788774
0.820373
0.846451
0.870483
0.893104
0.913421
0.930637
0.94457
0.955473
0.963781
0.969948
0.974395
0.977489
0.97955
0.980845
0.981595
0.981977
0.982129
0.982145
0.982089
0.981994
0.981874
0.981579
0.981111
0.980462
0.979619
0.97857
0.977298
0.975789
0.974023
0.971987
0.969668
0.967052
0.964131
0.960895
0.957339
0.953462
0.949261
0.944742
0.939905
0.934761
0.929318
0.92359
0.917586
0.911323
0.904817
0.898079
0.891125
0.883971
0.876629
0.869106
0.861417
0.853566
0.845553
0.83738
0.82904
0.820525
0.811816
0.802898
0.793739
0.784303
0.774554
0.76444
0.75391
0.7429
0.731347
0.719173
0.706311
0.69268
0.678203
0.662804
0.646417
0.628981
0.610448
0.59078
0.56997
0.548027
0.52493
0.500819
0.475822
0.450103
0.423865
0.397337
0.370769
0.344423
0.318568
0.293459
0.269335
0.24641
0.224861
0.204832
0.186423
0.169694
0.154672
0.141348
0.12969
0.119647
0.111155
0.104148
0.0985636
0.0943472
0.0914614
0.0898893
0.0896402
0.0907523
0.0932974
0.0973823
0.103148
0.110767
0.12043
0.132331
0.146623
0.163364
0.182418
0.203322
0.225104
0.246073
0.263609
0.274051
0.272835
0.255153
0.217627
0.161529
0.095053
0.0383795
0.0125053
0.00338775
0.000746287
0.000134628
1.84087e-05
1.86636e-06
1.2101e-07
4.22078e-09
5.47078e-11
0.00209428
0.0590296
0.36097
0.625225
0.731437
0.782912
0.815093
0.840518
0.864198
0.887893
0.91089
0.931147
0.947569
0.96017
0.969476
0.976104
0.980602
0.983432
0.984987
0.985612
0.985602
0.985206
0.984628
0.984013
0.983466
0.98305
0.982791
0.982687
0.982558
0.982386
0.982152
0.981828
0.98139
0.98081
0.980061
0.979119
0.977959
0.976567
0.974923
0.973011
0.970826
0.968353
0.965591
0.962537
0.95919
0.955556
0.951638
0.947442
0.942981
0.938267
0.933309
0.928124
0.922726
0.917133
0.911356
0.905413
0.899318
0.893083
0.88672
0.88024
0.873649
0.866947
0.860141
0.853224
0.846188
0.839024
0.831714
0.824237
0.816561
0.808656
0.800483
0.791997
0.783141
0.773866
0.764103
0.753789
0.742854
0.731224
0.718828
0.705591
0.691443
0.676326
0.660177
0.64293
0.624531
0.605003
0.584379
0.562718
0.54012
0.516713
0.492653
0.468134
0.443371
0.418592
0.394041
0.369965
0.346599
0.32417
0.302879
0.282907
0.264401
0.247482
0.232238
0.218734
0.207009
0.197089
0.188987
0.182712
0.178275
0.175693
0.174996
0.176225
0.179434
0.184683
0.192031
0.201509
0.213098
0.226677
0.24196
0.258407
0.275116
0.290699
0.303169
0.30989
0.307653
0.293047
0.263277
0.217672
0.159783
0.0988417
0.0467614
0.016561
0.00485568
0.00115281
0.000224024
3.30188e-05
3.62616e-06
2.57232e-07
9.98931e-09
1.4834e-10
0.00978512
0.137765
0.502612
0.703058
0.770467
0.806175
0.831618
0.854352
0.877573
0.902067
0.92596
0.946078
0.961366
0.972327
0.979843
0.984683
0.987421
0.988519
0.988386
0.987396
0.98589
0.984161
0.982445
0.980917
0.979693
0.978837
0.978363
0.978247
0.978263
0.978386
0.978573
0.978784
0.978973
0.979101
0.979126
0.979009
0.978722
0.978233
0.977521
0.976571
0.975362
0.97389
0.972144
0.970121
0.967821
0.965246
0.9624
0.959293
0.955932
0.952328
0.948494
0.944444
0.940193
0.935757
0.93115
0.926392
0.921493
0.916473
0.911343
0.906118
0.90081
0.895425
0.889969
0.884449
0.878866
0.873215
0.867494
0.86169
0.85579
0.849777
0.843627
0.837311
0.830799
0.824047
0.817021
0.809668
0.801937
0.793772
0.785109
0.775887
0.766037
0.755497
0.744195
0.732067
0.718975
0.704898
0.689798
0.673648
0.65645
0.638221
0.619017
0.59891
0.578015
0.556465
0.53443
0.5121
0.489686
0.467409
0.445507
0.424208
0.403743
0.384322
0.366146
0.349392
0.334215
0.320748
0.309102
0.299367
0.291616
0.285907
0.282284
0.280773
0.281385
0.284103
0.288867
0.295557
0.303956
0.313708
0.324263
0.334807
0.344187
0.35085
0.352807
0.34769
0.332964
0.306387
0.266821
0.215399
0.156712
0.0989686
0.0517463
0.0208335
0.00658129
0.00167845
0.000350239
5.54776e-05
6.57727e-06
5.08529e-07
2.18934e-08
3.71096e-10
0.0361849
0.267541
0.609406
0.746072
0.7929
0.820832
0.842916
0.864604
0.888285
0.914143
0.939099
0.958733
0.972475
0.981561
0.987218
0.990239
0.991143
0.990358
0.988316
0.985451
0.982174
0.978852
0.975775
0.973156
0.971127
0.969751
0.96903
0.968881
0.969058
0.969509
0.970172
0.970982
0.971871
0.972778
0.973643
0.974417
0.97505
0.975508
0.975758
0.975777
0.975546
0.975051
0.974283
0.973239
0.97192
0.970328
0.968465
0.96634
0.963964
0.961349
0.958504
0.955447
0.952193
0.948757
0.945157
0.941411
0.93753
0.933535
0.92944
0.925256
0.921003
0.916689
0.912323
0.907915
0.90347
0.898992
0.894481
0.889937
0.88535
0.880717
0.87602
0.871252
0.866386
0.861404
0.856274
0.850969
0.845452
0.839683
0.833621
0.827214
0.820416
0.81317
0.805418
0.797106
0.788107
0.778379
0.767859
0.756492
0.744233
0.731052
0.716927
0.701861
0.685877
0.669026
0.651378
0.633037
0.614131
0.594818
0.575277
0.555701
0.536307
0.517313
0.498943
0.481418
0.464947
0.449728
0.435939
0.423735
0.413249
0.404581
0.397801
0.392943
0.389996
0.388894
0.389499
0.391584
0.3948
0.398638
0.402394
0.40511
0.405547
0.402156
0.393121
0.37648
0.350414
0.313722
0.266538
0.211121
0.152385
0.0973923
0.0532552
0.0239812
0.00850861
0.00232555
0.000520053
8.84129e-05
1.13014e-05
9.51245e-07
4.53564e-08
8.77379e-10
0.0865657
0.403386
0.68381
0.769895
0.807016
0.830828
0.851057
0.872466
0.89708
0.924624
0.950646
0.969346
0.981185
0.988314
0.992155
0.99336
0.992304
0.989385
0.985091
0.97997
0.97455
0.969299
0.964586
0.96067
0.957698
0.955734
0.954758
0.954585
0.95497
0.955829
0.95707
0.958596
0.960311
0.962124
0.963955
0.965731
0.96739
0.968884
0.970173
0.971221
0.97201
0.972524
0.972748
0.972681
0.972322
0.971676
0.970748
0.969547
0.968086
0.966376
0.964432
0.962269
0.959907
0.957357
0.95464
0.951771
0.948771
0.945655
0.942437
0.939136
0.935766
0.932337
0.928865
0.925359
0.921826
0.918274
0.914708
0.911126
0.907537
0.903929
0.900305
0.896653
0.892963
0.889223
0.885414
0.881524
0.877523
0.873388
0.86909
0.864595
0.85987
0.854878
0.849569
0.843907
0.837796
0.831186
0.824022
0.816248
0.807812
0.798658
0.788748
0.778041
0.766517
0.754168
0.740999
0.727048
0.712364
0.697024
0.68113
0.664813
0.648219
0.631516
0.614889
0.598538
0.582655
0.567446
0.553097
0.539785
0.527664
0.516856
0.507446
0.499475
0.492921
0.487698
0.483629
0.480426
0.477674
0.47479
0.471002
0.465318
0.456514
0.443158
0.423694
0.396621
0.3608
0.315918
0.263038
0.205083
0.1469
0.094463
0.0530844
0.0253034
0.00991295
0.00309134
0.000739981
0.000134997
1.86072e-05
1.70602e-06
9.01834e-08
1.99466e-09
0.163249
0.514148
0.72774
0.788606
0.817392
0.837845
0.856981
0.878501
0.904308
0.933732
0.960781
0.978058
0.987766
0.99302
0.995166
0.994514
0.991248
0.985781
0.978739
0.970849
0.962816
0.955242
0.948585
0.943156
0.939119
0.936522
0.935317
0.935163
0.935845
0.937242
0.939217
0.941632
0.944353
0.947254
0.950224
0.95317
0.956007
0.958674
0.961115
0.963294
0.965181
0.966762
0.968025
0.968962
0.96958
0.96988
0.969873
0.96957
0.968985
0.968133
0.96703
0.965695
0.964145
0.962398
0.960474
0.958389
0.956165
0.953816
0.951362
0.948817
0.946198
0.943519
0.940792
0.938029
0.935243
0.932437
0.929622
0.926801
0.923979
0.921156
0.918333
0.915506
0.912671
0.909822
0.906949
0.904041
0.901086
0.898064
0.89496
0.891752
0.888418
0.88493
0.881256
0.877369
0.873201
0.868715
0.863857
0.858588
0.852858
0.846615
0.839815
0.832411
0.824362
0.815633
0.806204
0.796059
0.785202
0.773651
0.761447
0.748645
0.735328
0.721598
0.707575
0.693394
0.679204
0.665163
0.651426
0.638149
0.625464
0.613484
0.602284
0.591897
0.582292
0.573363
0.564912
0.55663
0.548069
0.538628
0.527523
0.513789
0.496291
0.473774
0.44499
0.408908
0.36502
0.313742
0.25681
0.197496
0.140377
0.0904514
0.0516706
0.0255263
0.0106143
0.00360797
0.000970838
0.000199137
2.96279e-05
2.96406e-06
1.741e-07
4.41633e-09
0.262262
0.596002
0.755698
0.801961
0.82581
0.843214
0.86119
0.883006
0.910127
0.941562
0.969597
0.984997
0.992512
0.996115
0.996692
0.994022
0.988113
0.979495
0.969052
0.957772
0.946586
0.936256
0.927343
0.920204
0.91501
0.911784
0.910427
0.910377
0.911498
0.913616
0.916539
0.920072
0.924033
0.928253
0.932584
0.936901
0.941103
0.945106
0.948846
0.95228
0.955374
0.958109
0.960475
0.962468
0.964095
0.965362
0.966285
0.966874
0.967148
0.967128
0.966832
0.966282
0.965492
0.964489
0.963291
0.961919
0.960392
0.958728
0.956948
0.955064
0.953098
0.951061
0.948969
0.946834
0.944664
0.942475
0.940269
0.938057
0.935843
0.933631
0.931422
0.92922
0.927021
0.92482
0.92262
0.920408
0.918181
0.915928
0.913638
0.911298
0.908891
0.906399
0.903808
0.901091
0.898208
0.895121
0.8918
0.888206
0.884304
0.88005
0.875406
0.870328
0.864771
0.858694
0.852066
0.844849
0.837018
0.828563
0.819474
0.809762
0.799457
0.788597
0.777237
0.765455
0.753334
0.740971
0.728467
0.715926
0.703435
0.691072
0.678878
0.666856
0.654951
0.643038
0.630897
0.6182
0.60449
0.589167
0.571472
0.550505
0.525253
0.494685
0.457882
0.414274
0.363927
0.307851
0.248258
0.188555
0.132953
0.0855837
0.0493369
0.0249254
0.0107725
0.00387629
0.00112547
0.000253753
4.22049e-05
4.7942e-06
3.25024e-07
9.61406e-09
0.355424
0.678641
0.774756
0.811526
0.831782
0.847716
0.864203
0.886143
0.914611
0.948147
0.977177
0.990317
0.995743
0.998014
0.99708
0.992047
0.982848
0.970295
0.955662
0.940292
0.925383
0.911871
0.900421
0.891425
0.885043
0.881252
0.879886
0.880084
0.881848
0.884929
0.889065
0.893995
0.899472
0.905276
0.911218
0.917139
0.922909
0.92843
0.933631
0.938453
0.942868
0.946852
0.950399
0.953509
0.95619
0.958456
0.960324
0.961814
0.962946
0.963745
0.964233
0.964435
0.964373
0.964071
0.963552
0.962835
0.961949
0.960906
0.959729
0.958436
0.957042
0.955566
0.954021
0.952422
0.950778
0.949102
0.947402
0.945687
0.943962
0.942234
0.940507
0.938783
0.937062
0.93535
0.93364
0.931929
0.930221
0.928501
0.926771
0.925016
0.923234
0.921406
0.919527
0.917577
0.915534
0.913361
0.91104
0.908545
0.905843
0.902908
0.899701
0.89619
0.892336
0.888101
0.883443
0.878327
0.872713
0.866572
0.859876
0.852602
0.844739
0.836287
0.827249
0.817649
0.807513
0.796878
0.785787
0.774281
0.762396
0.750151
0.737543
0.724527
0.711013
0.696838
0.681755
0.665416
0.647356
0.626978
0.603569
0.57631
0.544345
0.50688
0.463344
0.413618
0.35827
0.298797
0.237725
0.178454
0.124777
0.0800585
0.0463356
0.023725
0.0105115
0.00392822
0.0012011
0.000289214
5.2079e-05
6.49032e-06
4.89349e-07
1.63535e-08
0.42539
0.711065
0.788311
0.818226
0.835711
0.85054
0.866918
0.88801
0.917784
0.953477
0.983583
0.994194
0.997795
0.999086
0.996565
0.988602
0.975248
0.957816
0.938116
0.917927
0.898736
0.881664
0.867456
0.856526
0.849001
0.84479
0.843632
0.844298
0.846978
0.851334
0.85701
0.863659
0.870962
0.878641
0.886457
0.894216
0.901764
0.908986
0.915797
0.922139
0.927981
0.933303
0.938101
0.942382
0.946159
0.949452
0.952287
0.954682
0.956672
0.958282
0.95954
0.960473
0.96111
0.961476
0.961597
0.961496
0.961199
0.960727
0.960099
0.959337
0.958457
0.957477
0.956412
0.955276
0.954082
0.952841
0.951563
0.950258
0.948934
0.947594
0.946248
0.9449
0.943549
0.942201
0.940856
0.939513
0.938171
0.936831
0.935485
0.934133
0.932769
0.931386
0.929975
0.928527
0.927028
0.925447
0.923771
0.921984
0.920058
0.917978
0.91571
0.913229
0.910502
0.907499
0.904178
0.900506
0.896439
0.891941
0.886975
0.881498
0.875482
0.868893
0.861701
0.853891
0.845443
0.836343
0.82658
0.816138
0.804996
0.793115
0.780435
0.766862
0.752248
0.736386
0.718992
0.699688
0.677995
0.65333
0.625024
0.592361
0.554657
0.511375
0.4623
0.407731
0.348688
0.287047
0.225516
0.167387
0.116006
0.0740543
0.0428707
0.0221069
0.0099461
0.00381015
0.00120645
0.00030403
5.79049e-05
7.71339e-06
6.28382e-07
2.29674e-08
0.481439
0.735046
0.799153
0.822607
0.837812
0.851769
0.868301
0.889549
0.919652
0.957521
0.988878
0.996846
0.998987
0.999632
0.995273
0.983575
0.965002
0.941631
0.915958
0.890246
0.86628
0.84534
0.82824
0.81539
0.806866
0.802475
0.801279
0.80275
0.806764
0.812846
0.820515
0.829315
0.838838
0.848736
0.858722
0.868567
0.878099
0.887189
0.895749
0.903723
0.911079
0.917806
0.923908
0.929397
0.934297
0.938635
0.942441
0.945748
0.948588
0.950997
0.953008
0.954651
0.955959
0.956963
0.957689
0.958167
0.95842
0.958473
0.95835
0.958069
0.957649
0.957111
0.95647
0.955738
0.954932
0.954065
0.953145
0.952182
0.951188
0.950166
0.949125
0.948069
0.947005
0.945935
0.944861
0.943788
0.942714
0.941638
0.940562
0.939486
0.938401
0.937308
0.936204
0.935081
0.933929
0.932726
0.931463
0.930122
0.928693
0.927155
0.925488
0.923671
0.921675
0.919475
0.917037
0.914328
0.911306
0.907936
0.904172
0.89997
0.895285
0.890063
0.884262
0.87783
0.870713
0.862864
0.854222
0.844725
0.834295
0.82284
0.810239
0.796342
0.780942
0.763778
0.744522
0.722757
0.697987
0.669645
0.637118
0.599807
0.557218
0.509086
0.455545
0.397291
0.335726
0.273002
0.211909
0.155544
0.106796
0.0677333
0.0391106
0.0202181
0.00917472
0.00356964
0.0011567
0.000300673
5.95461e-05
8.31513e-06
7.16058e-07
2.79175e-08
0.52647
0.751972
0.80535
0.824998
0.838208
0.851382
0.868187
0.890678
0.920445
0.960247
0.993122
0.99851
0.999605
0.999876
0.993225
0.976763
0.951752
0.921327
0.888799
0.856938
0.827802
0.802792
0.782765
0.768112
0.758834
0.75461
0.753618
0.756306
0.762095
0.770349
0.780441
0.791789
0.803885
0.816306
0.828715
0.840853
0.852531
0.863612
0.874013
0.883686
0.892605
0.900768
0.908191
0.914898
0.920921
0.926297
0.931064
0.935264
0.938936
0.942121
0.944857
0.947183
0.949133
0.950741
0.952039
0.953059
0.953822
0.95436
0.954696
0.954851
0.954849
0.954703
0.954436
0.954062
0.953593
0.953044
0.952427
0.95175
0.951027
0.950262
0.949467
0.948642
0.9478
0.946939
0.94607
0.94519
0.944304
0.943416
0.942525
0.941631
0.940733
0.939832
0.938922
0.938002
0.937066
0.9361
0.935091
0.934032
0.932911
0.931712
0.930421
0.92902
0.92749
0.925804
0.923936
0.921854
0.919524
0.916908
0.913959
0.910633
0.906875
0.902628
0.897829
0.89241
0.886296
0.879402
0.87164
0.862898
0.853058
0.841972
0.829463
0.815319
0.799275
0.781016
0.760155
0.736244
0.708774
0.677197
0.640973
0.599635
0.552896
0.500776
0.443748
0.382866
0.319843
0.257018
0.197162
0.143116
0.0973041
0.0612409
0.0351953
0.0181771
0.00827836
0.00324938
0.00106827
0.000283416
5.76368e-05
8.31575e-06
7.44526e-07
3.03802e-08
0.56249
0.763818
0.808678
0.825569
0.836915
0.849319
0.866426
0.89024
0.921169
0.961608
0.996351
0.999433
0.99988
0.999968
0.990378
0.967911
0.935136
0.896553
0.856386
0.817888
0.783317
0.754146
0.731254
0.715013
0.705336
0.701732
0.701717
0.706147
0.714238
0.725154
0.738098
0.752352
0.767305
0.782466
0.797454
0.811995
0.825886
0.839001
0.851257
0.862624
0.873088
0.882664
0.891377
0.899267
0.906375
0.912752
0.918441
0.923493
0.927957
0.93188
0.935303
0.93827
0.940821
0.942993
0.944821
0.946337
0.947574
0.948553
0.949308
0.949856
0.950224
0.950427
0.950488
0.950421
0.950243
0.949965
0.949602
0.949164
0.948662
0.948105
0.947502
0.946857
0.946183
0.945479
0.944756
0.944016
0.943263
0.9425
0.941729
0.940952
0.940174
0.939387
0.938596
0.937801
0.936994
0.936169
0.935312
0.93442
0.933482
0.932488
0.931426
0.930282
0.929036
0.927674
0.926165
0.924485
0.922602
0.920477
0.91807
0.91533
0.912204
0.90863
0.904532
0.899833
0.894437
0.888238
0.881114
0.872927
0.863506
0.852659
0.840158
0.825728
0.809048
0.789741
0.767378
0.741475
0.71152
0.677004
0.637472
0.592616
0.542375
0.487055
0.427453
0.364931
0.301445
0.239421
0.181525
0.13029
0.0876805
0.0547091
0.0312408
0.0160778
0.00732161
0.00288484
0.000956129
0.000256876
5.31438e-05
7.83623e-06
7.20342e-07
3.03222e-08
0.591076
0.771914
0.809905
0.824201
0.833918
0.84548
0.86289
0.888185
0.921511
0.96187
0.998585
0.999853
0.999975
0.999994
0.986639
0.956753
0.914838
0.86708
0.81866
0.773221
0.733108
0.699788
0.674163
0.656635
0.647041
0.644109
0.645784
0.652802
0.664042
0.678374
0.694771
0.712365
0.730459
0.748522
0.76616
0.783102
0.799164
0.814237
0.828264
0.841228
0.853139
0.864029
0.873939
0.882921
0.891029
0.898326
0.904863
0.910699
0.915887
0.920482
0.924535
0.92809
0.931187
0.933874
0.936182
0.938148
0.939805
0.941183
0.942306
0.943203
0.943893
0.9444
0.944744
0.944941
0.945005
0.944955
0.944798
0.944553
0.944228
0.943832
0.943376
0.942867
0.942316
0.941725
0.941103
0.940456
0.939788
0.939102
0.938404
0.937698
0.936985
0.936264
0.935538
0.934806
0.934068
0.93332
0.932545
0.931744
0.930909
0.930033
0.929104
0.92811
0.927038
0.925868
0.924581
0.923152
0.921549
0.91974
0.917683
0.91533
0.912624
0.9095
0.905877
0.901666
0.896756
0.891025
0.884325
0.876482
0.867292
0.856511
0.843865
0.82902
0.8116
0.791177
0.767279
0.739403
0.707054
0.669778
0.62724
0.579311
0.52617
0.468407
0.407112
0.343908
0.280898
0.220513
0.165238
0.117252
0.0780688
0.0482538
0.0273428
0.0139942
0.00635429
0.00250388
0.000832614
0.000225194
4.70637e-05
7.03422e-06
6.57603e-07
2.82439e-08
0.613435
0.776994
0.809097
0.820648
0.829161
0.83974
0.857403
0.884299
0.920249
0.962109
0.999807
0.999987
1
1
0.981897
0.943036
0.890622
0.832841
0.7758
0.723363
0.677772
0.640387
0.612175
0.593719
0.584834
0.581469
0.586021
0.596971
0.612633
0.631431
0.652047
0.673465
0.694947
0.715977
0.736206
0.755414
0.773463
0.790295
0.805881
0.820242
0.833409
0.845435
0.856376
0.866299
0.875269
0.883358
0.890629
0.897144
0.902963
0.908145
0.912743
0.916807
0.920383
0.923514
0.926239
0.928596
0.930618
0.932335
0.933777
0.93497
0.935936
0.936698
0.937275
0.937688
0.937951
0.938079
0.938088
0.937992
0.937799
0.937522
0.937173
0.936758
0.936288
0.93577
0.935209
0.934616
0.933996
0.933351
0.932688
0.932014
0.931328
0.930633
0.929932
0.929228
0.928517
0.927799
0.927063
0.926304
0.925519
0.924702
0.923842
0.922932
0.921958
0.9209
0.919746
0.918467
0.917039
0.915427
0.913593
0.911487
0.90905
0.906214
0.902894
0.898989
0.894378
0.888921
0.882442
0.874739
0.865567
0.854646
0.841642
0.826178
0.807824
0.78611
0.76054
0.730614
0.695875
0.655956
0.610671
0.560097
0.504657
0.445217
0.383119
0.320174
0.258551
0.200596
0.148539
0.104182
0.0686034
0.0419773
0.0235787
0.0119827
0.00541355
0.00212729
0.000707169
0.000191695
4.02553e-05
6.0605e-06
5.72034e-07
2.48589e-08
0.630472
0.779675
0.806721
0.815649
0.82257
0.831945
0.84977
0.878393
0.917352
0.96233
0.999999
0.999999
0.999998
0.999999
0.976043
0.926538
0.862349
0.793969
0.728292
0.669122
0.618314
0.576939
0.546153
0.527127
0.519724
0.518765
0.527325
0.543214
0.564092
0.58788
0.612972
0.638243
0.662966
0.686695
0.709181
0.730282
0.74995
0.768172
0.784977
0.800414
0.814545
0.827441
0.839176
0.849827
0.859469
0.868179
0.876026
0.883077
0.8894
0.895055
0.900091
0.904568
0.908532
0.912026
0.915089
0.917764
0.920082
0.922076
0.923776
0.925205
0.926389
0.92735
0.928111
0.92869
0.9291
0.929364
0.92949
0.929498
0.929396
0.929196
0.928912
0.92855
0.928126
0.927643
0.927112
0.926539
0.92593
0.925298
0.924639
0.923967
0.92328
0.922586
0.921883
0.921177
0.920465
0.91975
0.91902
0.918273
0.917507
0.916716
0.91589
0.915019
0.914096
0.913104
0.912024
0.910836
0.909511
0.908021
0.906322
0.904363
0.90209
0.899421
0.89627
0.892528
0.888053
0.882687
0.876232
0.868446
0.85906
0.847739
0.834108
0.817745
0.79818
0.77492
0.747463
0.715342
0.67817
0.635712
0.587955
0.535196
0.478111
0.417808
0.355829
0.294092
0.234746
0.179961
0.131663
0.091256
0.0594098
0.035967
0.0200099
0.0100855
0.00452608
0.0017698
0.000586534
0.000158812
3.33747e-05
5.03718e-06
4.77383e-07
2.08569e-08
0.642868
0.780384
0.802942
0.80906
0.814029
0.821937
0.839761
0.870228
0.912625
0.961614
1
1
0.999998
0.999997
0.968994
0.907069
0.830001
0.750844
0.677004
0.611809
0.556273
0.51087
0.477094
0.457721
0.449021
0.453314
0.469678
0.493744
0.521826
0.551408
0.580963
0.60963
0.636937
0.662655
0.686695
0.70904
0.729721
0.748798
0.766338
0.782421
0.797133
0.810557
0.82278
0.833885
0.843958
0.853072
0.8613
0.868719
0.875386
0.881367
0.886717
0.891488
0.89573
0.899486
0.9028
0.905703
0.908237
0.91043
0.912314
0.913911
0.915249
0.91635
0.917234
0.917922
0.918432
0.918777
0.918974
0.919038
0.918984
0.91882
0.918564
0.918221
0.917804
0.917323
0.91679
0.916209
0.915589
0.91494
0.914265
0.913573
0.912867
0.91215
0.911429
0.910703
0.909975
0.909248
0.908508
0.907758
0.906993
0.906206
0.905394
0.904544
0.903648
0.90269
0.901654
0.900517
0.899256
0.897833
0.896207
0.89433
0.892133
0.889538
0.88644
0.882719
0.878219
0.872757
0.866103
0.857987
0.848097
0.836059
0.821461
0.803841
0.782712
0.75758
0.727972
0.693488
0.653856
0.609002
0.559118
0.50473
0.446747
0.386481
0.3256
0.266039
0.209836
0.158914
0.114847
0.078643
0.0506024
0.0302974
0.0166843
0.00833261
0.00370986
0.00144113
0.000475155
0.000128178
2.68734e-05
4.05137e-06
3.83895e-07
1.67808e-08
0.651071
0.779416
0.797778
0.800417
0.802523
0.809555
0.827133
0.859521
0.905823
0.959781
0.999997
0.999997
0.999998
0.999996
0.960668
0.884453
0.79368
0.704156
0.623326
0.553464
0.494081
0.444419
0.406163
0.385688
0.377954
0.393336
0.422759
0.457614
0.493145
0.527478
0.560004
0.590536
0.619029
0.645511
0.670049
0.692726
0.713639
0.732888
0.75057
0.766778
0.781614
0.79517
0.807526
0.818772
0.828988
0.838258
0.846647
0.854223
0.861053
0.867195
0.872704
0.877632
0.882025
0.885927
0.889377
0.892413
0.895068
0.897373
0.899357
0.901048
0.902466
0.903636
0.904582
0.905319
0.905863
0.90624
0.906456
0.90653
0.906478
0.906309
0.906039
0.90568
0.905241
0.904734
0.904171
0.90356
0.902906
0.902223
0.901516
0.90079
0.900053
0.899307
0.898558
0.897808
0.897058
0.896312
0.895558
0.894799
0.894031
0.893245
0.892438
0.891601
0.890721
0.889787
0.888778
0.887674
0.886443
0.885053
0.883457
0.881597
0.879402
0.876778
0.873612
0.869762
0.865046
0.859257
0.852131
0.843365
0.832606
0.819449
0.803451
0.784136
0.761025
0.733653
0.70162
0.664639
0.622593
0.575601
0.524073
0.468764
0.410775
0.351555
0.292816
0.236418
0.184196
0.137768
0.0983286
0.0665075
0.0422853
0.0250303
0.013637
0.00674399
0.00297605
0.00114706
0.000375658
0.000100763
2.10264e-05
3.15752e-06
2.98192e-07
1.2993e-08
0.655307
0.777073
0.791543
0.790059
0.788285
0.794675
0.811635
0.845936
0.896616
0.956784
1
1
0.999998
1
0.950985
0.858499
0.753635
0.655014
0.569401
0.497299
0.435847
0.382011
0.335857
0.29895
0.313
0.361602
0.408637
0.447367
0.484186
0.51916
0.552355
0.582415
0.610256
0.636015
0.659829
0.681823
0.702109
0.720792
0.737979
0.753761
0.768237
0.781484
0.793597
0.80464
0.8147
0.823845
0.832144
0.839659
0.846447
0.852567
0.858063
0.862991
0.867393
0.871307
0.874773
0.877825
0.880494
0.882814
0.884807
0.886502
0.887921
0.889086
0.890018
0.890737
0.891262
0.891606
0.89179
0.891828
0.891733
0.891521
0.891205
0.890796
0.890308
0.889752
0.889141
0.888479
0.887782
0.887056
0.886309
0.885547
0.884778
0.884002
0.883229
0.882457
0.881691
0.880931
0.880172
0.87941
0.878644
0.877866
0.87707
0.876248
0.875386
0.87447
0.873479
0.872388
0.871166
0.869771
0.868152
0.866239
0.863947
0.861167
0.857764
0.853571
0.848382
0.841948
0.833979
0.824131
0.812024
0.797233
0.779305
0.757782
0.732228
0.702257
0.667588
0.628089
0.58384
0.535167
0.4827
0.427381
0.370454
0.313418
0.257932
0.205686
0.158239
0.116854
0.0823502
0.0550086
0.0345522
0.0202158
0.010893
0.00533151
0.00233035
0.000890368
0.000289284
7.70391e-05
1.59713e-05
2.38395e-06
2.2383e-07
9.69471e-09
0.655535
0.773713
0.785029
0.779379
0.77338
0.777217
0.793076
0.829113
0.884544
0.95249
0.999998
1
1
0.999998
0.939837
0.828935
0.710301
0.605161
0.518564
0.448535
0.38927
0.335507
0.283927
0.313573
0.342675
0.383373
0.423036
0.458244
0.491916
0.523964
0.554239
0.581929
0.607687
0.631641
0.654317
0.676084
0.694973
0.712406
0.728494
0.743319
0.756957
0.769484
0.780966
0.791468
0.80106
0.809803
0.817753
0.824965
0.831498
0.837394
0.842699
0.847458
0.85171
0.855492
0.858837
0.86178
0.864349
0.86657
0.868473
0.870079
0.871408
0.872487
0.873335
0.873967
0.874407
0.874668
0.874767
0.874722
0.874547
0.874257
0.873864
0.873385
0.87283
0.87221
0.871541
0.87083
0.870086
0.86932
0.86854
0.867751
0.866958
0.86617
0.865384
0.864609
0.863842
0.863085
0.862334
0.861588
0.860838
0.860081
0.859307
0.858508
0.857665
0.856764
0.855777
0.854677
0.85342
0.851959
0.850226
0.848136
0.845584
0.842437
0.83853
0.833666
0.827601
0.820058
0.810711
0.799195
0.785112
0.768047
0.747576
0.723299
0.694871
0.662042
0.624693
0.582892
0.536922
0.487327
0.434919
0.380768
0.326173
0.272585
0.221509
0.174379
0.132421
0.0965263
0.0671557
0.0442971
0.0274854
0.0158928
0.00846776
0.00410058
0.00177439
0.000671582
0.000216274
5.71167e-05
1.17472e-05
1.73995e-06
1.62106e-07
6.96439e-09
0.651295
0.769595
0.77918
0.769524
0.757581
0.756979
0.771458
0.808709
0.868962
0.94667
0.999997
1
1
0.999999
0.927045
0.795345
0.664434
0.557399
0.476116
0.415884
0.369845
0.353972
0.358476
0.370572
0.393425
0.423113
0.453563
0.482777
0.511235
0.538582
0.564516
0.588664
0.611362
0.632723
0.653067
0.672496
0.6896
0.706682
0.721599
0.735033
0.747426
0.758845
0.769348
0.778988
0.787814
0.795878
0.803227
0.809904
0.815955
0.821423
0.826349
0.830762
0.834702
0.838198
0.841282
0.843982
0.846325
0.848336
0.850041
0.85146
0.852615
0.853528
0.854215
0.8547
0.854995
0.855123
0.855098
0.854935
0.85465
0.85426
0.853779
0.853219
0.852595
0.851917
0.851199
0.850448
0.849675
0.848888
0.848097
0.847303
0.846518
0.84574
0.844974
0.844222
0.843481
0.842753
0.842037
0.841324
0.840611
0.83989
0.839147
0.838367
0.837535
0.836619
0.835592
0.83441
0.833017
0.831348
0.829311
0.826799
0.823676
0.819778
0.814903
0.80882
0.801259
0.791909
0.780431
0.766466
0.749636
0.729573
0.705934
0.678434
0.646879
0.611193
0.571464
0.527965
0.481187
0.431841
0.380854
0.32934
0.278543
0.229762
0.184254
0.143132
0.107256
0.0771603
0.0529921
0.0345159
0.021156
0.0120896
0.00636895
0.00305101
0.00130664
0.00048966
0.000156186
4.08657e-05
8.32821e-06
1.22231e-06
1.12819e-07
4.79926e-09
0.644506
0.762236
0.774095
0.763574
0.742513
0.730014
0.74736
0.784588
0.848961
0.93895
0.999997
0.999998
1
0.999998
0.912255
0.757066
0.617444
0.516417
0.450559
0.419522
0.406623
0.406953
0.415253
0.427129
0.445566
0.467649
0.490804
0.513927
0.536743
0.558883
0.580091
0.600212
0.619374
0.637631
0.655089
0.671644
0.686682
0.701511
0.714625
0.728084
0.738911
0.748908
0.758137
0.766628
0.774418
0.781549
0.788052
0.793972
0.799336
0.804176
0.808529
0.81242
0.815883
0.818942
0.821622
0.82395
0.825949
0.827641
0.829048
0.830192
0.831092
0.83177
0.83224
0.832525
0.832639
0.832602
0.83243
0.832137
0.83174
0.831254
0.830693
0.830072
0.829398
0.828689
0.827951
0.827196
0.826431
0.825664
0.824903
0.824149
0.823408
0.822681
0.821971
0.821277
0.820596
0.819925
0.819264
0.818601
0.81793
0.817233
0.816492
0.815686
0.814784
0.813747
0.812524
0.811054
0.809259
0.807042
0.804282
0.800838
0.796541
0.791187
0.784552
0.776374
0.766374
0.754241
0.739663
0.722326
0.701931
0.678214
0.650979
0.620108
0.585598
0.547581
0.506347
0.462359
0.416254
0.368833
0.321037
0.273907
0.22852
0.185926
0.147065
0.112693
0.0833165
0.0591509
0.0401037
0.0257969
0.0156223
0.00882417
0.00459697
0.0021785
0.000923252
0.000342457
0.000108131
2.8006e-05
5.64906e-06
8.20402e-07
7.48973e-08
3.1491e-09
0.637397
0.748853
0.766626
0.759633
0.740505
0.713011
0.72324
0.757268
0.823264
0.92874
1
0.999999
1
0.999997
0.894839
0.71308
0.572268
0.490391
0.464114
0.453744
0.453627
0.460251
0.467405
0.47917
0.494166
0.510971
0.528519
0.546236
0.563823
0.581034
0.597715
0.613795
0.629282
0.644171
0.658443
0.671986
0.68464
0.696917
0.708122
0.719492
0.729717
0.738517
0.74627
0.753391
0.759924
0.765904
0.77136
0.776317
0.780797
0.784836
0.788447
0.791662
0.7945
0.796987
0.79914
0.800987
0.802541
0.80383
0.804867
0.805675
0.806273
0.806676
0.806904
0.806976
0.806905
0.80671
0.806407
0.806011
0.805533
0.804992
0.804396
0.803762
0.803095
0.80241
0.801712
0.801012
0.800314
0.799621
0.798944
0.798276
0.797626
0.796989
0.796363
0.795746
0.79513
0.79451
0.793875
0.793211
0.792495
0.791701
0.790798
0.789744
0.788484
0.786959
0.785089
0.782782
0.779925
0.77639
0.772022
0.766649
0.760076
0.752086
0.742447
0.730916
0.717239
0.701171
0.682483
0.660972
0.636481
0.608917
0.578269
0.544616
0.508156
0.469206
0.428208
0.385735
0.342468
0.29918
0.256701
0.215882
0.177538
0.1424
0.111063
0.0839397
0.0612305
0.0429079
0.0287273
0.0182564
0.0109277
0.00610368
0.00314549
0.001475
0.00061864
0.00022709
7.09453e-05
1.81735e-05
3.62365e-06
5.19893e-07
4.68523e-08
1.94157e-09
0.629475
0.728814
0.75389
0.753839
0.741652
0.72399
0.709519
0.729271
0.790013
0.915132
1
1
1
1
0.873661
0.661956
0.535533
0.502531
0.494434
0.495131
0.500742
0.505895
0.514231
0.524756
0.536668
0.549354
0.562389
0.575516
0.588568
0.601425
0.614005
0.626258
0.638153
0.649655
0.660724
0.6713
0.681367
0.691057
0.700175
0.709229
0.717487
0.725697
0.732132
0.737756
0.74288
0.747555
0.751807
0.755654
0.759119
0.762217
0.764972
0.767401
0.769519
0.771351
0.772911
0.774217
0.775289
0.776143
0.776797
0.777268
0.777574
0.777729
0.777749
0.777653
0.777453
0.777164
0.776798
0.776369
0.77589
0.775373
0.774824
0.774255
0.77367
0.77308
0.772486
0.771894
0.771305
0.770721
0.770139
0.769557
0.768971
0.768369
0.767748
0.76709
0.76638
0.7656
0.76472
0.763707
0.762517
0.7611
0.759399
0.75734
0.754844
0.751816
0.748145
0.743712
0.738384
0.732007
0.724422
0.715459
0.704941
0.69269
0.67853
0.662297
0.643843
0.623053
0.599843
0.574184
0.546096
0.515679
0.483095
0.448594
0.412509
0.375252
0.337308
0.299227
0.261601
0.225044
0.190163
0.157531
0.127647
0.100915
0.0776114
0.0578683
0.0416666
0.0288369
0.0190783
0.0119877
0.00709824
0.00392373
0.00200177
0.000929397
0.000385914
0.000140197
4.33172e-05
1.09636e-05
2.1574e-06
3.05114e-07
2.70746e-08
1.10113e-09
0.619807
0.701365
0.73193
0.740365
0.737257
0.728821
0.722091
0.710911
0.746383
0.896602
1
1
0.999999
1
0.846754
0.601967
0.533755
0.527998
0.529917
0.534593
0.538957
0.545383
0.553085
0.561554
0.570465
0.579607
0.588846
0.598094
0.607288
0.616375
0.625316
0.634077
0.642627
0.650935
0.658977
0.666724
0.674176
0.681359
0.688239
0.694944
0.701203
0.70748
0.713699
0.717743
0.721396
0.724707
0.727702
0.730393
0.732797
0.734928
0.736804
0.738437
0.739845
0.741035
0.742029
0.742839
0.743477
0.74396
0.744302
0.744516
0.744615
0.74461
0.744518
0.744344
0.744103
0.743803
0.743451
0.743057
0.742625
0.742161
0.74167
0.74115
0.740603
0.740029
0.739422
0.738777
0.738089
0.737343
0.736529
0.735629
0.734625
0.733496
0.73221
0.730737
0.729041
0.727081
0.724786
0.722096
0.718946
0.715259
0.710956
0.705946
0.700138
0.69343
0.685718
0.676894
0.666851
0.655478
0.642675
0.628343
0.612399
0.594777
0.575426
0.554327
0.531485
0.506943
0.48078
0.45312
0.424131
0.394023
0.363052
0.331515
0.299745
0.268106
0.23698
0.206757
0.177821
0.150537
0.125233
0.102185
0.081603
0.06362
0.0482828
0.0355505
0.0252954
0.0173126
0.0113349
0.00705267
0.00413755
0.00226696
0.00114656
0.000527706
0.000217121
7.80881e-05
2.3852e-05
5.95617e-06
1.15352e-06
1.60171e-07
1.39389e-08
5.55747e-10
0.60602
0.664535
0.695563
0.710772
0.716373
0.716245
0.71328
0.708855
0.692001
0.869918
0.999999
1
1
1
0.809713
0.549142
0.553342
0.557264
0.560757
0.564595
0.569556
0.575065
0.580823
0.586695
0.592619
0.598563
0.604505
0.610427
0.61631
0.622137
0.627887
0.63354
0.639081
0.644491
0.649756
0.654861
0.659808
0.664593
0.669212
0.673687
0.677983
0.682348
0.687777
0.690666
0.692962
0.694981
0.696772
0.698354
0.699744
0.700949
0.701983
0.702851
0.703562
0.704129
0.704561
0.704858
0.705035
0.705099
0.70505
0.704898
0.704647
0.704302
0.703862
0.703329
0.702703
0.701985
0.701169
0.700252
0.699225
0.698081
0.696811
0.6954
0.693835
0.692099
0.690171
0.688032
0.685656
0.683015
0.68008
0.676819
0.673194
0.669168
0.6647
0.659742
0.65425
0.648171
0.641432
0.633986
0.625779
0.616768
0.606904
0.596143
0.584445
0.571776
0.558104
0.543409
0.527677
0.510906
0.493105
0.474299
0.454523
0.433834
0.4123
0.390012
0.367073
0.343609
0.319758
0.295678
0.271538
0.247519
0.22381
0.200604
0.178098
0.15648
0.135931
0.11662
0.0986918
0.082269
0.0674443
0.0542762
0.042787
0.0329596
0.0247387
0.0180319
0.0127132
0.00862958
0.0056081
0.00346607
0.00202093
0.00110081
0.000553516
0.000253162
0.000103402
3.685e-05
1.11212e-05
2.73232e-06
5.17603e-07
6.9792e-08
5.864e-09
2.29739e-10
0.576907
0.611621
0.63481
0.650265
0.660282
0.66628
0.668924
0.666634
0.663698
0.817763
0.999999
1
0.999998
1
0.74599
0.551984
0.554867
0.557616
0.56046
0.563404
0.566437
0.569513
0.572613
0.575727
0.578843
0.581952
0.585042
0.5881
0.591117
0.594077
0.596974
0.599792
0.602523
0.60516
0.607692
0.610112
0.612422
0.614612
0.616687
0.618657
0.62055
0.622501
0.625237
0.625876
0.626035
0.625955
0.625679
0.62521
0.62456
0.623731
0.622722
0.62153
0.620159
0.618603
0.616861
0.614928
0.612806
0.610486
0.607962
0.605232
0.602289
0.599122
0.59573
0.592097
0.58822
0.584085
0.579684
0.575006
0.570038
0.564769
0.559187
0.553278
0.54703
0.540429
0.533464
0.526122
0.51839
0.510255
0.501708
0.492736
0.483331
0.473485
0.46319
0.452441
0.441236
0.429573
0.417532
0.405131
0.392379
0.379294
0.365889
0.352187
0.338213
0.323994
0.309563
0.294956
0.280214
0.265379
0.250499
0.235623
0.220804
0.206096
0.191556
0.177242
0.16321
0.149519
0.136226
0.123385
0.111049
0.0992663
0.088082
0.0775366
0.0676644
0.0584934
0.0500454
0.0423341
0.0353658
0.0291382
0.0236406
0.0188536
0.0147491
0.0112904
0.00843309
0.00612524
0.004309
0.00292193
0.00189896
0.00117468
0.00068589
0.000374198
0.000188377
8.61594e-05
3.51148e-05
1.24414e-05
3.71139e-06
8.9323e-07
1.63454e-07
2.08199e-08
1.5895e-09
5.20437e-11
)
;

boundaryField
{
    walls
    {
        type            zeroGradient;
    }
    top
    {
        type            zeroGradient;
    }
    bottom
    {
        type            zeroGradient;
    }
    frontAndBack
    {
        type            empty;
    }
    inlet
    {
        type            uniformFixedValue;
        uniformValue    
        {
            type            constant;
            value           1;
        }
        value           uniform 1;
    }
    outlet
    {
        type            zeroGradient;
    }
}


// ************************************************************************* //
