/*--------------------------------*- C++ -*----------------------------------*\
  =========                 |
  \\      /  F ield         | OpenFOAM: The Open Source CFD Toolbox
   \\    /   O peration     | Website:  https://openfoam.org
    \\  /    A nd           | Version:  12
     \\/     M anipulation  |
\*---------------------------------------------------------------------------*/
FoamFile
{
    format      ascii;
    class       volScalarField;
    location    "270";
    object      T;
}
// * * * * * * * * * * * * * * * * * * * * * * * * * * * * * * * * * * * * * //

dimensions      [];

internalField   nonuniform List<scalar> 
4480
(
4.93353e-09
6.01271e-07
0.00049632
0.0127415
0.0580385
0.130661
0.213724
0.295248
0.369308
0.433854
0.488834
0.535067
0.573651
0.605699
0.632213
0.654053
0.671941
0.686474
0.698135
0.707323
0.714365
0.719526
0.723024
0.725035
0.725706
0.725159
0.723493
0.72122
0.718918
0.716575
0.714181
0.711721
0.709182
0.706552
0.703818
0.700969
0.697988
0.694862
0.691575
0.688113
0.684461
0.680597
0.676504
0.672167
0.667563
0.662669
0.657465
0.65193
0.646035
0.639754
0.633066
0.625943
0.618351
0.610262
0.601646
0.592467
0.582696
0.572295
0.56122
0.549434
0.536886
0.523526
0.509293
0.494121
0.477927
0.460632
0.442131
0.422342
0.40117
0.378575
0.354543
0.32915
0.302556
0.27503
0.246944
0.218762
0.191006
0.164221
0.138924
0.115563
0.0944798
0.0758907
0.0598792
0.0465012
0.0355989
0.0269153
0.0201492
0.0149852
0.0111179
0.00827017
0.00620229
0.00471656
0.00365611
0.00290094
0.00236224
0.00197621
0.00169828
0.00149807
0.00135539
0.00125715
0.00119528
0.00116524
0.00116523
0.00119581
0.0012598
0.00136269
0.00151333
0.00172496
0.00201699
0.00241752
0.00296698
0.00372344
0.00477012
0.00622595
0.00825947
0.0111078
0.0150992
0.0206812
0.0284548
0.0392472
0.0543417
0.076018
0.108283
0.159899
0.261617
0.45179
0.627813
0.803018
0.769491
0.497322
0.311696
0.147105
0.0631473
0.0267036
0.0102284
0.00334868
0.000865626
0.000151082
1.34744e-05
3.17694e-07
2.71244e-09
3.90391e-05
0.00691844
0.0695019
0.19241
0.329388
0.451937
0.551602
0.629376
0.689185
0.735141
0.77067
0.79839
0.820217
0.837531
0.851346
0.862395
0.871219
0.878228
0.883732
0.887971
0.891125
0.893341
0.894729
0.895382
0.895367
0.89474
0.893371
0.891226
0.888377
0.884895
0.88085
0.876308
0.87133
0.86597
0.860284
0.854316
0.848108
0.841689
0.835093
0.828342
0.821455
0.81444
0.807312
0.800074
0.792723
0.78526
0.777677
0.769964
0.76211
0.754101
0.745927
0.737563
0.728993
0.720199
0.711156
0.701849
0.69225
0.682337
0.67209
0.661474
0.650474
0.63905
0.627177
0.61482
0.601945
0.588502
0.574447
0.559736
0.544316
0.528133
0.511139
0.49329
0.474555
0.454907
0.434347
0.412889
0.390571
0.367469
0.343675
0.319326
0.294598
0.26969
0.244948
0.220702
0.197241
0.174848
0.153778
0.134241
0.116397
0.100343
0.0861163
0.0736955
0.0630095
0.0539466
0.0463673
0.0401173
0.0350364
0.0309708
0.0277789
0.0253365
0.0235406
0.0223109
0.0215907
0.0213475
0.0215726
0.0222835
0.0235252
0.0253749
0.0279471
0.0314026
0.0359579
0.0419003
0.0496019
0.0595384
0.0723074
0.0886472
0.109461
0.135849
0.1692
0.211367
0.264916
0.333119
0.419675
0.527319
0.64985
0.766722
0.858499
0.824181
0.618753
0.427324
0.266993
0.151115
0.0770779
0.0346148
0.0131591
0.00396327
0.000832476
9.59378e-05
3.63543e-06
7.7536e-07
0.000693327
0.0372475
0.183376
0.366236
0.522767
0.638837
0.720574
0.777648
0.818072
0.847443
0.869421
0.886308
0.899567
0.910129
0.918622
0.925476
0.931002
0.935434
0.938951
0.941696
0.943775
0.945281
0.946284
0.946838
0.946988
0.946768
0.946125
0.945012
0.94345
0.941454
0.939031
0.936194
0.932949
0.929314
0.925298
0.920924
0.916209
0.911175
0.905841
0.900232
0.894369
0.888275
0.881967
0.875463
0.868784
0.861939
0.854942
0.8478
0.840523
0.833117
0.82558
0.817914
0.810116
0.802188
0.794118
0.785907
0.777543
0.769019
0.760328
0.751457
0.742398
0.733136
0.723663
0.713962
0.704018
0.693815
0.683335
0.672553
0.661454
0.650001
0.638179
0.62595
0.613288
0.600153
0.586519
0.572348
0.557602
0.542249
0.526261
0.509602
0.492255
0.474198
0.455444
0.436047
0.416068
0.39559
0.37472
0.353594
0.332382
0.311266
0.290448
0.270139
0.250544
0.231865
0.214284
0.197959
0.183021
0.16957
0.157679
0.14739
0.138726
0.131697
0.126305
0.122558
0.120473
0.12009
0.121485
0.124771
0.13011
0.137724
0.147898
0.160986
0.177409
0.197658
0.222278
0.251857
0.287002
0.328316
0.376373
0.43166
0.494417
0.564256
0.639566
0.716918
0.790474
0.852274
0.893038
0.867625
0.72175
0.555811
0.39276
0.251745
0.144227
0.0722613
0.0305398
0.0102718
0.00245791
0.000339299
1.69185e-05
2.38397e-05
0.00549471
0.114066
0.338795
0.538958
0.676777
0.764312
0.819602
0.855718
0.880654
0.898958
0.913113
0.924455
0.93371
0.941316
0.947566
0.952685
0.956845
0.960196
0.962862
0.964947
0.966537
0.967705
0.968511
0.968997
0.9692
0.969148
0.968821
0.968202
0.9673
0.966118
0.964655
0.962909
0.960876
0.958549
0.955928
0.953011
0.949793
0.946282
0.94248
0.938396
0.934038
0.929418
0.924551
0.919448
0.914126
0.908598
0.902881
0.896987
0.890931
0.884726
0.878379
0.871905
0.865309
0.858601
0.851786
0.844868
0.837848
0.830735
0.823524
0.816221
0.808818
0.801322
0.793727
0.786028
0.778223
0.77031
0.762276
0.754121
0.74583
0.737397
0.728812
0.720059
0.711128
0.701999
0.692657
0.683084
0.673262
0.663165
0.652768
0.64205
0.630986
0.619551
0.607683
0.595386
0.582637
0.569419
0.555729
0.541568
0.526954
0.511923
0.496529
0.480849
0.464977
0.449038
0.433169
0.417536
0.402314
0.387697
0.373889
0.361097
0.349529
0.339395
0.330901
0.324252
0.319645
0.317282
0.317365
0.320103
0.325712
0.334421
0.346465
0.362083
0.381511
0.40496
0.432599
0.464531
0.500755
0.54113
0.585328
0.632771
0.682514
0.733127
0.78258
0.828262
0.867079
0.895484
0.90929
0.891256
0.794447
0.66303
0.511271
0.35817
0.223872
0.122025
0.0559468
0.0204367
0.00535534
0.000829546
4.88996e-05
0.000290175
0.0249385
0.242373
0.50581
0.681829
0.782395
0.839166
0.873061
0.895289
0.911519
0.924452
0.935262
0.944418
0.952136
0.958562
0.963842
0.968127
0.971559
0.97427
0.976382
0.978001
0.979214
0.980094
0.980697
0.981073
0.981251
0.981257
0.981084
0.980706
0.980131
0.97936
0.978395
0.977234
0.975871
0.974303
0.97252
0.970516
0.968288
0.965826
0.963132
0.960198
0.95703
0.953625
0.949993
0.946136
0.942064
0.937787
0.933316
0.928661
0.923836
0.918854
0.913726
0.908466
0.903084
0.897595
0.892009
0.886334
0.880577
0.874751
0.86886
0.862912
0.85691
0.850864
0.844774
0.838638
0.832467
0.826256
0.820005
0.813717
0.807386
0.801013
0.794589
0.788117
0.781587
0.774996
0.768333
0.761596
0.754772
0.74785
0.740829
0.73369
0.726427
0.71903
0.711457
0.703711
0.695778
0.687644
0.679297
0.670732
0.661942
0.652928
0.643697
0.634269
0.624668
0.614936
0.605129
0.595322
0.585608
0.576096
0.566922
0.558235
0.550208
0.543035
0.53692
0.532081
0.52875
0.527157
0.527537
0.530118
0.535124
0.542745
0.553159
0.566497
0.582841
0.60221
0.624535
0.649656
0.677295
0.707043
0.738334
0.770441
0.802444
0.833214
0.861421
0.885558
0.903949
0.914649
0.915176
0.899921
0.83823
0.740016
0.61014
0.459392
0.308894
0.180894
0.0888312
0.0347009
0.00973381
0.00162901
0.000106673
0.00196013
0.0757417
0.403192
0.653217
0.782254
0.845954
0.879989
0.900881
0.91592
0.928309
0.939264
0.948991
0.957407
0.964474
0.970246
0.97486
0.978476
0.981255
0.983355
0.984904
0.986024
0.98681
0.987346
0.987689
0.987887
0.987975
0.98797
0.987878
0.987644
0.987274
0.986769
0.986127
0.985345
0.984419
0.983343
0.982108
0.980711
0.979141
0.977393
0.975463
0.973344
0.971032
0.968525
0.965824
0.962931
0.959846
0.956577
0.953128
0.949512
0.945732
0.941803
0.937733
0.933537
0.929224
0.924805
0.920296
0.915707
0.911047
0.906325
0.901556
0.896749
0.891906
0.887042
0.882157
0.87726
0.872357
0.867448
0.862539
0.857635
0.85273
0.847829
0.842931
0.838037
0.833145
0.828249
0.823352
0.818445
0.813532
0.808606
0.803662
0.798697
0.793713
0.788704
0.783645
0.778535
0.773378
0.76817
0.762907
0.757589
0.752217
0.746798
0.741336
0.735843
0.730332
0.724829
0.719362
0.71397
0.708703
0.703617
0.698787
0.694302
0.690259
0.686778
0.683988
0.682029
0.681057
0.681227
0.682707
0.685649
0.690201
0.696495
0.704624
0.714653
0.726594
0.740403
0.755959
0.773074
0.791469
0.81078
0.830543
0.850205
0.869109
0.8865
0.901523
0.913213
0.920461
0.921929
0.915894
0.9
0.860689
0.788668
0.683927
0.546412
0.391315
0.244228
0.127473
0.052789
0.0156575
0.0027761
0.000195642
0.00878925
0.170997
0.565133
0.761526
0.843055
0.880595
0.901516
0.915954
0.927942
0.939076
0.949626
0.959147
0.96724
0.973803
0.978943
0.982857
0.985749
0.987814
0.989223
0.990132
0.990671
0.99095
0.99106
0.991071
0.991031
0.990972
0.990911
0.990854
0.990722
0.990514
0.990228
0.989855
0.989388
0.98882
0.988143
0.987344
0.98642
0.985362
0.98416
0.982811
0.981307
0.979643
0.977819
0.97583
0.973678
0.97136
0.96888
0.966242
0.963454
0.960519
0.957446
0.954247
0.950928
0.9475
0.943977
0.940368
0.936682
0.932936
0.929138
0.925297
0.921425
0.917529
0.913619
0.909702
0.905789
0.901882
0.897985
0.894106
0.890245
0.886409
0.882596
0.878812
0.875049
0.871318
0.867612
0.86393
0.860271
0.856637
0.853026
0.849439
0.845867
0.842318
0.838792
0.835261
0.831739
0.828225
0.824719
0.821224
0.817745
0.814286
0.810851
0.807453
0.804105
0.800814
0.797605
0.794493
0.791512
0.788689
0.786061
0.783676
0.781583
0.779845
0.778527
0.777702
0.777456
0.777873
0.779045
0.781063
0.784012
0.787976
0.793014
0.799173
0.806471
0.814893
0.824377
0.834819
0.846062
0.857896
0.870045
0.882174
0.893884
0.904706
0.914103
0.921459
0.926056
0.927055
0.923446
0.913973
0.897036
0.868754
0.815806
0.733425
0.61437
0.46433
0.306757
0.169234
0.0739055
0.0230358
0.00428977
0.000321226
0.0294067
0.308415
0.698503
0.828337
0.875953
0.898946
0.913488
0.925122
0.93607
0.947113
0.957898
0.967433
0.975182
0.981137
0.985534
0.988652
0.990739
0.992007
0.992644
0.992817
0.992676
0.992352
0.991951
0.991549
0.991205
0.990949
0.990797
0.990744
0.990694
0.990636
0.990558
0.990446
0.990286
0.990065
0.989767
0.989379
0.98889
0.988292
0.987574
0.986726
0.985748
0.984629
0.983367
0.981961
0.980408
0.978712
0.976871
0.974888
0.972768
0.970518
0.968142
0.965649
0.963047
0.960347
0.957556
0.954685
0.951747
0.94875
0.945705
0.942624
0.939517
0.936387
0.933251
0.930113
0.926977
0.923857
0.920754
0.917675
0.914619
0.911594
0.908603
0.905649
0.902725
0.899843
0.896992
0.89418
0.891406
0.888665
0.885964
0.883296
0.880661
0.878066
0.875504
0.872972
0.870458
0.867972
0.865515
0.863089
0.860702
0.85836
0.856064
0.853828
0.851662
0.849573
0.847579
0.8457
0.843951
0.842359
0.840945
0.839744
0.838784
0.838111
0.837754
0.837768
0.838197
0.839088
0.840495
0.842461
0.845037
0.848255
0.852148
0.856723
0.861976
0.867881
0.874377
0.881374
0.888748
0.896332
0.903917
0.911251
0.918022
0.923878
0.928393
0.931082
0.93137
0.92859
0.921956
0.910543
0.893211
0.868211
0.828899
0.763211
0.662685
0.523703
0.363768
0.211109
0.0968784
0.031647
0.00617616
0.000490365
0.0799429
0.466302
0.786267
0.863937
0.893296
0.909351
0.920957
0.931433
0.94223
0.953698
0.964947
0.974449
0.981682
0.986874
0.990426
0.992684
0.993902
0.994292
0.994051
0.993367
0.99242
0.991369
0.990342
0.989435
0.988714
0.988213
0.987939
0.987878
0.987904
0.988001
0.988146
0.988315
0.988484
0.988634
0.988739
0.988779
0.988739
0.988602
0.988357
0.987998
0.987512
0.986898
0.986149
0.985263
0.984239
0.983079
0.981783
0.980356
0.978801
0.977122
0.975327
0.973422
0.971416
0.969316
0.967131
0.964873
0.962547
0.960168
0.957743
0.955283
0.952798
0.950295
0.947781
0.945268
0.942762
0.940267
0.937792
0.935339
0.932912
0.930518
0.928158
0.925831
0.923542
0.921289
0.919076
0.916903
0.914768
0.912673
0.910615
0.908597
0.906614
0.904674
0.902772
0.900911
0.899067
0.897256
0.89548
0.893741
0.892042
0.890386
0.888784
0.887236
0.88576
0.884355
0.883039
0.881824
0.880724
0.879751
0.878933
0.878281
0.877827
0.877587
0.877592
0.877867
0.878444
0.879347
0.88061
0.882251
0.884296
0.886758
0.889649
0.892958
0.896673
0.900757
0.905153
0.909781
0.91454
0.919286
0.923849
0.928022
0.931553
0.934149
0.935456
0.935071
0.932522
0.927269
0.918697
0.906108
0.888637
0.864861
0.831629
0.778955
0.693848
0.568101
0.411984
0.250335
0.120393
0.0411886
0.0084359
0.000712574
0.178447
0.613881
0.829467
0.882067
0.90326
0.915963
0.926099
0.936142
0.94719
0.959335
0.971121
0.980416
0.986931
0.991242
0.993909
0.995275
0.995562
0.994963
0.993694
0.991983
0.990053
0.988108
0.986312
0.984787
0.983608
0.98281
0.982395
0.982315
0.982429
0.982707
0.983114
0.983613
0.984166
0.984738
0.985298
0.985817
0.986269
0.986634
0.986897
0.987045
0.987068
0.986958
0.986711
0.986325
0.985802
0.985143
0.984347
0.983419
0.982364
0.981189
0.979896
0.978497
0.976999
0.975408
0.973736
0.971993
0.970182
0.968319
0.96641
0.964463
0.962492
0.960502
0.9585
0.956496
0.954496
0.952506
0.950532
0.948579
0.946649
0.944748
0.942873
0.941036
0.93923
0.937463
0.935729
0.934031
0.932372
0.930747
0.929162
0.927609
0.926097
0.924621
0.92318
0.921779
0.920397
0.919049
0.91773
0.916445
0.915194
0.913988
0.912823
0.911709
0.91065
0.909659
0.908737
0.907897
0.907146
0.906502
0.905975
0.905576
0.905328
0.905239
0.90533
0.905622
0.906125
0.90686
0.907839
0.909075
0.91058
0.912354
0.914392
0.916683
0.919204
0.921916
0.924764
0.927675
0.930553
0.933278
0.935703
0.937644
0.938889
0.939181
0.938221
0.935663
0.931119
0.92414
0.91425
0.900898
0.883386
0.860446
0.829245
0.783618
0.71165
0.598496
0.449855
0.284843
0.143221
0.0513349
0.0110705
0.00100082
0.294995
0.71512
0.857158
0.892804
0.909645
0.920503
0.929822
0.939766
0.951276
0.964246
0.976563
0.985433
0.991056
0.994444
0.996234
0.996687
0.995945
0.99419
0.991674
0.988694
0.985545
0.982494
0.979755
0.977479
0.975752
0.974614
0.974052
0.973958
0.974192
0.974702
0.975437
0.976342
0.97736
0.978442
0.979541
0.980617
0.981635
0.982569
0.983399
0.984103
0.984673
0.985101
0.985379
0.985506
0.985484
0.985314
0.985
0.984547
0.98396
0.983247
0.982414
0.98147
0.980425
0.979284
0.978058
0.976756
0.975389
0.973966
0.972492
0.970981
0.969441
0.967878
0.966301
0.964717
0.963133
0.961554
0.959987
0.958433
0.956902
0.95539
0.953907
0.95245
0.951022
0.949625
0.948257
0.946926
0.945623
0.944354
0.943116
0.941908
0.940733
0.939595
0.938484
0.937409
0.936356
0.935326
0.934322
0.933346
0.932404
0.93149
0.930617
0.92978
0.928988
0.928247
0.927559
0.926937
0.926384
0.925907
0.925517
0.925226
0.925042
0.924975
0.925033
0.925234
0.925579
0.926085
0.926752
0.927587
0.928593
0.929762
0.931087
0.932547
0.934112
0.935748
0.9374
0.938995
0.940449
0.941648
0.942462
0.942731
0.942263
0.940832
0.938177
0.934002
0.927978
0.919741
0.908907
0.895034
0.877505
0.855126
0.825237
0.782278
0.716723
0.617121
0.477359
0.31345
0.164395
0.0617856
0.0140878
0.00137255
0.422134
0.777771
0.874751
0.901279
0.914345
0.923698
0.932537
0.942554
0.954644
0.968524
0.981354
0.989562
0.994179
0.996678
0.997638
0.997127
0.995188
0.992014
0.987941
0.983373
0.978712
0.974306
0.970428
0.967262
0.964908
0.963396
0.9627
0.962619
0.963025
0.96385
0.965011
0.96643
0.96803
0.969736
0.971487
0.97323
0.974917
0.976513
0.977988
0.979321
0.980497
0.98151
0.982354
0.983023
0.983525
0.983858
0.98403
0.984047
0.983916
0.983648
0.983249
0.982729
0.982099
0.981367
0.980544
0.979639
0.978663
0.977623
0.976532
0.975395
0.974224
0.973026
0.971807
0.970575
0.969339
0.968101
0.966868
0.965644
0.964433
0.963239
0.962064
0.960911
0.95978
0.958674
0.957594
0.95654
0.955513
0.95451
0.953533
0.952585
0.951663
0.950769
0.949899
0.949059
0.948235
0.947435
0.94665
0.94589
0.945154
0.94444
0.943755
0.9431
0.942477
0.94189
0.941346
0.940847
0.940397
0.940003
0.939671
0.939405
0.939213
0.939102
0.939079
0.939146
0.939309
0.939572
0.939934
0.9404
0.94096
0.941606
0.942322
0.943089
0.943875
0.944638
0.945325
0.945874
0.946198
0.946199
0.945749
0.944704
0.942894
0.940115
0.936137
0.930709
0.92355
0.91436
0.902827
0.888577
0.871027
0.849006
0.81994
0.778657
0.716538
0.623104
0.492778
0.335812
0.183283
0.0722981
0.0175051
0.00185101
0.544027
0.817409
0.886676
0.907322
0.918165
0.926148
0.934467
0.944637
0.957358
0.972209
0.985529
0.992856
0.996434
0.998149
0.998321
0.996729
0.993319
0.988358
0.982328
0.975786
0.969274
0.963239
0.958018
0.95383
0.950782
0.948893
0.948105
0.948087
0.948755
0.950005
0.951726
0.953803
0.956131
0.95861
0.961155
0.963695
0.966172
0.968537
0.970756
0.972804
0.974664
0.976325
0.977783
0.979038
0.980094
0.980953
0.981629
0.982125
0.982452
0.982623
0.982648
0.98254
0.982303
0.981956
0.981506
0.980965
0.980344
0.979651
0.9789
0.978093
0.977247
0.976364
0.975455
0.974527
0.973583
0.972635
0.97168
0.97073
0.969786
0.96885
0.967927
0.967019
0.966128
0.965251
0.964396
0.963559
0.962742
0.961946
0.96117
0.960416
0.959681
0.958965
0.958274
0.957601
0.956944
0.956301
0.955674
0.955061
0.954465
0.953885
0.953325
0.952787
0.952269
0.951775
0.951311
0.950877
0.950473
0.950109
0.949783
0.949498
0.949263
0.949077
0.948941
0.948863
0.948837
0.948866
0.948944
0.949072
0.949235
0.949425
0.949621
0.9498
0.949927
0.949967
0.949861
0.949548
0.948946
0.947965
0.946487
0.944377
0.941477
0.937613
0.932575
0.926146
0.918093
0.908163
0.896097
0.881556
0.863973
0.842154
0.813558
0.773264
0.713299
0.623998
0.499654
0.348168
0.196878
0.0817742
0.0212689
0.00246697
0.62362
0.855141
0.89508
0.911646
0.920873
0.928204
0.935851
0.946087
0.959453
0.975314
0.989128
0.995386
0.997972
0.999054
0.998441
0.995547
0.990277
0.983053
0.974584
0.965633
0.956904
0.948957
0.942201
0.936884
0.93311
0.930875
0.930081
0.930212
0.931265
0.933092
0.935538
0.938449
0.941679
0.9451
0.948599
0.952086
0.955484
0.958738
0.96181
0.964663
0.967285
0.969664
0.971796
0.973683
0.975331
0.976748
0.977947
0.978938
0.979733
0.980348
0.980794
0.981086
0.981236
0.981257
0.981162
0.980961
0.980672
0.980298
0.979855
0.979349
0.97879
0.978189
0.977552
0.976888
0.9762
0.975498
0.974784
0.974065
0.973343
0.972623
0.971908
0.971199
0.970498
0.96981
0.969133
0.968466
0.967816
0.967176
0.966554
0.965943
0.96535
0.964768
0.964203
0.963653
0.963116
0.962585
0.962063
0.961552
0.961049
0.960557
0.960074
0.959605
0.959149
0.958707
0.95828
0.95787
0.957478
0.957107
0.956758
0.956431
0.956127
0.955848
0.955592
0.955359
0.955147
0.954953
0.954769
0.954588
0.9544
0.954186
0.953928
0.953597
0.953164
0.952584
0.951805
0.950765
0.949391
0.947587
0.945248
0.94225
0.938449
0.933684
0.927774
0.920535
0.91176
0.901243
0.888763
0.873994
0.856356
0.834613
0.806217
0.766408
0.7077
0.621113
0.501117
0.354256
0.205152
0.0883087
0.0241513
0.0030003
0.677733
0.868448
0.901139
0.91467
0.922653
0.929488
0.937096
0.946946
0.960934
0.977829
0.992174
0.997231
0.998949
0.999564
0.998101
0.993564
0.985918
0.975863
0.964411
0.952585
0.941268
0.931145
0.922686
0.916164
0.911674
0.909173
0.908503
0.908918
0.910528
0.913128
0.916509
0.92046
0.924791
0.92934
0.933965
0.938552
0.943011
0.947278
0.951301
0.955051
0.95851
0.961669
0.964528
0.967091
0.969368
0.971371
0.973117
0.974615
0.975889
0.976952
0.977821
0.978512
0.979041
0.979421
0.979668
0.979795
0.979816
0.979742
0.979585
0.979355
0.97906
0.978713
0.97832
0.977888
0.977426
0.976938
0.976431
0.975909
0.975377
0.974837
0.974294
0.973752
0.973209
0.97267
0.972135
0.971606
0.971083
0.970567
0.970059
0.969559
0.969068
0.968588
0.968115
0.967651
0.967195
0.966741
0.96629
0.965845
0.965399
0.964961
0.964523
0.964091
0.963663
0.963243
0.962824
0.962414
0.962007
0.961606
0.961213
0.960822
0.960437
0.960056
0.959671
0.959286
0.958894
0.958488
0.958059
0.957597
0.957089
0.956514
0.955853
0.955079
0.954154
0.953036
0.951674
0.95001
0.947967
0.945461
0.942389
0.938637
0.934072
0.92855
0.921917
0.914003
0.904641
0.89366
0.880852
0.865896
0.848178
0.826404
0.797989
0.758282
0.700177
0.615298
0.49847
0.355516
0.209118
0.0922283
0.0261217
0.00340654
0.717688
0.878483
0.906001
0.916638
0.92359
0.930035
0.937724
0.947656
0.961805
0.979739
0.994694
0.998496
0.999517
0.999825
0.99735
0.990696
0.980044
0.966514
0.951508
0.936339
0.922081
0.909538
0.899245
0.891491
0.886352
0.883724
0.883036
0.883945
0.886376
0.890039
0.894644
0.899915
0.905606
0.91151
0.917455
0.923309
0.928968
0.93436
0.939435
0.944161
0.948522
0.952515
0.956142
0.959415
0.962347
0.964956
0.967262
0.969285
0.971042
0.972556
0.973849
0.974935
0.975835
0.976566
0.977144
0.977585
0.977903
0.978111
0.978222
0.978247
0.978196
0.97808
0.977909
0.977686
0.977424
0.977128
0.9768
0.97645
0.976081
0.975696
0.975299
0.974892
0.97448
0.974062
0.973642
0.973221
0.9728
0.972378
0.971958
0.971542
0.971125
0.970713
0.970304
0.969901
0.969499
0.969093
0.968687
0.968278
0.967867
0.967453
0.967037
0.966618
0.966194
0.96577
0.96534
0.964907
0.964465
0.964019
0.963565
0.963101
0.962626
0.962132
0.961621
0.961085
0.960514
0.959906
0.959248
0.958527
0.957727
0.956827
0.955804
0.954631
0.95327
0.951676
0.949807
0.947594
0.944969
0.94185
0.938143
0.933738
0.928519
0.922352
0.915105
0.906635
0.896797
0.885442
0.872374
0.857259
0.839434
0.817533
0.788914
0.749003
0.691008
0.607113
0.492608
0.353021
0.209648
0.0939439
0.0272477
0.00367503
0.747993
0.885643
0.90878
0.917698
0.923743
0.92983
0.937653
0.948174
0.962171
0.981027
0.996717
0.999289
0.999811
0.999941
0.996186
0.986817
0.972435
0.954742
0.935604
0.916643
0.899122
0.883955
0.871739
0.86278
0.85712
0.854576
0.854017
0.855688
0.859231
0.864257
0.870377
0.877237
0.884529
0.891998
0.899442
0.906707
0.913685
0.920294
0.92649
0.932249
0.937555
0.942412
0.946832
0.950831
0.954429
0.957651
0.960521
0.963065
0.965306
0.967268
0.968975
0.97045
0.971714
0.972786
0.973684
0.974427
0.975025
0.975501
0.975863
0.976125
0.976302
0.976397
0.976426
0.976396
0.976313
0.976185
0.976018
0.975817
0.975588
0.975334
0.975061
0.974768
0.974463
0.974143
0.973817
0.973479
0.973135
0.972785
0.972432
0.972074
0.971712
0.971348
0.970981
0.970612
0.97024
0.969864
0.969479
0.969088
0.968689
0.96828
0.967864
0.967437
0.967002
0.966555
0.966097
0.965624
0.965137
0.964633
0.964107
0.963561
0.962986
0.96238
0.961736
0.96105
0.960311
0.959508
0.958634
0.957669
0.956599
0.955401
0.954049
0.952516
0.950761
0.948746
0.946417
0.943717
0.940578
0.936918
0.932654
0.927682
0.921895
0.915177
0.907411
0.898477
0.888249
0.876599
0.863326
0.848067
0.830102
0.80798
0.778996
0.738628
0.680366
0.596932
0.484164
0.347573
0.207466
0.0938647
0.0276451
0.00381336
0.771264
0.89068
0.910254
0.91792
0.92311
0.928845
0.936811
0.947955
0.962507
0.981669
0.998258
0.99973
0.999943
0.999985
0.994576
0.981773
0.962868
0.940312
0.916493
0.893339
0.872276
0.854314
0.840122
0.830033
0.824052
0.821886
0.821941
0.824725
0.829745
0.836473
0.844414
0.853125
0.862228
0.871427
0.880493
0.889265
0.897623
0.905498
0.912842
0.919644
0.925901
0.931622
0.936828
0.941544
0.945798
0.949622
0.953043
0.956094
0.958803
0.9612
0.963309
0.965158
0.966769
0.968166
0.969367
0.970392
0.971262
0.971985
0.972585
0.973068
0.973452
0.973742
0.973953
0.974094
0.974173
0.974193
0.974167
0.974095
0.973988
0.973846
0.973676
0.973478
0.973261
0.973021
0.972765
0.972494
0.972209
0.971912
0.971603
0.971284
0.970959
0.970622
0.970278
0.969929
0.96957
0.969204
0.968823
0.968432
0.968026
0.967608
0.967174
0.966726
0.96626
0.96578
0.965279
0.964757
0.964211
0.963637
0.963034
0.962394
0.961717
0.960995
0.960219
0.959384
0.95848
0.957493
0.95641
0.955219
0.953896
0.95242
0.950767
0.948903
0.946791
0.944388
0.941648
0.93851
0.934909
0.930773
0.926012
0.92054
0.914258
0.907066
0.898864
0.889544
0.87901
0.867128
0.853688
0.838295
0.820153
0.797717
0.768217
0.727177
0.668357
0.585014
0.47359
0.339778
0.203149
0.0923584
0.0274449
0.00383901
0.789204
0.894121
0.910765
0.917245
0.921688
0.92703
0.935139
0.946977
0.962661
0.981791
0.999324
0.99993
0.999988
0.999997
0.992466
0.975408
0.951143
0.923051
0.894068
0.866386
0.841547
0.820641
0.804433
0.793336
0.787329
0.7856
0.786748
0.791223
0.798303
0.807266
0.81746
0.828342
0.839481
0.850551
0.861318
0.871624
0.881363
0.890479
0.898941
0.906747
0.913908
0.920449
0.926397
0.931789
0.936657
0.941046
0.944985
0.948511
0.951657
0.954458
0.956945
0.959145
0.96108
0.962782
0.964266
0.965556
0.96667
0.967629
0.968441
0.969128
0.969697
0.970165
0.970541
0.970835
0.971053
0.971207
0.9713
0.971341
0.971336
0.971288
0.971203
0.971084
0.970936
0.970759
0.970558
0.970335
0.970092
0.969828
0.969549
0.969255
0.968947
0.968624
0.968287
0.967938
0.967578
0.967206
0.966814
0.966406
0.965981
0.965538
0.965076
0.964592
0.964088
0.963559
0.963004
0.962422
0.961807
0.961156
0.960467
0.959732
0.958947
0.958106
0.957198
0.956218
0.955148
0.953981
0.952703
0.951294
0.949734
0.947998
0.946063
0.943892
0.941452
0.938697
0.935582
0.932044
0.928027
0.923457
0.918256
0.912344
0.905633
0.898036
0.889468
0.879844
0.869068
0.857007
0.843437
0.827905
0.809538
0.786687
0.756528
0.714631
0.65503
0.571528
0.461218
0.330092
0.197162
0.0897421
0.0267738
0.00377314
0.802969
0.896254
0.910342
0.915557
0.919448
0.924333
0.932553
0.945137
0.962056
0.981902
0.999907
0.999994
1
1
0.989788
0.967568
0.937103
0.902869
0.868338
0.835886
0.807082
0.783069
0.764777
0.752833
0.74722
0.745227
0.748291
0.755403
0.765452
0.777407
0.790421
0.803849
0.817233
0.830263
0.842735
0.854526
0.86556
0.875818
0.885288
0.893994
0.901961
0.909227
0.915831
0.921818
0.92723
0.932116
0.936514
0.940463
0.944001
0.947165
0.949987
0.952499
0.954728
0.956699
0.958438
0.959965
0.961302
0.962465
0.963472
0.964338
0.965076
0.965699
0.966218
0.966645
0.966986
0.967251
0.967447
0.967584
0.967663
0.96769
0.967674
0.967614
0.967519
0.967388
0.967224
0.967034
0.966816
0.966574
0.966307
0.966023
0.965717
0.965391
0.965048
0.96469
0.964313
0.96392
0.963506
0.963069
0.96261
0.96213
0.961625
0.961095
0.960541
0.959954
0.959337
0.958684
0.957993
0.957259
0.956479
0.955644
0.954748
0.953785
0.952745
0.951616
0.950387
0.949047
0.947578
0.945962
0.944175
0.942197
0.939995
0.937541
0.934793
0.931712
0.928248
0.924348
0.919953
0.914992
0.909397
0.903099
0.896018
0.888082
0.879218
0.869356
0.8584
0.84621
0.832529
0.816839
0.798181
0.774816
0.743854
0.700934
0.640391
0.556583
0.447286
0.318867
0.189873
0.0862777
0.0257444
0.00363682
0.813345
0.897338
0.909201
0.913206
0.916356
0.920677
0.928965
0.942346
0.960676
0.982004
1
0.999999
0.999998
0.999999
0.986481
0.958123
0.920643
0.879781
0.839473
0.802137
0.769226
0.741861
0.721276
0.708658
0.704022
0.703647
0.709487
0.720033
0.7337
0.749103
0.765195
0.781263
0.796861
0.811728
0.825734
0.838806
0.850935
0.862129
0.872417
0.881842
0.890451
0.898294
0.905422
0.911888
0.91774
0.923031
0.927802
0.932096
0.935959
0.939427
0.942529
0.945305
0.947781
0.949984
0.951937
0.953667
0.955193
0.956533
0.957707
0.958725
0.959605
0.960358
0.960999
0.961537
0.961978
0.962337
0.962616
0.962826
0.962971
0.963056
0.963089
0.963071
0.963012
0.962909
0.96277
0.962594
0.962385
0.96215
0.961882
0.961592
0.961273
0.960935
0.960572
0.960188
0.959782
0.959357
0.958904
0.958427
0.957926
0.957398
0.956842
0.956255
0.955638
0.954987
0.954298
0.953569
0.952794
0.951973
0.951094
0.950153
0.949146
0.948057
0.946883
0.945612
0.944226
0.942715
0.941062
0.939242
0.937242
0.935029
0.932575
0.929851
0.926816
0.92343
0.919644
0.915409
0.910665
0.905355
0.899414
0.892778
0.885385
0.877173
0.86808
0.858042
0.846963
0.834679
0.820891
0.805014
0.78599
0.76199
0.730081
0.686005
0.624407
0.540234
0.431964
0.306369
0.181565
0.0821783
0.024452
0.00344906
0.820893
0.897558
0.907417
0.910122
0.912359
0.915993
0.924268
0.938493
0.958428
0.98166
1
1
0.999998
0.999997
0.982499
0.946956
0.90172
0.853935
0.807849
0.765712
0.728605
0.697474
0.674013
0.660838
0.655334
0.658641
0.670033
0.686415
0.705223
0.724755
0.744024
0.762512
0.779951
0.796241
0.811362
0.825331
0.838193
0.850007
0.860829
0.870721
0.87975
0.887972
0.895449
0.902235
0.908393
0.913965
0.919001
0.923551
0.927651
0.931343
0.93466
0.937637
0.940303
0.942686
0.944812
0.946698
0.948373
0.949853
0.951156
0.952295
0.953287
0.954144
0.954878
0.955501
0.956022
0.956448
0.956787
0.957049
0.957241
0.957364
0.95743
0.957437
0.957393
0.957302
0.957169
0.956994
0.95678
0.956533
0.956252
0.95594
0.955598
0.955228
0.954833
0.954411
0.953965
0.953496
0.952995
0.952468
0.951912
0.951325
0.950708
0.950056
0.949369
0.948643
0.947876
0.947062
0.946201
0.945282
0.9443
0.943253
0.942126
0.940915
0.939604
0.938187
0.936645
0.934967
0.93313
0.931116
0.928905
0.926465
0.923773
0.92079
0.917481
0.913809
0.909723
0.905178
0.900119
0.894496
0.888253
0.881333
0.873683
0.865261
0.856005
0.845851
0.834694
0.82234
0.808433
0.792311
0.772823
0.74806
0.715072
0.669722
0.60701
0.522494
0.415363
0.292795
0.172465
0.0776119
0.0229736
0.0032258
0.825975
0.897037
0.905003
0.90609
0.906989
0.910209
0.918355
0.933447
0.955196
0.980782
0.999997
0.999997
0.999998
0.999996
0.977794
0.933956
0.880354
0.825646
0.774136
0.72762
0.686401
0.650861
0.62301
0.608746
0.603816
0.615272
0.636364
0.660774
0.685125
0.7082
0.729708
0.749629
0.768016
0.784949
0.800519
0.814816
0.827928
0.839943
0.850937
0.860983
0.870156
0.878524
0.88614
0.893067
0.899359
0.905074
0.910252
0.914937
0.919173
0.922998
0.926446
0.92955
0.932339
0.93484
0.937079
0.939075
0.940852
0.942427
0.943819
0.945042
0.94611
0.947035
0.947835
0.948513
0.94908
0.94955
0.949926
0.950216
0.950431
0.95057
0.950644
0.950657
0.950612
0.950515
0.950369
0.950178
0.949942
0.949667
0.949357
0.949009
0.948631
0.948218
0.947776
0.947305
0.946807
0.94628
0.945721
0.945132
0.944512
0.943857
0.943167
0.942442
0.941676
0.94087
0.940017
0.939115
0.938156
0.937137
0.93605
0.934886
0.93364
0.932299
0.930852
0.929288
0.927588
0.925741
0.923723
0.921516
0.919096
0.916438
0.91351
0.910279
0.906711
0.902765
0.898398
0.893568
0.888227
0.882329
0.875826
0.868679
0.86084
0.852267
0.84291
0.832694
0.821492
0.80907
0.795005
0.778562
0.758494
0.732827
0.698625
0.651916
0.588094
0.50334
0.397556
0.27829
0.16274
0.0727083
0.02137
0.00297976
0.828789
0.89591
0.9021
0.901273
0.900364
0.903278
0.911114
0.927054
0.950823
0.979347
1
1
0.999998
1
0.972321
0.919005
0.856647
0.795474
0.739468
0.689654
0.645006
0.604599
0.569026
0.541405
0.552409
0.590316
0.62523
0.652699
0.678181
0.701897
0.724021
0.743777
0.761876
0.778466
0.793689
0.80766
0.820477
0.832227
0.842998
0.852857
0.861881
0.870125
0.877656
0.884517
0.890771
0.89646
0.901635
0.906331
0.910589
0.914446
0.917928
0.921075
0.923909
0.926458
0.928744
0.930789
0.932612
0.934235
0.935667
0.93693
0.938033
0.938991
0.939814
0.940513
0.9411
0.94158
0.941963
0.942257
0.942466
0.942599
0.942661
0.942655
0.942588
0.942464
0.942288
0.942059
0.941785
0.941469
0.941111
0.940714
0.940283
0.939813
0.939313
0.938779
0.938215
0.93762
0.936993
0.936331
0.935636
0.934904
0.934134
0.933327
0.932476
0.931579
0.930633
0.929632
0.928572
0.927445
0.926246
0.924965
0.923592
0.922116
0.920527
0.918809
0.91695
0.914928
0.912729
0.910325
0.907699
0.90482
0.90166
0.898186
0.894366
0.890163
0.885537
0.880447
0.87486
0.86873
0.862024
0.854706
0.846738
0.838082
0.828681
0.818446
0.807212
0.7947
0.780416
0.76354
0.742748
0.716027
0.68049
0.632373
0.567506
0.482713
0.378572
0.262953
0.152516
0.0675647
0.0196865
0.00272057
0.829352
0.894347
0.899084
0.896325
0.893458
0.895175
0.902471
0.919152
0.945093
0.977292
0.999998
1
1
0.999998
0.966015
0.901934
0.830799
0.764346
0.705763
0.655109
0.609708
0.567363
0.524652
0.549569
0.573282
0.604773
0.634083
0.659103
0.682478
0.704301
0.724589
0.742899
0.759757
0.775294
0.789899
0.803829
0.81585
0.826898
0.83706
0.8464
0.854976
0.862845
0.870053
0.876647
0.882674
0.888178
0.893195
0.897761
0.901919
0.905692
0.90911
0.912204
0.914998
0.917515
0.919776
0.921802
0.92361
0.925217
0.92664
0.927891
0.92898
0.929925
0.930736
0.931417
0.931984
0.932443
0.932799
0.933064
0.933242
0.93334
0.933361
0.933315
0.933202
0.933028
0.932799
0.932518
0.932185
0.931808
0.931388
0.930926
0.930424
0.929887
0.929312
0.928705
0.928064
0.927389
0.926679
0.925936
0.925155
0.924336
0.923476
0.922577
0.921631
0.920637
0.919588
0.918482
0.91731
0.916068
0.914746
0.913337
0.911828
0.910209
0.908468
0.906591
0.904559
0.902358
0.899967
0.897362
0.894521
0.89142
0.888028
0.884315
0.880252
0.875806
0.870942
0.86563
0.859833
0.853525
0.846675
0.839252
0.831225
0.822545
0.813144
0.802906
0.791627
0.778968
0.764361
0.746911
0.72523
0.697307
0.66034
0.610831
0.54506
0.460508
0.3584
0.246848
0.141879
0.0622507
0.0179561
0.00245512
0.827443
0.892468
0.896392
0.891779
0.886166
0.885819
0.892445
0.909589
0.937701
0.974508
0.999998
1
1
0.999999
0.958781
0.882486
0.803189
0.733862
0.676362
0.630185
0.592679
0.579326
0.582601
0.592189
0.60998
0.632339
0.654488
0.675125
0.694837
0.713467
0.730892
0.74693
0.761865
0.77581
0.789005
0.801535
0.812506
0.823431
0.832939
0.84148
0.849353
0.856602
0.863272
0.869401
0.875022
0.880174
0.884885
0.889187
0.893109
0.89668
0.899929
0.90287
0.905531
0.907931
0.910088
0.912019
0.913742
0.915271
0.916621
0.917803
0.918829
0.919712
0.920458
0.921081
0.921585
0.921982
0.922278
0.922479
0.922591
0.922622
0.922577
0.922459
0.922276
0.922031
0.921729
0.921371
0.920962
0.920505
0.920005
0.919459
0.918876
0.918253
0.917593
0.916898
0.916165
0.915399
0.914597
0.913757
0.912879
0.911963
0.911004
0.909999
0.908949
0.907842
0.90668
0.905456
0.90416
0.902789
0.901331
0.899776
0.898116
0.89634
0.894429
0.892373
0.890157
0.887758
0.885157
0.882338
0.879273
0.875942
0.872317
0.868369
0.864078
0.85941
0.854342
0.848845
0.842898
0.836473
0.829545
0.822086
0.814059
0.805405
0.796027
0.785776
0.774394
0.761482
0.746403
0.7282
0.705462
0.676194
0.637753
0.586928
0.520506
0.436593
0.337004
0.230001
0.130884
0.056813
0.0162005
0.00218797
0.824134
0.888874
0.894086
0.889071
0.879257
0.87343
0.881339
0.898323
0.928217
0.970817
0.999997
0.999998
1
0.999998
0.950411
0.860265
0.774574
0.706861
0.657185
0.631192
0.619794
0.619178
0.625038
0.633802
0.647448
0.663521
0.680011
0.696164
0.71187
0.726915
0.741171
0.754568
0.767229
0.779215
0.790613
0.801371
0.811102
0.820674
0.829118
0.837784
0.844742
0.851172
0.857121
0.862605
0.867654
0.872296
0.876553
0.880457
0.884024
0.887275
0.890236
0.892919
0.895349
0.89754
0.899506
0.901264
0.902827
0.904207
0.905416
0.906467
0.907369
0.908134
0.908767
0.909279
0.909677
0.909968
0.910162
0.91026
0.910273
0.910204
0.91006
0.909846
0.909563
0.909221
0.908819
0.908363
0.907856
0.9073
0.906702
0.906058
0.905374
0.904649
0.903888
0.903089
0.902253
0.90138
0.90047
0.899521
0.898535
0.897504
0.896427
0.895303
0.894126
0.892893
0.891597
0.890231
0.888789
0.887263
0.885643
0.883919
0.882082
0.880115
0.87801
0.875747
0.873316
0.870693
0.867865
0.864812
0.861512
0.857943
0.854086
0.84992
0.845421
0.84057
0.835342
0.829722
0.823689
0.817218
0.810284
0.802854
0.794869
0.786253
0.776877
0.766542
0.754944
0.741617
0.725875
0.706727
0.682762
0.652066
0.612181
0.560241
0.493533
0.41078
0.314307
0.21241
0.119561
0.0512785
0.0144325
0.00192156
0.820669
0.88198
0.890605
0.887303
0.87841
0.865802
0.870339
0.88562
0.916042
0.965931
1
0.999999
1
0.999997
0.940553
0.834656
0.746627
0.688667
0.666275
0.656398
0.654942
0.659026
0.663719
0.671958
0.682571
0.694397
0.706614
0.718815
0.730811
0.742448
0.753639
0.764356
0.774622
0.784444
0.793821
0.80269
0.810955
0.818962
0.826264
0.833676
0.840351
0.84611
0.8512
0.855898
0.860231
0.864224
0.867899
0.871271
0.874354
0.877173
0.879733
0.882056
0.884152
0.886038
0.887721
0.889221
0.89054
0.891697
0.892695
0.893547
0.894261
0.894845
0.895307
0.895656
0.895896
0.896036
0.896083
0.896041
0.895913
0.89571
0.895433
0.89509
0.89468
0.894212
0.893687
0.89311
0.892482
0.891806
0.891088
0.890324
0.889522
0.888678
0.887794
0.886873
0.885911
0.884912
0.883873
0.882793
0.881669
0.880498
0.879278
0.878003
0.876669
0.875272
0.873805
0.87226
0.870629
0.868907
0.867079
0.865141
0.863079
0.86088
0.858534
0.856028
0.853343
0.850467
0.847387
0.844084
0.840541
0.836742
0.832676
0.828318
0.823659
0.81868
0.813363
0.807692
0.801646
0.795199
0.78831
0.780934
0.772991
0.764369
0.754899
0.744342
0.732344
0.718393
0.701776
0.681495
0.656185
0.624063
0.582903
0.530202
0.463755
0.382843
0.290205
0.194049
0.107916
0.0456588
0.0126578
0.00165659
0.816806
0.871465
0.88436
0.884558
0.878965
0.870883
0.864279
0.872703
0.900301
0.959425
1
1
1
1
0.928564
0.804788
0.723303
0.697209
0.688857
0.687736
0.69079
0.693667
0.699071
0.706167
0.714294
0.722957
0.731828
0.74072
0.749519
0.758146
0.766552
0.774711
0.782606
0.79022
0.797535
0.804514
0.811153
0.817543
0.823563
0.829549
0.835027
0.840504
0.844828
0.848637
0.852138
0.855363
0.858332
0.861053
0.863543
0.865806
0.867862
0.869717
0.871378
0.872862
0.874173
0.87532
0.876315
0.877163
0.877874
0.878454
0.878912
0.879253
0.879483
0.879612
0.879644
0.879583
0.879434
0.879205
0.878899
0.878523
0.878079
0.877571
0.877002
0.876378
0.875698
0.87497
0.874192
0.87337
0.872501
0.871589
0.870637
0.86964
0.868604
0.867524
0.8664
0.865233
0.864021
0.862761
0.861451
0.860086
0.858665
0.85718
0.855627
0.854
0.852292
0.850497
0.84861
0.846619
0.844518
0.842295
0.839945
0.837456
0.834818
0.832021
0.829051
0.825902
0.822559
0.819012
0.815246
0.811256
0.807025
0.80254
0.79779
0.792759
0.787426
0.781771
0.775765
0.769365
0.762518
0.75515
0.747154
0.738386
0.728644
0.717644
0.705009
0.690209
0.672528
0.651007
0.62438
0.591022
0.548971
0.496107
0.430695
0.352504
0.264566
0.17487
0.0959377
0.0399514
0.0108777
0.00139388
0.812093
0.856972
0.873176
0.87779
0.876638
0.872886
0.869824
0.864338
0.879665
0.95056
1
1
0.999999
1
0.913326
0.769593
0.722961
0.716541
0.71651
0.718875
0.721105
0.72503
0.729991
0.73556
0.741472
0.747556
0.753707
0.759858
0.765969
0.772
0.77793
0.783736
0.789399
0.794902
0.800232
0.805371
0.81032
0.815099
0.81969
0.824175
0.828381
0.83262
0.836843
0.839649
0.842211
0.844562
0.846716
0.84868
0.850461
0.852067
0.853508
0.854789
0.85592
0.8569
0.857742
0.858451
0.859031
0.859489
0.859832
0.860065
0.860194
0.860222
0.860158
0.860003
0.859766
0.859447
0.859051
0.858584
0.858047
0.857445
0.856784
0.856062
0.855284
0.854453
0.853569
0.852634
0.851651
0.850619
0.849541
0.848414
0.84724
0.84602
0.84475
0.843429
0.842055
0.84063
0.839148
0.837607
0.836007
0.834341
0.832608
0.8308
0.828915
0.826946
0.824891
0.822743
0.820498
0.818148
0.815689
0.813114
0.810415
0.80759
0.804629
0.801528
0.798276
0.79487
0.791297
0.787553
0.783627
0.779509
0.775186
0.770643
0.765863
0.760823
0.755499
0.749856
0.743845
0.737412
0.730482
0.722955
0.714704
0.705561
0.6953
0.683633
0.670168
0.654399
0.635644
0.613025
0.585398
0.551332
0.509134
0.457052
0.393763
0.319425
0.237227
0.154803
0.0835856
0.0341259
0.00907954
0.00113618
0.805378
0.837556
0.854279
0.862511
0.865752
0.866054
0.864821
0.862795
0.853896
0.937792
0.999999
1
1
1
0.892346
0.739552
0.738181
0.739679
0.741504
0.743638
0.746701
0.750221
0.753947
0.757766
0.761625
0.7655
0.769376
0.77324
0.77708
0.780888
0.784648
0.788348
0.791981
0.795532
0.798994
0.802356
0.805621
0.808786
0.811846
0.814816
0.817671
0.820573
0.824132
0.826085
0.827658
0.829052
0.830294
0.831397
0.832367
0.833207
0.833926
0.834524
0.835002
0.835373
0.835638
0.835795
0.835855
0.83582
0.835689
0.835471
0.835169
0.834785
0.834321
0.833781
0.833166
0.832484
0.831733
0.830918
0.830037
0.829095
0.828094
0.827033
0.825914
0.824741
0.823509
0.822224
0.820883
0.819487
0.818034
0.816526
0.814961
0.813337
0.811656
0.809913
0.808109
0.806243
0.80431
0.802313
0.800246
0.798112
0.795906
0.793624
0.791267
0.788833
0.786317
0.78372
0.781036
0.778264
0.7754
0.772442
0.769386
0.766227
0.76296
0.759582
0.756083
0.75246
0.748701
0.744797
0.740736
0.736505
0.732085
0.727455
0.722591
0.717463
0.712034
0.706259
0.700083
0.693436
0.686231
0.678364
0.669702
0.660069
0.649249
0.636966
0.62285
0.606439
0.587117
0.564105
0.536392
0.502742
0.461719
0.411878
0.352232
0.283201
0.207987
0.13374
0.0707702
0.0280906
0.00720027
0.000875551
0.79122
0.810191
0.82275
0.831113
0.836584
0.83994
0.841524
0.840498
0.839129
0.912841
1
1
0.999998
1
0.856389
0.746566
0.748025
0.749415
0.751182
0.753151
0.755178
0.757193
0.759188
0.76117
0.763139
0.7651
0.767051
0.768985
0.770902
0.772791
0.774652
0.776473
0.778251
0.779984
0.781662
0.783282
0.784848
0.786353
0.787799
0.789198
0.790572
0.792018
0.794072
0.794904
0.795316
0.795571
0.795713
0.795744
0.79568
0.795524
0.795276
0.794936
0.794514
0.794004
0.793411
0.792736
0.791984
0.791152
0.790242
0.789258
0.788202
0.787069
0.78587
0.784596
0.783256
0.781847
0.780371
0.77883
0.777223
0.775552
0.773817
0.772019
0.770159
0.768234
0.766249
0.764203
0.762095
0.759925
0.757694
0.755402
0.753048
0.750635
0.748158
0.745619
0.743017
0.740353
0.737647
0.734904
0.732119
0.729296
0.726432
0.723526
0.720579
0.717587
0.71455
0.71147
0.708342
0.705164
0.701936
0.698655
0.695317
0.691919
0.688454
0.68492
0.68131
0.677614
0.673823
0.669929
0.665917
0.661771
0.657471
0.652999
0.648328
0.643423
0.638249
0.63276
0.6269
0.620602
0.61378
0.606333
0.598134
0.589021
0.578792
0.567189
0.553882
0.538448
0.520341
0.498862
0.47313
0.442073
0.404461
0.359091
0.305213
0.24338
0.176664
0.111626
0.0574534
0.0217781
0.00514475
0.000530726
)
;

boundaryField
{
    walls
    {
        type            zeroGradient;
    }
    top
    {
        type            zeroGradient;
    }
    bottom
    {
        type            zeroGradient;
    }
    frontAndBack
    {
        type            empty;
    }
    inlet
    {
        type            uniformFixedValue;
        uniformValue    
        {
            type            constant;
            value           1;
        }
        value           uniform 1;
    }
    outlet
    {
        type            zeroGradient;
    }
}


// ************************************************************************* //
