/*--------------------------------*- C++ -*----------------------------------*\
  =========                 |
  \\      /  F ield         | OpenFOAM: The Open Source CFD Toolbox
   \\    /   O peration     | Website:  https://openfoam.org
    \\  /    A nd           | Version:  12
     \\/     M anipulation  |
\*---------------------------------------------------------------------------*/
FoamFile
{
    format      ascii;
    class       volScalarField;
    location    "570";
    object      T;
}
// * * * * * * * * * * * * * * * * * * * * * * * * * * * * * * * * * * * * * //

dimensions      [];

internalField   nonuniform List<scalar> 
4480
(
1.88562e-05
0.000756752
0.0448493
0.185019
0.340979
0.474239
0.579002
0.659054
0.719805
0.766017
0.801398
0.828704
0.849948
0.866604
0.879745
0.890161
0.898437
0.905015
0.910219
0.9143
0.917455
0.919829
0.921538
0.922672
0.923299
0.923478
0.923253
0.922811
0.922364
0.921908
0.921444
0.92097
0.920479
0.919972
0.919445
0.918898
0.918326
0.917727
0.917096
0.916434
0.91574
0.915004
0.914224
0.913403
0.912532
0.911607
0.910625
0.909586
0.90848
0.907301
0.906052
0.90473
0.903318
0.901821
0.900231
0.898539
0.896749
0.894855
0.892842
0.890717
0.888463
0.886084
0.883569
0.88092
0.87812
0.875179
0.872077
0.868826
0.8654
0.861816
0.858053
0.854113
0.849989
0.845678
0.841173
0.836469
0.831562
0.826446
0.821114
0.815564
0.809788
0.803781
0.797538
0.791093
0.784453
0.777616
0.770583
0.763355
0.755935
0.748329
0.740543
0.732586
0.72447
0.71621
0.707828
0.699339
0.690778
0.682171
0.673563
0.664999
0.656533
0.64823
0.640153
0.632402
0.62506
0.618238
0.612062
0.606665
0.602192
0.598803
0.596667
0.595958
0.596845
0.59951
0.604102
0.610773
0.619625
0.630725
0.644092
0.659741
0.677864
0.699115
0.724626
0.757193
0.807909
0.881646
0.932866
0.970991
0.962935
0.90754
0.852951
0.76882
0.691146
0.62628
0.564228
0.501757
0.436635
0.366181
0.287795
0.194064
7.70077e-06
0.0156056
0.181179
0.414104
0.600132
0.727568
0.81104
0.86541
0.901207
0.925209
0.941644
0.953147
0.961378
0.967389
0.971849
0.975214
0.977781
0.979752
0.98127
0.982437
0.983328
0.98399
0.984465
0.98478
0.984961
0.985018
0.984969
0.984723
0.984204
0.983438
0.982454
0.981279
0.97994
0.97846
0.97686
0.975164
0.973389
0.971552
0.969664
0.967741
0.965794
0.963832
0.961857
0.95988
0.957904
0.95593
0.953963
0.952001
0.950043
0.94809
0.946139
0.944194
0.942245
0.94029
0.938329
0.936354
0.934369
0.932363
0.930335
0.928285
0.9262
0.924089
0.921935
0.919742
0.917508
0.915232
0.912903
0.910518
0.908083
0.905595
0.903044
0.900434
0.89776
0.895026
0.892219
0.889348
0.886407
0.883391
0.880313
0.87716
0.873931
0.870638
0.867266
0.863835
0.860355
0.856816
0.853226
0.849596
0.845921
0.842217
0.838489
0.834744
0.830997
0.827263
0.82356
0.8199
0.816318
0.812827
0.809463
0.806263
0.803267
0.800512
0.798053
0.795934
0.794228
0.792984
0.792282
0.792179
0.792763
0.794102
0.796277
0.799348
0.803392
0.808463
0.814603
0.821844
0.830195
0.839654
0.850206
0.861852
0.874642
0.888708
0.904211
0.921267
0.93971
0.958012
0.973147
0.983007
0.973948
0.943039
0.910882
0.874589
0.834534
0.790724
0.742153
0.687495
0.624991
0.552531
0.468148
0.371761
0.00118997
0.0875744
0.371421
0.619672
0.775954
0.865318
0.915544
0.944203
0.961059
0.971363
0.977929
0.982307
0.985346
0.987538
0.989164
0.9904
0.991355
0.992097
0.992678
0.99313
0.993478
0.993739
0.993928
0.994057
0.99413
0.994156
0.994138
0.994063
0.993902
0.993655
0.99332
0.99289
0.992365
0.991734
0.991002
0.990164
0.989224
0.988185
0.987051
0.985826
0.98452
0.983138
0.98169
0.980182
0.978621
0.977019
0.975377
0.973705
0.972007
0.970291
0.968561
0.966821
0.96507
0.963314
0.961558
0.959796
0.958037
0.956276
0.954514
0.952754
0.950991
0.94923
0.947463
0.945698
0.943928
0.942153
0.940374
0.938588
0.936792
0.934993
0.933175
0.931354
0.929518
0.927672
0.925806
0.923931
0.922043
0.920136
0.918215
0.916285
0.914332
0.912371
0.910389
0.908401
0.906397
0.904391
0.902386
0.90038
0.898374
0.896384
0.894407
0.892455
0.890539
0.888662
0.886841
0.885091
0.883425
0.881859
0.880419
0.879126
0.878001
0.877071
0.876375
0.875933
0.875791
0.875983
0.876539
0.877506
0.878925
0.880825
0.883245
0.886213
0.889758
0.893893
0.898628
0.903953
0.90986
0.916315
0.923282
0.930722
0.938583
0.946794
0.955236
0.963677
0.971739
0.978833
0.984161
0.986696
0.980156
0.960227
0.939543
0.916726
0.89062
0.859992
0.823323
0.77863
0.723299
0.654041
0.567259
0.460174
0.0131605
0.24095
0.571935
0.780093
0.88575
0.936781
0.961803
0.974645
0.981676
0.985844
0.98853
0.990406
0.991806
0.992891
0.993753
0.994444
0.995003
0.995451
0.995809
0.996091
0.99631
0.996476
0.996596
0.99668
0.99673
0.996751
0.996747
0.996713
0.996645
0.996542
0.996402
0.996221
0.995996
0.995721
0.99539
0.994999
0.994545
0.994018
0.993423
0.992752
0.992008
0.99119
0.990299
0.98934
0.988315
0.987231
0.986089
0.984898
0.98366
0.982384
0.981075
0.979735
0.978374
0.976993
0.975598
0.974195
0.972785
0.971368
0.969955
0.968541
0.967134
0.965728
0.964332
0.962946
0.961565
0.960194
0.958837
0.957485
0.956147
0.954815
0.953492
0.952181
0.950877
0.949582
0.948293
0.947011
0.945737
0.944473
0.943214
0.941957
0.940708
0.939469
0.938242
0.937011
0.93579
0.934579
0.933377
0.932194
0.931029
0.929882
0.928759
0.927668
0.926616
0.925604
0.92465
0.923751
0.922932
0.922192
0.92155
0.921022
0.920625
0.92037
0.920283
0.920379
0.920688
0.921217
0.922001
0.923056
0.924402
0.926059
0.928046
0.930371
0.933045
0.936071
0.939437
0.943129
0.94713
0.951404
0.95591
0.960592
0.965384
0.970189
0.974879
0.979271
0.983127
0.986131
0.987862
0.987717
0.98304
0.969213
0.954307
0.938005
0.919329
0.897021
0.869326
0.833666
0.786275
0.721635
0.632111
0.507945
0.0584901
0.439883
0.744199
0.886664
0.945355
0.969667
0.980432
0.985721
0.98869
0.990636
0.992075
0.993234
0.994197
0.995004
0.995674
0.996221
0.996666
0.997021
0.997297
0.997508
0.997668
0.997784
0.997866
0.99792
0.997953
0.997967
0.997967
0.997949
0.997911
0.997853
0.997774
0.997672
0.997548
0.997398
0.99722
0.99701
0.996762
0.996476
0.996144
0.995767
0.995338
0.994858
0.994321
0.993731
0.993084
0.992383
0.991632
0.990829
0.989979
0.989086
0.988154
0.987186
0.986188
0.985163
0.984119
0.983059
0.981985
0.980899
0.979812
0.978721
0.977632
0.976545
0.975468
0.974401
0.973338
0.972293
0.971258
0.970236
0.969231
0.968239
0.967263
0.966299
0.965354
0.964423
0.963508
0.962606
0.961722
0.96085
0.959987
0.959144
0.958312
0.957493
0.956689
0.955896
0.955115
0.95435
0.953598
0.952859
0.952142
0.951447
0.950776
0.950131
0.949522
0.948948
0.948417
0.947934
0.947508
0.94715
0.946862
0.946662
0.946552
0.946547
0.946662
0.946908
0.947295
0.947842
0.948557
0.949452
0.95054
0.951836
0.953335
0.955053
0.956982
0.959125
0.961468
0.963993
0.966681
0.969501
0.972415
0.975369
0.9783
0.981134
0.983764
0.986062
0.987859
0.988947
0.989033
0.987694
0.983974
0.974135
0.962429
0.949678
0.935236
0.918149
0.896873
0.868786
0.829496
0.771391
0.681528
0.538271
0.153017
0.632862
0.865073
0.945542
0.972745
0.982872
0.987307
0.989691
0.991289
0.992565
0.993688
0.994685
0.99555
0.996285
0.996884
0.997363
0.997734
0.998013
0.998218
0.998361
0.998456
0.998515
0.998551
0.998568
0.998573
0.998572
0.998566
0.998558
0.998534
0.998499
0.998452
0.99839
0.998315
0.998225
0.998118
0.997991
0.997844
0.997672
0.997473
0.997247
0.996987
0.996692
0.996359
0.995988
0.995577
0.995124
0.994629
0.994092
0.993517
0.992903
0.992253
0.991569
0.990857
0.990117
0.989352
0.988571
0.987774
0.986964
0.986143
0.985318
0.984496
0.98367
0.98285
0.982035
0.981228
0.980434
0.979648
0.978876
0.978122
0.977378
0.976651
0.975938
0.975243
0.974565
0.9739
0.973253
0.972617
0.972001
0.9714
0.970811
0.970235
0.969678
0.969134
0.968607
0.968085
0.967578
0.967087
0.96661
0.966149
0.965705
0.965285
0.964888
0.964516
0.964171
0.963862
0.96359
0.963362
0.963185
0.963059
0.962993
0.962998
0.963075
0.963238
0.963493
0.963845
0.964308
0.964882
0.965583
0.966412
0.967373
0.968474
0.969709
0.971077
0.972574
0.974191
0.975907
0.977707
0.97956
0.981437
0.98329
0.98507
0.98671
0.988131
0.98923
0.989883
0.989926
0.98914
0.98722
0.983737
0.97679
0.967112
0.956497
0.944549
0.930618
0.913576
0.89115
0.859088
0.8086
0.721583
0.560044
0.288136
0.787274
0.934852
0.972424
0.983517
0.987745
0.989895
0.991335
0.992537
0.99366
0.994736
0.995719
0.996561
0.997246
0.997783
0.998189
0.998479
0.998674
0.998789
0.998845
0.998858
0.998842
0.99881
0.998776
0.998743
0.998718
0.9987
0.998694
0.998682
0.998667
0.998647
0.99862
0.998585
0.998541
0.998486
0.998418
0.998336
0.998237
0.99812
0.997985
0.997826
0.997642
0.997434
0.997198
0.996934
0.996637
0.996309
0.995949
0.995559
0.995137
0.994684
0.994206
0.9937
0.993168
0.992616
0.992046
0.991458
0.990859
0.990251
0.989636
0.989016
0.988395
0.987775
0.987158
0.98655
0.985949
0.985355
0.984773
0.984201
0.983645
0.983099
0.98257
0.98205
0.981549
0.981061
0.980586
0.980124
0.979675
0.979244
0.978827
0.978418
0.978027
0.977651
0.97728
0.976923
0.976578
0.976244
0.975922
0.975615
0.975324
0.975047
0.974789
0.974555
0.974338
0.974151
0.973988
0.973861
0.973768
0.973713
0.973704
0.973742
0.973836
0.973989
0.974205
0.974492
0.974853
0.975293
0.975817
0.976426
0.977127
0.977913
0.978787
0.979745
0.980782
0.981884
0.983036
0.984224
0.985426
0.986609
0.98774
0.988772
0.98965
0.990308
0.990665
0.990614
0.990025
0.98873
0.986498
0.983041
0.9778
0.969804
0.960626
0.950266
0.93826
0.923863
0.905266
0.878865
0.835851
0.754337
0.577122
0.441737
0.890583
0.967468
0.982714
0.987472
0.989686
0.991093
0.992241
0.993341
0.994466
0.995579
0.996571
0.997383
0.99801
0.998469
0.998786
0.99898
0.99907
0.999077
0.999022
0.998926
0.99881
0.998694
0.998587
0.998501
0.998439
0.998405
0.998396
0.998397
0.998403
0.998413
0.998422
0.998431
0.998436
0.998435
0.998424
0.998402
0.998369
0.998322
0.998257
0.998177
0.998077
0.997956
0.997813
0.997647
0.99746
0.997247
0.997008
0.996745
0.996458
0.996146
0.995809
0.995451
0.995073
0.994675
0.99426
0.993832
0.99339
0.992939
0.992482
0.992022
0.991554
0.99109
0.990627
0.990164
0.98971
0.989262
0.988823
0.988391
0.987969
0.987559
0.987162
0.986772
0.986399
0.986033
0.98568
0.985341
0.985011
0.984697
0.984392
0.984096
0.983817
0.983545
0.983286
0.983032
0.982789
0.982555
0.982329
0.982116
0.981918
0.981727
0.981554
0.981398
0.981254
0.98113
0.98103
0.980951
0.9809
0.980875
0.980886
0.980927
0.981012
0.981132
0.981302
0.981521
0.981787
0.982112
0.982488
0.982927
0.98342
0.983975
0.98458
0.985236
0.985938
0.986673
0.987429
0.988191
0.988937
0.989641
0.990275
0.990793
0.991156
0.991301
0.991161
0.990645
0.989648
0.98803
0.985623
0.98222
0.977601
0.971225
0.963092
0.953843
0.943092
0.930356
0.914192
0.891787
0.855161
0.780662
0.591407
0.595806
0.944308
0.979488
0.986422
0.989148
0.990681
0.991817
0.992856
0.993954
0.995132
0.996303
0.9973
0.998062
0.998612
0.998979
0.999195
0.999275
0.999237
0.999105
0.998905
0.998668
0.998423
0.99819
0.997989
0.99783
0.997723
0.997665
0.997654
0.997666
0.997698
0.997745
0.997801
0.997863
0.997929
0.997992
0.998049
0.998098
0.998134
0.998156
0.998166
0.998157
0.998133
0.998089
0.998025
0.997941
0.997837
0.99771
0.997563
0.997396
0.997207
0.996997
0.996767
0.996519
0.996254
0.99597
0.995674
0.995361
0.995039
0.994707
0.994368
0.994025
0.993678
0.993328
0.992979
0.992633
0.992288
0.991951
0.991618
0.991291
0.990974
0.990664
0.990363
0.990071
0.989785
0.989512
0.989248
0.988993
0.988749
0.988514
0.988289
0.98807
0.987864
0.987666
0.987477
0.987291
0.987115
0.986947
0.986787
0.986635
0.986489
0.986358
0.986231
0.986122
0.986021
0.985936
0.985867
0.985815
0.985778
0.985767
0.985774
0.985811
0.985871
0.985961
0.986083
0.986238
0.986427
0.986656
0.98692
0.987221
0.987558
0.987935
0.988339
0.988773
0.989228
0.989694
0.990158
0.990612
0.991029
0.99139
0.991664
0.991818
0.991813
0.991593
0.991098
0.990257
0.988977
0.987147
0.984632
0.981283
0.976941
0.971455
0.964444
0.956025
0.946158
0.934538
0.919913
0.900137
0.868393
0.801177
0.603952
0.7329
0.963336
0.983335
0.98808
0.990085
0.991313
0.992315
0.993323
0.994452
0.995708
0.996946
0.997924
0.998614
0.99907
0.999342
0.999444
0.999388
0.999187
0.998874
0.998487
0.998064
0.997646
0.997263
0.996941
0.996693
0.996526
0.99644
0.996425
0.996454
0.996519
0.996614
0.996731
0.996863
0.997004
0.997147
0.997288
0.99742
0.997541
0.997648
0.997739
0.997813
0.997867
0.9979
0.997913
0.997906
0.997881
0.997832
0.997763
0.997674
0.997567
0.997438
0.997291
0.997128
0.996947
0.996753
0.996546
0.996324
0.996094
0.995854
0.995604
0.995352
0.995095
0.994835
0.994574
0.994313
0.994055
0.9938
0.99355
0.993302
0.993062
0.992823
0.992596
0.992374
0.992161
0.991953
0.991752
0.99156
0.991374
0.991198
0.991026
0.990864
0.990709
0.990559
0.990419
0.990281
0.990151
0.990026
0.989906
0.989791
0.989685
0.989585
0.989493
0.989408
0.989336
0.989271
0.989219
0.989176
0.989148
0.989137
0.989137
0.989159
0.989196
0.989254
0.989336
0.989438
0.989563
0.989712
0.989882
0.990079
0.990296
0.990532
0.990784
0.991047
0.991315
0.991579
0.991826
0.992044
0.992214
0.992316
0.992321
0.992203
0.99192
0.991427
0.990671
0.989592
0.988104
0.986125
0.98354
0.980238
0.97609
0.970969
0.964757
0.957229
0.948031
0.937206
0.923602
0.905514
0.877191
0.816511
0.615381
0.821706
0.973361
0.9858
0.989088
0.990694
0.991753
0.99268
0.993684
0.994864
0.996216
0.997512
0.998451
0.999049
0.999409
0.999577
0.999551
0.999325
0.998919
0.998371
0.997737
0.997074
0.996432
0.995858
0.995385
0.995024
0.994789
0.994673
0.994655
0.994708
0.994819
0.994978
0.995175
0.995397
0.995636
0.995881
0.996126
0.996362
0.996586
0.996796
0.996984
0.997152
0.997299
0.99742
0.997518
0.997591
0.997642
0.997671
0.997676
0.997661
0.997625
0.997569
0.997495
0.997405
0.997297
0.997174
0.997037
0.996889
0.996731
0.996561
0.996385
0.996204
0.996016
0.995826
0.995634
0.995441
0.995248
0.995058
0.994866
0.994682
0.994497
0.994321
0.994148
0.993978
0.993815
0.993655
0.993505
0.993357
0.993217
0.993081
0.992948
0.992823
0.992706
0.99259
0.992482
0.99238
0.992279
0.992181
0.992088
0.992003
0.991918
0.991842
0.991769
0.991702
0.991643
0.991586
0.991543
0.991506
0.991477
0.991457
0.991451
0.991456
0.991472
0.991499
0.991544
0.991598
0.991671
0.991753
0.991851
0.991961
0.992081
0.992209
0.992341
0.992469
0.99259
0.992696
0.992771
0.992807
0.992781
0.992678
0.992476
0.992144
0.991647
0.990943
0.989987
0.988723
0.987082
0.98499
0.982359
0.979091
0.97508
0.970215
0.964372
0.957395
0.949043
0.938819
0.925944
0.90896
0.88288
0.827377
0.626084
0.887198
0.978954
0.987411
0.989891
0.991146
0.992063
0.992945
0.993963
0.995208
0.99666
0.998017
0.998888
0.99938
0.999646
0.999709
0.999531
0.99909
0.998412
0.997556
0.996601
0.995628
0.99471
0.993901
0.993243
0.992753
0.992439
0.992296
0.992283
0.992371
0.992547
0.992793
0.993094
0.993434
0.993796
0.99417
0.994546
0.994914
0.995267
0.995598
0.995905
0.996183
0.996435
0.996658
0.996849
0.997015
0.99715
0.997259
0.997341
0.997399
0.997434
0.997447
0.99744
0.997414
0.997371
0.997311
0.997237
0.997151
0.997052
0.996944
0.996827
0.996703
0.996573
0.996438
0.9963
0.996162
0.996021
0.995879
0.995738
0.995599
0.995462
0.995328
0.995197
0.995068
0.994943
0.994823
0.994706
0.994595
0.994484
0.994378
0.994277
0.994181
0.994089
0.993999
0.993914
0.993831
0.993754
0.993674
0.993601
0.993531
0.993462
0.993397
0.993337
0.99328
0.993225
0.993178
0.993135
0.993096
0.993064
0.993039
0.993018
0.993004
0.992999
0.993002
0.993011
0.993028
0.993051
0.993079
0.993115
0.993155
0.993195
0.993232
0.993264
0.993285
0.993287
0.993259
0.993197
0.993083
0.992905
0.99264
0.992268
0.991764
0.991093
0.990219
0.989103
0.987695
0.985932
0.983756
0.981089
0.977844
0.973934
0.969252
0.963676
0.95704
0.949099
0.93945
0.927327
0.911102
0.886439
0.834508
0.63634
0.92665
0.982405
0.988517
0.990467
0.991516
0.9923
0.993134
0.994172
0.995484
0.997042
0.998456
0.999236
0.99962
0.999802
0.999755
0.999387
0.998663
0.997627
0.996374
0.995011
0.993655
0.992396
0.991306
0.990432
0.989795
0.989404
0.989242
0.989242
0.989386
0.989652
0.990016
0.990454
0.990944
0.991467
0.992004
0.992542
0.993069
0.993575
0.994053
0.9945
0.994912
0.995286
0.995623
0.995923
0.996187
0.996415
0.996613
0.996778
0.996912
0.99702
0.997103
0.997164
0.997199
0.997217
0.997216
0.997199
0.997168
0.997122
0.997068
0.997
0.996927
0.996844
0.996757
0.996666
0.996568
0.996472
0.99637
0.996269
0.996168
0.996067
0.995968
0.99587
0.995774
0.995678
0.995587
0.995496
0.995409
0.995324
0.995242
0.995164
0.995086
0.99501
0.99494
0.99487
0.994802
0.994737
0.994673
0.994611
0.994551
0.994491
0.994434
0.994381
0.994328
0.994275
0.994229
0.994184
0.99414
0.994102
0.994065
0.99403
0.994001
0.993975
0.99395
0.993931
0.993912
0.993895
0.993875
0.993859
0.993835
0.993807
0.99377
0.993719
0.993645
0.993549
0.993415
0.993236
0.992997
0.992687
0.992287
0.991775
0.991125
0.990314
0.989302
0.988054
0.986531
0.984671
0.982425
0.979726
0.9765
0.972663
0.968116
0.962736
0.956356
0.948732
0.939454
0.927777
0.912133
0.88835
0.838568
0.646331
0.943843
0.985684
0.989305
0.990879
0.991773
0.9925
0.993273
0.994316
0.995698
0.997366
0.998839
0.999507
0.999784
0.999899
0.999727
0.999112
0.998017
0.996518
0.99476
0.992895
0.991073
0.989409
0.987993
0.98688
0.98609
0.985625
0.985463
0.985496
0.985721
0.986109
0.986626
0.98724
0.98792
0.988641
0.989377
0.990113
0.990828
0.991515
0.992168
0.992776
0.993339
0.993855
0.994324
0.994745
0.995121
0.995454
0.995746
0.996
0.996218
0.996403
0.996557
0.996684
0.996785
0.996862
0.996919
0.996954
0.996976
0.996981
0.996973
0.996953
0.996921
0.996882
0.996835
0.996783
0.996724
0.996662
0.996596
0.996528
0.996458
0.996387
0.996316
0.996244
0.996171
0.996102
0.996032
0.995961
0.995895
0.995827
0.995763
0.995697
0.995636
0.995573
0.995514
0.995456
0.995401
0.995343
0.995287
0.995234
0.995178
0.995125
0.99507
0.995017
0.994965
0.994914
0.994863
0.994813
0.994762
0.994713
0.994667
0.99462
0.994572
0.994526
0.994477
0.994427
0.994376
0.994321
0.994261
0.994194
0.994119
0.994032
0.993928
0.993802
0.993651
0.993467
0.99324
0.992961
0.99262
0.992198
0.991681
0.991049
0.990279
0.989346
0.988218
0.986865
0.985241
0.983301
0.981
0.978275
0.97506
0.971277
0.966832
0.961599
0.955414
0.948032
0.939047
0.927731
0.912549
0.889458
0.841203
0.653538
0.954493
0.986883
0.989877
0.991168
0.991947
0.992623
0.993393
0.994399
0.99585
0.99763
0.999163
0.999703
0.999888
0.999954
0.999631
0.99869
0.99711
0.995026
0.992643
0.990173
0.9878
0.985672
0.983891
0.982518
0.981573
0.981051
0.980916
0.981011
0.981356
0.981909
0.982628
0.983463
0.984377
0.985337
0.986311
0.987278
0.988216
0.989116
0.989965
0.990756
0.99149
0.992164
0.992778
0.993333
0.993832
0.994277
0.994675
0.995022
0.995328
0.995594
0.995823
0.99602
0.996185
0.996324
0.996437
0.996527
0.996598
0.996651
0.996688
0.996711
0.996721
0.99672
0.99671
0.996691
0.996666
0.996634
0.996598
0.996557
0.996514
0.996466
0.996417
0.996369
0.996318
0.996266
0.996213
0.996161
0.996107
0.996054
0.996
0.995947
0.995895
0.995845
0.995794
0.995744
0.995693
0.995641
0.995589
0.995539
0.995485
0.995435
0.99538
0.995326
0.995271
0.995218
0.995161
0.995105
0.995046
0.994986
0.994927
0.994863
0.994799
0.994732
0.994658
0.994582
0.994501
0.994411
0.994313
0.994203
0.994078
0.993936
0.993773
0.993584
0.993363
0.993101
0.992791
0.992425
0.99199
0.991472
0.990855
0.990119
0.989247
0.988211
0.986987
0.98554
0.983832
0.98183
0.979482
0.976733
0.973526
0.969783
0.965413
0.960295
0.954264
0.947075
0.938326
0.927298
0.912492
0.889949
0.842849
0.658572
0.96181
0.987791
0.990332
0.991353
0.99203
0.992675
0.993455
0.994471
0.995937
0.997829
0.999431
0.99984
0.999948
0.999981
0.999466
0.998095
0.995894
0.993085
0.989954
0.986773
0.98377
0.981119
0.978939
0.977296
0.97621
0.975659
0.975523
0.975724
0.976248
0.977031
0.978012
0.979131
0.980338
0.981587
0.982843
0.984078
0.985272
0.986408
0.987478
0.988474
0.989395
0.99024
0.99101
0.991709
0.992339
0.992904
0.99341
0.993861
0.994258
0.994608
0.994916
0.995183
0.995415
0.995614
0.995784
0.995928
0.996048
0.996147
0.996228
0.996292
0.996339
0.996374
0.996399
0.99641
0.996415
0.996412
0.996401
0.996385
0.996365
0.99634
0.996311
0.996278
0.996244
0.996207
0.996169
0.996129
0.996088
0.996045
0.996001
0.995959
0.995912
0.995866
0.99582
0.995776
0.995728
0.995678
0.99563
0.995578
0.995526
0.995472
0.995417
0.99536
0.9953
0.99524
0.995177
0.995112
0.995042
0.994971
0.994897
0.994818
0.994736
0.994645
0.994551
0.994449
0.994335
0.994213
0.994077
0.993927
0.993758
0.993567
0.993349
0.993102
0.992816
0.992484
0.992105
0.991661
0.991143
0.990539
0.989833
0.989007
0.988045
0.986921
0.985612
0.984088
0.982314
0.980254
0.977867
0.9751
0.971896
0.968187
0.963875
0.958846
0.95294
0.945908
0.937352
0.926566
0.912066
0.889968
0.843756
0.661952
0.967066
0.988444
0.990593
0.991451
0.992042
0.992646
0.993443
0.994522
0.995974
0.997965
0.999648
0.999925
0.99998
0.999994
0.999222
0.997296
0.99432
0.990638
0.98663
0.982634
0.978923
0.975697
0.973092
0.971181
0.969978
0.969445
0.969337
0.969705
0.970472
0.971551
0.972862
0.974326
0.975879
0.977466
0.979045
0.980583
0.98206
0.983454
0.98476
0.985976
0.987095
0.988121
0.989055
0.989903
0.990669
0.991358
0.991976
0.992528
0.99302
0.993457
0.993841
0.994182
0.994481
0.994742
0.99497
0.995168
0.995335
0.995479
0.995601
0.995702
0.995789
0.995856
0.995912
0.995956
0.995987
0.996009
0.996023
0.996028
0.996028
0.99602
0.996009
0.995991
0.995972
0.995945
0.99592
0.995889
0.995856
0.995821
0.995785
0.995747
0.995706
0.995665
0.995622
0.995576
0.995529
0.995481
0.995431
0.995379
0.995325
0.995267
0.995207
0.995143
0.995079
0.99501
0.994939
0.994863
0.994783
0.994699
0.994609
0.994514
0.994412
0.994302
0.994183
0.994054
0.993914
0.993757
0.993588
0.993397
0.993187
0.99295
0.992682
0.992381
0.992036
0.991645
0.991197
0.990682
0.990091
0.98941
0.988628
0.987726
0.986685
0.985485
0.984104
0.982513
0.980678
0.978572
0.976153
0.973369
0.970168
0.966482
0.96222
0.957267
0.951462
0.944562
0.936175
0.92559
0.911357
0.889628
0.844085
0.664052
0.97094
0.988903
0.990727
0.991463
0.991969
0.992541
0.993352
0.994496
0.996009
0.998031
0.999813
0.999972
0.999994
0.999998
0.998891
0.996257
0.99234
0.987631
0.98262
0.977714
0.973222
0.969372
0.966322
0.964151
0.962871
0.96242
0.962447
0.96306
0.964153
0.965606
0.967317
0.969189
0.971138
0.973102
0.975032
0.976898
0.97867
0.980339
0.98189
0.983328
0.984649
0.985857
0.986957
0.987954
0.988855
0.989669
0.990398
0.991052
0.991637
0.99216
0.992623
0.993034
0.993398
0.99372
0.994002
0.994249
0.994467
0.994653
0.994817
0.994955
0.995077
0.995176
0.995261
0.995331
0.995389
0.995433
0.995468
0.995493
0.99551
0.995519
0.995522
0.995517
0.99551
0.995494
0.995476
0.995454
0.995428
0.995398
0.995365
0.995329
0.995293
0.995251
0.995208
0.995164
0.995116
0.995067
0.995013
0.994958
0.994898
0.994836
0.994769
0.994699
0.994624
0.994548
0.994465
0.994378
0.994286
0.994187
0.994082
0.993967
0.993846
0.993716
0.993572
0.993418
0.99325
0.993064
0.992858
0.992634
0.992382
0.9921
0.991788
0.991436
0.991038
0.990587
0.990079
0.989502
0.988846
0.988101
0.987248
0.986276
0.985166
0.9839
0.982457
0.980806
0.978925
0.976781
0.974332
0.971535
0.96834
0.964675
0.960455
0.955566
0.949849
0.943063
0.934819
0.92442
0.910415
0.888996
0.843969
0.665164
0.973837
0.989218
0.990766
0.991387
0.991819
0.992349
0.993175
0.994392
0.996024
0.998045
0.999928
0.999993
0.999998
1
0.99846
0.994947
0.989907
0.984022
0.977895
0.971991
0.966652
0.962129
0.95861
0.956199
0.954906
0.954551
0.954821
0.955809
0.95736
0.959312
0.961523
0.963875
0.966274
0.968651
0.970955
0.973155
0.975229
0.977167
0.978961
0.980614
0.982128
0.983511
0.984768
0.985907
0.986935
0.987867
0.988704
0.989455
0.990126
0.990728
0.991267
0.991749
0.992174
0.992556
0.992891
0.993187
0.993449
0.99368
0.993879
0.994055
0.994205
0.994336
0.994448
0.994544
0.994622
0.994689
0.994741
0.994783
0.994816
0.994839
0.994853
0.99486
0.994862
0.994856
0.994843
0.994827
0.994806
0.994778
0.994747
0.994714
0.994678
0.994636
0.994591
0.994542
0.994491
0.99444
0.99438
0.994319
0.994253
0.994185
0.994111
0.994031
0.993949
0.99386
0.993766
0.993667
0.993559
0.993445
0.993322
0.99319
0.993049
0.992897
0.992731
0.992552
0.992353
0.992137
0.9919
0.991639
0.99135
0.991027
0.990671
0.990271
0.989824
0.989322
0.98876
0.988124
0.987409
0.986602
0.985689
0.984657
0.983489
0.982166
0.980667
0.978971
0.97705
0.974869
0.972401
0.969596
0.966407
0.962759
0.95858
0.953752
0.948113
0.941429
0.933316
0.923081
0.909287
0.888138
0.84351
0.665499
0.976018
0.989402
0.990713
0.991206
0.991587
0.992072
0.992905
0.994198
0.995958
0.998055
0.999989
1
1
1
0.997911
0.993329
0.986989
0.979789
0.972446
0.965471
0.95922
0.953968
0.949951
0.947328
0.946113
0.945702
0.946402
0.947983
0.950201
0.952825
0.95567
0.958591
0.961491
0.964304
0.966986
0.969516
0.971872
0.974062
0.976074
0.977923
0.979612
0.981152
0.982549
0.983815
0.984957
0.985992
0.986925
0.987763
0.988516
0.989192
0.989798
0.99034
0.990824
0.991257
0.991641
0.991983
0.992286
0.992554
0.99279
0.992997
0.993178
0.993336
0.993472
0.99359
0.993689
0.993772
0.993842
0.9939
0.993945
0.993978
0.994004
0.994019
0.994028
0.994028
0.994019
0.994007
0.993988
0.993963
0.993931
0.993898
0.993859
0.993814
0.993766
0.993716
0.993659
0.9936
0.993536
0.993467
0.993392
0.993315
0.99323
0.993142
0.993049
0.992947
0.992841
0.992725
0.992604
0.992472
0.992333
0.992183
0.992021
0.991846
0.991657
0.991449
0.991224
0.990979
0.990711
0.990416
0.99009
0.989731
0.989331
0.988889
0.988397
0.987847
0.987234
0.986548
0.985782
0.984921
0.983951
0.982868
0.981648
0.980276
0.978732
0.976998
0.975043
0.972838
0.970356
0.967543
0.964359
0.960737
0.956596
0.951817
0.946257
0.939673
0.931683
0.921604
0.908007
0.887095
0.842779
0.665212
0.977637
0.98949
0.990588
0.990961
0.991267
0.991694
0.992532
0.993905
0.99581
0.998066
1
0.999999
0.999998
0.999999
0.997232
0.99138
0.983558
0.974925
0.966296
0.9582
0.950978
0.944915
0.94033
0.937525
0.936525
0.936476
0.93781
0.940175
0.943218
0.946628
0.950171
0.95369
0.957089
0.960313
0.963342
0.966155
0.968759
0.971154
0.973348
0.975354
0.977184
0.978848
0.980359
0.981728
0.982966
0.984088
0.985098
0.986007
0.986828
0.987568
0.988229
0.988824
0.989358
0.989836
0.99026
0.990642
0.990981
0.991282
0.99155
0.991786
0.991993
0.992172
0.992331
0.992468
0.992583
0.992685
0.992767
0.992837
0.992892
0.992935
0.992967
0.992986
0.993
0.993004
0.993
0.992987
0.992966
0.992943
0.992909
0.992873
0.992828
0.992783
0.992729
0.992672
0.992609
0.992542
0.992468
0.99239
0.992307
0.99222
0.992125
0.992023
0.991917
0.991803
0.991681
0.991551
0.991412
0.991266
0.991108
0.990936
0.990756
0.990556
0.990343
0.990113
0.98986
0.989586
0.989288
0.988958
0.9886
0.988203
0.987766
0.987284
0.986748
0.986156
0.985497
0.984765
0.98395
0.983042
0.982029
0.980898
0.979634
0.978222
0.97664
0.974873
0.972894
0.97067
0.968177
0.965368
0.962195
0.958597
0.954489
0.949771
0.944285
0.937799
0.929934
0.92001
0.906594
0.885907
0.84183
0.664428
0.978816
0.989499
0.990402
0.990647
0.990856
0.991214
0.992046
0.9935
0.995571
0.998028
1
1
0.999998
0.999997
0.996417
0.989072
0.979605
0.969454
0.95951
0.950279
0.942032
0.935029
0.929713
0.926745
0.925547
0.926343
0.928955
0.932669
0.936898
0.941258
0.945527
0.949604
0.953423
0.956971
0.960252
0.963269
0.966037
0.968573
0.970888
0.973
0.974925
0.976672
0.978259
0.979697
0.981004
0.982185
0.98325
0.984217
0.985087
0.985873
0.986579
0.987215
0.987787
0.9883
0.988762
0.989171
0.989539
0.989866
0.990159
0.990416
0.990643
0.990843
0.991018
0.99117
0.991302
0.991414
0.991506
0.991583
0.991647
0.991696
0.991734
0.991758
0.991772
0.991776
0.991772
0.991759
0.991736
0.991709
0.991673
0.991632
0.991583
0.991527
0.991467
0.991401
0.99133
0.991255
0.991171
0.991083
0.990989
0.990888
0.990782
0.990668
0.990547
0.990417
0.99028
0.990133
0.989979
0.989812
0.989633
0.989444
0.989239
0.989021
0.988781
0.988526
0.988246
0.987946
0.987616
0.987256
0.986864
0.986433
0.985962
0.98544
0.984867
0.984236
0.983537
0.982765
0.981907
0.980959
0.979907
0.978738
0.977435
0.975993
0.974384
0.972591
0.970592
0.968359
0.965862
0.963056
0.959899
0.956329
0.952266
0.947606
0.942195
0.935809
0.928071
0.918303
0.90507
0.884598
0.840697
0.66323
0.979627
0.989439
0.990158
0.990237
0.990305
0.990621
0.991439
0.992974
0.995227
0.997934
0.999997
0.999997
0.999998
0.999996
0.995454
0.986382
0.975126
0.963434
0.952218
0.941906
0.932612
0.924484
0.918048
0.914784
0.913714
0.916412
0.921297
0.92689
0.932416
0.937598
0.942387
0.946792
0.950833
0.954534
0.95792
0.961016
0.963845
0.966429
0.968787
0.970933
0.972891
0.974678
0.976298
0.977769
0.979103
0.980319
0.981419
0.982413
0.983312
0.984125
0.98486
0.985522
0.986119
0.986657
0.98714
0.987572
0.98796
0.988305
0.988614
0.988889
0.98913
0.989342
0.98953
0.989692
0.989829
0.989951
0.99005
0.990131
0.990199
0.990249
0.990288
0.990313
0.990326
0.990329
0.990322
0.990306
0.990278
0.990244
0.990204
0.990153
0.990098
0.990033
0.989964
0.989889
0.989808
0.98972
0.989624
0.989523
0.989417
0.989302
0.98918
0.989052
0.988914
0.98877
0.988617
0.988454
0.988279
0.988094
0.987896
0.987684
0.987458
0.987215
0.986953
0.986673
0.986368
0.986039
0.985681
0.985291
0.984868
0.984406
0.983901
0.983346
0.982739
0.982072
0.981337
0.980529
0.979637
0.978654
0.977565
0.976367
0.975039
0.973567
0.971937
0.970128
0.968118
0.96588
0.963381
0.96059
0.957456
0.95392
0.949906
0.945312
0.939987
0.933704
0.926102
0.916496
0.903454
0.883185
0.839418
0.661677
0.980111
0.989319
0.989863
0.989749
0.989633
0.989915
0.990699
0.992309
0.994763
0.997779
1
1
0.999998
1
0.994333
0.983288
0.97014
0.956973
0.944647
0.933455
0.92323
0.913829
0.905423
0.89892
0.901581
0.910634
0.9188
0.925103
0.930889
0.936228
0.941157
0.945528
0.949514
0.953141
0.956455
0.959487
0.962257
0.964788
0.967102
0.969213
0.971144
0.972902
0.974511
0.975968
0.977298
0.978507
0.979609
0.980609
0.981515
0.982338
0.983078
0.98375
0.984358
0.984905
0.985398
0.985841
0.986237
0.986594
0.98691
0.987192
0.987441
0.98766
0.98785
0.988015
0.98816
0.988279
0.988381
0.988464
0.98853
0.98858
0.988616
0.988637
0.988646
0.988643
0.988631
0.988605
0.988572
0.98853
0.988479
0.98842
0.988354
0.988278
0.988197
0.988108
0.988015
0.987913
0.987805
0.987689
0.987568
0.987437
0.987299
0.987155
0.987001
0.986839
0.986666
0.986484
0.98629
0.986084
0.985867
0.985634
0.985386
0.985119
0.984834
0.984527
0.984198
0.983841
0.983458
0.983039
0.982587
0.982096
0.981561
0.980975
0.980338
0.97964
0.978876
0.978035
0.977116
0.976103
0.97499
0.973765
0.972414
0.970925
0.96928
0.967464
0.965448
0.963212
0.960726
0.957954
0.954847
0.951354
0.947396
0.942872
0.937643
0.931486
0.924027
0.914587
0.90175
0.88168
0.838006
0.659796
0.980274
0.989165
0.989562
0.989253
0.988945
0.989102
0.989821
0.991492
0.994156
0.997555
0.999998
1
1
0.999998
0.993039
0.979747
0.96468
0.950254
0.937201
0.925654
0.915095
0.905086
0.894781
0.900885
0.906572
0.914036
0.920858
0.926586
0.931885
0.936786
0.941307
0.945358
0.94907
0.952468
0.955654
0.958676
0.961278
0.96366
0.965845
0.967849
0.969685
0.971371
0.97291
0.974315
0.975599
0.976774
0.977842
0.978813
0.979703
0.980509
0.981239
0.981901
0.982501
0.983043
0.983531
0.983971
0.984366
0.984718
0.985034
0.985314
0.985559
0.985776
0.985966
0.986127
0.986267
0.986386
0.986481
0.986559
0.986619
0.986663
0.98669
0.986705
0.986706
0.986692
0.986669
0.986636
0.98659
0.986536
0.986474
0.986402
0.98632
0.986234
0.986136
0.986034
0.985924
0.985807
0.985682
0.985551
0.985411
0.985263
0.985106
0.984944
0.984771
0.98459
0.984398
0.984195
0.98398
0.983754
0.983515
0.98326
0.982988
0.982699
0.982389
0.982059
0.981704
0.981323
0.980914
0.98047
0.97999
0.979473
0.97891
0.978298
0.977632
0.976909
0.976117
0.975254
0.974308
0.973274
0.972141
0.970898
0.969534
0.968033
0.96638
0.964559
0.962547
0.960324
0.957857
0.955115
0.952045
0.948607
0.944717
0.940287
0.935161
0.929137
0.921838
0.912592
0.899954
0.880089
0.836467
0.657584
0.980097
0.98898
0.989295
0.9888
0.98822
0.988169
0.988813
0.990505
0.993374
0.997257
0.999998
1
1
0.999999
0.991559
0.975704
0.958821
0.943616
0.930619
0.919927
0.911075
0.907913
0.908703
0.910974
0.915179
0.920408
0.925517
0.930216
0.934668
0.938839
0.942717
0.946261
0.949548
0.9526
0.955479
0.958202
0.960574
0.962932
0.964983
0.966815
0.968507
0.970059
0.971486
0.972797
0.973999
0.9751
0.976107
0.977026
0.977863
0.978628
0.979329
0.979961
0.980535
0.981055
0.981523
0.981944
0.982323
0.98266
0.982963
0.983229
0.983464
0.98367
0.983845
0.983999
0.984126
0.984232
0.984318
0.984383
0.98443
0.984461
0.984477
0.984477
0.984465
0.98444
0.984404
0.984355
0.984295
0.984225
0.984146
0.984056
0.983961
0.983855
0.983742
0.983622
0.983492
0.983357
0.983214
0.983061
0.982901
0.982734
0.98256
0.982374
0.982183
0.981978
0.981765
0.981542
0.981305
0.981058
0.980795
0.980517
0.980222
0.979911
0.979576
0.979221
0.978844
0.978438
0.978001
0.977535
0.977031
0.976488
0.975902
0.975265
0.974578
0.97383
0.973019
0.972133
0.971172
0.970122
0.968974
0.967719
0.966347
0.964845
0.963193
0.961379
0.95938
0.957178
0.954738
0.952032
0.94902
0.945643
0.941841
0.937513
0.932527
0.926657
0.919539
0.910493
0.898076
0.878413
0.834798
0.654999
0.979732
0.988575
0.989073
0.988544
0.987547
0.986951
0.987713
0.989353
0.99237
0.996863
0.999998
0.999998
1
0.999998
0.989842
0.971079
0.952712
0.937664
0.926242
0.920124
0.917434
0.917278
0.918634
0.920671
0.923839
0.927545
0.931308
0.93496
0.938488
0.941845
0.945009
0.947962
0.950744
0.953366
0.955852
0.95819
0.960298
0.962366
0.964189
0.966057
0.96755
0.96893
0.970211
0.971388
0.972469
0.973465
0.974375
0.975216
0.975984
0.976683
0.977323
0.977902
0.978432
0.978911
0.979341
0.97973
0.980078
0.980387
0.98066
0.980902
0.981113
0.981297
0.981453
0.981584
0.981692
0.981778
0.981845
0.981891
0.981919
0.981931
0.981928
0.981912
0.981878
0.981835
0.981778
0.98171
0.98163
0.981539
0.981442
0.981333
0.981215
0.981089
0.980954
0.980812
0.980662
0.980503
0.980338
0.980163
0.979983
0.979793
0.979593
0.979386
0.979169
0.978944
0.978707
0.97846
0.9782
0.977929
0.977641
0.977339
0.977022
0.976683
0.976328
0.975948
0.975547
0.975117
0.974658
0.974168
0.973642
0.973075
0.972467
0.971811
0.971104
0.97034
0.969509
0.96861
0.967636
0.966575
0.96542
0.964165
0.962791
0.961292
0.95965
0.957851
0.955878
0.953705
0.951307
0.94866
0.945719
0.942434
0.938743
0.934548
0.929715
0.924025
0.917113
0.908293
0.89611
0.876647
0.832974
0.651945
0.979349
0.987721
0.988714
0.988377
0.987483
0.986252
0.986652
0.988066
0.991084
0.996331
1
0.999999
1
0.999997
0.987819
0.965741
0.946701
0.933581
0.928307
0.925962
0.925588
0.926503
0.927567
0.92945
0.931872
0.934559
0.937317
0.940054
0.942732
0.945316
0.947788
0.950148
0.952401
0.954548
0.956593
0.958523
0.960314
0.962047
0.963629
0.965228
0.966665
0.967907
0.969002
0.970017
0.970949
0.971809
0.972604
0.973334
0.973999
0.974614
0.975171
0.97568
0.97614
0.976559
0.976932
0.977271
0.977569
0.977837
0.97807
0.978273
0.978448
0.978596
0.978718
0.978819
0.978895
0.978952
0.97899
0.97901
0.97901
0.978997
0.978966
0.978925
0.978865
0.978796
0.978713
0.97862
0.978516
0.978399
0.978277
0.978141
0.978
0.977847
0.977687
0.977519
0.977341
0.977158
0.976966
0.976767
0.976558
0.976342
0.976118
0.975885
0.975642
0.97539
0.975128
0.974854
0.974568
0.974271
0.973956
0.973629
0.973286
0.972923
0.972541
0.97214
0.971713
0.971259
0.970779
0.970266
0.969717
0.96913
0.968505
0.967829
0.967107
0.966327
0.965485
0.964576
0.963594
0.962531
0.961373
0.96012
0.958757
0.957272
0.95565
0.953881
0.95195
0.949828
0.947498
0.944932
0.942085
0.93892
0.935374
0.931343
0.9267
0.921227
0.914551
0.905983
0.894047
0.874778
0.830952
0.648236
0.978921
0.986381
0.987997
0.988081
0.98754
0.986756
0.986117
0.986782
0.989426
0.995635
1
1
1
1
0.985361
0.959502
0.941629
0.935525
0.933501
0.93318
0.933839
0.934464
0.935673
0.937269
0.939095
0.941038
0.94302
0.944998
0.946948
0.948854
0.950706
0.952499
0.954227
0.95589
0.957485
0.959004
0.960446
0.961831
0.963137
0.964432
0.965618
0.966807
0.967742
0.968571
0.96933
0.970031
0.97068
0.971274
0.971822
0.972319
0.972776
0.97319
0.973561
0.973899
0.9742
0.974464
0.9747
0.974905
0.97508
0.97523
0.975354
0.975454
0.975528
0.975585
0.975621
0.975638
0.975635
0.975615
0.975579
0.97553
0.975465
0.975387
0.975295
0.975192
0.975075
0.97495
0.974812
0.974666
0.974509
0.974343
0.97417
0.973986
0.973796
0.973596
0.973387
0.973172
0.972949
0.972718
0.972479
0.972231
0.971977
0.971713
0.971441
0.971159
0.970866
0.970561
0.970248
0.96992
0.969579
0.969222
0.96885
0.96846
0.968052
0.967625
0.96717
0.966694
0.966189
0.965655
0.965084
0.96448
0.963836
0.963145
0.962407
0.961617
0.960767
0.959852
0.958869
0.957808
0.95666
0.955421
0.954078
0.952623
0.951047
0.949326
0.947459
0.945421
0.943189
0.940738
0.938036
0.935036
0.931676
0.927859
0.923455
0.91824
0.911839
0.903549
0.891874
0.872777
0.828648
0.643568
0.978397
0.984522
0.986633
0.987268
0.987228
0.986893
0.986599
0.985974
0.987254
0.994679
1
1
0.999999
1
0.982234
0.952133
0.941623
0.939976
0.939883
0.940371
0.940834
0.941693
0.94279
0.944023
0.945335
0.946683
0.948043
0.949399
0.950746
0.952071
0.953372
0.954643
0.955881
0.957081
0.958245
0.959365
0.960441
0.961481
0.962482
0.963457
0.964373
0.965299
0.966222
0.966838
0.967402
0.967921
0.968401
0.968839
0.969238
0.969599
0.969928
0.970223
0.97049
0.970721
0.970927
0.971104
0.971253
0.971377
0.971476
0.971554
0.97161
0.971643
0.97166
0.971655
0.971635
0.971596
0.971541
0.971471
0.971385
0.971286
0.971176
0.971051
0.970914
0.970768
0.97061
0.97044
0.970263
0.970074
0.969877
0.96967
0.969455
0.969235
0.969004
0.968764
0.968516
0.968264
0.968001
0.96773
0.967454
0.967169
0.966878
0.966577
0.966267
0.965947
0.965618
0.965279
0.96493
0.964567
0.964193
0.963803
0.963396
0.962975
0.962535
0.962077
0.961594
0.96109
0.960557
0.959997
0.959406
0.958781
0.958118
0.957414
0.956664
0.955865
0.955013
0.954105
0.95313
0.952085
0.950966
0.949762
0.948469
0.947078
0.945573
0.943952
0.942196
0.940294
0.938216
0.935949
0.933452
0.930686
0.927576
0.924042
0.919938
0.915039
0.908958
0.900981
0.889569
0.870593
0.825885
0.637376
0.977659
0.982039
0.984263
0.985367
0.985846
0.985964
0.985874
0.985677
0.984531
0.993298
0.999999
1
1
1
0.977933
0.945951
0.945211
0.945434
0.945796
0.946235
0.946896
0.947665
0.948481
0.949318
0.950162
0.951011
0.951858
0.952704
0.953542
0.954374
0.955195
0.956001
0.956794
0.957569
0.958326
0.959058
0.959774
0.960468
0.961137
0.961787
0.962415
0.963056
0.963842
0.964281
0.964636
0.964954
0.96524
0.965497
0.965728
0.965929
0.96611
0.966262
0.966386
0.966491
0.966577
0.966636
0.966677
0.9667
0.966699
0.966682
0.966648
0.966598
0.966531
0.966447
0.966347
0.966235
0.966109
0.965971
0.965819
0.965654
0.96548
0.965293
0.965096
0.96489
0.964672
0.964447
0.964212
0.963968
0.963715
0.963456
0.963187
0.962909
0.962627
0.962334
0.962036
0.961729
0.961414
0.961095
0.960765
0.96043
0.960088
0.959735
0.959375
0.959007
0.958629
0.958242
0.957844
0.957434
0.957011
0.956577
0.956128
0.955665
0.955183
0.954686
0.954166
0.953629
0.953067
0.952481
0.951868
0.951227
0.950554
0.949846
0.949102
0.948318
0.947491
0.946617
0.945695
0.944715
0.943675
0.942569
0.941397
0.940141
0.938799
0.937366
0.935817
0.934151
0.932334
0.930355
0.928168
0.925734
0.922981
0.919822
0.916103
0.911589
0.905888
0.898252
0.887092
0.868103
0.822197
0.627636
0.976101
0.978655
0.980331
0.981446
0.982187
0.982658
0.9829
0.982805
0.982666
0.990612
1
1
0.999998
1
0.970568
0.948042
0.948316
0.948578
0.948957
0.949393
0.949842
0.950284
0.950717
0.951147
0.951569
0.951991
0.952412
0.952828
0.953242
0.95365
0.954055
0.954451
0.954838
0.95522
0.955589
0.955947
0.956298
0.956636
0.956961
0.957279
0.957594
0.95793
0.958406
0.958627
0.958749
0.958835
0.958903
0.958942
0.958964
0.958972
0.958959
0.958926
0.958882
0.958818
0.958739
0.958643
0.958536
0.958412
0.958273
0.958122
0.957959
0.957779
0.957591
0.957387
0.957174
0.956948
0.956712
0.956466
0.956208
0.955941
0.955666
0.95538
0.955086
0.95478
0.954468
0.954148
0.953821
0.953483
0.953139
0.952786
0.952426
0.95206
0.951686
0.951303
0.950913
0.950516
0.950115
0.949711
0.949301
0.948891
0.948474
0.948055
0.94763
0.947201
0.946765
0.946326
0.945882
0.945431
0.944974
0.944511
0.944042
0.943565
0.943079
0.942586
0.942084
0.941571
0.941048
0.940515
0.939969
0.93941
0.938834
0.938243
0.937635
0.937006
0.936356
0.93568
0.934978
0.934244
0.933473
0.932662
0.931804
0.930893
0.92992
0.928875
0.927745
0.926513
0.925156
0.923646
0.921943
0.920007
0.917761
0.915109
0.911889
0.90786
0.902604
0.895342
0.884387
0.865117
0.816485
0.602969
)
;

boundaryField
{
    walls
    {
        type            zeroGradient;
    }
    top
    {
        type            zeroGradient;
    }
    bottom
    {
        type            zeroGradient;
    }
    frontAndBack
    {
        type            empty;
    }
    inlet
    {
        type            uniformFixedValue;
        uniformValue    
        {
            type            constant;
            value           1;
        }
        value           uniform 1;
    }
    outlet
    {
        type            zeroGradient;
    }
}


// ************************************************************************* //
