/*--------------------------------*- C++ -*----------------------------------*\
  =========                 |
  \\      /  F ield         | OpenFOAM: The Open Source CFD Toolbox
   \\    /   O peration     | Website:  https://openfoam.org
    \\  /    A nd           | Version:  12
     \\/     M anipulation  |
\*---------------------------------------------------------------------------*/
FoamFile
{
    format      ascii;
    class       volScalarField;
    location    "480";
    object      T;
}
// * * * * * * * * * * * * * * * * * * * * * * * * * * * * * * * * * * * * * //

dimensions      [];

internalField   nonuniform List<scalar> 
4480
(
3.72278e-06
0.000194831
0.0209612
0.119486
0.255525
0.384989
0.493718
0.58064
0.648821
0.702017
0.743571
0.776169
0.801874
0.822253
0.838481
0.85144
0.861799
0.870067
0.876627
0.881776
0.885749
0.888722
0.890839
0.892207
0.892915
0.893033
0.892617
0.891914
0.891202
0.890477
0.889739
0.888981
0.888198
0.887389
0.886547
0.885672
0.884756
0.883797
0.882787
0.881726
0.88061
0.879428
0.878176
0.876853
0.87545
0.873959
0.872375
0.870696
0.868908
0.867001
0.864978
0.86283
0.86054
0.858106
0.855518
0.852765
0.849846
0.846751
0.843464
0.839984
0.836294
0.832392
0.828265
0.82391
0.819307
0.814462
0.80935
0.803981
0.798325
0.792394
0.786163
0.779631
0.772786
0.765621
0.758125
0.75029
0.742106
0.733563
0.724651
0.715361
0.705681
0.695601
0.685109
0.674255
0.663042
0.651465
0.639517
0.627194
0.61449
0.601402
0.58793
0.574079
0.559856
0.545278
0.530374
0.515181
0.499759
0.484178
0.468539
0.452958
0.437576
0.422555
0.408074
0.394342
0.381566
0.36997
0.359785
0.35124
0.344559
0.339964
0.337666
0.337869
0.34076
0.346525
0.35532
0.367292
0.382545
0.401142
0.423099
0.448447
0.477526
0.511414
0.551974
0.60376
0.684655
0.803255
0.886843
0.950355
0.939264
0.851219
0.767438
0.64509
0.537906
0.45312
0.376787
0.305195
0.236729
0.17043
0.107176
0.0479937
1.53077e-06
0.00531971
0.110359
0.315798
0.505974
0.647883
0.746348
0.813281
0.858862
0.890294
0.912347
0.928122
0.939631
0.948184
0.954634
0.959569
0.963379
0.966335
0.968631
0.970407
0.971765
0.972775
0.973496
0.973967
0.974225
0.974288
0.974179
0.973792
0.97304
0.971962
0.970591
0.968963
0.967114
0.965073
0.962867
0.960527
0.958076
0.955534
0.952918
0.950245
0.94753
0.944785
0.942011
0.939222
0.936423
0.933612
0.930795
0.92797
0.925135
0.922289
0.919427
0.916552
0.913652
0.910724
0.907766
0.904766
0.901727
0.898636
0.895489
0.892285
0.889007
0.885664
0.882235
0.878725
0.875127
0.87144
0.86765
0.863754
0.859756
0.855651
0.851428
0.847089
0.842629
0.838049
0.833337
0.8285
0.823532
0.818424
0.813192
0.80782
0.802307
0.796665
0.790879
0.784972
0.778958
0.772831
0.766597
0.760271
0.753849
0.747351
0.740785
0.734166
0.72751
0.720844
0.714192
0.707579
0.701051
0.694637
0.688391
0.682371
0.676641
0.67127
0.666344
0.661948
0.658197
0.655191
0.653063
0.651933
0.651948
0.653244
0.655968
0.660246
0.666215
0.673984
0.683641
0.69525
0.708836
0.724405
0.741936
0.761435
0.782994
0.806844
0.833274
0.862501
0.894277
0.926024
0.952577
0.970374
0.956866
0.90572
0.851757
0.791249
0.725645
0.655838
0.581276
0.501331
0.41542
0.323546
0.227447
0.132772
0.000277793
0.0392404
0.267516
0.519961
0.698689
0.808859
0.87428
0.913291
0.937124
0.952202
0.962128
0.968952
0.973825
0.97743
0.980164
0.982282
0.983941
0.985248
0.986279
0.987087
0.987713
0.988184
0.988526
0.988756
0.988887
0.988929
0.988891
0.988753
0.98848
0.988071
0.987529
0.986845
0.986019
0.985044
0.983924
0.982654
0.981243
0.979693
0.978012
0.976206
0.974287
0.972262
0.970144
0.967941
0.965662
0.963322
0.960923
0.958476
0.955986
0.953462
0.95091
0.948332
0.94573
0.943108
0.940472
0.937814
0.935144
0.932457
0.929751
0.92703
0.92429
0.921532
0.91875
0.915949
0.913123
0.910271
0.907393
0.904486
0.901547
0.898581
0.895574
0.892538
0.889465
0.886356
0.883202
0.880014
0.876789
0.873519
0.870209
0.866865
0.863475
0.860052
0.856584
0.853087
0.849554
0.846
0.842431
0.838847
0.835251
0.831663
0.828084
0.82453
0.82102
0.817561
0.814179
0.810899
0.807744
0.804742
0.801932
0.799353
0.79704
0.795043
0.793421
0.792219
0.791507
0.791348
0.791802
0.792944
0.794849
0.797577
0.801195
0.80576
0.811324
0.81792
0.825569
0.834268
0.844003
0.85473
0.866396
0.878938
0.892277
0.906305
0.920828
0.935463
0.949579
0.96218
0.971912
0.977037
0.967258
0.934567
0.89957
0.860343
0.815209
0.762557
0.700645
0.627546
0.541275
0.440368
0.325326
0.201002
0.0039169
0.136441
0.456497
0.696245
0.830702
0.900344
0.936439
0.955879
0.967007
0.973885
0.978494
0.981822
0.984365
0.986373
0.987989
0.989297
0.99036
0.991217
0.991904
0.992447
0.992871
0.993192
0.993426
0.993588
0.993686
0.993727
0.993718
0.993654
0.993525
0.993334
0.993077
0.992751
0.992352
0.991872
0.991305
0.990647
0.989894
0.989035
0.988075
0.987008
0.985835
0.984558
0.983178
0.981702
0.980133
0.978479
0.976743
0.974937
0.973063
0.971133
0.969152
0.967124
0.965061
0.962963
0.960839
0.958695
0.956534
0.954355
0.95217
0.949974
0.947776
0.94557
0.943366
0.941163
0.938957
0.936752
0.934553
0.932352
0.930156
0.927958
0.925761
0.923568
0.921373
0.919181
0.916985
0.914788
0.912592
0.910398
0.9082
0.905998
0.903797
0.901599
0.899407
0.897204
0.895006
0.892814
0.890631
0.888466
0.886321
0.884199
0.882109
0.880062
0.87807
0.876139
0.874293
0.872536
0.870898
0.86939
0.868038
0.86687
0.865915
0.865197
0.864756
0.864622
0.864841
0.865439
0.866467
0.867959
0.869954
0.872486
0.875592
0.879291
0.883606
0.888543
0.894093
0.900238
0.906949
0.914173
0.921844
0.929875
0.938155
0.946525
0.95477
0.962583
0.969558
0.975157
0.978671
0.979088
0.972094
0.949779
0.924967
0.897171
0.864665
0.825314
0.776371
0.714238
0.634457
0.532009
0.40295
0.248052
0.021974
0.298398
0.640503
0.826058
0.909676
0.946741
0.964118
0.973103
0.978381
0.981957
0.984675
0.986893
0.988751
0.990312
0.99161
0.992674
0.993537
0.994227
0.994767
0.995184
0.9955
0.995733
0.995899
0.99601
0.996078
0.99611
0.99611
0.996075
0.996001
0.995887
0.995733
0.995538
0.995302
0.995018
0.994687
0.994301
0.993854
0.993346
0.992768
0.99212
0.991393
0.990591
0.989705
0.988741
0.987695
0.986572
0.985374
0.984103
0.982764
0.981363
0.979904
0.978394
0.976838
0.975242
0.973613
0.971958
0.97028
0.968582
0.966874
0.965156
0.963434
0.96171
0.959992
0.958279
0.956569
0.954874
0.953188
0.951513
0.949853
0.948207
0.946575
0.944955
0.943354
0.941765
0.940194
0.938635
0.937094
0.935565
0.934047
0.932548
0.931061
0.929588
0.928133
0.926687
0.925256
0.923843
0.922446
0.921069
0.91972
0.918402
0.917118
0.915875
0.914684
0.91355
0.912482
0.911491
0.910594
0.909803
0.909131
0.908602
0.908226
0.908026
0.908028
0.908251
0.908718
0.909458
0.910489
0.911836
0.913521
0.915568
0.917982
0.920782
0.923967
0.927537
0.931478
0.935761
0.940358
0.945218
0.950277
0.95545
0.960631
0.965692
0.970453
0.974695
0.978132
0.980408
0.981037
0.979319
0.97368
0.957976
0.938822
0.917504
0.892769
0.86276
0.824639
0.773955
0.704143
0.60583
0.467781
0.28178
0.0709735
0.488965
0.788008
0.90657
0.950201
0.967541
0.975543
0.980014
0.983079
0.985555
0.98774
0.989683
0.991369
0.992795
0.993959
0.994889
0.995614
0.996163
0.996571
0.996862
0.997062
0.997193
0.997276
0.997323
0.997344
0.99735
0.997343
0.997325
0.997279
0.997209
0.997114
0.996991
0.996842
0.996663
0.996452
0.996207
0.995925
0.9956
0.99523
0.994814
0.994346
0.993821
0.993238
0.992597
0.991894
0.991128
0.990301
0.989411
0.988466
0.987463
0.986407
0.985302
0.984153
0.982965
0.98174
0.980488
0.979211
0.977913
0.976599
0.975276
0.97395
0.972618
0.97129
0.969966
0.96865
0.967347
0.966053
0.964775
0.963517
0.962271
0.961044
0.959835
0.958647
0.957479
0.956327
0.955198
0.954083
0.952991
0.951918
0.950861
0.949822
0.948806
0.947808
0.946828
0.945859
0.944909
0.943981
0.943075
0.942191
0.941334
0.940512
0.939725
0.938978
0.938278
0.937632
0.937049
0.936537
0.936109
0.935769
0.93553
0.935411
0.935416
0.935568
0.93588
0.936363
0.937037
0.93791
0.939006
0.940331
0.941893
0.943707
0.945767
0.948075
0.950624
0.953398
0.95637
0.959511
0.962775
0.966107
0.969434
0.972667
0.975697
0.978383
0.980555
0.982
0.982444
0.981522
0.978732
0.973365
0.962325
0.946657
0.929191
0.909139
0.885146
0.854896
0.814022
0.755034
0.664803
0.523201
0.307753
0.160426
0.666576
0.885133
0.948111
0.968139
0.976143
0.980317
0.983138
0.985489
0.987688
0.989789
0.991702
0.993336
0.994666
0.995707
0.996497
0.997069
0.997462
0.997708
0.997845
0.997901
0.997902
0.997872
0.99783
0.997786
0.997751
0.997725
0.997713
0.997689
0.997656
0.99761
0.997549
0.997471
0.997375
0.997259
0.997116
0.996947
0.996749
0.996518
0.996254
0.995951
0.995606
0.99522
0.994789
0.994313
0.993787
0.993212
0.992588
0.991919
0.991201
0.990437
0.989634
0.98879
0.987908
0.986996
0.986056
0.985089
0.984105
0.983107
0.982095
0.981077
0.980055
0.979034
0.978014
0.977004
0.976003
0.97501
0.974034
0.97307
0.972124
0.971194
0.970285
0.969389
0.968517
0.967663
0.966826
0.966008
0.965208
0.964429
0.963672
0.962927
0.962204
0.961504
0.960812
0.960139
0.959483
0.958844
0.958224
0.957627
0.957053
0.956503
0.955983
0.9555
0.955049
0.954645
0.954283
0.95398
0.953736
0.953558
0.953458
0.95344
0.95352
0.953702
0.953997
0.954416
0.954968
0.955663
0.956508
0.957508
0.958676
0.960003
0.961495
0.963147
0.964949
0.966883
0.968926
0.97105
0.97322
0.975382
0.977477
0.979429
0.981142
0.982505
0.98338
0.983589
0.982915
0.981078
0.9777
0.972305
0.963975
0.951094
0.936128
0.918992
0.898719
0.87368
0.840125
0.790869
0.710588
0.570316
0.329091
0.28689
0.803339
0.93717
0.966152
0.975497
0.979879
0.98266
0.984917
0.98707
0.989267
0.991434
0.993361
0.994935
0.996148
0.99704
0.997662
0.998055
0.998261
0.998316
0.998261
0.998134
0.997967
0.997794
0.997632
0.9975
0.997405
0.997352
0.997338
0.997335
0.997338
0.997344
0.997349
0.997348
0.997338
0.997314
0.997274
0.997211
0.997126
0.997016
0.996874
0.996705
0.9965
0.996261
0.995985
0.99567
0.995319
0.994927
0.994495
0.994023
0.993514
0.992966
0.992381
0.991763
0.991115
0.990436
0.989732
0.989006
0.988262
0.987502
0.986733
0.985957
0.985172
0.98439
0.983608
0.982828
0.982058
0.981297
0.980548
0.979808
0.979083
0.978375
0.977684
0.977004
0.976346
0.975701
0.975073
0.974465
0.973871
0.973297
0.972739
0.972194
0.971672
0.971163
0.970671
0.970189
0.969723
0.969271
0.968833
0.968414
0.968018
0.967637
0.967282
0.966955
0.966652
0.966382
0.966151
0.965958
0.965813
0.965715
0.965677
0.965696
0.965789
0.96595
0.966196
0.96653
0.966955
0.967482
0.96811
0.968848
0.969693
0.970651
0.97171
0.97287
0.97412
0.975444
0.97682
0.978223
0.979618
0.980958
0.982197
0.983261
0.984076
0.984542
0.984543
0.983931
0.982529
0.980108
0.97639
0.971035
0.963675
0.95342
0.940218
0.925041
0.907128
0.885398
0.856805
0.815216
0.74487
0.609518
0.34756
0.440195
0.887325
0.959388
0.973371
0.978812
0.981851
0.984088
0.986132
0.988274
0.99057
0.992844
0.994777
0.996252
0.997313
0.998031
0.998465
0.998654
0.998636
0.998455
0.998159
0.997797
0.997416
0.997053
0.996737
0.996489
0.996319
0.996227
0.99621
0.996226
0.996273
0.996342
0.996424
0.996513
0.996606
0.996692
0.996765
0.996822
0.996858
0.996868
0.996854
0.996808
0.996733
0.996625
0.996483
0.996306
0.996095
0.995847
0.995566
0.99525
0.994899
0.994515
0.9941
0.993655
0.993183
0.992683
0.992163
0.991619
0.991061
0.990486
0.989901
0.98931
0.988713
0.988111
0.98751
0.986914
0.98632
0.985735
0.985158
0.984589
0.984035
0.983492
0.98296
0.982444
0.981937
0.981448
0.980973
0.980513
0.980067
0.979635
0.979218
0.978813
0.978425
0.978051
0.97769
0.977336
0.976995
0.976668
0.976353
0.976052
0.975763
0.975495
0.975239
0.975009
0.974796
0.97461
0.974451
0.974322
0.974222
0.974165
0.974144
0.974173
0.974247
0.974375
0.97456
0.974809
0.97512
0.975504
0.975955
0.976479
0.977073
0.977741
0.97847
0.979259
0.980096
0.980966
0.981846
0.98272
0.983548
0.984294
0.984909
0.985335
0.985506
0.985331
0.984709
0.983521
0.981613
0.978804
0.974872
0.969572
0.962634
0.953808
0.942447
0.928687
0.91237
0.892791
0.867402
0.831295
0.7696
0.641188
0.36422
0.59994
0.926077
0.967173
0.976692
0.980677
0.983105
0.985074
0.987048
0.98925
0.991694
0.994091
0.995987
0.99732
0.998203
0.998736
0.998963
0.998915
0.998624
0.998145
0.997541
0.996876
0.996216
0.995611
0.9951
0.994707
0.994441
0.994305
0.994282
0.994325
0.994427
0.994574
0.994756
0.99496
0.995176
0.995394
0.995607
0.995804
0.99598
0.996132
0.996256
0.996349
0.996408
0.996432
0.99642
0.996375
0.996296
0.99618
0.996029
0.995845
0.995629
0.995379
0.9951
0.994794
0.99446
0.994105
0.993729
0.99333
0.992918
0.99249
0.992049
0.991603
0.991149
0.990692
0.990233
0.989775
0.98932
0.98887
0.988427
0.987989
0.987562
0.98714
0.986734
0.986335
0.98595
0.985574
0.985209
0.984859
0.984517
0.98419
0.983871
0.983566
0.983273
0.982989
0.98272
0.982455
0.982202
0.981958
0.981722
0.981496
0.981285
0.981084
0.980896
0.980722
0.980568
0.98043
0.980312
0.980214
0.980142
0.980098
0.980079
0.980096
0.980145
0.980231
0.98036
0.98053
0.980744
0.981004
0.981308
0.981661
0.982058
0.982495
0.982968
0.983469
0.983989
0.984512
0.985018
0.985486
0.985884
0.98618
0.986326
0.986275
0.985959
0.985305
0.984223
0.982611
0.980335
0.977252
0.97318
0.96793
0.961287
0.953039
0.942973
0.930691
0.915537
0.897429
0.874111
0.841684
0.786778
0.665892
0.379739
0.716163
0.946724
0.972126
0.9787
0.981885
0.983974
0.985792
0.987757
0.990057
0.992681
0.995192
0.997008
0.998162
0.998858
0.999198
0.9992
0.998868
0.998237
0.997374
0.996372
0.995319
0.994302
0.993391
0.992636
0.992064
0.991689
0.991504
0.991477
0.991559
0.991734
0.991986
0.992296
0.992647
0.993021
0.993406
0.993788
0.994155
0.994501
0.994822
0.995106
0.995357
0.995569
0.99574
0.995871
0.995961
0.996012
0.996025
0.996001
0.99594
0.995846
0.995718
0.99556
0.995376
0.995163
0.994925
0.994665
0.994387
0.994093
0.993782
0.993461
0.99313
0.992791
0.992447
0.992101
0.991754
0.991407
0.991064
0.990721
0.990387
0.990056
0.989735
0.989421
0.989113
0.988816
0.988524
0.988246
0.987974
0.987712
0.987459
0.987213
0.986977
0.986754
0.986534
0.986327
0.986128
0.985932
0.985743
0.985562
0.985392
0.985226
0.985073
0.984927
0.984792
0.98467
0.984557
0.984463
0.984383
0.984318
0.984271
0.984248
0.984246
0.984266
0.98431
0.984384
0.984481
0.984612
0.984766
0.984951
0.985162
0.985397
0.985652
0.985921
0.986192
0.986461
0.98671
0.986919
0.98707
0.98713
0.98707
0.986852
0.986426
0.985735
0.98471
0.983275
0.981338
0.978788
0.975501
0.971331
0.966118
0.959684
0.951838
0.942366
0.930984
0.917244
0.900202
0.87829
0.848257
0.798224
0.6844
0.394562
0.808568
0.958195
0.975351
0.980295
0.982779
0.984586
0.986316
0.988303
0.990727
0.993543
0.996169
0.997852
0.998803
0.999316
0.999466
0.999209
0.998522
0.997451
0.996092
0.994575
0.993028
0.991567
0.990281
0.989232
0.988452
0.987954
0.987726
0.987704
0.987843
0.988122
0.988513
0.988991
0.98953
0.990105
0.990698
0.991291
0.99187
0.992425
0.992943
0.99342
0.993852
0.994238
0.994576
0.994862
0.995103
0.995296
0.995443
0.995548
0.995611
0.995636
0.995625
0.99558
0.995504
0.995399
0.995268
0.995113
0.994938
0.994743
0.994535
0.994311
0.994076
0.993833
0.993582
0.993326
0.99307
0.99281
0.99255
0.992292
0.992036
0.991785
0.991538
0.991296
0.991059
0.990828
0.990604
0.990387
0.990178
0.989973
0.989775
0.989584
0.989401
0.989226
0.989054
0.988892
0.988733
0.988581
0.98843
0.988288
0.988151
0.988018
0.987892
0.987773
0.987661
0.987555
0.98746
0.987375
0.987299
0.987235
0.987183
0.987143
0.987117
0.987107
0.987113
0.987134
0.98717
0.987223
0.987288
0.98737
0.987463
0.987563
0.987665
0.987764
0.987851
0.987913
0.987935
0.987904
0.987797
0.987589
0.987245
0.986731
0.986004
0.985011
0.983689
0.981974
0.979783
0.977017
0.973575
0.96933
0.964142
0.957858
0.9503
0.941254
0.930426
0.917364
0.901298
0.880729
0.852256
0.80544
0.697591
0.409013
0.870448
0.965225
0.97756
0.981437
0.98351
0.985055
0.986689
0.988712
0.991267
0.994287
0.99702
0.998527
0.999266
0.999618
0.999573
0.999002
0.997857
0.996212
0.994217
0.99205
0.989891
0.987887
0.986152
0.984761
0.983749
0.983125
0.982867
0.982867
0.983095
0.983517
0.984096
0.984792
0.985572
0.986402
0.987255
0.988109
0.988944
0.989744
0.9905
0.991203
0.99185
0.992435
0.99296
0.993423
0.993828
0.994174
0.994469
0.99471
0.9949
0.995048
0.995153
0.995221
0.995249
0.995247
0.995215
0.995157
0.995075
0.994971
0.994851
0.994712
0.994562
0.994399
0.994228
0.994051
0.993865
0.99368
0.993489
0.993298
0.993108
0.992919
0.992732
0.992548
0.992368
0.992189
0.992017
0.991847
0.991682
0.991522
0.991367
0.991218
0.991071
0.990928
0.990794
0.990661
0.990533
0.990408
0.990287
0.990167
0.990053
0.98994
0.989832
0.98973
0.989629
0.989532
0.989444
0.98936
0.98928
0.98921
0.989145
0.989085
0.989035
0.988994
0.988958
0.988932
0.988912
0.988897
0.988884
0.988877
0.988865
0.98885
0.988824
0.98878
0.988706
0.988598
0.988435
0.988203
0.987879
0.987444
0.986865
0.986107
0.985129
0.983891
0.982329
0.980385
0.97799
0.975053
0.971485
0.967176
0.962005
0.955829
0.948482
0.939747
0.929332
0.916786
0.901342
0.881551
0.854161
0.809276
0.706242
0.423322
0.89924
0.971879
0.979129
0.982255
0.984023
0.985451
0.986959
0.988996
0.991684
0.994916
0.997759
0.999048
0.999582
0.999805
0.999548
0.998576
0.996836
0.994451
0.99165
0.988682
0.985781
0.983134
0.980881
0.979109
0.977852
0.977112
0.976853
0.976905
0.977264
0.97788
0.978702
0.979679
0.980761
0.981906
0.983077
0.984245
0.985383
0.986474
0.987508
0.988471
0.989362
0.990176
0.990912
0.991573
0.99216
0.992676
0.993126
0.993514
0.993842
0.994117
0.994341
0.99452
0.994657
0.994756
0.99482
0.994851
0.994858
0.994839
0.994799
0.994739
0.994661
0.994571
0.994469
0.994359
0.994238
0.994113
0.993982
0.993849
0.993712
0.993575
0.993437
0.993299
0.993161
0.993027
0.992895
0.992761
0.992634
0.992506
0.992384
0.992261
0.992144
0.992027
0.991916
0.991806
0.991701
0.991593
0.991489
0.991387
0.991285
0.991185
0.991085
0.990988
0.990893
0.990801
0.99071
0.990621
0.990534
0.99045
0.99037
0.990291
0.990214
0.990141
0.990066
0.989993
0.989918
0.989842
0.98976
0.98967
0.98957
0.989453
0.989314
0.989143
0.988936
0.988677
0.988354
0.98795
0.987447
0.986818
0.986038
0.985074
0.98389
0.982441
0.980678
0.978549
0.975983
0.972904
0.969235
0.964874
0.959712
0.953614
0.946422
0.93792
0.927817
0.915665
0.900706
0.88153
0.854982
0.811557
0.711966
0.433751
0.917411
0.974281
0.980265
0.982828
0.984364
0.985694
0.987199
0.989162
0.99198
0.995427
0.998385
0.999428
0.999784
0.99991
0.999405
0.997909
0.995394
0.992075
0.988281
0.984349
0.980573
0.977187
0.974354
0.972169
0.970666
0.969836
0.96962
0.969771
0.97032
0.9712
0.972341
0.97367
0.975124
0.97665
0.9782
0.979736
0.981229
0.982658
0.984006
0.985263
0.986427
0.987495
0.988465
0.989341
0.990126
0.990826
0.991445
0.991986
0.992459
0.992867
0.993215
0.993509
0.993754
0.993954
0.994113
0.994236
0.994326
0.994387
0.994423
0.994437
0.994429
0.994404
0.994365
0.994313
0.99425
0.994177
0.994097
0.994011
0.993922
0.993826
0.993728
0.993631
0.99353
0.993429
0.993327
0.993226
0.993123
0.993023
0.992922
0.992822
0.992724
0.992629
0.992534
0.99244
0.992346
0.992252
0.992157
0.992064
0.991968
0.991875
0.991779
0.991683
0.991586
0.991492
0.991394
0.991298
0.9912
0.9911
0.991001
0.990897
0.990794
0.990687
0.990574
0.990456
0.990332
0.990198
0.990051
0.989888
0.989705
0.989496
0.989256
0.988977
0.988649
0.988259
0.987793
0.98724
0.986577
0.985783
0.98483
0.98369
0.982328
0.980703
0.978774
0.976484
0.973774
0.970582
0.966829
0.962422
0.957263
0.951222
0.944146
0.935822
0.925962
0.914119
0.899545
0.880855
0.854975
0.812667
0.715634
0.441086
0.930067
0.976102
0.981174
0.983196
0.984533
0.985796
0.987319
0.989301
0.992152
0.995814
0.998903
0.99969
0.9999
0.999964
0.999146
0.996963
0.993458
0.988985
0.984
0.978938
0.97416
0.969943
0.966477
0.963864
0.962136
0.96126
0.961042
0.961362
0.962194
0.963439
0.964999
0.966779
0.968698
0.970684
0.972682
0.974647
0.976544
0.978351
0.980051
0.981635
0.983097
0.984438
0.98566
0.986766
0.987762
0.988655
0.98945
0.990157
0.990778
0.991323
0.9918
0.992212
0.992565
0.992866
0.99312
0.993331
0.993504
0.993643
0.993753
0.993834
0.993891
0.993928
0.993947
0.993948
0.993935
0.993913
0.993877
0.993834
0.993784
0.993727
0.993664
0.993596
0.993526
0.993452
0.993376
0.993298
0.993219
0.993137
0.993055
0.992973
0.992888
0.992803
0.992719
0.992636
0.99255
0.992461
0.992374
0.992282
0.992191
0.992096
0.991999
0.991901
0.991799
0.991696
0.99159
0.991481
0.991366
0.991249
0.991127
0.991
0.990868
0.990725
0.990576
0.990416
0.99024
0.990051
0.989842
0.989612
0.989354
0.989062
0.988729
0.988351
0.987914
0.987405
0.98682
0.986133
0.98533
0.984389
0.983286
0.981992
0.980477
0.978701
0.976627
0.974205
0.971378
0.968087
0.964262
0.959818
0.954657
0.948662
0.941672
0.933488
0.923822
0.912226
0.897964
0.879672
0.854326
0.812889
0.717762
0.446031
0.939251
0.977409
0.981693
0.983391
0.984556
0.985745
0.987298
0.989401
0.992225
0.996077
0.999321
0.999854
0.999961
0.999988
0.99876
0.995691
0.990952
0.985089
0.978709
0.972352
0.966449
0.961319
0.957178
0.95414
0.952227
0.951379
0.951207
0.951792
0.953009
0.954726
0.956809
0.959137
0.961606
0.96413
0.96664
0.969087
0.971434
0.973652
0.97573
0.977662
0.979441
0.98107
0.982553
0.983898
0.985112
0.986203
0.98718
0.988052
0.988826
0.989511
0.990113
0.990644
0.991108
0.99151
0.991858
0.992159
0.99241
0.992625
0.992804
0.99295
0.993071
0.993163
0.993236
0.993289
0.993323
0.993343
0.993349
0.993343
0.993328
0.993302
0.993271
0.993229
0.993185
0.993132
0.993078
0.993018
0.992954
0.992888
0.992819
0.992748
0.992673
0.992598
0.99252
0.992439
0.992356
0.992272
0.992183
0.992093
0.991999
0.991901
0.991798
0.991691
0.991582
0.991468
0.991349
0.991223
0.991092
0.990955
0.990809
0.990656
0.990492
0.990317
0.990128
0.989924
0.989703
0.989459
0.989193
0.988897
0.988569
0.9882
0.987784
0.987314
0.986777
0.986167
0.985466
0.984661
0.983734
0.982664
0.98143
0.980005
0.978357
0.976453
0.974254
0.971717
0.968787
0.965415
0.961531
0.957053
0.951891
0.945927
0.939011
0.93094
0.921431
0.910041
0.896042
0.878078
0.853179
0.81243
0.718708
0.449116
0.946073
0.978328
0.981962
0.98342
0.984419
0.985542
0.987123
0.989353
0.992291
0.996206
0.99964
0.999945
0.999989
0.999997
0.998233
0.994036
0.987797
0.980301
0.972328
0.964525
0.957383
0.951264
0.946416
0.942968
0.940933
0.940215
0.940258
0.941231
0.942967
0.945277
0.947996
0.950969
0.954067
0.95719
0.960259
0.963225
0.966043
0.968696
0.971164
0.97345
0.97555
0.97747
0.979217
0.9808
0.982231
0.983521
0.984676
0.985711
0.986635
0.987459
0.988189
0.988834
0.989404
0.989906
0.990345
0.990726
0.991061
0.991346
0.991594
0.991802
0.991981
0.992127
0.992249
0.992347
0.992426
0.992484
0.992528
0.992555
0.99257
0.992573
0.992566
0.992548
0.992525
0.99249
0.992451
0.992407
0.992356
0.9923
0.99224
0.992174
0.992108
0.992034
0.991958
0.99188
0.991797
0.991712
0.99162
0.991525
0.991425
0.991319
0.991208
0.991092
0.990968
0.990841
0.990706
0.990563
0.990413
0.990252
0.990082
0.989898
0.989703
0.989495
0.989266
0.989021
0.988754
0.98846
0.988136
0.987781
0.987384
0.986942
0.98645
0.985895
0.98527
0.984561
0.983759
0.982848
0.981811
0.98063
0.979279
0.977736
0.975972
0.973956
0.971652
0.969015
0.966004
0.962563
0.958626
0.954122
0.94896
0.943025
0.936169
0.928193
0.918817
0.907602
0.893826
0.876153
0.851628
0.811431
0.718742
0.450754
0.951204
0.978956
0.982045
0.983275
0.984128
0.985171
0.986782
0.989152
0.99232
0.996231
0.99986
0.999986
0.999997
0.999999
0.997545
0.991948
0.983924
0.974557
0.96481
0.955423
0.946938
0.939753
0.934163
0.930337
0.928282
0.927718
0.928145
0.929715
0.932177
0.935277
0.938789
0.942525
0.946337
0.950113
0.953776
0.957274
0.960571
0.963651
0.966504
0.969132
0.97154
0.973738
0.975735
0.977546
0.97918
0.980658
0.981985
0.983175
0.98424
0.985192
0.986043
0.986802
0.987472
0.988069
0.988595
0.989057
0.989464
0.989821
0.990129
0.990398
0.990628
0.990825
0.990993
0.991135
0.99125
0.991346
0.991419
0.991476
0.991519
0.991545
0.991559
0.991561
0.991555
0.991537
0.991509
0.991475
0.991433
0.991383
0.991327
0.991267
0.991202
0.99113
0.991052
0.99097
0.990883
0.990794
0.990695
0.990592
0.990482
0.990368
0.990246
0.990115
0.989979
0.989834
0.98968
0.989518
0.989344
0.989159
0.988961
0.988749
0.988522
0.988278
0.988013
0.987726
0.98741
0.987066
0.98669
0.986275
0.985817
0.985306
0.984741
0.984107
0.983399
0.982605
0.981713
0.980704
0.979569
0.978285
0.976832
0.975188
0.973324
0.971211
0.968815
0.966099
0.963017
0.959515
0.955542
0.951017
0.945858
0.939945
0.933147
0.925259
0.915999
0.904939
0.891363
0.873945
0.849753
0.81001
0.71807
0.451258
0.955078
0.979332
0.981947
0.982928
0.983676
0.98463
0.986258
0.988776
0.992194
0.996253
0.99998
0.999999
1
1
0.996671
0.989372
0.979276
0.967819
0.956142
0.945057
0.935128
0.926791
0.920414
0.916253
0.914325
0.913673
0.914781
0.917291
0.920811
0.924977
0.929493
0.934131
0.938737
0.943205
0.947468
0.951486
0.955234
0.958712
0.961913
0.964852
0.967537
0.969985
0.972205
0.974217
0.976034
0.977678
0.979158
0.980489
0.981683
0.982754
0.983713
0.98457
0.985334
0.986016
0.986621
0.987157
0.987631
0.98805
0.988417
0.988739
0.989019
0.989261
0.989469
0.989649
0.989799
0.989923
0.990026
0.99011
0.990174
0.99022
0.990253
0.990269
0.990275
0.990269
0.990249
0.990223
0.990186
0.99014
0.990085
0.990026
0.989958
0.989882
0.989801
0.989715
0.989621
0.989522
0.989416
0.989301
0.989178
0.989051
0.988912
0.988767
0.988614
0.988449
0.988276
0.988089
0.987892
0.98768
0.987456
0.987214
0.986953
0.986673
0.986369
0.986038
0.985678
0.985287
0.984859
0.984388
0.983869
0.983297
0.982661
0.981958
0.981174
0.980299
0.979323
0.97823
0.977008
0.975634
0.974089
0.972358
0.970407
0.968212
0.96574
0.962957
0.959816
0.956271
0.952267
0.947725
0.942571
0.93669
0.929943
0.92213
0.912984
0.902071
0.888683
0.871501
0.847612
0.808245
0.716841
0.450863
0.957966
0.979515
0.981708
0.982453
0.983055
0.983896
0.985534
0.988209
0.991909
0.996273
1
0.999999
0.999998
0.999999
0.99559
0.986267
0.973815
0.960081
0.946363
0.933502
0.922039
0.912421
0.905149
0.900703
0.899116
0.899039
0.901151
0.904903
0.909731
0.915141
0.920763
0.926348
0.931746
0.936867
0.941676
0.946146
0.950283
0.954089
0.957577
0.960767
0.963674
0.966321
0.968722
0.970898
0.972866
0.974647
0.976252
0.977697
0.979
0.980173
0.981221
0.982164
0.983008
0.983763
0.984435
0.985035
0.985568
0.986041
0.986461
0.986828
0.987151
0.987431
0.987676
0.987888
0.988065
0.988219
0.988344
0.988448
0.98853
0.988592
0.988636
0.988663
0.988679
0.988679
0.988666
0.988641
0.988604
0.988561
0.988503
0.98844
0.988366
0.988287
0.988198
0.988102
0.987998
0.987888
0.987767
0.987639
0.987503
0.987359
0.987205
0.98704
0.986867
0.986682
0.986484
0.986275
0.98605
0.985813
0.985558
0.985283
0.984991
0.984672
0.984329
0.98396
0.983555
0.983116
0.982639
0.982112
0.981539
0.980906
0.980207
0.979437
0.978582
0.977637
0.976585
0.975416
0.974114
0.972662
0.971042
0.969232
0.967208
0.964945
0.962408
0.959569
0.956384
0.952803
0.948778
0.944234
0.93909
0.93324
0.926542
0.918814
0.909776
0.899008
0.885804
0.868854
0.84524
0.806207
0.715166
0.449757
0.960068
0.979538
0.981347
0.981839
0.982255
0.98296
0.984589
0.987425
0.991447
0.996201
1
1
0.999998
0.999997
0.99429
0.982591
0.967521
0.951378
0.935577
0.920921
0.90784
0.896741
0.88832
0.88362
0.881722
0.882981
0.887119
0.893004
0.899708
0.906622
0.913396
0.919861
0.925923
0.931557
0.936766
0.941559
0.945957
0.949986
0.953665
0.957021
0.960079
0.962857
0.965381
0.967667
0.969744
0.97162
0.973315
0.974849
0.976231
0.977477
0.978599
0.979607
0.980513
0.981326
0.982055
0.982703
0.983283
0.983799
0.984259
0.984664
0.98502
0.985332
0.985605
0.985841
0.986045
0.986217
0.98636
0.986477
0.986574
0.986646
0.986701
0.986735
0.986753
0.986755
0.986744
0.986718
0.986679
0.98663
0.98657
0.986499
0.986417
0.986326
0.986227
0.986118
0.986002
0.985878
0.985741
0.985598
0.985444
0.985279
0.985106
0.984921
0.984725
0.984516
0.984294
0.984057
0.983808
0.983539
0.983251
0.982946
0.982616
0.982264
0.981881
0.98147
0.981022
0.980539
0.980011
0.979434
0.978807
0.978117
0.977361
0.976528
0.975611
0.974601
0.973483
0.972246
0.970875
0.969356
0.967671
0.965796
0.963709
0.961392
0.958806
0.955923
0.952703
0.9491
0.945062
0.940519
0.935393
0.929581
0.922945
0.915301
0.906374
0.895753
0.882736
0.866018
0.842676
0.803942
0.713123
0.448073
0.961508
0.979423
0.980868
0.981037
0.981184
0.981805
0.983407
0.986403
0.990784
0.996019
0.999997
0.999997
0.999998
0.999996
0.992755
0.978307
0.960393
0.941804
0.923991
0.90763
0.8929
0.880029
0.869844
0.864684
0.862989
0.86726
0.874993
0.88385
0.892602
0.900817
0.908411
0.915399
0.921811
0.927684
0.933061
0.937978
0.942471
0.946576
0.950323
0.953736
0.956848
0.959685
0.96226
0.964598
0.966721
0.968651
0.970398
0.971977
0.973406
0.974698
0.975864
0.976915
0.977862
0.978714
0.979479
0.980164
0.980777
0.981323
0.98181
0.982242
0.982622
0.982955
0.983249
0.983502
0.983718
0.983905
0.984059
0.984185
0.984288
0.984364
0.984421
0.984457
0.984474
0.984475
0.98446
0.98443
0.984383
0.984326
0.984256
0.984173
0.984082
0.983976
0.983862
0.983739
0.983606
0.983463
0.983308
0.983144
0.982971
0.982785
0.982587
0.982379
0.982157
0.981923
0.981675
0.981412
0.98113
0.980832
0.980513
0.980172
0.979809
0.979417
0.978997
0.978546
0.978055
0.977528
0.976953
0.976328
0.975649
0.974908
0.974099
0.97321
0.972237
0.971168
0.96999
0.968695
0.967265
0.965689
0.963944
0.962019
0.959885
0.957521
0.954897
0.951983
0.94874
0.945124
0.941081
0.936553
0.931456
0.925691
0.919123
0.911573
0.902772
0.892304
0.879487
0.863009
0.839944
0.801482
0.710778
0.445908
0.962356
0.979192
0.980293
0.980084
0.979871
0.980428
0.981963
0.985112
0.989887
0.99572
1
1
0.999998
1
0.990969
0.973376
0.952458
0.931532
0.911968
0.894224
0.878032
0.863159
0.849878
0.839608
0.843817
0.85812
0.871037
0.881018
0.890183
0.89864
0.906458
0.913391
0.919712
0.92547
0.930732
0.935545
0.939945
0.943965
0.947641
0.950997
0.954065
0.95686
0.959415
0.961734
0.963848
0.96577
0.96752
0.969107
0.970546
0.971853
0.973029
0.974097
0.97506
0.975929
0.97671
0.977412
0.97804
0.978604
0.979103
0.979548
0.97994
0.980285
0.980585
0.980845
0.98107
0.981258
0.981415
0.981544
0.981645
0.981721
0.981775
0.981806
0.981816
0.981809
0.981785
0.981742
0.981686
0.981616
0.981531
0.981434
0.981325
0.981202
0.98107
0.980926
0.980773
0.980608
0.980433
0.980245
0.980049
0.979838
0.979614
0.979381
0.979132
0.97887
0.978592
0.978297
0.977985
0.977653
0.977303
0.976928
0.976527
0.976098
0.97564
0.975147
0.974617
0.974043
0.973427
0.972756
0.97203
0.971241
0.970382
0.969443
0.96842
0.9673
0.966073
0.964725
0.963249
0.961624
0.959836
0.957867
0.955695
0.953297
0.950647
0.947715
0.944459
0.940841
0.93681
0.932306
0.927247
0.92154
0.915054
0.907608
0.898947
0.888662
0.876058
0.859829
0.837057
0.798849
0.708163
0.443316
0.962624
0.978887
0.979702
0.979112
0.978518
0.978833
0.980248
0.983522
0.988712
0.995292
0.999998
1
1
0.999998
0.988907
0.967736
0.943772
0.920856
0.900152
0.881859
0.865151
0.849334
0.833074
0.842713
0.851699
0.863497
0.874289
0.883359
0.891752
0.899521
0.906689
0.913115
0.919003
0.924398
0.929454
0.934254
0.938384
0.942169
0.945641
0.948825
0.951743
0.95442
0.956867
0.959101
0.961142
0.963008
0.964706
0.96625
0.967662
0.968942
0.970102
0.971153
0.972105
0.972965
0.973739
0.974437
0.975062
0.975621
0.97612
0.976563
0.97695
0.977292
0.977592
0.977846
0.978065
0.97825
0.978399
0.97852
0.978612
0.97868
0.97872
0.978741
0.978739
0.978715
0.978676
0.978619
0.978544
0.978455
0.978352
0.978235
0.978103
0.977961
0.977804
0.977638
0.97746
0.977269
0.977067
0.976855
0.976629
0.97639
0.976137
0.975874
0.975595
0.975302
0.974992
0.974666
0.97432
0.973955
0.973569
0.973158
0.972721
0.972254
0.971756
0.971225
0.970654
0.97004
0.969382
0.968669
0.967899
0.967066
0.966163
0.96518
0.96411
0.962947
0.961676
0.96029
0.958771
0.957108
0.955286
0.953285
0.951088
0.948668
0.946002
0.943059
0.939804
0.936199
0.932192
0.927727
0.92272
0.917092
0.910704
0.903394
0.894889
0.884802
0.872437
0.856493
0.834013
0.796055
0.70529
0.440313
0.96227
0.978524
0.979178
0.978225
0.977095
0.977003
0.978274
0.981602
0.987199
0.994716
0.999998
1
1
0.999999
0.986547
0.961301
0.934453
0.910311
0.889711
0.872787
0.858797
0.853805
0.855059
0.858656
0.865305
0.873578
0.881663
0.889106
0.896159
0.902772
0.908921
0.914544
0.919757
0.924602
0.92917
0.933493
0.937263
0.941009
0.944265
0.947179
0.949864
0.952332
0.9546
0.956683
0.958593
0.960342
0.961943
0.963403
0.964735
0.96595
0.96706
0.968064
0.968976
0.9698
0.970543
0.971211
0.971811
0.972346
0.972825
0.973246
0.973617
0.973942
0.97422
0.974461
0.974661
0.974827
0.974961
0.975062
0.975135
0.975182
0.975205
0.975203
0.97518
0.975137
0.975076
0.974995
0.974897
0.974783
0.974655
0.97451
0.974355
0.974184
0.974
0.973806
0.973596
0.973377
0.973145
0.972899
0.972641
0.972372
0.972089
0.97179
0.97148
0.971151
0.970807
0.970447
0.970065
0.969665
0.969242
0.968793
0.968318
0.967816
0.967278
0.966707
0.966098
0.965446
0.964743
0.963993
0.963182
0.962309
0.961366
0.960343
0.959238
0.958036
0.956731
0.955308
0.95376
0.95207
0.950222
0.9482
0.945986
0.943559
0.940888
0.937951
0.934711
0.931132
0.927162
0.922749
0.917823
0.912288
0.90603
0.898873
0.890572
0.880718
0.868625
0.852982
0.83082
0.793098
0.702148
0.436865
0.961568
0.977752
0.978739
0.977713
0.975767
0.974606
0.976114
0.979356
0.985258
0.993953
0.999998
0.999998
1
0.999998
0.983811
0.953937
0.92474
0.900864
0.882775
0.873103
0.868852
0.86861
0.870761
0.873989
0.879004
0.88487
0.890829
0.896617
0.902208
0.90753
0.912547
0.917235
0.921649
0.925812
0.929757
0.93347
0.936819
0.940105
0.942999
0.945966
0.94834
0.950534
0.952565
0.954436
0.956155
0.957737
0.959186
0.96052
0.961739
0.96285
0.963866
0.964787
0.965627
0.966386
0.96707
0.967685
0.968236
0.968727
0.96916
0.969543
0.969876
0.970166
0.970412
0.970619
0.970788
0.970922
0.971026
0.971097
0.971141
0.971157
0.97115
0.97112
0.971065
0.970993
0.970899
0.970788
0.970658
0.970512
0.970353
0.970177
0.969987
0.969782
0.969565
0.969335
0.969092
0.968836
0.968569
0.968287
0.967995
0.967688
0.967367
0.967032
0.966683
0.966319
0.965937
0.965537
0.965118
0.96468
0.964216
0.963729
0.963218
0.962673
0.962099
0.961488
0.960841
0.960148
0.959409
0.95862
0.957774
0.956863
0.955883
0.954829
0.95369
0.952459
0.951123
0.949675
0.948105
0.946394
0.944532
0.942503
0.940283
0.937856
0.935197
0.932278
0.92907
0.925534
0.921624
0.917294
0.912474
0.907074
0.900981
0.894025
0.885957
0.876377
0.864597
0.849294
0.827471
0.789968
0.69869
0.43287
0.960833
0.976158
0.978039
0.977382
0.97563
0.973204
0.974015
0.976841
0.982771
0.992935
1
0.999999
1
0.999997
0.980588
0.945437
0.915187
0.894389
0.886047
0.882339
0.881752
0.883207
0.884894
0.887878
0.891716
0.895973
0.900343
0.904683
0.908929
0.913027
0.916951
0.920695
0.92427
0.927679
0.930926
0.933989
0.936835
0.939589
0.942099
0.94464
0.946924
0.948897
0.950638
0.952248
0.953731
0.955098
0.95636
0.957519
0.958577
0.959553
0.960438
0.961245
0.961976
0.96264
0.963233
0.963769
0.964242
0.964666
0.965034
0.965355
0.965632
0.965865
0.966058
0.966215
0.966335
0.966424
0.966481
0.96651
0.966509
0.966485
0.966434
0.966364
0.966268
0.966154
0.96602
0.965869
0.965699
0.965512
0.965312
0.965094
0.964864
0.964619
0.96436
0.964089
0.963803
0.963505
0.963195
0.962874
0.962537
0.962188
0.961826
0.96145
0.961057
0.960651
0.960228
0.959786
0.959324
0.958844
0.958338
0.95781
0.957256
0.956672
0.956056
0.955408
0.95472
0.953988
0.953214
0.952388
0.951505
0.95056
0.949552
0.948464
0.947299
0.946042
0.944685
0.943218
0.941632
0.939913
0.938042
0.936013
0.933804
0.931394
0.92876
0.925882
0.922732
0.919269
0.915457
0.911249
0.906572
0.901354
0.895481
0.888776
0.881001
0.871753
0.860335
0.845414
0.823948
0.786635
0.69482
0.428123
0.960014
0.973672
0.97668
0.976813
0.975741
0.974194
0.972932
0.97432
0.979559
0.991589
1
1
1
1
0.97667
0.935506
0.907129
0.897467
0.894268
0.893766
0.894814
0.895807
0.897725
0.900255
0.903152
0.906232
0.909375
0.912513
0.915607
0.918631
0.92157
0.924414
0.927159
0.929799
0.932332
0.934744
0.937035
0.939236
0.94131
0.943368
0.945252
0.947139
0.948626
0.94994
0.951147
0.952261
0.953291
0.954235
0.955104
0.955894
0.956619
0.957276
0.957866
0.958401
0.958877
0.959297
0.95967
0.959994
0.960271
0.960507
0.960702
0.960859
0.960977
0.961064
0.961119
0.961142
0.961135
0.961101
0.961043
0.960961
0.960855
0.960727
0.960578
0.960411
0.960222
0.960019
0.959796
0.95956
0.959307
0.959039
0.958759
0.958462
0.958154
0.957831
0.957495
0.957148
0.956786
0.956414
0.956028
0.955628
0.955218
0.954791
0.954351
0.953896
0.953423
0.952932
0.952425
0.951896
0.951346
0.95077
0.950171
0.949542
0.948883
0.948193
0.947461
0.946692
0.945878
0.945015
0.944095
0.943121
0.94208
0.940965
0.939773
0.938496
0.937122
0.935642
0.93405
0.93233
0.930468
0.928455
0.926272
0.923903
0.921331
0.918525
0.91547
0.912131
0.908468
0.904436
0.899979
0.895015
0.889431
0.883059
0.875654
0.866807
0.855814
0.841319
0.820227
0.783042
0.690365
0.422291
0.959011
0.970224
0.974125
0.975287
0.975171
0.974494
0.973912
0.972723
0.975354
0.989748
1
1
0.999999
1
0.971688
0.923777
0.907113
0.904516
0.904375
0.905152
0.90589
0.907253
0.908992
0.910951
0.913031
0.91517
0.917328
0.919481
0.921618
0.923721
0.925786
0.927805
0.92977
0.931677
0.933525
0.935303
0.937014
0.938666
0.940254
0.941804
0.943259
0.944729
0.946195
0.947173
0.948069
0.948893
0.949653
0.950348
0.950982
0.951557
0.952078
0.952546
0.952967
0.953334
0.953658
0.953938
0.954173
0.954368
0.954525
0.954646
0.954732
0.954784
0.954807
0.954797
0.954761
0.954697
0.954606
0.954492
0.954353
0.954192
0.954013
0.953811
0.95359
0.953352
0.953096
0.952823
0.952535
0.952231
0.951913
0.951579
0.951232
0.950874
0.950502
0.950115
0.949716
0.949306
0.948883
0.948446
0.948
0.94754
0.947069
0.946582
0.946082
0.945566
0.945035
0.944487
0.943922
0.943337
0.942732
0.942102
0.941446
0.940766
0.940055
0.939314
0.938535
0.937719
0.936859
0.935953
0.934996
0.933984
0.932911
0.93177
0.930555
0.929259
0.927876
0.926399
0.924814
0.923113
0.921289
0.919325
0.917213
0.914937
0.912474
0.909816
0.906931
0.9038
0.900378
0.896631
0.892496
0.887896
0.882709
0.876779
0.869845
0.861494
0.851002
0.836986
0.816268
0.77908
0.68495
0.414767
0.957593
0.965618
0.96971
0.971739
0.972603
0.972791
0.972599
0.972209
0.970086
0.987094
0.999999
1
1
1
0.964831
0.913926
0.91279
0.913153
0.91373
0.91443
0.915479
0.916699
0.917994
0.919323
0.920664
0.922011
0.923357
0.924699
0.92603
0.927351
0.928655
0.929936
0.931195
0.932426
0.933628
0.934792
0.935927
0.937028
0.938092
0.939126
0.940122
0.941139
0.942386
0.943082
0.943646
0.94415
0.944603
0.94501
0.945374
0.945694
0.945977
0.946216
0.946415
0.946579
0.946712
0.946804
0.946866
0.946898
0.946896
0.946865
0.946808
0.946724
0.946613
0.946477
0.946315
0.946133
0.945928
0.945703
0.945457
0.945191
0.944909
0.944607
0.944288
0.943954
0.943603
0.943239
0.942859
0.942466
0.942057
0.941638
0.941204
0.940756
0.940299
0.939827
0.939344
0.938849
0.938341
0.937824
0.937292
0.93675
0.936196
0.935627
0.935045
0.934449
0.933838
0.933212
0.932567
0.931904
0.93122
0.930517
0.929789
0.929038
0.928257
0.92745
0.926608
0.925735
0.924822
0.923869
0.922872
0.921829
0.920733
0.919579
0.918365
0.917085
0.915734
0.914305
0.912794
0.911189
0.909484
0.907669
0.90574
0.903676
0.901466
0.8991
0.896543
0.893784
0.890774
0.887484
0.883842
0.879771
0.875151
0.869817
0.863495
0.855757
0.845862
0.83237
0.811991
0.774502
0.677582
0.403165
0.954603
0.959294
0.962376
0.964428
0.965787
0.966644
0.967078
0.966888
0.966617
0.981918
1
1
0.999998
1
0.953096
0.917198
0.917637
0.918056
0.918658
0.919351
0.920063
0.920764
0.921453
0.922135
0.922807
0.923478
0.924145
0.924807
0.925465
0.926113
0.926756
0.927385
0.928
0.928606
0.929192
0.92976
0.930316
0.930851
0.931368
0.931871
0.932371
0.932901
0.933656
0.934002
0.934192
0.934327
0.934429
0.93449
0.934523
0.934529
0.934505
0.934451
0.934374
0.934269
0.934139
0.933982
0.933806
0.933604
0.933378
0.933132
0.932866
0.932575
0.932269
0.931938
0.931593
0.931227
0.930844
0.930445
0.930028
0.929595
0.929148
0.928685
0.928208
0.927714
0.927208
0.926689
0.926157
0.92561
0.925053
0.924481
0.923897
0.923303
0.922696
0.922075
0.921442
0.920798
0.920147
0.91949
0.918825
0.918157
0.91748
0.916797
0.916107
0.915408
0.914699
0.913983
0.913258
0.912523
0.911777
0.911021
0.910254
0.909474
0.90868
0.907872
0.90705
0.90621
0.905352
0.904477
0.903579
0.90266
0.901713
0.900741
0.899739
0.898702
0.897628
0.896512
0.895351
0.894136
0.89286
0.891515
0.890092
0.888578
0.886961
0.88522
0.883334
0.881274
0.879003
0.87647
0.87361
0.870343
0.866538
0.862019
0.8565
0.849537
0.840351
0.827434
0.807292
0.768906
0.665922
0.373225
)
;

boundaryField
{
    walls
    {
        type            zeroGradient;
    }
    top
    {
        type            zeroGradient;
    }
    bottom
    {
        type            zeroGradient;
    }
    frontAndBack
    {
        type            empty;
    }
    inlet
    {
        type            uniformFixedValue;
        uniformValue    
        {
            type            constant;
            value           1;
        }
        value           uniform 1;
    }
    outlet
    {
        type            zeroGradient;
    }
}


// ************************************************************************* //
