/*--------------------------------*- C++ -*----------------------------------*\
  =========                 |
  \\      /  F ield         | OpenFOAM: The Open Source CFD Toolbox
   \\    /   O peration     | Website:  https://openfoam.org
    \\  /    A nd           | Version:  12
     \\/     M anipulation  |
\*---------------------------------------------------------------------------*/
FoamFile
{
    format      ascii;
    class       volScalarField;
    location    "35";
    object      T;
}
// * * * * * * * * * * * * * * * * * * * * * * * * * * * * * * * * * * * * * //

dimensions      [];

internalField   nonuniform List<scalar> 
4480
(
2.81068e-26
5.11043e-23
3.49152e-18
1.96696e-14
1.78839e-11
3.75724e-09
2.25126e-07
4.5903e-06
3.95567e-05
0.000184325
0.000564493
0.00129285
0.00240662
0.00384309
0.00545689
0.00705993
0.00846379
0.00951307
0.0101054
0.010199
0.00981116
0.00900877
0.00789545
0.00659555
0.00523742
0.00393746
0.00278679
0.00188013
0.001236
0.000789963
0.000489705
0.000293746
0.000170089
9.48446e-05
5.08098e-05
2.60899e-05
1.28118e-05
6.0037e-06
2.67929e-06
1.13655e-06
4.57484e-07
1.74465e-07
6.29513e-08
2.14669e-08
6.912e-09
2.09994e-09
6.017e-10
1.62563e-10
4.1412e-11
9.94921e-12
2.25528e-12
4.82654e-13
9.76024e-14
1.86692e-14
3.38189e-15
5.80983e-16
9.4802e-17
1.47184e-17
2.17822e-18
3.079e-19
4.16596e-20
5.40767e-21
6.75058e-22
8.12479e-23
9.45318e-24
1.06622e-24
1.16911e-25
1.24991e-26
1.30672e-27
1.33975e-28
1.35082e-29
1.34281e-30
1.31904e-31
1.28281e-32
1.23709e-33
1.18435e-34
1.12657e-35
1.0653e-36
1.00178e-37
9.37068e-39
8.72071e-40
8.07644e-41
7.44587e-42
5.308e-41
7.85542e-41
6.3584e-41
3.82592e-41
1.93116e-41
8.70227e-42
3.63408e-42
1.44167e-42
5.53015e-43
2.07877e-43
7.73818e-44
2.8771e-44
1.07611e-44
4.07364e-45
1.56898e-45
6.17685e-46
2.49571e-46
1.03865e-46
4.46697e-47
1.99112e-47
9.22334e-48
4.45093e-48
2.24267e-48
1.18234e-48
6.53507e-49
3.79398e-49
2.31769e-49
1.49235e-49
1.01454e-49
7.29398e-50
5.55472e-50
4.48836e-50
3.85487e-50
3.52626e-50
3.44452e-50
3.60746e-50
4.08598e-50
5.10584e-50
7.27082e-50
1.21198e-49
2.49286e-49
7.62134e-49
2.92213e-48
5.55949e-48
4.2873e-48
5.71808e-49
1.44018e-51
3.23138e-54
3.25541e-57
3.17069e-60
3.35279e-63
3.92148e-66
3.49624e-69
2.77612e-72
1.29887e-75
3.03305e-79
2.14573e-83
1.40123e-25
4.57375e-20
9.41368e-16
2.48467e-12
1.27611e-09
1.67273e-07
6.65199e-06
9.47914e-05
0.000606996
0.00224475
0.00576425
0.0115441
0.0194004
0.0286819
0.0384932
0.0479097
0.0561244
0.0625226
0.0667062
0.068486
0.0678607
0.0649914
0.0601766
0.053824
0.0464214
0.038499
0.0305872
0.0233713
0.0174426
0.0126949
0.00899489
0.00619336
0.00413612
0.00267384
0.00166982
0.0010053
0.000582248
0.00032375
0.000172473
8.78605e-05
4.27192e-05
1.97906e-05
8.72187e-06
3.65146e-06
1.45042e-06
5.46069e-07
1.94703e-07
6.57068e-08
2.09795e-08
6.33668e-09
1.81065e-09
4.8959e-10
1.25331e-10
3.0395e-11
6.98923e-12
1.52537e-12
3.16331e-13
6.24149e-14
1.17334e-14
2.10476e-15
3.60838e-16
5.92212e-17
9.3204e-18
1.40912e-18
2.05013e-19
2.87552e-20
3.8951e-21
5.10464e-22
6.48366e-23
7.99532e-24
9.58853e-25
1.12021e-25
1.277e-26
1.42276e-27
1.55169e-28
1.65919e-29
1.74209e-30
1.79882e-31
1.82939e-32
1.83516e-33
1.8186e-34
1.78297e-35
1.73192e-36
1.24648e-36
8.31559e-37
4.2579e-37
1.86075e-37
7.3511e-38
2.71532e-38
9.58472e-39
3.28327e-39
1.10412e-39
3.67835e-40
1.22308e-40
4.08455e-41
1.37743e-41
4.71296e-42
1.643e-42
5.85794e-43
2.14332e-43
8.07241e-44
3.13842e-44
1.26277e-44
5.27061e-45
2.28699e-45
1.0337e-45
4.87595e-46
2.40441e-46
1.24148e-46
6.72218e-47
3.82248e-47
2.28583e-47
1.43944e-47
9.55826e-48
6.70242e-48
4.97126e-48
3.9083e-48
3.26623e-48
2.91422e-48
2.79528e-48
2.91303e-48
3.33866e-48
4.23526e-48
5.92881e-48
8.94526e-48
1.28519e-47
1.33601e-47
7.27653e-48
9.26426e-49
3.81575e-51
1.39937e-53
3.73799e-56
7.79421e-59
1.30095e-61
2.14853e-64
2.55268e-67
2.6146e-70
1.58275e-73
4.9408e-77
5.52421e-81
3.15856e-22
1.26812e-17
9.63285e-14
1.27458e-10
3.8176e-08
3.18523e-06
8.54688e-05
0.000866862
0.00421576
0.0126282
0.0276169
0.0488793
0.0746444
0.10249
0.130037
0.155323
0.176924
0.193916
0.205781
0.212313
0.213532
0.209636
0.200975
0.188042
0.171481
0.15209
0.130812
0.109018
0.0888845
0.0708128
0.0550555
0.0417146
0.0307556
0.0220302
0.0153053
0.0102951
0.00669272
0.00419713
0.0025344
0.00147084
0.000818916
0.000436656
0.000222612
0.000108343
5.0268e-05
2.2207e-05
9.33115e-06
3.72614e-06
1.41312e-06
5.08748e-07
1.73832e-07
5.63707e-08
1.73521e-08
5.07218e-09
1.40874e-09
3.72035e-10
9.35083e-11
2.23918e-11
5.1146e-12
1.1158e-12
2.32818e-13
4.65309e-14
8.92125e-15
1.64345e-15
2.91362e-16
4.97916e-17
8.21551e-18
1.3109e-18
2.02605e-19
3.03781e-20
4.42547e-21
6.2733e-22
8.66545e-23
1.16801e-23
1.53829e-24
1.98211e-25
2.50172e-26
3.09658e-27
3.76312e-28
4.4947e-29
5.28186e-30
6.11283e-31
6.97401e-32
1.29848e-32
3.7702e-33
1.19232e-33
3.74118e-34
1.15002e-34
3.47176e-35
1.03461e-35
3.05996e-36
9.02749e-37
2.66893e-37
7.94087e-38
2.38701e-38
7.27542e-39
2.25596e-39
7.13874e-40
2.31199e-40
7.6841e-41
2.62742e-41
9.26415e-42
3.3757e-42
1.27371e-42
4.98578e-43
2.02814e-43
8.58722e-44
3.78998e-44
1.74596e-44
8.4059e-45
4.23431e-45
2.23405e-45
1.2358e-45
7.17401e-46
4.37484e-46
2.80549e-46
1.89429e-46
1.34884e-46
1.01487e-46
8.08746e-47
6.83921e-47
6.13124e-47
5.77608e-47
5.59472e-47
5.33836e-47
4.61303e-47
3.09253e-47
1.24406e-47
1.58244e-48
1.06138e-50
5.61404e-53
2.42568e-55
8.07294e-58
2.01193e-60
4.68939e-63
7.54084e-66
1.01817e-68
8.08812e-72
3.38212e-75
5.35386e-79
1.37027e-19
1.61518e-15
5.22713e-12
3.6533e-09
6.55579e-07
3.54651e-05
0.00065283
0.00480284
0.0181233
0.0448006
0.0846324
0.133754
0.18697
0.239567
0.2881
0.330434
0.365467
0.392786
0.412388
0.424469
0.4293
0.427161
0.418319
0.403046
0.381662
0.354599
0.322486
0.286283
0.249108
0.212221
0.176801
0.143857
0.114174
0.0882647
0.0663688
0.0484664
0.0343189
0.0235252
0.0155856
0.00996267
0.00613428
0.00363224
0.00206498
0.00112546
0.000587223
0.000292935
0.000139551
6.34244e-05
2.74783e-05
1.13411e-05
4.45725e-06
1.6677e-06
5.94005e-07
2.01442e-07
6.50651e-08
2.00266e-08
5.87795e-09
1.64653e-09
4.40621e-10
1.12769e-10
2.76356e-11
6.49331e-12
1.4648e-12
3.17705e-13
6.63496e-14
1.3362e-14
2.59884e-15
4.88889e-16
8.90871e-17
1.57481e-17
2.70446e-18
4.51834e-19
7.35382e-20
1.16749e-20
1.81031e-21
2.74494e-22
4.07476e-23
5.92847e-24
8.46276e-25
1.18646e-25
1.63525e-26
2.21775e-27
2.96224e-28
4.37293e-29
7.93839e-30
1.67925e-30
3.88227e-31
9.41141e-32
2.3434e-32
5.93819e-33
1.52569e-33
3.97059e-34
1.04711e-34
2.80148e-35
7.61627e-36
2.10793e-36
5.95098e-37
1.71718e-37
5.07473e-38
1.53902e-38
4.79898e-39
1.54143e-39
5.10902e-40
1.75027e-40
6.20727e-41
2.28217e-41
8.71017e-42
3.45509e-42
1.42599e-42
6.12944e-43
2.74624e-43
1.28347e-43
6.26071e-44
3.18908e-44
1.69696e-44
9.43532e-45
5.48242e-45
3.32869e-45
2.11068e-45
1.39563e-45
9.58952e-46
6.79554e-46
4.89453e-46
3.49337e-46
2.37156e-46
1.43256e-46
6.87219e-47
2.14365e-47
2.74661e-48
3.12856e-50
2.17796e-52
1.29671e-54
5.99058e-57
2.04489e-59
6.40009e-62
1.35628e-64
2.38115e-67
2.45495e-70
1.34892e-73
2.88556e-77
2.51468e-17
1.1694e-13
1.76351e-10
6.75981e-08
7.4253e-06
0.000264735
0.00339706
0.0184758
0.0552144
0.114614
0.189654
0.270635
0.349364
0.420626
0.481901
0.532508
0.572801
0.603585
0.625774
0.640203
0.647532
0.648212
0.642484
0.630395
0.611845
0.586648
0.554629
0.515522
0.471014
0.422425
0.371352
0.319552
0.268788
0.220692
0.176626
0.137592
0.104174
0.0765437
0.0544987
0.0375428
0.0249844
0.0160382
0.00991625
0.00589692
0.00336823
0.00184557
0.00096898
0.00048698
0.000234068
0.000107523
4.71789e-05
1.97664e-05
7.90602e-06
3.01881e-06
1.10062e-06
3.83275e-07
1.27548e-07
4.05894e-08
1.23616e-08
3.60632e-09
1.00885e-09
2.70929e-10
6.99322e-11
1.73717e-11
4.15842e-12
9.60561e-13
2.14402e-13
4.63068e-14
9.69109e-15
1.96792e-15
3.88272e-16
7.45298e-17
1.39364e-17
2.54176e-18
4.52696e-19
7.88258e-20
1.34339e-20
2.24322e-21
3.67383e-22
5.90704e-23
9.33314e-24
1.45038e-24
2.21876e-25
3.44624e-26
5.75444e-27
1.03593e-27
1.99768e-28
4.07823e-29
8.70715e-30
1.92524e-30
4.37883e-31
1.02018e-31
2.42905e-32
5.90466e-33
1.46517e-33
3.71286e-34
9.61646e-35
2.54849e-35
6.91919e-36
1.92718e-36
5.51435e-37
1.62323e-37
4.92244e-38
1.53983e-38
4.97515e-39
1.66223e-39
5.74909e-40
2.06038e-40
7.65776e-41
2.95373e-41
1.18303e-41
4.92207e-42
2.12775e-42
9.55696e-43
4.45903e-43
2.15997e-43
1.08525e-43
5.6469e-44
3.03531e-44
1.67865e-44
9.48979e-45
5.42694e-45
3.0882e-45
1.70542e-45
8.80483e-46
4.0153e-46
1.47593e-46
3.74177e-47
4.79674e-48
9.79915e-50
8.41672e-52
6.37188e-54
3.78549e-56
1.66356e-58
6.67131e-61
1.80097e-63
4.011e-66
5.25838e-69
3.7133e-72
1.04079e-75
2.62698e-15
5.51072e-12
4.08401e-09
8.80261e-07
6.01528e-05
0.00143349
0.0130213
0.0533494
0.128789
0.228399
0.336015
0.438528
0.528538
0.603454
0.663578
0.710549
0.746364
0.772918
0.791815
0.804307
0.811311
0.813425
0.810946
0.803891
0.792012
0.77482
0.751616
0.721341
0.683076
0.637105
0.584238
0.525828
0.463697
0.399987
0.336968
0.276815
0.221408
0.172168
0.129966
0.0951036
0.0673646
0.0461238
0.0304849
0.019424
0.0119164
0.00703054
0.0039848
0.00216758
0.00113066
0.000565156
0.000270546
0.000123987
5.43831e-05
2.28282e-05
9.17134e-06
3.52735e-06
1.29923e-06
4.58541e-07
1.5517e-07
5.03873e-08
1.57146e-08
4.71171e-09
1.35962e-09
3.78016e-10
1.01385e-10
2.62628e-11
6.57891e-12
1.59576e-12
3.75259e-13
8.5663e-14
1.90064e-14
4.10379e-15
8.63317e-16
1.77158e-16
3.55019e-17
6.95532e-18
1.33356e-18
2.50486e-19
4.61369e-20
8.3409e-21
1.48139e-21
2.58696e-22
4.44564e-23
7.58627e-24
1.32585e-24
2.38403e-25
4.42342e-26
8.47698e-27
1.67666e-27
3.41651e-28
7.15643e-29
1.5377e-29
3.38361e-30
7.61614e-31
1.75259e-31
4.12252e-32
9.91512e-33
2.43965e-33
6.14591e-34
1.58663e-34
4.20188e-35
1.14276e-35
3.19506e-36
9.19362e-37
2.72535e-37
8.33116e-38
2.62852e-38
8.56588e-39
2.88509e-39
1.00481e-39
3.61972e-40
1.34889e-40
5.19914e-41
2.07184e-41
8.5293e-42
3.62307e-42
1.58511e-42
7.12387e-43
3.27634e-43
1.53348e-43
7.24602e-44
3.41669e-44
1.58102e-44
7.01059e-45
2.87977e-45
1.04306e-45
3.08904e-46
6.62878e-47
8.35815e-48
3.26643e-49
3.30977e-51
3.02885e-53
2.20298e-55
1.19244e-57
5.90041e-60
1.96721e-62
5.41873e-65
8.83835e-68
7.85542e-71
2.82152e-74
1.84993e-13
1.86158e-10
6.96056e-08
8.55244e-06
0.000367622
0.00592609
0.0386761
0.121652
0.242013
0.373552
0.496991
0.602247
0.68663
0.751708
0.800675
0.836864
0.863139
0.881781
0.894534
0.902707
0.907245
0.90879
0.907715
0.904132
0.897894
0.888582
0.87549
0.85759
0.83233
0.798825
0.75653
0.705472
0.646381
0.580715
0.510577
0.438518
0.367281
0.299493
0.237401
0.182663
0.136231
0.0983494
0.0686404
0.0462555
0.0300623
0.0188229
0.0113429
0.00657283
0.00365961
0.00195654
0.00100389
0.000494158
0.000233302
0.000105635
4.58722e-05
1.91087e-05
7.63823e-06
2.93113e-06
1.08046e-06
3.82838e-07
1.30496e-07
4.28286e-08
1.35471e-08
4.13406e-09
1.2184e-09
3.47194e-10
9.57665e-11
2.55989e-11
6.63892e-12
1.67244e-12
4.09714e-13
9.77197e-14
2.27163e-14
5.15253e-15
1.14154e-15
2.47282e-16
5.24272e-17
1.08893e-17
2.21777e-18
4.43299e-19
8.70375e-20
1.67998e-20
3.19033e-21
5.97408e-22
1.12402e-22
2.1309e-23
4.08121e-24
7.91501e-25
1.55727e-25
3.11275e-26
6.3276e-27
1.30905e-27
2.75745e-28
5.91656e-29
1.29363e-29
2.88354e-30
6.5562e-31
1.5215e-31
3.60673e-32
8.74066e-33
2.16749e-33
5.50506e-34
1.43341e-34
3.82994e-35
1.05102e-35
2.96473e-36
8.60271e-37
2.56937e-37
7.90247e-38
2.50368e-38
8.1718e-39
2.7474e-39
9.51062e-40
3.38725e-40
1.23971e-40
4.6545e-41
1.78836e-41
7.00821e-42
2.78817e-42
1.11903e-42
4.49151e-43
1.78157e-43
6.8707e-44
2.5196e-44
8.52167e-45
2.54653e-45
6.31772e-46
1.18553e-46
1.45444e-47
8.67214e-49
1.34254e-50
1.43315e-52
1.23205e-54
7.94772e-57
4.71003e-59
1.88943e-61
6.29277e-64
1.25184e-66
1.37536e-69
6.23095e-73
9.91038e-12
4.86202e-09
9.20233e-07
6.46497e-05
0.00175882
0.0193741
0.0922114
0.227157
0.380573
0.522291
0.641007
0.733735
0.802748
0.852611
0.887967
0.912603
0.929344
0.940258
0.94688
0.95037
0.951606
0.951229
0.949673
0.94716
0.943707
0.939106
0.932895
0.924311
0.910892
0.891159
0.863633
0.827077
0.780769
0.724747
0.65994
0.58818
0.512046
0.434589
0.358977
0.288122
0.224373
0.169298
0.123615
0.0872401
0.0594444
0.0390682
0.0247435
0.0150896
0.00885462
0.0049968
0.00271047
0.00141282
0.00070751
0.000340373
0.000157319
6.9871e-05
2.98289e-05
1.22459e-05
4.8372e-06
1.8396e-06
6.74062e-07
2.38162e-07
8.12134e-08
2.67529e-08
8.52177e-09
2.62755e-09
7.8503e-10
2.2751e-10
6.4026e-11
1.75155e-11
4.66292e-12
1.20926e-12
3.05814e-13
7.54933e-14
1.82095e-14
4.29578e-15
9.9207e-16
2.24484e-16
4.98137e-17
1.0849e-17
2.32092e-18
4.88085e-19
1.00976e-19
2.05651e-20
4.16868e-21
8.43152e-22
1.70465e-22
3.45116e-23
7.00904e-24
1.43037e-24
2.93793e-25
6.0828e-26
1.27136e-26
2.68614e-27
5.74447e-28
1.245e-28
2.73777e-29
6.1156e-30
1.38925e-30
3.21292e-31
7.57299e-32
1.82113e-32
4.47256e-33
1.12288e-33
2.88443e-34
7.58719e-35
2.04502e-35
5.65131e-36
1.60181e-36
4.65764e-37
1.38934e-37
4.2502e-38
1.33261e-38
4.27812e-39
1.40416e-39
4.70211e-40
1.60197e-40
5.53167e-41
1.92621e-41
6.71871e-42
2.32676e-42
7.90705e-43
2.59625e-43
8.06941e-44
2.31006e-44
5.86967e-45
1.25778e-45
2.11593e-46
2.52335e-47
1.81634e-48
5.66302e-50
6.86688e-52
6.79452e-54
5.09232e-56
3.52975e-58
1.66749e-60
6.58726e-63
1.57131e-65
2.10284e-68
1.1883e-71
4.48752e-10
1.04795e-07
9.83836e-06
0.000392038
0.00676072
0.0513533
0.181143
0.357459
0.517259
0.647135
0.749043
0.824342
0.877289
0.913444
0.937583
0.953135
0.962435
0.967144
0.968545
0.967673
0.965383
0.962348
0.959063
0.955847
0.952842
0.950007
0.947101
0.943647
0.937812
0.928243
0.913264
0.891039
0.859844
0.8184
0.76618
0.703656
0.632384
0.554895
0.474424
0.394512
0.318552
0.249401
0.189078
0.138644
0.0982244
0.0671716
0.0443036
0.0281623
0.0172429
0.0101636
0.0057653
0.00314644
0.00165191
0.000834281
0.000405365
0.000189533
8.53049e-05
3.69746e-05
1.54421e-05
6.21801e-06
2.41574e-06
9.06219e-07
3.28523e-07
1.15195e-07
3.91053e-08
1.28644e-08
4.10503e-09
1.27189e-09
3.83016e-10
1.12216e-10
3.20178e-11
8.9053e-12
2.41681e-12
6.40586e-13
1.65979e-13
4.20781e-14
1.04461e-14
2.54165e-15
6.06575e-16
1.42102e-16
3.27032e-17
7.39896e-18
1.64681e-18
3.60836e-19
7.82811e-20
1.68599e-20
3.60952e-21
7.69138e-22
1.63342e-22
3.46192e-23
7.33287e-24
1.55447e-24
3.30272e-25
7.04332e-26
1.50988e-26
3.2584e-27
7.08927e-28
1.55726e-28
3.45857e-29
7.77686e-30
1.7728e-30
4.10214e-31
9.64651e-32
2.30791e-32
5.6233e-33
1.39659e-33
3.53816e-34
9.14894e-35
2.4156e-35
6.51357e-36
1.7936e-36
5.04182e-37
1.44575e-37
4.22429e-38
1.2556e-38
3.78799e-39
1.15639e-39
3.55802e-40
1.09762e-40
3.37216e-41
1.02279e-41
3.02832e-42
8.6271e-43
2.32088e-43
5.75481e-44
1.27415e-44
2.41572e-45
3.7112e-46
4.29564e-47
3.39413e-48
1.58473e-49
3.36798e-51
3.75717e-53
3.20658e-55
2.55074e-57
1.39439e-59
6.43073e-62
1.81377e-64
2.92235e-67
2.04407e-70
1.6334e-08
1.98718e-06
8.80093e-05
0.00194904
0.021249
0.112348
0.299446
0.486566
0.626775
0.735054
0.820317
0.881412
0.922167
0.948377
0.964577
0.973605
0.977249
0.976832
0.973509
0.968333
0.962238
0.956002
0.950214
0.945273
0.941394
0.938616
0.936812
0.935597
0.933751
0.930273
0.923736
0.912313
0.893931
0.866545
0.828512
0.778965
0.71812
0.647413
0.56942
0.487564
0.405672
0.327464
0.256087
0.193784
0.141743
0.100124
0.0682485
0.0448624
0.0284235
0.01735
0.0102005
0.00577516
0.0031485
0.00165296
0.000835817
0.000407162
0.000191156
8.65327e-05
3.77901e-05
1.59315e-05
6.48812e-06
2.55443e-06
9.7305e-07
3.58931e-07
1.28323e-07
4.45056e-08
1.49879e-08
4.90554e-09
1.56193e-09
4.84251e-10
1.46323e-10
4.31309e-11
1.24131e-11
3.49117e-12
9.60344e-13
2.58588e-13
6.82123e-14
1.76412e-14
4.47641e-15
1.11527e-15
2.73017e-16
6.57127e-17
1.55613e-17
3.62789e-18
8.35244e-19
1.90369e-19
4.29944e-20
9.63124e-21
2.14214e-21
4.73544e-22
1.04158e-22
2.28211e-23
4.98662e-24
1.08802e-24
2.37346e-25
5.18342e-26
1.13482e-26
2.49414e-27
5.51057e-28
1.22563e-28
2.74793e-29
6.21893e-30
1.42247e-30
3.29238e-31
7.71958e-32
1.83535e-32
4.42844e-33
1.08511e-33
2.70145e-34
6.83464e-35
1.75717e-35
4.5892e-36
1.21667e-36
3.27048e-37
8.89862e-38
2.44511e-38
6.76396e-39
1.87622e-39
5.19163e-40
1.42362e-40
3.83635e-41
1.00526e-41
2.52733e-42
5.99431e-43
1.31291e-43
2.58463e-44
4.41925e-45
6.28624e-46
7.05375e-47
5.84837e-48
3.30424e-49
1.14633e-50
2.10704e-52
2.01522e-54
1.81166e-56
1.1298e-58
6.00462e-61
1.97997e-63
3.8061e-66
3.27814e-69
3.07651e-07
2.29631e-05
0.000634762
0.00808096
0.0551865
0.205593
0.42488
0.588591
0.698689
0.78957
0.865351
0.917437
0.949733
0.968952
0.979465
0.983462
0.982218
0.976864
0.968606
0.958683
0.948234
0.938213
0.929338
0.922084
0.916696
0.913233
0.911579
0.911255
0.911433
0.911403
0.910066
0.905868
0.896817
0.880645
0.855105
0.818382
0.769519
0.708751
0.637654
0.559026
0.476564
0.394337
0.316233
0.24546
0.184213
0.133548
0.0934559
0.0630922
0.0410719
0.0257732
0.0155867
0.00908361
0.00510142
0.00276123
0.00144076
0.000724936
0.000351889
0.000164864
7.45952e-05
3.26168e-05
1.37919e-05
5.64395e-06
2.23703e-06
8.59502e-07
3.20394e-07
1.15975e-07
4.08012e-08
1.39636e-08
4.6529e-09
1.5109e-09
4.78537e-10
1.47956e-10
4.46942e-11
1.32016e-11
3.816e-12
1.08026e-12
2.9972e-13
8.15605e-14
2.17835e-14
5.71417e-15
1.47313e-15
3.7348e-16
9.3174e-17
2.28868e-17
5.54446e-18
1.32747e-18
3.14344e-19
7.36786e-20
1.71071e-20
3.93791e-21
8.99452e-22
2.04031e-22
4.60072e-23
1.03225e-23
2.30684e-24
5.14028e-25
1.14332e-25
2.54136e-26
5.65186e-27
1.25912e-27
2.81335e-28
6.31226e-29
1.42386e-29
3.2327e-30
7.39512e-31
1.70621e-31
3.97373e-32
9.3485e-33
2.22272e-33
5.34256e-34
1.29818e-34
3.18795e-35
7.90637e-36
1.97809e-36
4.98423e-37
1.26196e-37
3.20099e-38
8.10235e-39
2.03639e-39
5.05012e-40
1.22604e-40
2.88534e-41
6.50247e-42
1.38223e-42
2.72008e-43
4.8426e-44
7.58279e-45
1.00941e-45
1.09744e-46
9.30445e-48
5.83843e-49
2.55753e-50
7.32582e-52
1.27836e-53
1.28275e-55
9.02112e-58
5.46766e-60
2.08888e-62
4.75781e-65
5.02866e-68
3.52624e-06
0.00016521
0.00305409
0.0265546
0.12022
0.318412
0.529065
0.652006
0.738512
0.822421
0.895875
0.942086
0.967848
0.981724
0.987751
0.987258
0.981028
0.970183
0.956203
0.940684
0.925096
0.910634
0.89816
0.888214
0.881044
0.87667
0.874925
0.875079
0.876549
0.878768
0.880858
0.881532
0.879026
0.871141
0.855435
0.829578
0.7918
0.741347
0.678801
0.606164
0.526668
0.444339
0.363411
0.287733
0.220297
0.162954
0.116373
0.080193
0.0533024
0.0341642
0.0211131
0.01258
0.00722765
0.00400485
0.00214079
0.0011044
0.000550099
0.000264701
0.000123121
5.5394e-05
2.41244e-05
1.01776e-05
4.16271e-06
1.65198e-06
6.36644e-07
2.38464e-07
8.68879e-08
3.08231e-08
1.06549e-08
3.59202e-09
1.18198e-09
3.7994e-10
1.19399e-10
3.67111e-11
1.10519e-11
3.26008e-12
9.42936e-13
2.67603e-13
7.45656e-14
2.04128e-14
5.49346e-15
1.4542e-15
3.78869e-16
9.72032e-17
2.45805e-17
6.13681e-18
1.51358e-18
3.69027e-19
8.89987e-20
2.12456e-20
5.02353e-21
1.17736e-21
2.73707e-22
6.3164e-23
1.44812e-23
3.30101e-24
7.48813e-25
1.69189e-25
3.81109e-26
8.56677e-27
1.92353e-27
4.31842e-28
9.70321e-29
2.18417e-29
4.92987e-30
1.11668e-30
2.54034e-31
5.80759e-32
1.33487e-32
3.08556e-33
7.17269e-34
1.67633e-34
3.93624e-35
9.2765e-36
2.19069e-36
5.17283e-37
1.2178e-37
2.8478e-38
6.58383e-39
1.49595e-39
3.31625e-40
7.10794e-41
1.45683e-41
2.81705e-42
5.05608e-43
8.25916e-44
1.19954e-44
1.50723e-45
1.58817e-46
1.35566e-47
9.03108e-49
4.51451e-50
1.62596e-51
4.04989e-53
6.71335e-55
7.19276e-57
4.92999e-59
2.16682e-61
5.81733e-64
7.5291e-67
2.73975e-05
0.00080943
0.0105048
0.0653536
0.217118
0.428359
0.594492
0.682413
0.758698
0.844259
0.919365
0.960365
0.980281
0.989804
0.991963
0.986881
0.974934
0.9575
0.936601
0.914384
0.892756
0.873188
0.856684
0.843816
0.834796
0.829561
0.827838
0.828505
0.831205
0.835377
0.840223
0.844609
0.84696
0.845225
0.836972
0.819663
0.791066
0.749756
0.695539
0.62969
0.554902
0.474948
0.394131
0.316647
0.246009
0.184665
0.133839
0.0936125
0.0631679
0.0411143
0.0258106
0.0156292
0.00913022
0.00514693
0.00280086
0.00147197
0.000747473
0.000366971
0.000174296
8.0142e-05
3.57002e-05
1.54188e-05
6.46174e-06
2.62978e-06
1.04021e-06
4.0024e-07
1.49926e-07
5.47214e-08
1.94767e-08
6.76557e-09
2.29546e-09
7.61286e-10
2.46983e-10
7.84414e-11
2.44057e-11
7.44393e-12
2.22723e-12
6.54119e-13
1.88688e-13
5.34918e-14
1.49118e-14
4.0899e-15
1.10426e-15
2.93645e-16
7.69498e-17
1.98953e-17
5.07792e-18
1.28012e-18
3.1892e-19
7.85633e-20
1.91473e-20
4.61944e-21
1.10387e-21
2.61431e-22
6.14007e-23
1.43101e-23
3.3117e-24
7.6155e-25
1.74135e-25
3.96216e-26
8.97741e-27
2.02706e-27
4.56455e-28
1.02579e-28
2.30222e-29
5.16347e-30
1.15794e-30
2.59764e-31
5.83124e-32
1.31008e-32
2.94547e-33
6.62503e-34
1.48973e-34
3.34548e-35
7.49165e-36
1.66942e-36
3.69177e-37
8.07364e-38
1.73841e-38
3.66522e-39
7.51604e-40
1.48679e-40
2.80906e-41
5.00883e-42
8.30987e-43
1.26134e-43
1.7177e-44
2.05221e-45
2.09801e-46
1.78615e-47
1.23052e-48
6.65918e-50
2.74631e-51
8.36996e-53
1.82723e-54
2.76647e-56
2.80177e-58
1.80601e-60
6.74045e-63
1.11818e-65
0.000155766
0.00317775
0.0274208
0.126788
0.322717
0.516215
0.625275
0.693286
0.76942
0.860849
0.939025
0.974227
0.988707
0.99475
0.993326
0.983045
0.964121
0.938572
0.909289
0.879162
0.850604
0.825365
0.804552
0.788715
0.777968
0.772115
0.770731
0.77218
0.776375
0.782665
0.790214
0.797911
0.804266
0.807334
0.804751
0.793931
0.772434
0.738463
0.691337
0.631807
0.562131
0.4858
0.407041
0.33017
0.258976
0.196258
0.143605
0.101415
0.0691052
0.0454311
0.0288162
0.0176369
0.0104186
0.00594222
0.00327354
0.00174273
0.000897077
0.000446771
0.00021542
0.000100634
4.5581e-05
2.00329e-05
8.55006e-06
3.5466e-06
1.43097e-06
5.62053e-07
2.15085e-07
8.02562e-08
2.92233e-08
1.03921e-08
3.61184e-09
1.2278e-09
4.08523e-10
1.33136e-10
4.25263e-11
1.33224e-11
4.09585e-12
1.23652e-12
3.66779e-13
1.06954e-13
3.06767e-14
8.65894e-15
2.40648e-15
6.58819e-16
1.77742e-16
4.72933e-17
1.24166e-17
3.21814e-18
8.23774e-19
2.08362e-19
5.20996e-20
1.28844e-20
3.15287e-21
7.63785e-22
1.8326e-22
4.35725e-23
1.02712e-23
2.4017e-24
5.57349e-25
1.28433e-25
2.94033e-26
6.69135e-27
1.51444e-27
3.4106e-28
7.64621e-29
1.70719e-29
3.79739e-30
8.41727e-31
1.85951e-31
4.09409e-32
8.98172e-33
1.9625e-33
4.26766e-34
9.22623e-35
1.97997e-35
4.20938e-36
8.84249e-37
1.82933e-37
3.7118e-38
7.34938e-39
1.41126e-39
2.60864e-40
4.60042e-41
7.65874e-42
1.18873e-42
1.69545e-43
2.18554e-44
2.49907e-45
2.48313e-46
2.09693e-47
1.47017e-48
8.35183e-50
3.74883e-51
1.29497e-52
3.34591e-54
6.25835e-56
8.12855e-58
6.89231e-60
3.41064e-62
7.43297e-65
0.000608999
0.00908108
0.0572533
0.203576
0.414182
0.566607
0.639157
0.695341
0.775522
0.874086
0.955778
0.984421
0.994102
0.997565
0.992514
0.97591
0.948258
0.912746
0.873483
0.834269
0.798046
0.766795
0.741636
0.723012
0.710872
0.704824
0.704242
0.706899
0.713027
0.721817
0.732298
0.743274
0.75323
0.760249
0.762011
0.755953
0.739592
0.711003
0.669293
0.614963
0.550018
0.477749
0.402262
0.327848
0.258349
0.196681
0.144575
0.102576
0.0702332
0.0464059
0.0295923
0.018216
0.0108275
0.00621693
0.00344987
0.00185116
0.000961087
0.000483103
0.000235276
0.000111095
5.09005e-05
2.26464e-05
9.79197e-06
4.118e-06
1.68577e-06
6.72286e-07
2.61397e-07
9.91699e-08
3.67389e-08
1.33004e-08
4.70887e-09
1.63151e-09
5.5358e-10
1.84068e-10
6.00151e-11
1.91997e-11
6.03026e-12
1.86051e-12
5.64179e-13
1.68236e-13
4.93575e-14
1.42538e-14
4.05367e-15
1.1358e-15
3.13666e-16
8.54101e-17
2.29417e-17
6.08133e-18
1.59149e-18
4.11353e-19
1.05051e-19
2.65175e-20
6.61876e-21
1.63417e-21
3.99263e-22
9.65668e-23
2.31295e-23
5.48833e-24
1.29065e-24
3.00908e-25
6.95781e-26
1.59615e-26
3.63397e-27
8.21344e-28
1.8434e-28
4.10919e-29
9.09909e-30
2.00156e-30
4.37365e-31
9.4916e-32
2.045e-32
4.3717e-33
9.26494e-34
1.9443e-34
4.03408e-35
8.25888e-36
1.66417e-36
3.29012e-37
6.35744e-38
1.195e-38
2.1727e-39
3.79524e-40
6.3183e-41
9.93087e-42
1.45762e-42
1.97289e-43
2.42753e-44
2.67244e-45
2.58677e-46
2.16045e-47
1.52618e-48
8.92896e-50
4.23095e-51
1.58494e-52
4.56716e-54
9.79435e-56
1.49585e-57
1.52251e-59
9.16926e-62
2.44583e-64
0.00184672
0.0211492
0.103269
0.282406
0.479143
0.588445
0.641369
0.69581
0.778304
0.884172
0.96982
0.991474
0.99727
0.999013
0.989886
0.965294
0.926739
0.879213
0.828403
0.779127
0.734812
0.697543
0.668328
0.64739
0.634425
0.628781
0.628639
0.633107
0.641802
0.653662
0.66749
0.68191
0.695283
0.70564
0.710671
0.707869
0.694836
0.669724
0.631695
0.58126
0.520383
0.452272
0.380914
0.310461
0.244622
0.186199
0.13685
0.0970918
0.0664889
0.0439509
0.0280488
0.0172866
0.0102924
0.00592286
0.00329597
0.0017747
0.00092519
0.000467304
0.000228844
0.000108737
5.01697e-05
2.24945e-05
9.80899e-06
4.16322e-06
1.72123e-06
6.9373e-07
2.72787e-07
1.04729e-07
3.9287e-08
1.44105e-08
5.17207e-09
1.81761e-09
6.25855e-10
2.11279e-10
6.99702e-11
2.27456e-11
7.26189e-12
2.27826e-12
7.02715e-13
2.13202e-13
6.3656e-14
1.8712e-14
5.41778e-15
1.54568e-15
4.34694e-16
1.20532e-16
3.2964e-17
8.8951e-18
2.36914e-18
6.23031e-19
1.61826e-19
4.15289e-20
1.05329e-20
2.64104e-21
6.54876e-22
1.60629e-22
3.89844e-23
9.36435e-24
2.22687e-24
5.24379e-25
1.22301e-25
2.82574e-26
6.46892e-27
1.46753e-27
3.29944e-28
7.35204e-29
1.62358e-29
3.55292e-30
7.70269e-31
1.65381e-31
3.51467e-32
7.38795e-33
1.53455e-33
3.14565e-34
6.3536e-35
1.26194e-35
2.45864e-36
4.6846e-37
8.69724e-38
1.56642e-38
2.72256e-39
4.53833e-40
7.20295e-41
1.07932e-41
1.51216e-42
1.95903e-43
2.31773e-44
2.46976e-45
2.3347e-46
1.92605e-47
1.36243e-48
8.10873e-50
3.97785e-51
1.57186e-52
4.87056e-54
1.14443e-55
1.9485e-57
2.24366e-59
1.54555e-61
4.7453e-64
0.0043835
0.0401004
0.158275
0.351006
0.516931
0.592412
0.636989
0.695303
0.778436
0.89089
0.981208
0.995943
0.998929
0.999666
0.985551
0.950795
0.898828
0.837186
0.773472
0.71354
0.661158
0.618318
0.585731
0.563267
0.550271
0.545782
0.546598
0.553498
0.565266
0.580547
0.59787
0.615619
0.631975
0.644863
0.651971
0.650895
0.639442
0.616031
0.58011
0.532436
0.475105
0.411331
0.344958
0.279886
0.219505
0.166301
0.121665
0.0859388
0.0586081
0.0385948
0.0245476
0.0150852
0.00896058
0.00514739
0.00286119
0.00153988
0.00080295
0.00040594
0.000199122
9.48398e-05
4.38943e-05
1.97564e-05
8.65431e-06
3.69249e-06
1.5357e-06
6.23051e-07
2.46775e-07
9.54896e-08
3.61246e-08
1.33703e-08
4.8447e-09
1.71972e-09
5.98401e-10
2.04233e-10
6.84087e-11
2.25002e-11
7.27079e-12
2.30948e-12
7.21431e-13
2.21727e-13
6.70775e-14
1.99825e-14
5.86421e-15
1.69598e-15
4.83548e-16
1.3594e-16
3.76927e-17
1.03112e-17
2.7838e-18
7.41937e-19
1.95262e-19
5.07584e-20
1.3036e-20
3.3085e-21
8.29975e-22
2.05844e-22
5.04818e-23
1.22443e-23
2.93767e-24
6.97276e-25
1.63752e-25
3.80527e-26
8.75029e-27
1.99114e-27
4.48333e-28
9.98793e-29
2.20113e-29
4.79727e-30
1.0336e-30
2.20039e-31
4.62532e-32
9.59197e-33
1.96032e-33
3.94289e-34
7.79201e-35
1.50992e-35
2.86199e-36
5.29067e-37
9.50519e-38
1.65278e-38
2.76788e-39
4.43894e-40
6.77217e-41
9.75379e-42
1.31469e-42
1.64208e-43
1.87964e-44
1.94776e-45
1.80272e-46
1.46849e-47
1.03616e-48
6.22293e-50
3.11986e-51
1.27691e-52
4.15421e-54
1.03846e-55
1.90396e-57
2.38557e-59
1.80238e-61
6.09886e-64
0.00842345
0.0637764
0.21098
0.402707
0.532952
0.585569
0.627526
0.690695
0.778592
0.893973
0.989967
0.998444
0.999672
0.999913
0.979443
0.931871
0.863775
0.786048
0.708481
0.637871
0.578051
0.53063
0.495792
0.472894
0.460853
0.458337
0.461406
0.471322
0.486515
0.505283
0.52585
0.546345
0.564759
0.578934
0.586607
0.585584
0.574019
0.550793
0.515825
0.470272
0.416459
0.357599
0.297313
0.239096
0.185845
0.139555
0.101215
0.070895
0.0479616
0.031345
0.0197958
0.0120859
0.00713672
0.00407815
0.00225649
0.00120972
0.000628805
0.000317127
0.000155295
7.38944e-05
3.41924e-05
1.53972e-05
6.75282e-06
2.88661e-06
1.2036e-06
4.89872e-07
1.94765e-07
7.56965e-08
2.87789e-08
1.07102e-08
3.90412e-09
1.39483e-09
4.88715e-10
1.68022e-10
5.67149e-11
1.88049e-11
6.12778e-12
1.96336e-12
6.18811e-13
1.91938e-13
5.86121e-14
1.76279e-14
5.22353e-15
1.52555e-15
4.39267e-16
1.2473e-16
3.49334e-17
9.65284e-18
2.63226e-18
7.08548e-19
1.88311e-19
4.94242e-20
1.28129e-20
3.28158e-21
8.30443e-22
2.0768e-22
5.13325e-23
1.25414e-23
3.02897e-24
7.23197e-25
1.70704e-25
3.98336e-26
9.18861e-27
2.09508e-27
4.72096e-28
1.05109e-28
2.31154e-29
5.01926e-30
1.07555e-30
2.27301e-31
4.73376e-32
9.70564e-33
1.95679e-33
3.87386e-34
7.51766e-35
1.42715e-35
2.64392e-36
4.76622e-37
8.33251e-38
1.40715e-38
2.2849e-39
3.54853e-40
5.2387e-41
7.30052e-42
9.52784e-43
1.15415e-43
1.28474e-44
1.2997e-45
1.18042e-46
9.49623e-48
6.6674e-49
4.01874e-50
2.04094e-51
8.54444e-53
2.87138e-54
7.48467e-56
1.44337e-57
1.91626e-59
1.54275e-61
5.58147e-64
0.0138515
0.0898321
0.25785
0.438253
0.533332
0.571265
0.613028
0.681669
0.777851
0.894045
0.996086
0.999595
0.999933
0.999985
0.971374
0.907938
0.820924
0.725475
0.633746
0.553202
0.487316
0.436915
0.401377
0.379399
0.369407
0.368891
0.375068
0.388669
0.407608
0.42975
0.452978
0.475194
0.494284
0.508122
0.514645
0.512036
0.498987
0.474993
0.440565
0.397294
0.347693
0.294864
0.242044
0.192156
0.147453
0.109334
0.078324
0.0542102
0.0362563
0.0234379
0.0146503
0.00885847
0.00518413
0.00293798
0.0016134
0.000859093
0.000443858
0.000222671
0.000108545
5.14535e-05
2.37355e-05
1.06632e-05
4.66883e-06
1.9938e-06
8.31044e-07
3.38336e-07
1.34635e-07
5.24021e-08
1.99622e-08
7.4475e-09
2.72286e-09
9.76129e-10
3.43323e-10
1.18535e-10
4.01942e-11
1.33927e-11
4.38692e-12
1.4133e-12
4.47997e-13
1.39783e-13
4.29473e-14
1.29979e-14
3.87625e-15
1.13944e-15
3.30246e-16
9.44021e-17
2.66196e-17
7.4063e-18
2.03364e-18
5.51201e-19
1.47498e-19
3.89745e-20
1.01708e-20
2.62158e-21
6.67511e-22
1.6791e-22
4.17299e-23
1.02468e-23
2.486e-24
5.95909e-25
1.41124e-25
3.30158e-26
7.62924e-27
1.74098e-27
3.92238e-28
8.72182e-29
1.91333e-29
4.13883e-30
8.8228e-31
1.85205e-31
3.82503e-32
7.76403e-33
1.54691e-33
3.02076e-34
5.77138e-35
1.07661e-35
1.95613e-36
3.45207e-37
5.89763e-38
9.71743e-39
1.53746e-39
2.32415e-40
3.33775e-41
4.52438e-42
5.74647e-43
6.7829e-44
7.37259e-45
7.30445e-46
6.52248e-47
5.1838e-48
3.61597e-49
2.17913e-50
1.1141e-51
4.72905e-53
1.62283e-54
4.34923e-56
8.67699e-58
1.19804e-59
1.00703e-61
3.8124e-64
0.0200016
0.114448
0.29267
0.45359
0.522552
0.55062
0.592926
0.667399
0.772645
0.894121
0.999463
0.999962
0.999997
1
0.961101
0.878428
0.769795
0.655548
0.55023
0.461472
0.391759
0.340621
0.306313
0.286746
0.279851
0.27974
0.289899
0.307676
0.330329
0.355242
0.380014
0.402436
0.420463
0.432206
0.436019
0.430661
0.415508
0.390748
0.357458
0.317555
0.27356
0.228258
0.184316
0.143944
0.10868
0.079314
0.0559469
0.0381484
0.0251506
0.0160374
0.00989481
0.00590988
0.00341884
0.00191675
0.00104209
0.000549783
0.000281655
0.000140215
6.78782e-05
3.19775e-05
1.46708e-05
6.55961e-06
2.86041e-06
1.21736e-06
5.06003e-07
2.05556e-07
8.1666e-08
3.17519e-08
1.2089e-08
4.50985e-09
1.64947e-09
5.91803e-10
2.08399e-10
7.20641e-11
2.44828e-11
8.17567e-12
2.6847e-12
8.67281e-13
2.75731e-13
8.63049e-14
2.66047e-14
8.07976e-15
2.41818e-15
7.13432e-16
2.07542e-16
5.9553e-17
1.68598e-17
4.71018e-18
1.29878e-18
3.53523e-19
9.50047e-20
2.521e-20
6.60614e-21
1.70964e-21
4.36989e-22
1.10322e-22
2.75099e-23
6.77546e-24
1.64814e-24
3.9593e-25
9.39202e-26
2.1996e-26
5.08488e-27
1.15998e-27
2.61041e-28
5.79267e-29
1.26691e-29
2.72933e-30
5.78766e-31
1.20707e-31
2.47354e-32
4.97478e-33
9.80658e-34
1.89182e-34
3.56517e-35
6.5496e-36
1.17014e-36
2.02745e-37
3.39596e-38
5.47891e-39
8.47878e-40
1.25263e-40
1.75721e-41
2.3265e-42
2.88731e-43
3.33331e-44
3.54927e-45
3.45261e-46
3.03594e-47
2.38463e-48
1.65089e-49
9.92075e-51
5.08339e-52
2.17394e-53
7.55533e-55
2.06086e-56
4.20333e-58
5.95517e-60
5.15024e-62
2.00885e-64
0.0258523
0.134254
0.313394
0.452198
0.503255
0.523687
0.566446
0.647133
0.762767
0.894203
0.999999
0.999999
0.999998
0.999999
0.948382
0.842834
0.71013
0.576842
0.459676
0.365617
0.295285
0.246248
0.215322
0.19957
0.196444
0.200052
0.213704
0.234286
0.258733
0.284213
0.30823
0.328639
0.343633
0.351744
0.351906
0.343562
0.326792
0.30238
0.271785
0.236995
0.200281
0.163893
0.129788
0.0994211
0.0736537
0.0527654
0.0365568
0.024498
0.0158841
0.00996824
0.00605745
0.00356613
0.00203506
0.00112639
0.000605064
0.000315651
0.000160028
7.88991e-05
3.78564e-05
1.76891e-05
8.05529e-06
3.57742e-06
1.55052e-06
6.56299e-07
2.71478e-07
1.09815e-07
4.34675e-08
1.68465e-08
6.3967e-09
2.38098e-09
8.69261e-10
3.11436e-10
1.09555e-10
3.78576e-11
1.28566e-11
4.29282e-12
1.40988e-12
4.55633e-13
1.44943e-13
4.54028e-14
1.4009e-14
4.25894e-15
1.27611e-15
3.76944e-16
1.09792e-16
3.15461e-17
8.94467e-18
2.5032e-18
6.9151e-19
1.88594e-19
5.07841e-20
1.35032e-20
3.54554e-21
9.19354e-22
2.35422e-22
5.95348e-23
1.48676e-23
3.66631e-24
8.92673e-25
2.14571e-25
5.09083e-26
1.19192e-26
2.75313e-27
6.27167e-28
1.40844e-28
3.11666e-29
6.79187e-30
1.45664e-30
3.07217e-31
6.36619e-32
1.29481e-32
2.58169e-33
5.03935e-34
9.61455e-35
1.78967e-35
3.2434e-36
5.70917e-37
9.73423e-38
1.60265e-38
2.53889e-39
3.85461e-40
5.58314e-41
7.67568e-42
9.95865e-43
1.21151e-43
1.37204e-44
1.43486e-45
1.37324e-46
1.19065e-47
9.24655e-49
6.3491e-50
3.79747e-51
1.94394e-52
8.33738e-54
2.917e-55
8.03874e-57
1.66177e-58
2.3924e-60
2.10625e-62
8.36966e-65
0.0303718
0.147342
0.321675
0.440239
0.476688
0.490094
0.532666
0.619935
0.747538
0.891703
0.999999
1
0.999998
0.999997
0.933008
0.800705
0.641935
0.49052
0.364756
0.269708
0.202947
0.159292
0.133842
0.122841
0.119802
0.12797
0.145726
0.168797
0.19368
0.217679
0.238698
0.255093
0.26561
0.269396
0.26604
0.255629
0.238781
0.216624
0.190687
0.162734
0.134544
0.107706
0.0834503
0.0625639
0.0453823
0.0318513
0.0216326
0.0142212
0.00905216
0.00558123
0.0033348
0.00193195
0.0010858
0.000592365
0.000313897
0.000161667
8.09817e-05
3.94795e-05
1.87446e-05
8.67351e-06
3.91406e-06
1.72372e-06
7.41322e-07
3.11552e-07
1.28032e-07
5.14803e-08
2.02659e-08
7.81531e-09
2.95414e-09
1.09511e-09
3.98339e-10
1.42244e-10
4.98899e-11
1.71943e-11
5.82555e-12
1.9411e-12
6.36335e-13
2.0531e-13
6.52178e-14
2.0403e-14
6.28813e-15
1.90972e-15
5.7167e-16
1.68714e-16
4.90991e-17
1.40958e-17
3.99447e-18
1.11746e-18
3.08643e-19
8.41715e-20
2.26667e-20
6.02766e-21
1.58291e-21
4.10499e-22
1.05126e-22
2.65844e-23
6.63795e-24
1.63637e-24
3.98204e-25
9.56381e-26
2.26651e-26
5.29864e-27
1.22155e-27
2.77604e-28
6.216e-29
1.37068e-29
2.97459e-30
6.34858e-31
1.33145e-31
2.7413e-32
5.53479e-33
1.0945e-33
2.11683e-34
3.99767e-35
7.35825e-36
1.31728e-36
2.28817e-37
3.84619e-38
6.2371e-39
9.72408e-40
1.45192e-40
2.06713e-41
2.79253e-42
3.55995e-43
4.2563e-44
4.73993e-45
4.87885e-46
4.60164e-47
3.93853e-48
3.02547e-49
2.05969e-50
1.22456e-51
6.2483e-53
2.67869e-54
9.39382e-56
2.60151e-57
5.41652e-59
7.86813e-61
6.9974e-63
2.80978e-65
0.032667
0.152533
0.318527
0.418501
0.440684
0.449347
0.490557
0.58468
0.726124
0.886073
0.999997
0.999997
0.999998
0.999996
0.91479
0.75162
0.565491
0.398459
0.269232
0.179052
0.120911
0.0859968
0.0676031
0.0610587
0.0598227
0.0725431
0.0929934
0.115966
0.138266
0.157996
0.173862
0.184919
0.190548
0.190485
0.184849
0.174141
0.159219
0.141223
0.12145
0.101216
0.0817107
0.0638757
0.0483418
0.0354159
0.0251171
0.0172461
0.011467
0.00738539
0.00460916
0.00278855
0.00163626
0.000931682
0.000515075
0.000276639
0.000144433
7.33504e-05
3.6258e-05
1.74564e-05
8.19108e-06
3.74844e-06
1.67405e-06
7.30086e-07
3.11136e-07
1.29648e-07
5.28548e-08
2.10946e-08
8.24656e-09
3.15961e-09
1.1871e-09
4.37581e-10
1.5833e-10
5.62608e-11
1.9642e-11
6.7404e-12
2.2745e-12
7.55007e-13
2.46626e-13
7.93045e-14
2.51111e-14
7.83194e-15
2.40674e-15
7.28871e-16
2.17588e-16
6.40429e-17
1.85881e-17
5.32214e-18
1.50457e-18
4.2e-19
1.15778e-19
3.15181e-20
8.47361e-21
2.24987e-21
5.89959e-22
1.52774e-22
3.90676e-23
9.86475e-24
2.45929e-24
6.05234e-25
1.47011e-25
3.52361e-26
8.33156e-27
1.94278e-27
4.466e-28
1.01163e-28
2.25691e-29
4.95611e-30
1.07056e-30
2.27299e-31
4.73929e-32
9.6946e-33
1.94336e-33
3.81266e-34
7.31004e-35
1.36746e-35
2.49116e-36
4.41035e-37
7.57002e-38
1.25637e-38
2.01017e-39
3.09014e-40
4.54689e-41
6.37681e-42
8.48371e-43
1.06502e-43
1.25414e-44
1.37616e-45
1.39666e-46
1.30011e-47
1.0996e-48
8.35939e-50
5.64169e-51
3.33148e-52
1.69174e-53
7.23255e-55
2.53437e-56
7.02605e-58
1.46673e-59
2.1388e-61
1.91079e-63
7.70828e-66
0.0321156
0.149192
0.305102
0.388753
0.396238
0.401057
0.439029
0.540009
0.697417
0.877141
1
1
0.999998
1
0.893537
0.695112
0.481397
0.303429
0.178165
0.100194
0.056099
0.0326879
0.0219474
0.0145484
0.0234613
0.0407844
0.0596524
0.077337
0.0933907
0.106824
0.116759
0.122555
0.124186
0.121762
0.115667
0.106513
0.0950927
0.0822999
0.0690332
0.0561058
0.0441723
0.0336831
0.024875
0.0177913
0.0123253
0.00827207
0.00537996
0.00339183
0.00207373
0.00123007
0.000708224
0.000396013
0.000215173
0.000113672
5.84218e-05
2.92289e-05
1.42443e-05
6.76611e-06
3.13455e-06
1.41719e-06
6.25708e-07
2.69943e-07
1.13866e-07
4.69893e-08
1.89819e-08
7.5103e-09
2.91202e-09
1.10708e-09
4.1289e-10
1.51137e-10
5.43241e-11
1.9182e-11
6.65674e-12
2.27128e-12
7.6223e-13
2.5169e-13
8.18009e-14
2.61758e-14
8.24934e-15
2.56115e-15
7.83532e-16
2.36255e-16
7.02261e-17
2.05819e-17
5.94858e-18
1.69591e-18
4.77528e-19
1.32807e-19
3.64823e-20
9.89896e-21
2.65303e-21
7.02316e-22
1.83629e-22
4.7418e-23
1.20921e-23
3.04482e-24
7.56944e-25
1.8575e-25
4.49849e-26
1.07488e-26
2.53325e-27
5.88666e-28
1.34819e-28
3.04174e-29
6.75682e-30
1.47687e-30
3.17405e-31
6.70202e-32
1.38907e-32
2.82305e-33
5.61929e-34
1.09406e-34
2.08045e-35
3.85747e-36
6.96087e-37
1.21991e-37
2.07145e-38
3.399e-39
5.37376e-40
8.15864e-41
1.18512e-41
1.6403e-42
2.15323e-43
2.66703e-44
3.09908e-45
3.35664e-46
3.36431e-47
3.09501e-48
2.5893e-49
1.9492e-50
1.30425e-51
7.64619e-53
3.86028e-54
1.64317e-55
5.7408e-57
1.58884e-58
3.31483e-60
4.83477e-62
4.3221e-64
1.7445e-66
0.028502
0.137129
0.282977
0.355335
0.350336
0.345139
0.377082
0.484335
0.659879
0.86449
0.999997
1
1
0.999998
0.86899
0.630536
0.39065
0.209409
0.09811
0.0405128
0.0150041
0.00420889
0.00185858
0.00672672
0.0149545
0.0257679
0.0372687
0.0480454
0.0574695
0.064901
0.0698666
0.0721365
0.0717757
0.068987
0.0640465
0.0573183
0.0498889
0.0420831
0.0343999
0.0272462
0.0209082
0.0155443
0.0111965
0.00781454
0.00528591
0.00346614
0.00220405
0.00135959
0.000813938
0.000473118
0.000267152
0.000146618
7.82518e-05
4.06375e-05
2.05466e-05
1.01203e-05
4.85903e-06
2.27548e-06
1.03998e-06
4.64166e-07
2.0243e-07
8.6315e-08
3.60048e-08
1.47008e-08
5.87854e-09
2.30345e-09
8.84898e-10
3.33451e-10
1.23311e-10
4.47721e-11
1.59676e-11
5.59604e-12
1.928e-12
6.53258e-13
2.17756e-13
7.1435e-14
2.30699e-14
7.33672e-15
2.29827e-15
7.09335e-16
2.15751e-16
6.46839e-17
1.91188e-17
5.57204e-18
1.60146e-18
4.53976e-19
1.27147e-19
3.51824e-20
9.61823e-21
2.5978e-21
6.93177e-22
1.82721e-22
4.75784e-23
1.22368e-23
3.10821e-24
7.7961e-25
1.9306e-25
4.71916e-26
1.13838e-26
2.70918e-27
6.3587e-28
1.47134e-28
3.35488e-29
7.53431e-30
1.66556e-30
3.62195e-31
7.74228e-32
1.62545e-32
3.34848e-33
6.76131e-34
1.3366e-34
2.58333e-35
4.87428e-36
8.96326e-37
1.60335e-37
2.78408e-38
4.68175e-39
7.60449e-40
1.18959e-40
1.78637e-41
2.56576e-42
3.51049e-43
4.55479e-44
5.57601e-45
6.40448e-46
6.85814e-47
6.79841e-48
6.18872e-49
5.12652e-50
3.82409e-51
2.53768e-52
1.47683e-53
7.40853e-55
3.13652e-56
1.09094e-57
3.00845e-59
6.25862e-61
9.10713e-63
8.12454e-65
3.27192e-67
0.0221793
0.116343
0.252509
0.320299
0.302963
0.281678
0.304198
0.415923
0.611363
0.847423
0.999997
1
1
0.999998
0.840729
0.556909
0.294895
0.122128
0.0370509
0.00660647
0.000329566
0.00103821
0.00260721
0.00545
0.00991248
0.0154775
0.0212948
0.0266742
0.0311854
0.0344917
0.0363909
0.0368338
0.0359035
0.0337683
0.0306388
0.0267854
0.0227549
0.0185618
0.0147394
0.0113747
0.00850757
0.0061666
0.00433223
0.00295045
0.00194849
0.00124821
0.000775922
0.000468239
0.00027443
0.000156285
8.65249e-05
4.6594e-05
2.44187e-05
1.24611e-05
6.1956e-06
3.00298e-06
1.41977e-06
6.55136e-07
2.95221e-07
1.29992e-07
5.59611e-08
2.35668e-08
9.71399e-09
3.92115e-09
1.55086e-09
6.01308e-10
2.28666e-10
8.53275e-11
3.1258e-11
1.12462e-11
3.97565e-12
1.38146e-12
4.72026e-13
1.58651e-13
5.24713e-14
1.7082e-14
5.47549e-15
1.72861e-15
5.37619e-16
1.64761e-16
4.97655e-17
1.48177e-17
4.3499e-18
1.25918e-18
3.59462e-19
1.01208e-19
2.81608e-20
7.74382e-21
2.10441e-21
5.65133e-22
1.49965e-22
3.93199e-23
1.01854e-23
2.60639e-24
6.58763e-25
1.64429e-25
4.05227e-26
9.85803e-27
2.36665e-27
5.60527e-28
1.30924e-28
3.01458e-29
6.83932e-30
1.52809e-30
3.36023e-31
7.26743e-32
1.54472e-32
3.22404e-33
6.60103e-34
1.32438e-34
2.60061e-35
4.99125e-36
9.34876e-37
1.70598e-37
3.02727e-38
5.21279e-39
8.68992e-40
1.3988e-40
2.16784e-41
3.22428e-42
4.58578e-43
6.21203e-44
7.97916e-45
9.67005e-46
1.0996e-46
1.16593e-47
1.14471e-48
1.03242e-49
8.47679e-51
6.27053e-52
4.12875e-53
2.38545e-54
1.18875e-55
5.00245e-57
1.73043e-58
4.74835e-60
9.83376e-62
1.425e-63
1.2662e-65
5.07853e-68
0.0157
0.0904718
0.210208
0.282472
0.258871
0.201689
0.22153
0.333289
0.548835
0.824836
0.999997
0.999998
1
0.999997
0.807961
0.472668
0.197057
0.0498997
0.00316067
0.00017334
0.000475371
0.00105841
0.00203383
0.00357258
0.00566644
0.00809544
0.0105392
0.0127213
0.014448
0.0155866
0.0160747
0.0159195
0.0151818
0.0139604
0.0123745
0.0105708
0.00876097
0.00696999
0.00539275
0.00399332
0.00291148
0.0020583
0.00141081
0.0009378
0.000604783
0.000378545
0.000230064
0.000135829
7.7938e-05
4.34843e-05
2.36027e-05
1.24699e-05
6.41613e-06
3.21679e-06
1.57236e-06
7.49734e-07
3.48923e-07
1.58585e-07
7.04284e-08
3.05792e-08
1.29877e-08
5.39881e-09
2.19761e-09
8.76423e-10
3.42611e-10
1.31348e-10
4.94062e-11
1.8242e-11
6.6143e-12
2.35611e-12
8.24864e-13
2.83928e-13
9.61229e-14
3.20178e-14
1.04964e-14
3.38769e-15
1.07673e-15
3.37101e-16
1.03985e-16
3.16106e-17
9.47178e-18
2.79796e-18
8.14942e-19
2.34067e-19
6.63014e-20
1.85227e-20
5.11504e-21
1.39639e-21
3.76833e-22
1.00518e-22
2.65006e-23
6.90461e-24
1.77764e-24
4.52176e-25
1.13621e-25
2.81981e-26
6.91019e-27
1.67172e-27
3.99125e-28
9.40128e-29
2.18389e-29
5.00095e-30
1.12834e-30
2.50701e-31
5.48186e-32
1.17882e-32
2.49103e-33
5.16817e-34
1.0517e-34
2.09682e-35
4.09087e-36
7.7993e-37
1.45084e-37
2.62883e-38
4.63093e-39
7.91447e-40
1.30921e-40
2.09074e-41
3.214e-42
4.74085e-43
6.68624e-44
8.98066e-45
1.14372e-45
1.37429e-46
1.54951e-47
1.62926e-48
1.58651e-49
1.41948e-50
1.15647e-51
8.49096e-53
5.55065e-54
3.18486e-55
1.57659e-56
6.59203e-58
2.26616e-59
6.18107e-61
1.27264e-62
1.83375e-64
1.62038e-66
6.46336e-69
0.0106673
0.0658757
0.160933
0.22879
0.223298
0.143182
0.13596
0.236482
0.467949
0.79501
1
0.999999
1
0.999996
0.769267
0.375413
0.102948
0.00443618
6.89084e-05
0.000179137
0.000375517
0.000685186
0.001168
0.00182628
0.00262786
0.00349097
0.00431446
0.00501081
0.0055175
0.00579676
0.00583716
0.00565145
0.00527031
0.00473746
0.00410356
0.00342654
0.0027709
0.00215144
0.00162177
0.00116954
0.000820167
0.00056229
0.000376135
0.000244146
0.000153811
9.40973e-05
5.59286e-05
3.23123e-05
1.81549e-05
9.92509e-06
5.28208e-06
2.738e-06
1.38308e-06
6.81201e-07
3.27305e-07
1.53502e-07
7.03058e-08
3.14644e-08
1.37666e-08
5.89179e-09
2.46775e-09
1.01207e-09
4.06626e-10
1.60126e-10
6.18323e-11
2.34238e-11
8.7092e-12
3.17955e-12
1.14024e-12
4.01832e-13
1.39211e-13
4.74284e-14
1.58961e-14
5.24289e-15
1.70221e-15
5.44177e-16
1.71345e-16
5.31509e-17
1.62465e-17
4.89447e-18
1.45355e-18
4.25595e-19
1.22876e-19
3.49856e-20
9.82412e-21
2.72085e-21
7.45028e-22
2.01738e-22
5.40146e-23
1.42989e-23
3.74206e-24
9.68023e-25
2.47495e-25
6.25292e-26
1.56084e-26
3.84858e-27
9.37147e-28
2.25302e-28
5.34607e-29
1.25161e-29
2.89001e-30
6.57847e-31
1.47547e-31
3.2589e-32
7.08382e-33
1.51429e-33
3.18089e-34
6.55989e-35
1.32684e-35
2.62924e-36
5.09792e-37
9.65837e-38
1.78525e-38
3.2139e-39
5.6245e-40
9.54861e-41
1.56887e-41
2.4883e-42
3.79871e-43
5.56426e-44
7.79251e-45
1.03929e-45
1.31426e-46
1.56815e-47
1.75582e-48
1.8335e-49
1.77329e-50
1.576e-51
1.27554e-52
9.30434e-54
6.04313e-55
3.44502e-56
1.69425e-57
7.0368e-59
2.40252e-60
6.50692e-62
1.33011e-63
1.9027e-65
1.66903e-67
6.60529e-70
0.00678076
0.043816
0.110719
0.165777
0.174814
0.13275
0.0793293
0.131269
0.362288
0.755228
1
1
1
1
0.722088
0.261674
0.0250671
2.16773e-05
5.52679e-05
0.000111046
0.000194963
0.000325175
0.000498629
0.000710201
0.000944984
0.00118
0.00139042
0.00155546
0.00166078
0.00169913
0.00167047
0.00158111
0.00144208
0.00126767
0.0010737
0.000876782
0.000692176
0.000524822
0.000385538
0.000270942
0.000184931
0.000121563
7.89485e-05
5.00565e-05
3.08222e-05
1.84383e-05
1.07219e-05
6.06379e-06
3.33708e-06
1.78798e-06
9.33152e-07
4.74634e-07
2.354e-07
1.13899e-07
5.37928e-08
2.48111e-08
1.11818e-08
4.92653e-09
2.12304e-09
8.95331e-10
3.69683e-10
1.49523e-10
5.92684e-11
2.30345e-11
8.7815e-12
3.28536e-12
1.20671e-12
4.35322e-13
1.54303e-13
5.37596e-14
1.84168e-14
6.20584e-15
2.05757e-15
6.71451e-16
2.15727e-16
6.82571e-17
2.12741e-17
6.53312e-18
1.97718e-18
5.89815e-19
1.7346e-19
5.02995e-20
1.43834e-20
4.05631e-21
1.12825e-21
3.09525e-22
8.39732e-23
2.25356e-23
5.98178e-24
1.57027e-24
4.07611e-25
1.04612e-25
2.65409e-26
6.65537e-27
1.64916e-27
4.03736e-28
9.76258e-29
2.331e-29
5.49403e-30
1.27778e-30
2.93131e-31
6.62995e-32
1.47767e-32
3.24349e-33
7.00703e-34
1.48878e-34
3.10846e-35
6.37221e-36
1.28122e-36
2.52386e-37
4.86481e-38
9.16272e-39
1.68373e-39
3.01349e-40
5.24311e-41
8.84949e-42
1.44559e-42
2.27955e-43
3.46006e-44
5.0393e-45
7.01734e-46
9.30649e-47
1.17034e-47
1.38875e-48
1.54649e-49
1.60623e-50
1.54519e-51
1.36597e-52
1.09964e-53
7.9775e-55
5.15217e-56
2.91972e-57
1.4268e-58
5.88516e-60
1.99414e-61
5.35623e-63
1.08516e-64
1.53794e-66
1.33639e-68
5.22744e-71
0.0038485
0.0254278
0.0656659
0.103247
0.11799
0.104142
0.0790901
0.0489956
0.221793
0.701029
1
1
0.999999
1
0.661994
0.126929
5.75245e-06
1.38313e-05
2.65298e-05
4.49406e-05
7.29636e-05
0.000108753
0.000151353
0.00019854
0.000246789
0.000291746
0.000329114
0.000355438
0.000368502
0.000367491
0.000353005
0.000326864
0.000291784
0.000251043
0.0002081
0.000166289
0.000128259
9.50204e-05
6.80594e-05
4.6636e-05
3.09886e-05
1.97848e-05
1.22493e-05
7.59406e-06
4.57317e-06
2.67653e-06
1.52341e-06
8.4374e-07
4.54968e-07
2.3898e-07
1.22342e-07
6.10717e-08
2.97423e-08
1.41384e-08
6.56346e-09
2.9771e-09
1.32007e-09
5.72476e-10
2.42935e-10
1.00926e-10
4.1068e-11
1.63753e-11
6.40123e-12
2.45421e-12
9.23264e-13
3.40945e-13
1.23641e-13
4.40488e-14
1.54226e-14
5.30879e-15
1.7972e-15
5.98552e-16
1.96179e-16
6.32959e-17
2.01092e-17
6.29255e-18
1.93988e-18
5.89305e-19
1.76446e-19
5.20795e-20
1.51558e-20
4.34917e-21
1.23083e-21
3.43549e-22
9.45817e-23
2.5684e-23
6.89889e-24
1.83363e-24
4.82174e-25
1.25428e-25
3.22719e-26
8.21151e-27
2.06594e-27
5.13838e-28
1.26317e-28
3.06847e-29
7.3637e-30
1.74525e-30
4.0838e-31
9.431e-32
2.14862e-32
4.82692e-33
1.06872e-33
2.33069e-34
5.00329e-35
1.05647e-35
2.19249e-36
4.46789e-37
8.93128e-38
1.74938e-38
3.35327e-39
6.28153e-40
1.14817e-40
2.04431e-41
3.53888e-42
5.94361e-43
9.66244e-44
1.51654e-44
2.29145e-45
3.32256e-46
4.60689e-47
6.08426e-48
7.62022e-49
9.00661e-50
9.99081e-51
1.03371e-51
9.90635e-53
8.72339e-54
6.99426e-55
5.05234e-56
3.24763e-57
1.83065e-58
8.89091e-60
3.64064e-61
1.22294e-62
3.25112e-64
6.50845e-66
9.10456e-68
7.81334e-70
3.0218e-72
0.00176431
0.0116673
0.0307872
0.0508804
0.0630617
0.0631728
0.0544957
0.0434473
0.0456657
0.622876
0.999998
1
1
0.999999
0.579045
2.87039e-06
2.75972e-06
4.91961e-06
7.96413e-06
1.2248e-05
1.73063e-05
2.30055e-05
2.91591e-05
3.54573e-05
4.14673e-05
4.66907e-05
5.06532e-05
5.29847e-05
5.34701e-05
5.20765e-05
4.89525e-05
4.44027e-05
3.88432e-05
3.27493e-05
2.65985e-05
2.08153e-05
1.57005e-05
1.13721e-05
7.94715e-06
5.31222e-06
3.43737e-06
2.13465e-06
1.2661e-06
7.60439e-07
4.47963e-07
2.56639e-07
1.43049e-07
7.76227e-08
4.10283e-08
2.11349e-08
1.0616e-08
5.20209e-09
2.4881e-09
1.16211e-09
5.30305e-10
2.36545e-10
1.03186e-10
4.40408e-11
1.84001e-11
7.52865e-12
3.01818e-12
1.18603e-12
4.57045e-13
1.7279e-13
6.41144e-14
2.33585e-14
8.35898e-15
2.93931e-15
1.01597e-15
3.45307e-16
1.15444e-16
3.79766e-17
1.22962e-17
3.9198e-18
1.23058e-18
3.80563e-19
1.15961e-19
3.48227e-20
1.03078e-20
3.00814e-21
8.6562e-22
2.45646e-22
6.87533e-23
1.89806e-23
5.1687e-24
1.3884e-24
3.69005e-25
9.70728e-26
2.52723e-26
6.51046e-27
1.65931e-27
4.18332e-28
1.04307e-28
2.57173e-29
6.26842e-30
1.51012e-30
3.59477e-31
8.45297e-32
1.96284e-32
4.49922e-33
1.01762e-33
2.27004e-34
4.99174e-35
1.08141e-35
2.30657e-36
4.84024e-37
9.98474e-38
2.02296e-38
4.02141e-39
7.83476e-40
1.49412e-40
2.78523e-41
5.06735e-42
8.98267e-43
1.54851e-43
2.59054e-44
4.19593e-45
6.563e-46
9.8848e-47
1.42903e-47
1.976e-48
2.60306e-49
3.25254e-50
3.83584e-51
4.24609e-52
4.38427e-53
4.19283e-54
3.68394e-55
2.94631e-56
2.12194e-57
1.35894e-58
7.62382e-60
3.6796e-61
1.49423e-62
4.96376e-64
1.30012e-65
2.55218e-67
3.48223e-69
2.90708e-71
1.11764e-73
0.000484027
0.00336644
0.00906303
0.0157447
0.0211971
0.0239238
0.0237114
0.0205585
0.0174557
0.469937
0.999999
1
0.999998
1
0.435977
1.11625e-06
6.20966e-07
9.33918e-07
1.27108e-06
1.60405e-06
1.93762e-06
2.28547e-06
2.64726e-06
3.00631e-06
3.33549e-06
3.6039e-06
3.7829e-06
3.85096e-06
3.79708e-06
3.62245e-06
3.34037e-06
2.97422e-06
2.55429e-06
2.11374e-06
1.68431e-06
1.29222e-06
9.54192e-07
6.76165e-07
4.61361e-07
3.00965e-07
1.89689e-07
1.14558e-07
6.53472e-08
3.78269e-08
2.18077e-08
1.22367e-08
6.68306e-09
3.55474e-09
1.84255e-09
9.31184e-10
4.5907e-10
2.20882e-10
1.03775e-10
4.763e-11
2.13664e-11
9.37238e-12
4.02197e-12
1.68926e-12
6.94741e-13
2.79905e-13
1.10523e-13
4.27889e-14
1.62492e-14
6.05527e-15
2.21518e-15
7.95839e-16
2.80897e-16
9.74393e-17
3.32305e-17
1.11456e-17
3.67773e-18
1.19425e-18
3.81755e-19
1.20162e-19
3.7253e-20
1.13783e-20
3.42461e-21
1.01592e-21
2.97105e-22
8.5671e-23
2.43612e-23
6.83219e-24
1.89e-24
5.15744e-25
1.38835e-25
3.68695e-26
9.69074e-27
2.52186e-27
6.49666e-28
1.65652e-28
4.1799e-29
1.04358e-29
2.57747e-30
6.29632e-31
1.52093e-31
3.63212e-32
8.57284e-33
1.99929e-33
4.60544e-34
1.0475e-34
2.35152e-35
5.20777e-36
1.13722e-36
2.44726e-37
5.18651e-38
1.08174e-38
2.21856e-39
4.47028e-40
8.84057e-41
1.71406e-41
3.25411e-42
6.04096e-43
1.09492e-43
1.93428e-44
3.3243e-45
5.54646e-46
8.96299e-47
1.39922e-47
2.10412e-48
3.03818e-49
4.19728e-50
5.52593e-51
6.90232e-52
8.13899e-53
9.00934e-54
9.30268e-55
8.8958e-56
7.8135e-57
6.24404e-58
4.49003e-59
2.86778e-60
1.60183e-61
7.67842e-63
3.08575e-64
1.00908e-65
2.58119e-67
4.88852e-69
6.31057e-71
4.81409e-73
1.56552e-75
)
;

boundaryField
{
    walls
    {
        type            zeroGradient;
    }
    top
    {
        type            zeroGradient;
    }
    bottom
    {
        type            zeroGradient;
    }
    frontAndBack
    {
        type            empty;
    }
    inlet
    {
        type            uniformFixedValue;
        uniformValue    
        {
            type            constant;
            value           1;
        }
        value           uniform 1;
    }
    outlet
    {
        type            zeroGradient;
    }
}


// ************************************************************************* //
