/*--------------------------------*- C++ -*----------------------------------*\
  =========                 |
  \\      /  F ield         | OpenFOAM: The Open Source CFD Toolbox
   \\    /   O peration     | Website:  https://openfoam.org
    \\  /    A nd           | Version:  12
     \\/     M anipulation  |
\*---------------------------------------------------------------------------*/
FoamFile
{
    format      ascii;
    class       volScalarField;
    location    "565";
    object      T;
}
// * * * * * * * * * * * * * * * * * * * * * * * * * * * * * * * * * * * * * //

dimensions      [];

internalField   nonuniform List<scalar> 
4480
(
1.74194e-05
0.00070878
0.0432716
0.181287
0.336436
0.469685
0.574769
0.655242
0.716409
0.762994
0.798695
0.82627
0.847737
0.864577
0.877869
0.888409
0.896786
0.903445
0.908714
0.912846
0.91604
0.918443
0.920173
0.921318
0.92195
0.922127
0.921894
0.921441
0.920982
0.920515
0.92004
0.919553
0.919051
0.918531
0.91799
0.917429
0.916842
0.916228
0.915581
0.914902
0.91419
0.913435
0.912635
0.911793
0.910899
0.90995
0.908942
0.907876
0.906742
0.905531
0.904249
0.902892
0.901443
0.899906
0.898273
0.896536
0.894698
0.892753
0.890686
0.888502
0.886188
0.883743
0.881159
0.878437
0.87556
0.872538
0.86935
0.866009
0.862487
0.858804
0.854935
0.850885
0.846645
0.842212
0.83758
0.832742
0.827696
0.822434
0.816951
0.811242
0.8053
0.799121
0.792698
0.786067
0.779234
0.772198
0.764959
0.757519
0.74988
0.742049
0.734031
0.725837
0.717478
0.708968
0.700329
0.69158
0.682753
0.673876
0.664994
0.656154
0.64741
0.638829
0.630477
0.622456
0.614853
0.607782
0.601375
0.595768
0.591112
0.587574
0.585328
0.584553
0.585425
0.588131
0.592825
0.599662
0.608745
0.620145
0.633879
0.649962
0.668592
0.69044
0.716671
0.750161
0.802321
0.878168
0.930869
0.970119
0.961917
0.905069
0.849117
0.763067
0.683782
0.617709
0.55465
0.491338
0.425557
0.354695
0.276323
0.183487
7.10923e-06
0.0148318
0.177099
0.40899
0.595493
0.723781
0.808047
0.86305
0.899323
0.923678
0.940375
0.952074
0.960454
0.966578
0.971126
0.974561
0.977182
0.979196
0.980747
0.981941
0.982852
0.983529
0.984015
0.984337
0.984521
0.984579
0.984527
0.984275
0.983746
0.982967
0.981965
0.98077
0.979408
0.977904
0.976276
0.974551
0.972745
0.970877
0.968957
0.967
0.965019
0.963022
0.961011
0.958998
0.956987
0.954975
0.952971
0.950971
0.948974
0.946983
0.944992
0.943006
0.941016
0.939018
0.937014
0.934995
0.932964
0.930912
0.928836
0.926737
0.9246
0.922437
0.920228
0.91798
0.915687
0.913352
0.91096
0.908511
0.90601
0.903454
0.900832
0.898149
0.8954
0.892588
0.8897
0.886747
0.883721
0.880616
0.877449
0.874202
0.870877
0.867486
0.864014
0.860479
0.856893
0.853247
0.849547
0.845805
0.842017
0.838197
0.834352
0.83049
0.826623
0.82277
0.818947
0.815168
0.811468
0.807861
0.804384
0.801074
0.797972
0.795118
0.792567
0.790366
0.788587
0.787283
0.786535
0.786404
0.786978
0.788328
0.790538
0.793671
0.797804
0.802995
0.809286
0.816712
0.82528
0.834992
0.84583
0.857796
0.870943
0.885405
0.901349
0.918897
0.937879
0.956722
0.972316
0.982489
0.973222
0.941455
0.908372
0.871031
0.829833
0.784806
0.734939
0.678907
0.614955
0.541007
0.455182
0.357598
0.00110822
0.0844097
0.365884
0.614764
0.772333
0.862764
0.913729
0.942874
0.960049
0.970566
0.977279
0.981762
0.984879
0.98713
0.988801
0.990074
0.991058
0.991823
0.992422
0.992888
0.993248
0.993517
0.993713
0.993845
0.993921
0.993948
0.993929
0.993851
0.993686
0.993432
0.993089
0.992648
0.99211
0.991465
0.990717
0.98986
0.9889
0.987838
0.986681
0.985431
0.984098
0.982689
0.981212
0.979673
0.978081
0.976447
0.974772
0.973066
0.971334
0.969583
0.967818
0.966041
0.964253
0.96246
0.960666
0.958865
0.957067
0.955267
0.953464
0.951663
0.949859
0.948055
0.946245
0.944436
0.942621
0.9408
0.938975
0.937142
0.935297
0.933449
0.931582
0.929709
0.927822
0.925923
0.924004
0.922073
0.92013
0.918167
0.916188
0.914199
0.912187
0.910165
0.908121
0.906072
0.904005
0.901935
0.899866
0.897795
0.895724
0.893668
0.891627
0.889609
0.887629
0.885688
0.883804
0.881992
0.880267
0.878644
0.877149
0.875806
0.874634
0.873664
0.872933
0.872463
0.872301
0.872483
0.873039
0.874017
0.875461
0.8774
0.879873
0.882911
0.886543
0.890783
0.895642
0.901108
0.907175
0.913808
0.92097
0.92862
0.936705
0.945155
0.953845
0.962538
0.970845
0.97816
0.983663
0.986296
0.979606
0.959137
0.937862
0.914372
0.887481
0.855927
0.818159
0.772161
0.715287
0.644236
0.555451
0.446318
0.0124119
0.234956
0.56614
0.776167
0.883292
0.935211
0.960739
0.973873
0.981081
0.985363
0.988129
0.990064
0.99151
0.992633
0.993524
0.994239
0.994819
0.995283
0.995654
0.995947
0.996174
0.996346
0.99647
0.996557
0.99661
0.996631
0.996627
0.996592
0.996521
0.996415
0.99627
0.996083
0.995852
0.995568
0.995227
0.994825
0.994359
0.993819
0.993208
0.99252
0.991758
0.990921
0.990009
0.989029
0.987981
0.986872
0.985705
0.984487
0.983222
0.981919
0.980581
0.979212
0.977821
0.976408
0.974983
0.973548
0.972106
0.970657
0.969211
0.967763
0.966323
0.964883
0.963453
0.962033
0.960617
0.959211
0.957818
0.956431
0.955057
0.953689
0.952329
0.950982
0.94964
0.948309
0.946982
0.945662
0.94435
0.943048
0.94175
0.940454
0.939166
0.937888
0.936621
0.93535
0.93409
0.932839
0.931598
0.930375
0.929169
0.927983
0.926821
0.925692
0.924602
0.923553
0.922564
0.921631
0.92078
0.92001
0.91934
0.918787
0.918369
0.918097
0.917997
0.918086
0.918393
0.918927
0.919724
0.920798
0.922174
0.923869
0.925904
0.928287
0.931031
0.934137
0.937594
0.941389
0.945502
0.949898
0.954533
0.959352
0.964287
0.969237
0.97407
0.9786
0.982581
0.985686
0.987486
0.987356
0.982572
0.96838
0.953061
0.936291
0.917059
0.894069
0.865514
0.828748
0.779921
0.713429
0.621586
0.49474
0.055827
0.432617
0.739345
0.883987
0.943843
0.968724
0.979774
0.985217
0.988281
0.990291
0.991782
0.992983
0.993981
0.994818
0.995513
0.996081
0.996542
0.99691
0.997196
0.997416
0.997582
0.997703
0.997788
0.997844
0.997878
0.997893
0.997893
0.997874
0.997835
0.997775
0.997692
0.997587
0.997459
0.997303
0.997119
0.996902
0.996646
0.996351
0.996009
0.995622
0.99518
0.994687
0.994135
0.99353
0.992866
0.992148
0.991378
0.990555
0.989685
0.988771
0.987816
0.986826
0.985804
0.984755
0.983686
0.982601
0.981502
0.98039
0.979277
0.97816
0.977043
0.97593
0.974827
0.973732
0.972642
0.97157
0.970508
0.969458
0.968426
0.967408
0.966404
0.965413
0.964441
0.963482
0.962541
0.961611
0.960701
0.959802
0.958913
0.958043
0.957184
0.956338
0.955508
0.954688
0.953882
0.95309
0.952312
0.951548
0.950806
0.950085
0.94939
0.948721
0.948089
0.947493
0.946941
0.946437
0.945994
0.945618
0.945316
0.945104
0.944984
0.944973
0.945084
0.945331
0.945722
0.946278
0.947007
0.947922
0.949036
0.950364
0.951902
0.953665
0.955647
0.957848
0.960258
0.962855
0.965621
0.968525
0.971526
0.974569
0.977592
0.980515
0.983231
0.985605
0.987466
0.988598
0.988701
0.987341
0.983533
0.973439
0.961416
0.948311
0.933453
0.915855
0.89392
0.864943
0.824404
0.764518
0.672143
0.525614
0.147614
0.626082
0.861705
0.943917
0.971832
0.982261
0.986841
0.989309
0.990964
0.992288
0.993453
0.994487
0.995385
0.996147
0.996768
0.997265
0.99765
0.997939
0.998153
0.998301
0.9984
0.998462
0.998499
0.998518
0.998523
0.998523
0.998517
0.998508
0.998484
0.998447
0.998398
0.998334
0.998256
0.998162
0.998051
0.99792
0.997768
0.997589
0.997384
0.99715
0.996882
0.996577
0.996234
0.995853
0.995429
0.994963
0.994455
0.993903
0.993313
0.992683
0.992016
0.991315
0.990584
0.989825
0.989042
0.988241
0.987424
0.986593
0.985752
0.984907
0.984063
0.983216
0.982375
0.981539
0.980711
0.979895
0.979088
0.978296
0.977521
0.976757
0.976009
0.975276
0.97456
0.973862
0.973177
0.97251
0.971855
0.97122
0.9706
0.969991
0.969397
0.968821
0.968259
0.967714
0.967174
0.966649
0.966141
0.965647
0.965169
0.964709
0.964273
0.96386
0.963473
0.963115
0.962792
0.962508
0.962269
0.962083
0.961949
0.961877
0.961878
0.961952
0.962115
0.962374
0.962732
0.963204
0.963791
0.964509
0.96536
0.966345
0.967476
0.968745
0.970152
0.971693
0.973357
0.975123
0.976978
0.978888
0.980823
0.982735
0.984573
0.986269
0.987739
0.988879
0.989561
0.989617
0.98882
0.986859
0.983291
0.976165
0.96623
0.955326
0.943045
0.928711
0.911154
0.888022
0.854918
0.802802
0.713192
0.547832
0.280484
0.781986
0.932804
0.971452
0.982908
0.987287
0.989517
0.991011
0.992258
0.993424
0.99454
0.99556
0.996433
0.997144
0.997701
0.998122
0.998423
0.998625
0.998745
0.998805
0.998819
0.998804
0.998772
0.998737
0.998703
0.998677
0.99866
0.998653
0.998641
0.998625
0.998605
0.998576
0.998539
0.998493
0.998436
0.998365
0.998279
0.998177
0.998056
0.997915
0.997751
0.997561
0.997346
0.997101
0.996829
0.996523
0.996185
0.995814
0.995413
0.994978
0.994513
0.994022
0.993501
0.992955
0.992389
0.991803
0.991199
0.990585
0.989961
0.989329
0.988693
0.988055
0.987419
0.986785
0.986161
0.985543
0.984932
0.984334
0.983747
0.983174
0.982613
0.982068
0.981532
0.981016
0.980514
0.980024
0.979547
0.979085
0.978639
0.978209
0.977786
0.977382
0.976993
0.976609
0.97624
0.975882
0.975536
0.975203
0.974884
0.974582
0.974294
0.974026
0.973782
0.973557
0.973361
0.97319
0.973057
0.972958
0.972898
0.972886
0.972922
0.973016
0.973171
0.973391
0.973683
0.974053
0.974504
0.975041
0.975666
0.976387
0.977195
0.978094
0.97908
0.980148
0.981284
0.982472
0.983698
0.984938
0.986161
0.987329
0.988398
0.989308
0.989992
0.990368
0.990324
0.989728
0.988407
0.986123
0.982579
0.977202
0.968995
0.95957
0.948927
0.936583
0.921766
0.902597
0.875341
0.830892
0.746799
0.565284
0.433215
0.887012
0.96627
0.982063
0.987
0.989299
0.99076
0.991951
0.993093
0.99426
0.995415
0.996443
0.997286
0.997936
0.998412
0.998741
0.998943
0.999037
0.999046
0.99899
0.998893
0.998775
0.998656
0.998547
0.998458
0.998394
0.99836
0.998351
0.998351
0.998357
0.998367
0.998377
0.998385
0.99839
0.998388
0.998376
0.998353
0.998317
0.998269
0.9982
0.998117
0.998013
0.997887
0.997739
0.997567
0.997373
0.997154
0.996907
0.996635
0.99634
0.996018
0.995671
0.995303
0.994914
0.994504
0.994078
0.993637
0.993183
0.99272
0.99225
0.991776
0.991296
0.990818
0.990342
0.989867
0.9894
0.988939
0.988488
0.988042
0.987608
0.987186
0.986777
0.986376
0.985991
0.985613
0.98525
0.9849
0.984559
0.984234
0.983919
0.983613
0.983325
0.983044
0.982775
0.982512
0.98226
0.982018
0.981784
0.981563
0.981357
0.981159
0.980978
0.980815
0.980666
0.980536
0.98043
0.980347
0.980293
0.980266
0.980274
0.980315
0.980401
0.980523
0.980696
0.98092
0.981193
0.981526
0.981913
0.982363
0.982871
0.983442
0.984066
0.984742
0.985466
0.986225
0.987006
0.987793
0.988565
0.989293
0.989951
0.99049
0.990869
0.991025
0.990888
0.990365
0.989348
0.987693
0.985227
0.981738
0.976999
0.970454
0.962105
0.952605
0.941557
0.928458
0.911812
0.888696
0.850829
0.773837
0.579899
0.587866
0.942095
0.978703
0.985909
0.98874
0.990332
0.991511
0.99259
0.993729
0.994951
0.996166
0.9972
0.99799
0.99856
0.998942
0.999166
0.99925
0.999212
0.999078
0.998874
0.998631
0.99838
0.998141
0.997934
0.997772
0.997661
0.997602
0.997591
0.997603
0.997636
0.997683
0.997741
0.997804
0.997872
0.997936
0.997994
0.998043
0.99808
0.998102
0.998111
0.9981
0.998075
0.998028
0.997962
0.997874
0.997766
0.997634
0.997482
0.997309
0.997113
0.996897
0.99666
0.996404
0.99613
0.995838
0.995532
0.99521
0.994879
0.994537
0.994188
0.993835
0.993478
0.993117
0.992758
0.992402
0.992047
0.9917
0.991357
0.99102
0.990693
0.990375
0.990063
0.989762
0.989468
0.989186
0.988914
0.988651
0.988399
0.988155
0.987923
0.987696
0.987484
0.987279
0.987082
0.98689
0.986707
0.986533
0.986367
0.986209
0.986058
0.985921
0.985789
0.985675
0.98557
0.985481
0.985409
0.985354
0.985315
0.985302
0.985308
0.985345
0.985406
0.985498
0.985622
0.985782
0.985976
0.986211
0.986482
0.986793
0.98714
0.987528
0.987945
0.988393
0.988863
0.989346
0.989826
0.990296
0.990729
0.991104
0.991391
0.991554
0.991555
0.991334
0.990832
0.989974
0.988665
0.98679
0.984212
0.980777
0.976322
0.970692
0.963494
0.954847
0.944711
0.932764
0.917715
0.897328
0.864513
0.794929
0.592743
0.726552
0.961895
0.982701
0.987631
0.989714
0.990989
0.992029
0.993074
0.994246
0.995549
0.996832
0.997848
0.998562
0.999036
0.999318
0.999424
0.999368
0.999163
0.998843
0.998446
0.998012
0.997583
0.997191
0.99686
0.996606
0.996434
0.996346
0.996331
0.99636
0.996427
0.996524
0.996645
0.99678
0.996924
0.99707
0.997215
0.99735
0.997474
0.997583
0.997675
0.997751
0.997805
0.997838
0.99785
0.997842
0.997815
0.997764
0.997692
0.997599
0.997488
0.997354
0.997202
0.997033
0.996846
0.996646
0.996433
0.996203
0.995966
0.995718
0.99546
0.9952
0.994936
0.994668
0.994399
0.99413
0.993864
0.993601
0.993343
0.993088
0.99284
0.992594
0.99236
0.99213
0.99191
0.991696
0.991488
0.991291
0.991098
0.990916
0.990738
0.99057
0.99041
0.990255
0.99011
0.989966
0.989832
0.989702
0.989577
0.989458
0.989349
0.989244
0.989148
0.98906
0.988985
0.988917
0.988862
0.988817
0.988788
0.988775
0.988775
0.988797
0.988834
0.988893
0.988977
0.989082
0.989211
0.989365
0.98954
0.989743
0.989967
0.990211
0.990471
0.990744
0.991022
0.991296
0.991553
0.99178
0.991958
0.992067
0.992077
0.99196
0.991673
0.991172
0.9904
0.989296
0.987772
0.985744
0.983094
0.979706
0.975449
0.970193
0.963815
0.956084
0.946636
0.935511
0.921517
0.902885
0.873622
0.810716
0.604452
0.8169
0.972326
0.985262
0.988679
0.990346
0.991446
0.992407
0.993449
0.994673
0.996076
0.99742
0.998394
0.999014
0.999387
0.999562
0.999536
0.999306
0.99889
0.998327
0.997677
0.996996
0.996339
0.99575
0.995264
0.994894
0.994652
0.994533
0.994515
0.994569
0.994683
0.994846
0.995048
0.995276
0.995521
0.995772
0.996023
0.996265
0.996494
0.99671
0.996902
0.997074
0.997224
0.997348
0.997447
0.997522
0.997573
0.997601
0.997606
0.997589
0.997551
0.997493
0.997416
0.997322
0.99721
0.997082
0.99694
0.996787
0.996624
0.996448
0.996267
0.996079
0.995886
0.995689
0.995491
0.995292
0.995093
0.994897
0.994699
0.994509
0.994318
0.994136
0.993957
0.993782
0.993614
0.993449
0.993294
0.993141
0.992995
0.992855
0.992718
0.992588
0.992467
0.992347
0.992235
0.992129
0.992024
0.991923
0.991826
0.991738
0.99165
0.991571
0.991495
0.991425
0.991364
0.991305
0.99126
0.991221
0.991191
0.99117
0.991163
0.991168
0.991184
0.991212
0.991258
0.991313
0.991388
0.991474
0.991575
0.991689
0.991813
0.991947
0.992083
0.992217
0.992344
0.992454
0.992534
0.992574
0.99255
0.992448
0.992244
0.991906
0.991399
0.99068
0.989702
0.988408
0.986726
0.984582
0.981882
0.978529
0.974413
0.969419
0.96342
0.956255
0.947676
0.937169
0.923929
0.906443
0.879517
0.821923
0.615423
0.883774
0.978144
0.986937
0.989513
0.990815
0.991767
0.992682
0.993738
0.99503
0.996536
0.997944
0.998846
0.999357
0.999633
0.999699
0.999517
0.999065
0.99837
0.997492
0.996512
0.995514
0.994571
0.993741
0.993066
0.992563
0.992241
0.992094
0.992081
0.992171
0.992351
0.992604
0.992913
0.993261
0.993633
0.994017
0.994403
0.99478
0.995142
0.995482
0.995796
0.996081
0.996339
0.996568
0.996763
0.996932
0.99707
0.997181
0.997265
0.997323
0.997358
0.997371
0.997362
0.997335
0.997289
0.997227
0.99715
0.99706
0.996957
0.996846
0.996724
0.996596
0.996462
0.996323
0.996179
0.996037
0.995891
0.995745
0.995599
0.995455
0.995314
0.995175
0.99504
0.994907
0.994778
0.994653
0.994532
0.994417
0.994303
0.994193
0.994089
0.993989
0.993894
0.9938
0.993712
0.993626
0.993546
0.993464
0.993388
0.993315
0.993244
0.993176
0.993114
0.993054
0.992998
0.992948
0.992904
0.992864
0.992831
0.992804
0.992782
0.992768
0.992763
0.992766
0.992776
0.992793
0.992818
0.992847
0.992884
0.992926
0.992968
0.993007
0.993042
0.993065
0.993069
0.993043
0.99298
0.992866
0.992686
0.992417
0.992037
0.991522
0.990836
0.989941
0.988798
0.987355
0.985548
0.983316
0.98058
0.977251
0.973237
0.968431
0.962706
0.955892
0.947735
0.937819
0.925353
0.908652
0.883201
0.829297
0.625942
0.924277
0.981733
0.988086
0.99011
0.991199
0.992014
0.992879
0.993955
0.995317
0.996933
0.998399
0.999208
0.999606
0.999795
0.999747
0.99937
0.998628
0.997565
0.996279
0.994881
0.993489
0.992197
0.991078
0.990181
0.989528
0.989127
0.988961
0.988961
0.989108
0.989381
0.989754
0.990204
0.990707
0.991243
0.991795
0.992346
0.992888
0.993406
0.993897
0.994355
0.994777
0.99516
0.995506
0.995813
0.996084
0.996318
0.99652
0.996689
0.996825
0.996936
0.99702
0.997081
0.997117
0.997134
0.997132
0.997114
0.997081
0.997033
0.996977
0.996906
0.996829
0.996744
0.996653
0.996559
0.996458
0.996358
0.996253
0.996148
0.996044
0.99594
0.995836
0.995735
0.995636
0.995537
0.995443
0.995349
0.995258
0.99517
0.995085
0.995005
0.994924
0.994845
0.994772
0.9947
0.99463
0.994562
0.994497
0.994432
0.99437
0.994308
0.994249
0.994194
0.994139
0.994084
0.994037
0.99399
0.993944
0.993905
0.993867
0.993831
0.993801
0.993774
0.993748
0.993729
0.993711
0.993693
0.993674
0.993657
0.993634
0.993606
0.993569
0.993517
0.993443
0.993346
0.99321
0.993028
0.992784
0.992469
0.99206
0.991536
0.990871
0.990041
0.989004
0.987725
0.986163
0.984256
0.981952
0.979182
0.975871
0.971933
0.967265
0.961741
0.955189
0.947358
0.937824
0.925817
0.909714
0.885177
0.833519
0.636194
0.941981
0.985142
0.988904
0.990538
0.991466
0.992221
0.993023
0.994105
0.995539
0.997269
0.998796
0.999489
0.999776
0.999895
0.999719
0.999089
0.997965
0.996427
0.994623
0.992709
0.990839
0.989132
0.987679
0.986537
0.985726
0.98525
0.985083
0.985116
0.985348
0.985745
0.986276
0.986906
0.987605
0.988343
0.989099
0.989854
0.990588
0.991293
0.991963
0.992586
0.993164
0.993693
0.994174
0.994606
0.994992
0.995332
0.995632
0.995892
0.996115
0.996304
0.996462
0.996591
0.996694
0.996772
0.996829
0.996865
0.996887
0.996891
0.996882
0.99686
0.996827
0.996786
0.996737
0.996683
0.996621
0.996557
0.996489
0.996418
0.996345
0.996272
0.996198
0.996124
0.996048
0.995976
0.995905
0.995831
0.995763
0.995691
0.995626
0.995557
0.995494
0.995429
0.995368
0.995308
0.995251
0.995191
0.995133
0.995078
0.99502
0.994965
0.994908
0.994854
0.9948
0.994748
0.994695
0.994643
0.994591
0.99454
0.994493
0.994444
0.994395
0.994348
0.994297
0.994247
0.994194
0.994139
0.994078
0.994009
0.993933
0.993844
0.993738
0.993609
0.993456
0.993268
0.993036
0.992751
0.992403
0.991971
0.991442
0.990795
0.990007
0.98905
0.987894
0.986507
0.984842
0.982851
0.98049
0.977694
0.974394
0.970511
0.965947
0.960574
0.954222
0.94664
0.937406
0.925771
0.910145
0.886324
0.83626
0.643592
0.952958
0.986388
0.989497
0.990839
0.991647
0.992349
0.993148
0.994192
0.995696
0.997542
0.999132
0.999692
0.999884
0.999952
0.999621
0.998656
0.997035
0.994896
0.99245
0.989916
0.987481
0.985297
0.98347
0.982061
0.981091
0.980556
0.980417
0.980515
0.980869
0.981437
0.982174
0.983031
0.983969
0.984953
0.985953
0.986945
0.987908
0.988831
0.989702
0.990514
0.991267
0.991958
0.992588
0.993157
0.993669
0.994126
0.994533
0.994889
0.995202
0.995475
0.99571
0.995911
0.99608
0.996221
0.996337
0.996429
0.996501
0.996555
0.996592
0.996615
0.996624
0.996623
0.996611
0.996592
0.996565
0.996532
0.996494
0.996452
0.996407
0.996357
0.996306
0.996256
0.996203
0.996149
0.996095
0.99604
0.995984
0.99593
0.995874
0.995819
0.995765
0.995713
0.995661
0.995608
0.995556
0.995502
0.995449
0.995397
0.995341
0.995289
0.995233
0.995177
0.99512
0.995065
0.995006
0.994949
0.994889
0.994827
0.994766
0.9947
0.994635
0.994566
0.994491
0.994412
0.994329
0.994238
0.994137
0.994024
0.993897
0.993752
0.993584
0.993392
0.993166
0.992898
0.99258
0.992206
0.991761
0.99123
0.990598
0.989844
0.98895
0.987888
0.986633
0.985149
0.983397
0.981342
0.978933
0.976112
0.97282
0.968977
0.964491
0.959236
0.953042
0.945657
0.936666
0.925327
0.910088
0.886833
0.837976
0.648762
0.960504
0.987331
0.98997
0.99103
0.991733
0.992402
0.993211
0.994266
0.995787
0.997749
0.99941
0.999834
0.999946
0.99998
0.999452
0.998045
0.995787
0.992904
0.989691
0.986427
0.983346
0.980626
0.978389
0.976703
0.975588
0.975023
0.974883
0.97509
0.975627
0.97643
0.977437
0.978586
0.979824
0.981105
0.982395
0.983662
0.984887
0.986053
0.98715
0.988172
0.989117
0.989984
0.990774
0.991491
0.992137
0.992717
0.993236
0.993698
0.994105
0.994464
0.99478
0.995054
0.995291
0.995495
0.995669
0.995816
0.995939
0.99604
0.996122
0.996186
0.996235
0.99627
0.996295
0.996306
0.99631
0.996307
0.996295
0.996278
0.996257
0.996231
0.996201
0.996166
0.996131
0.996092
0.996052
0.996012
0.995969
0.995924
0.995879
0.995835
0.995786
0.995739
0.995692
0.995645
0.995596
0.995545
0.995495
0.995441
0.995388
0.995332
0.995275
0.995217
0.995155
0.995093
0.995028
0.994962
0.99489
0.994817
0.99474
0.994659
0.994576
0.994482
0.994386
0.994281
0.994164
0.994039
0.9939
0.993746
0.993574
0.993378
0.993154
0.992901
0.992609
0.992269
0.991881
0.991425
0.990895
0.990275
0.989552
0.988705
0.987719
0.986566
0.985224
0.98366
0.981839
0.979726
0.977276
0.974436
0.971147
0.967339
0.962912
0.957749
0.951683
0.944459
0.935666
0.924575
0.909651
0.886857
0.838923
0.652234
0.965927
0.988009
0.990241
0.991132
0.991745
0.992373
0.993199
0.994318
0.995826
0.99789
0.999635
0.999922
0.999979
0.999993
0.999202
0.997226
0.994172
0.990393
0.98628
0.98218
0.978372
0.975062
0.972389
0.970428
0.969194
0.968647
0.968536
0.968914
0.9697
0.970808
0.972152
0.973655
0.975249
0.976877
0.978497
0.980076
0.981591
0.983021
0.984362
0.98561
0.986758
0.98781
0.988769
0.989638
0.990424
0.991131
0.991765
0.992331
0.992836
0.993283
0.993678
0.994027
0.994334
0.994601
0.994834
0.995037
0.995208
0.995355
0.99548
0.995584
0.995672
0.995741
0.995797
0.995841
0.995873
0.995896
0.995909
0.995913
0.995913
0.995905
0.995893
0.995874
0.995854
0.995827
0.9958
0.995768
0.995734
0.995698
0.995661
0.995621
0.995579
0.995536
0.995491
0.995445
0.995396
0.995347
0.995294
0.995241
0.995185
0.995126
0.995064
0.994999
0.994932
0.994862
0.994789
0.99471
0.994628
0.994542
0.994449
0.994352
0.994247
0.994134
0.994012
0.99388
0.993736
0.993575
0.993402
0.993207
0.992991
0.992748
0.992474
0.992165
0.991811
0.991411
0.990951
0.990424
0.989818
0.98912
0.988317
0.987392
0.986325
0.985094
0.983677
0.982045
0.980161
0.978
0.975518
0.97266
0.969374
0.965589
0.961214
0.956128
0.950166
0.943077
0.934457
0.923573
0.908923
0.886509
0.839271
0.654395
0.969927
0.988486
0.99038
0.991145
0.99167
0.992264
0.993105
0.994292
0.995861
0.997959
0.999806
0.999971
0.999994
0.999998
0.998862
0.996159
0.992139
0.987307
0.982165
0.977131
0.972523
0.968572
0.965442
0.963215
0.961902
0.961438
0.961467
0.962095
0.963217
0.964708
0.966464
0.968384
0.970384
0.972399
0.97438
0.976294
0.978113
0.979825
0.981417
0.982892
0.984248
0.985487
0.986615
0.987638
0.988563
0.989398
0.990146
0.990817
0.991417
0.991953
0.992428
0.99285
0.993223
0.993552
0.993842
0.994095
0.994319
0.994509
0.994677
0.994818
0.994942
0.995044
0.99513
0.995202
0.995261
0.995306
0.995342
0.995367
0.995384
0.995393
0.995396
0.99539
0.995382
0.995365
0.995347
0.995324
0.995297
0.995266
0.995232
0.995195
0.995158
0.995114
0.99507
0.995025
0.994975
0.994925
0.994869
0.994812
0.994751
0.994687
0.994618
0.994546
0.994469
0.994391
0.994306
0.994217
0.994122
0.99402
0.993912
0.993794
0.99367
0.993537
0.993389
0.993231
0.993058
0.992868
0.992657
0.992426
0.992168
0.99188
0.991559
0.991198
0.99079
0.990328
0.989807
0.989215
0.988542
0.987778
0.986903
0.985906
0.984768
0.983469
0.981988
0.980293
0.978364
0.976162
0.973649
0.970778
0.967497
0.963735
0.959402
0.954381
0.94851
0.941538
0.933065
0.922371
0.907955
0.885861
0.839157
0.655541
0.972917
0.988813
0.990421
0.991066
0.991514
0.992064
0.992922
0.994184
0.995876
0.997972
0.999925
0.999993
0.999998
1
0.99842
0.994814
0.989643
0.983605
0.977317
0.971259
0.965781
0.96114
0.957529
0.955055
0.953729
0.953365
0.953641
0.954655
0.956247
0.958249
0.960518
0.962932
0.965393
0.967832
0.970196
0.972454
0.974582
0.97657
0.978411
0.980107
0.981661
0.983079
0.984369
0.985538
0.986593
0.98755
0.988407
0.989178
0.989867
0.990484
0.991037
0.991532
0.991968
0.992359
0.992703
0.993006
0.993274
0.993511
0.993716
0.993895
0.994049
0.994183
0.994298
0.994396
0.994476
0.994544
0.994597
0.99464
0.994674
0.994696
0.994711
0.994718
0.99472
0.994713
0.9947
0.994683
0.994661
0.994632
0.9946
0.994566
0.994528
0.994486
0.994439
0.994389
0.994337
0.994283
0.994222
0.994159
0.994092
0.994021
0.993945
0.993864
0.993779
0.993688
0.993591
0.993489
0.993379
0.993261
0.993135
0.993
0.992855
0.992698
0.992528
0.992345
0.992141
0.991919
0.991676
0.991408
0.991112
0.99078
0.990415
0.990005
0.989546
0.989032
0.988456
0.987802
0.98707
0.986242
0.985305
0.984246
0.983047
0.981689
0.980152
0.978411
0.976439
0.974201
0.971668
0.968788
0.965514
0.961768
0.957478
0.952519
0.946728
0.93986
0.931521
0.920996
0.906797
0.88498
0.838688
0.65589
0.97517
0.989004
0.990366
0.990879
0.991273
0.991777
0.992641
0.993983
0.995808
0.997984
0.999989
1
1
1
0.997857
0.993155
0.986648
0.97926
0.971726
0.964569
0.958155
0.952766
0.948644
0.945953
0.944707
0.944285
0.945003
0.946625
0.948901
0.951594
0.954513
0.95751
0.960486
0.963371
0.966124
0.968719
0.971137
0.973384
0.975449
0.977346
0.979079
0.980659
0.982092
0.983391
0.984563
0.985625
0.986582
0.987443
0.988215
0.988908
0.98953
0.990086
0.990583
0.991026
0.991421
0.991771
0.992082
0.992356
0.992598
0.992811
0.992996
0.993158
0.993297
0.993418
0.99352
0.993605
0.993676
0.993735
0.993781
0.993815
0.993841
0.993856
0.993865
0.993865
0.993856
0.993843
0.993824
0.993798
0.993765
0.993731
0.99369
0.993644
0.993594
0.993543
0.993485
0.993424
0.993359
0.993287
0.99321
0.993131
0.993044
0.992953
0.992858
0.992753
0.992644
0.992525
0.9924
0.992265
0.992123
0.991969
0.991802
0.991623
0.991428
0.991216
0.990984
0.990733
0.990458
0.990155
0.98982
0.989452
0.989042
0.988589
0.988084
0.98752
0.98689
0.986187
0.985401
0.984517
0.983522
0.982411
0.981159
0.979751
0.978167
0.976387
0.97438
0.972117
0.969568
0.966681
0.963412
0.959693
0.95544
0.950533
0.944821
0.938056
0.929844
0.919478
0.905482
0.883907
0.837937
0.655601
0.976842
0.989096
0.990237
0.990624
0.990942
0.991386
0.992255
0.993679
0.995655
0.997994
1
0.999999
0.999998
0.999999
0.99716
0.991154
0.983128
0.97427
0.965415
0.957108
0.949699
0.943478
0.938773
0.935895
0.934869
0.93482
0.936187
0.938614
0.941737
0.945235
0.94887
0.952481
0.955969
0.959277
0.962385
0.965271
0.967943
0.9704
0.972652
0.97471
0.976587
0.978295
0.979846
0.98125
0.98252
0.983671
0.984708
0.98564
0.986483
0.987242
0.98792
0.988531
0.989078
0.989568
0.990004
0.990395
0.990743
0.991052
0.991327
0.991568
0.99178
0.991964
0.992127
0.992268
0.992386
0.99249
0.992574
0.992645
0.992702
0.992745
0.992778
0.992798
0.992812
0.992815
0.992811
0.992798
0.992776
0.992752
0.992718
0.99268
0.992634
0.992587
0.992532
0.992473
0.992409
0.99234
0.992264
0.992184
0.992099
0.992009
0.991912
0.991807
0.991698
0.991581
0.991455
0.991322
0.99118
0.99103
0.990867
0.990691
0.990506
0.990301
0.990082
0.989846
0.989586
0.989305
0.989
0.98866
0.988293
0.987886
0.987437
0.986942
0.986393
0.985785
0.985109
0.984358
0.983522
0.98259
0.98155
0.98039
0.979093
0.977644
0.97602
0.974207
0.972174
0.969892
0.967333
0.964449
0.961191
0.957496
0.953278
0.948432
0.942796
0.936132
0.928048
0.91784
0.904028
0.882685
0.836959
0.654803
0.97806
0.989106
0.990044
0.990299
0.990515
0.990887
0.99175
0.99326
0.995407
0.997956
1
1
0.999998
0.999997
0.996323
0.988786
0.979072
0.968656
0.958453
0.948981
0.94052
0.933335
0.92788
0.924836
0.923607
0.924423
0.927103
0.930913
0.935252
0.939725
0.944106
0.948288
0.952207
0.955848
0.959214
0.96231
0.965149
0.967752
0.970128
0.972294
0.974269
0.976062
0.977691
0.979166
0.980507
0.981719
0.982812
0.983804
0.984697
0.985502
0.986227
0.98688
0.987466
0.987993
0.988467
0.988886
0.989263
0.9896
0.9899
0.990164
0.990396
0.990601
0.99078
0.990936
0.991071
0.991186
0.991281
0.991359
0.991425
0.991475
0.991514
0.991538
0.991552
0.991556
0.991552
0.991539
0.991516
0.991487
0.99145
0.991408
0.991357
0.9913
0.991239
0.99117
0.991098
0.991021
0.990935
0.990844
0.990748
0.990643
0.990534
0.990417
0.990293
0.99016
0.990019
0.989868
0.989711
0.989539
0.989355
0.989161
0.988951
0.988726
0.988481
0.988218
0.987932
0.987623
0.987285
0.986915
0.986513
0.986071
0.985587
0.985052
0.984463
0.983816
0.983099
0.982306
0.981426
0.980453
0.979374
0.978173
0.976837
0.975356
0.973705
0.971865
0.969813
0.96752
0.964956
0.962076
0.958834
0.955167
0.950996
0.946209
0.94065
0.934089
0.926133
0.916086
0.902463
0.881338
0.835791
0.653582
0.978897
0.989044
0.989791
0.989873
0.989944
0.990272
0.991121
0.992713
0.995051
0.997858
0.999997
0.999997
0.999998
0.999996
0.995335
0.986026
0.974476
0.962479
0.95097
0.94039
0.930855
0.922516
0.915913
0.912564
0.911467
0.914235
0.919246
0.924985
0.930654
0.93597
0.940884
0.945404
0.94955
0.953347
0.956822
0.959998
0.9629
0.965552
0.967971
0.970174
0.972183
0.974016
0.975678
0.977187
0.978557
0.979804
0.980932
0.981952
0.982875
0.98371
0.984463
0.985143
0.985755
0.986307
0.986802
0.987246
0.987644
0.987998
0.988315
0.988597
0.988844
0.989061
0.989254
0.98942
0.989561
0.989685
0.989787
0.98987
0.98994
0.989991
0.99003
0.990057
0.99007
0.990072
0.990065
0.990049
0.99002
0.989985
0.989943
0.989892
0.989835
0.989768
0.989697
0.98962
0.989536
0.989447
0.989348
0.989244
0.989135
0.989017
0.988892
0.98876
0.988619
0.988471
0.988313
0.988146
0.987966
0.987776
0.987573
0.987356
0.987124
0.986874
0.986606
0.986319
0.986005
0.985668
0.9853
0.9849
0.984465
0.983991
0.983473
0.982904
0.982281
0.981596
0.980842
0.980012
0.979097
0.978088
0.976971
0.975741
0.974378
0.972867
0.971193
0.969337
0.967273
0.964976
0.96241
0.959544
0.956325
0.952695
0.948572
0.943854
0.938383
0.931926
0.924111
0.914229
0.9008
0.879884
0.834471
0.651998
0.979397
0.988919
0.989485
0.989366
0.989246
0.989539
0.990353
0.992023
0.99457
0.997697
1
1
0.999998
1
0.994185
0.982851
0.969359
0.955849
0.943202
0.931719
0.921228
0.911584
0.90296
0.896289
0.899019
0.908306
0.916684
0.923151
0.929087
0.934565
0.939622
0.944106
0.948196
0.951917
0.955318
0.958429
0.961271
0.963868
0.966242
0.968408
0.97039
0.972194
0.973845
0.97534
0.976705
0.977945
0.979076
0.980101
0.981031
0.981876
0.982635
0.983325
0.983948
0.98451
0.985016
0.98547
0.985876
0.986243
0.986566
0.986856
0.987111
0.987335
0.987531
0.9877
0.987848
0.987971
0.988075
0.98816
0.988227
0.988279
0.988316
0.988337
0.988346
0.988344
0.988331
0.988304
0.98827
0.988227
0.988174
0.988113
0.988046
0.987967
0.987885
0.987793
0.987697
0.987593
0.987482
0.987363
0.987239
0.987104
0.986962
0.986814
0.986657
0.98649
0.986313
0.986125
0.985926
0.985715
0.985492
0.985254
0.984998
0.984725
0.984432
0.984117
0.983779
0.983412
0.983019
0.982589
0.982126
0.981622
0.981072
0.980471
0.979817
0.979101
0.978316
0.977454
0.976511
0.975471
0.974329
0.973071
0.971684
0.970155
0.968467
0.966602
0.964533
0.962237
0.959684
0.956838
0.953648
0.95006
0.945995
0.941348
0.935976
0.929648
0.921979
0.912267
0.899048
0.878335
0.833013
0.650079
0.979565
0.988759
0.989173
0.988852
0.988532
0.988695
0.989442
0.991176
0.99394
0.997465
0.999998
1
1
0.999998
0.992857
0.979217
0.963757
0.948955
0.935563
0.923716
0.912883
0.902614
0.892042
0.898305
0.904139
0.911797
0.918796
0.924672
0.930108
0.935137
0.939776
0.943932
0.94774
0.951227
0.954496
0.957597
0.960266
0.962711
0.964953
0.967009
0.968893
0.970622
0.972202
0.973644
0.974961
0.976166
0.977263
0.978259
0.979172
0.979999
0.980748
0.981427
0.982042
0.982599
0.983099
0.98355
0.983956
0.984317
0.984641
0.984929
0.98518
0.985402
0.985598
0.985763
0.985907
0.986028
0.986125
0.986206
0.986267
0.986312
0.98634
0.986355
0.986356
0.986342
0.986318
0.986284
0.986237
0.986181
0.986117
0.986044
0.98596
0.985871
0.98577
0.985666
0.985553
0.985432
0.985304
0.985169
0.985026
0.984874
0.984713
0.984546
0.984368
0.984182
0.983985
0.983778
0.983557
0.983325
0.983079
0.982818
0.982538
0.982241
0.981923
0.981585
0.98122
0.980829
0.980409
0.979954
0.979461
0.97893
0.978353
0.977725
0.977041
0.976298
0.975486
0.974601
0.973629
0.972567
0.971405
0.970129
0.968729
0.967188
0.965491
0.963621
0.961556
0.959273
0.95674
0.953924
0.950771
0.94724
0.943244
0.938694
0.933427
0.927235
0.919729
0.910217
0.897202
0.876697
0.831424
0.647823
0.979381
0.988567
0.988895
0.988382
0.98778
0.987728
0.988396
0.990152
0.993128
0.997156
0.999998
1
1
0.999999
0.991338
0.975069
0.957745
0.942143
0.928809
0.917839
0.908758
0.905514
0.906325
0.908655
0.912969
0.918334
0.923575
0.928396
0.932964
0.937243
0.941222
0.944859
0.948231
0.951362
0.954316
0.95711
0.959544
0.961964
0.964068
0.965948
0.967683
0.969276
0.970741
0.972086
0.973319
0.974449
0.975482
0.976425
0.977284
0.978068
0.978788
0.979436
0.980026
0.980559
0.981039
0.981471
0.98186
0.982206
0.982516
0.982789
0.98303
0.983242
0.983422
0.983579
0.983709
0.983818
0.983906
0.983973
0.984021
0.984053
0.98407
0.98407
0.984057
0.984031
0.983994
0.983943
0.983882
0.98381
0.983729
0.983637
0.983539
0.98343
0.983314
0.983191
0.983058
0.982919
0.982772
0.982615
0.982451
0.98228
0.9821
0.98191
0.981713
0.981503
0.981285
0.981055
0.980812
0.980558
0.980288
0.980002
0.9797
0.97938
0.979037
0.978673
0.978285
0.977869
0.977421
0.976942
0.976424
0.975868
0.975266
0.974612
0.973907
0.973139
0.972306
0.971398
0.970411
0.969333
0.968155
0.966867
0.965458
0.963916
0.962219
0.960357
0.958304
0.956043
0.953538
0.950759
0.947665
0.944198
0.940292
0.935845
0.930722
0.924688
0.917367
0.90806
0.89527
0.874972
0.829699
0.645187
0.979003
0.988147
0.988665
0.988116
0.987082
0.986463
0.987255
0.988957
0.992088
0.996747
0.999998
0.999998
1
0.999998
0.989576
0.970323
0.951476
0.936036
0.924318
0.918042
0.915282
0.915122
0.916513
0.918604
0.921853
0.925656
0.929516
0.933263
0.936883
0.940327
0.943573
0.946603
0.949458
0.952148
0.954698
0.957098
0.959261
0.961383
0.963253
0.96517
0.966702
0.968118
0.969432
0.97064
0.971749
0.972771
0.973705
0.974567
0.975355
0.976072
0.97673
0.977324
0.977867
0.978359
0.9788
0.979199
0.979556
0.979873
0.980153
0.980402
0.980618
0.980807
0.980967
0.981101
0.981212
0.9813
0.981368
0.981416
0.981445
0.981457
0.981454
0.981437
0.981402
0.981358
0.981299
0.981229
0.981147
0.981055
0.980955
0.980842
0.980722
0.980592
0.980454
0.980307
0.980153
0.97999
0.979821
0.979641
0.979456
0.979261
0.979056
0.978843
0.978621
0.97839
0.978147
0.977892
0.977626
0.977347
0.977052
0.976742
0.976417
0.976069
0.975704
0.975314
0.974903
0.974461
0.973989
0.973487
0.972947
0.972365
0.971741
0.971068
0.970342
0.969557
0.968705
0.967782
0.966782
0.965693
0.964507
0.963218
0.961808
0.960269
0.958583
0.956735
0.954709
0.952478
0.950016
0.947297
0.944276
0.940902
0.93711
0.9328
0.927833
0.921984
0.914875
0.905799
0.893249
0.873154
0.827814
0.642075
0.978605
0.987263
0.988292
0.987943
0.987015
0.985737
0.986153
0.987622
0.990754
0.996196
1
0.999999
1
0.999997
0.9875
0.964845
0.945309
0.931848
0.926437
0.924031
0.923647
0.924586
0.925678
0.92761
0.930095
0.932851
0.935681
0.938489
0.941237
0.943888
0.946425
0.948846
0.951157
0.953361
0.955459
0.957439
0.959277
0.961055
0.962678
0.964319
0.965793
0.967068
0.968191
0.969233
0.97019
0.971072
0.971887
0.972636
0.973318
0.97395
0.974521
0.975044
0.975515
0.975945
0.976328
0.976676
0.976982
0.977257
0.977495
0.977704
0.977883
0.978035
0.97816
0.978264
0.978342
0.978401
0.978439
0.97846
0.97846
0.978446
0.978415
0.978372
0.978311
0.97824
0.978155
0.978059
0.977952
0.977832
0.977707
0.977567
0.977422
0.977266
0.977101
0.976929
0.976746
0.976558
0.97636
0.976156
0.975942
0.97572
0.97549
0.975251
0.975001
0.974743
0.974474
0.974193
0.973898
0.973593
0.973271
0.972935
0.972583
0.97221
0.971818
0.971406
0.970968
0.970502
0.970009
0.969482
0.96892
0.968317
0.967675
0.966982
0.96624
0.96544
0.964576
0.963642
0.962634
0.961542
0.960354
0.959067
0.957668
0.956143
0.954477
0.95266
0.950677
0.948498
0.946105
0.943469
0.940545
0.937294
0.933651
0.929508
0.924736
0.919109
0.912242
0.903424
0.891127
0.871229
0.825722
0.638298
0.978162
0.985877
0.987549
0.987636
0.987073
0.98626
0.985597
0.986289
0.989034
0.995475
1
1
1
1
0.984977
0.958443
0.940105
0.933842
0.931765
0.931436
0.932113
0.932754
0.933994
0.935631
0.937505
0.939499
0.941532
0.943562
0.945563
0.947518
0.949418
0.951258
0.953031
0.954737
0.956374
0.957933
0.959412
0.960833
0.962174
0.963503
0.964719
0.965938
0.966899
0.967748
0.968528
0.969247
0.969913
0.970522
0.971085
0.971594
0.972063
0.972488
0.972869
0.973216
0.973524
0.973796
0.974038
0.974248
0.974428
0.974581
0.974709
0.974811
0.974887
0.974946
0.974983
0.974999
0.974996
0.974976
0.974939
0.974889
0.974822
0.974742
0.974647
0.974542
0.974421
0.974293
0.974151
0.974001
0.97384
0.97367
0.973492
0.973303
0.973108
0.972902
0.972688
0.972468
0.972238
0.972001
0.971755
0.971501
0.971241
0.970969
0.97069
0.970401
0.970099
0.969787
0.969465
0.969129
0.968779
0.968412
0.968031
0.967631
0.967211
0.966773
0.966306
0.965818
0.965299
0.964751
0.964164
0.963545
0.962883
0.962174
0.961416
0.960605
0.959732
0.958793
0.957784
0.956695
0.955515
0.954243
0.952865
0.95137
0.949751
0.947984
0.946067
0.943973
0.941681
0.939163
0.936387
0.933305
0.929852
0.92593
0.921402
0.91604
0.909455
0.900922
0.888892
0.869168
0.823337
0.633547
0.977618
0.983953
0.986137
0.986794
0.986751
0.986403
0.986098
0.98545
0.986782
0.994483
1
1
0.999999
1
0.981769
0.950882
0.940098
0.938408
0.938313
0.938814
0.939289
0.940171
0.941295
0.942561
0.943907
0.94529
0.946686
0.948077
0.949459
0.950819
0.952153
0.953458
0.954728
0.955959
0.957154
0.958303
0.959407
0.960474
0.961501
0.962501
0.963442
0.964392
0.965338
0.965971
0.966549
0.967082
0.967574
0.968023
0.968433
0.968803
0.969141
0.969444
0.969717
0.969955
0.970165
0.970347
0.9705
0.970627
0.97073
0.970809
0.970866
0.970901
0.970917
0.970912
0.970891
0.970852
0.970795
0.970723
0.970635
0.970533
0.970421
0.970292
0.970152
0.970002
0.969839
0.969665
0.969482
0.969289
0.969087
0.968874
0.968654
0.968427
0.96819
0.967944
0.96769
0.96743
0.967161
0.966883
0.966599
0.966307
0.966008
0.965698
0.965381
0.965052
0.964714
0.964366
0.964008
0.963636
0.963251
0.962851
0.962433
0.962001
0.96155
0.961079
0.960584
0.960066
0.959519
0.958944
0.958337
0.957695
0.957014
0.956292
0.955522
0.954701
0.953827
0.952894
0.951893
0.95082
0.94967
0.948434
0.947106
0.945677
0.944132
0.942467
0.940662
0.938708
0.936574
0.934245
0.93168
0.928837
0.925642
0.922009
0.917789
0.91275
0.906494
0.898282
0.886522
0.866917
0.820475
0.627249
0.976853
0.981384
0.983684
0.984826
0.985321
0.985442
0.985348
0.985143
0.983958
0.993052
0.999999
1
1
1
0.977356
0.944538
0.943779
0.944008
0.944379
0.944831
0.945508
0.946297
0.947134
0.947993
0.94886
0.94973
0.9506
0.951467
0.952327
0.953181
0.954024
0.95485
0.955664
0.956459
0.957237
0.957987
0.958722
0.959434
0.960121
0.960788
0.961432
0.96209
0.962895
0.963346
0.96371
0.964037
0.96433
0.964594
0.96483
0.965038
0.965222
0.965378
0.965506
0.965614
0.965702
0.965762
0.965804
0.965827
0.965827
0.965809
0.965774
0.965723
0.965654
0.965568
0.965465
0.96535
0.965221
0.965079
0.964923
0.964754
0.964575
0.964383
0.96418
0.963969
0.963745
0.963514
0.963273
0.963023
0.962763
0.962496
0.96222
0.961936
0.961645
0.961345
0.961038
0.960724
0.960401
0.960073
0.959734
0.959391
0.959039
0.958676
0.958307
0.957929
0.957541
0.957144
0.956735
0.956314
0.95588
0.955435
0.954974
0.954498
0.954003
0.953493
0.952959
0.952408
0.95183
0.951229
0.950599
0.949941
0.94925
0.948523
0.947759
0.946953
0.946104
0.945207
0.944259
0.943253
0.942184
0.941049
0.939844
0.938554
0.937176
0.935703
0.934112
0.932401
0.930534
0.9285
0.926253
0.923751
0.920921
0.917674
0.913849
0.909206
0.903338
0.895475
0.883973
0.86435
0.816649
0.617342
0.975238
0.97788
0.979614
0.980767
0.981534
0.98202
0.98227
0.982172
0.982028
0.990266
1
1
0.999998
1
0.969798
0.946682
0.946963
0.947232
0.947621
0.948069
0.94853
0.948982
0.949427
0.949868
0.950301
0.950735
0.951166
0.951593
0.952018
0.952436
0.952852
0.953259
0.953655
0.954048
0.954426
0.954793
0.955154
0.9555
0.955834
0.95616
0.956483
0.956828
0.957317
0.957543
0.957668
0.957756
0.957826
0.957865
0.957889
0.957896
0.957883
0.957849
0.957804
0.957738
0.957657
0.957558
0.957448
0.957321
0.957179
0.957023
0.956856
0.956671
0.956478
0.956268
0.95605
0.955818
0.955575
0.955323
0.955058
0.954784
0.954501
0.954208
0.953905
0.953592
0.953271
0.952943
0.952607
0.95226
0.951906
0.951544
0.951175
0.950799
0.950415
0.950022
0.949621
0.949213
0.948802
0.948387
0.947966
0.947545
0.947117
0.946686
0.946251
0.94581
0.945362
0.944912
0.944455
0.943992
0.943522
0.943047
0.942565
0.942076
0.941576
0.94107
0.940554
0.940028
0.93949
0.938943
0.938382
0.937807
0.937215
0.936609
0.935984
0.935338
0.93467
0.933976
0.933254
0.9325
0.931708
0.930874
0.929993
0.929057
0.928057
0.926983
0.925822
0.924555
0.923161
0.921609
0.919859
0.917869
0.915559
0.912831
0.909519
0.905373
0.899963
0.892483
0.881189
0.861271
0.810717
0.592217
)
;

boundaryField
{
    walls
    {
        type            zeroGradient;
    }
    top
    {
        type            zeroGradient;
    }
    bottom
    {
        type            zeroGradient;
    }
    frontAndBack
    {
        type            empty;
    }
    inlet
    {
        type            uniformFixedValue;
        uniformValue    
        {
            type            constant;
            value           1;
        }
        value           uniform 1;
    }
    outlet
    {
        type            zeroGradient;
    }
}


// ************************************************************************* //
