/*--------------------------------*- C++ -*----------------------------------*\
  =========                 |
  \\      /  F ield         | OpenFOAM: The Open Source CFD Toolbox
   \\    /   O peration     | Website:  https://openfoam.org
    \\  /    A nd           | Version:  12
     \\/     M anipulation  |
\*---------------------------------------------------------------------------*/
FoamFile
{
    format      ascii;
    class       volScalarField;
    location    "295";
    object      T;
}
// * * * * * * * * * * * * * * * * * * * * * * * * * * * * * * * * * * * * * //

dimensions      [];

internalField   nonuniform List<scalar> 
4480
(
1.54426e-08
1.65861e-06
0.00101491
0.0197667
0.0776104
0.161442
0.251863
0.337284
0.412828
0.477366
0.531497
0.576463
0.61362
0.644236
0.669399
0.690018
0.706836
0.720459
0.73137
0.73996
0.746552
0.7514
0.754714
0.756661
0.75738
0.756986
0.755572
0.753605
0.751613
0.749585
0.747512
0.745384
0.743187
0.740911
0.738546
0.73608
0.733501
0.730798
0.727953
0.724959
0.7218
0.718458
0.714918
0.711167
0.707186
0.702955
0.698455
0.693671
0.688577
0.68315
0.677373
0.671224
0.664671
0.657695
0.650268
0.642362
0.633954
0.625017
0.615514
0.605422
0.594703
0.583327
0.571254
0.558448
0.544856
0.530437
0.51512
0.49885
0.481538
0.463115
0.443488
0.42259
0.400368
0.376814
0.351974
0.325972
0.299017
0.271409
0.243529
0.215818
0.188753
0.162804
0.138407
0.116051
0.0960109
0.0784209
0.0633013
0.0505698
0.0400614
0.0315529
0.0247874
0.0194973
0.0154229
0.0123259
0.00999787
0.00826347
0.00698104
0.00603979
0.00535612
0.00486903
0.0045358
0.00432817
0.00422923
0.00423138
0.00433473
0.00454689
0.00488337
0.00536875
0.00603915
0.00694578
0.00815985
0.00977942
0.0119384
0.0148183
0.0186618
0.0237902
0.0306192
0.0396768
0.0516215
0.0673049
0.0880241
0.116092
0.155455
0.214724
0.324542
0.517366
0.684098
0.839345
0.809794
0.575171
0.400163
0.221073
0.113792
0.058182
0.0275154
0.0114618
0.003928
0.000968971
0.000133138
5.23525e-06
7.94719e-09
9.48863e-05
0.0121659
0.094736
0.234336
0.378384
0.501355
0.598215
0.672039
0.727779
0.769978
0.802201
0.827084
0.846507
0.861803
0.873935
0.88359
0.891272
0.897355
0.902123
0.905792
0.908521
0.910443
0.911655
0.912238
0.912249
0.91174
0.910577
0.908708
0.9062
0.903116
0.899522
0.895479
0.891042
0.886262
0.88119
0.875868
0.870332
0.864611
0.858737
0.85273
0.846608
0.840379
0.834057
0.827646
0.821145
0.814555
0.807869
0.80108
0.794179
0.787153
0.779996
0.772686
0.76521
0.757553
0.749694
0.741623
0.733316
0.724755
0.715927
0.706804
0.697378
0.687619
0.677513
0.66704
0.656179
0.644901
0.633181
0.620995
0.608312
0.595092
0.581302
0.566901
0.551851
0.536105
0.519633
0.502398
0.48437
0.465541
0.445898
0.425451
0.404235
0.382293
0.359772
0.33684
0.31366
0.290432
0.267381
0.244744
0.222767
0.201687
0.181722
0.163064
0.145864
0.13023
0.116222
0.103862
0.0931245
0.0839561
0.0762783
0.0699985
0.0650189
0.0612477
0.058605
0.057033
0.0564985
0.0570022
0.0585808
0.0613156
0.0653356
0.070826
0.0780335
0.087277
0.0989518
0.113536
0.131593
0.153772
0.180808
0.213537
0.252963
0.300415
0.357729
0.427138
0.510917
0.610092
0.71767
0.815499
0.88843
0.856843
0.689416
0.525042
0.371618
0.243935
0.147556
0.0805914
0.0384462
0.0151332
0.00441527
0.000770228
4.84045e-05
2.12278e-06
0.00147852
0.0570588
0.228335
0.419675
0.573773
0.683662
0.758921
0.810363
0.846178
0.871834
0.89081
0.905255
0.916511
0.925428
0.932566
0.938309
0.942927
0.946625
0.949555
0.95184
0.95357
0.954824
0.95566
0.956123
0.956252
0.956074
0.955543
0.954611
0.953294
0.951603
0.949542
0.947121
0.944342
0.941219
0.93776
0.933982
0.9299
0.925534
0.920899
0.916019
0.910911
0.905597
0.900093
0.894415
0.888584
0.882606
0.876497
0.870264
0.863916
0.85746
0.850896
0.844225
0.837447
0.830566
0.82357
0.816463
0.809237
0.801884
0.794401
0.78678
0.779016
0.771096
0.76302
0.754775
0.746351
0.737744
0.728941
0.719929
0.710704
0.701243
0.691542
0.68158
0.671344
0.660808
0.649962
0.638783
0.627243
0.615323
0.603002
0.590245
0.577037
0.563343
0.549143
0.534433
0.519212
0.503481
0.487251
0.470551
0.453434
0.435968
0.418246
0.400386
0.382521
0.364811
0.347431
0.330566
0.314408
0.299153
0.284992
0.272106
0.260668
0.25084
0.242767
0.236593
0.232452
0.230477
0.230817
0.23363
0.239097
0.247425
0.258851
0.273639
0.292075
0.314458
0.341081
0.372215
0.408085
0.448858
0.494627
0.545382
0.600895
0.660449
0.722441
0.784028
0.84079
0.88697
0.915832
0.891938
0.777621
0.647285
0.508576
0.372185
0.249849
0.150722
0.0791789
0.0344138
0.0112573
0.00229994
0.000185997
5.80182e-05
0.0103191
0.155648
0.396326
0.592531
0.721025
0.799965
0.848626
0.879823
0.901049
0.916458
0.928281
0.937706
0.945372
0.951658
0.956816
0.961038
0.964466
0.967227
0.969422
0.971138
0.972447
0.973407
0.97407
0.974471
0.974638
0.974596
0.974328
0.973818
0.973073
0.972095
0.970881
0.969429
0.967733
0.965786
0.963586
0.96113
0.958412
0.955438
0.952208
0.948731
0.945011
0.941059
0.936887
0.932507
0.927932
0.923175
0.91825
0.913169
0.907947
0.902593
0.897118
0.891534
0.885846
0.880064
0.874195
0.868242
0.862208
0.856101
0.849918
0.843666
0.837339
0.830945
0.824481
0.817943
0.811333
0.804651
0.797889
0.79105
0.784125
0.777112
0.77001
0.762808
0.755506
0.748092
0.740561
0.732907
0.725123
0.717197
0.709116
0.700878
0.692471
0.683887
0.675085
0.666078
0.656851
0.647395
0.637705
0.627773
0.617597
0.607183
0.596547
0.585715
0.574718
0.563614
0.552461
0.541354
0.530388
0.519692
0.50941
0.499709
0.490767
0.482785
0.475976
0.470567
0.466781
0.464862
0.465041
0.467552
0.472617
0.480447
0.491229
0.505123
0.522248
0.542665
0.566372
0.593288
0.623233
0.655921
0.690937
0.727718
0.765479
0.803156
0.839325
0.872205
0.899675
0.919174
0.927342
0.910035
0.83453
0.737857
0.621783
0.490834
0.356135
0.232107
0.131508
0.0616316
0.0218255
0.00490434
0.000455877
0.000626972
0.0415852
0.302378
0.564965
0.727994
0.817324
0.86638
0.895107
0.913694
0.927152
0.937824
0.946725
0.954258
0.960606
0.965893
0.970235
0.97376
0.976582
0.97881
0.980544
0.981873
0.982866
0.983586
0.984079
0.984385
0.984531
0.984535
0.984393
0.984084
0.983611
0.982979
0.982185
0.98123
0.980107
0.978811
0.977337
0.975675
0.973823
0.971771
0.969519
0.967061
0.9644
0.961533
0.958467
0.955203
0.951752
0.948121
0.944319
0.940355
0.936241
0.93199
0.927611
0.923117
0.918517
0.913826
0.909052
0.904204
0.899287
0.894316
0.889293
0.884226
0.87912
0.873983
0.868818
0.863623
0.858409
0.853172
0.847915
0.842641
0.837347
0.832036
0.826702
0.82135
0.815975
0.810576
0.805149
0.799697
0.79421
0.788685
0.783128
0.777528
0.771887
0.766204
0.760453
0.754646
0.748783
0.742861
0.736879
0.730844
0.724758
0.718628
0.712464
0.706284
0.700105
0.693953
0.687862
0.681877
0.676053
0.67045
0.665152
0.660245
0.655838
0.652054
0.649029
0.646908
0.645855
0.646033
0.647611
0.650757
0.655633
0.66237
0.671089
0.681865
0.694733
0.70967
0.726587
0.745331
0.765667
0.787279
0.809756
0.832595
0.855181
0.876759
0.896433
0.913143
0.925634
0.932305
0.930903
0.916376
0.866628
0.796203
0.705064
0.590043
0.456252
0.317532
0.191918
0.0957586
0.0360197
0.008607
0.000864821
0.00377102
0.113422
0.47081
0.704922
0.818537
0.872798
0.901233
0.918497
0.930862
0.941031
0.950026
0.958017
0.964935
0.970748
0.975497
0.979293
0.982267
0.984551
0.986273
0.98754
0.988451
0.989089
0.98952
0.989794
0.989951
0.990018
0.990013
0.989937
0.989745
0.989442
0.989029
0.988504
0.987864
0.987106
0.986223
0.98521
0.984061
0.982768
0.981325
0.97973
0.977974
0.976053
0.973965
0.971712
0.969293
0.966708
0.963963
0.961062
0.958015
0.954825
0.951505
0.948063
0.94451
0.940856
0.93711
0.933287
0.929395
0.925443
0.921439
0.917397
0.913326
0.909227
0.905113
0.900988
0.896857
0.892729
0.888601
0.884482
0.880376
0.876278
0.872195
0.868125
0.864071
0.860033
0.856006
0.851996
0.847994
0.844009
0.840034
0.836068
0.832112
0.828169
0.824238
0.820303
0.816366
0.812436
0.808516
0.804609
0.800718
0.796853
0.793026
0.789245
0.785526
0.781884
0.778345
0.774931
0.771675
0.768614
0.765784
0.763235
0.761027
0.759217
0.757881
0.757096
0.756944
0.757518
0.758908
0.761213
0.764522
0.768916
0.774471
0.781233
0.789232
0.798462
0.808883
0.820403
0.832894
0.846164
0.859976
0.874023
0.88794
0.901285
0.913532
0.924059
0.932121
0.936801
0.9369
0.930767
0.916104
0.882724
0.829953
0.76025
0.665232
0.542153
0.399492
0.255728
0.134858
0.0533512
0.0133379
0.00140791
0.0151295
0.232956
0.628844
0.802225
0.870927
0.901941
0.919092
0.930908
0.940728
0.94986
0.958526
0.966355
0.973014
0.978417
0.982649
0.985871
0.988247
0.989938
0.991084
0.991815
0.992239
0.992448
0.992519
0.992512
0.992465
0.992408
0.992353
0.992306
0.992198
0.992031
0.991799
0.991498
0.99112
0.99066
0.99011
0.989461
0.988708
0.987843
0.98686
0.985754
0.984518
0.983147
0.981642
0.979997
0.978214
0.976289
0.974225
0.972026
0.969697
0.967242
0.964668
0.961984
0.959197
0.956315
0.953351
0.950313
0.947208
0.944052
0.940853
0.937617
0.934355
0.931075
0.927786
0.924492
0.921206
0.917928
0.914662
0.911417
0.908193
0.904995
0.901822
0.89868
0.895564
0.892482
0.88943
0.886407
0.883414
0.88045
0.877519
0.87462
0.871746
0.868906
0.866102
0.863309
0.860544
0.857807
0.855099
0.852426
0.849795
0.847212
0.844684
0.842223
0.839845
0.837557
0.835383
0.833336
0.831446
0.829734
0.828229
0.826967
0.825981
0.825317
0.825016
0.825124
0.825694
0.826776
0.828423
0.830687
0.833613
0.837248
0.841615
0.846737
0.852614
0.859227
0.866527
0.874435
0.882848
0.89162
0.900562
0.909445
0.917988
0.925851
0.932634
0.937853
0.940919
0.941099
0.937454
0.928742
0.913401
0.888543
0.84778
0.793545
0.717194
0.60963
0.471846
0.31798
0.176358
0.0730071
0.0189723
0.00208411
0.0455492
0.387339
0.750824
0.859326
0.898269
0.917016
0.928887
0.938405
0.94738
0.956449
0.965318
0.973165
0.979547
0.984453
0.988074
0.990638
0.992347
0.993372
0.993869
0.993978
0.993825
0.99352
0.993155
0.992795
0.992488
0.992261
0.992128
0.992083
0.992044
0.992002
0.991946
0.991864
0.991744
0.991575
0.991344
0.991039
0.990651
0.990172
0.989595
0.988909
0.988115
0.987203
0.986172
0.98502
0.983743
0.982347
0.980827
0.979187
0.97743
0.975563
0.973587
0.97151
0.969341
0.967087
0.964754
0.962353
0.959894
0.957385
0.954835
0.952254
0.949651
0.947029
0.944403
0.941777
0.939154
0.936547
0.933956
0.931389
0.928844
0.926328
0.923845
0.921396
0.918977
0.916598
0.91425
0.91194
0.909667
0.907428
0.905228
0.903062
0.900931
0.898842
0.896787
0.894766
0.892768
0.890805
0.888876
0.886984
0.885138
0.883345
0.881602
0.879928
0.878329
0.876812
0.875394
0.874091
0.872918
0.871894
0.871038
0.870378
0.869932
0.869737
0.86981
0.870191
0.870909
0.871992
0.873477
0.875384
0.877747
0.880579
0.883897
0.887696
0.891967
0.896686
0.901804
0.907251
0.912938
0.918741
0.924506
0.93005
0.935135
0.939493
0.942786
0.944618
0.944498
0.941823
0.935835
0.925592
0.909997
0.887912
0.856306
0.811954
0.750113
0.658377
0.53092
0.374441
0.21753
0.0939905
0.0253623
0.00290122
0.112014
0.54682
0.826034
0.88857
0.912407
0.925496
0.934983
0.943565
0.952426
0.961852
0.971111
0.978938
0.984898
0.989178
0.992103
0.993954
0.994936
0.995221
0.994973
0.994351
0.993508
0.992579
0.991675
0.990879
0.990246
0.989808
0.989569
0.989517
0.989542
0.989632
0.989766
0.989924
0.990084
0.99023
0.99034
0.990398
0.99039
0.990301
0.990122
0.989849
0.989469
0.988983
0.988383
0.987669
0.98684
0.985895
0.984835
0.983666
0.982388
0.981005
0.979524
0.977948
0.976287
0.974546
0.972731
0.970855
0.96892
0.966939
0.964919
0.962869
0.960798
0.958712
0.956617
0.954523
0.952436
0.950359
0.9483
0.946261
0.944246
0.942261
0.940306
0.938382
0.936492
0.934633
0.932812
0.931027
0.929277
0.927564
0.925886
0.924244
0.922636
0.921068
0.919535
0.91804
0.916565
0.915122
0.913715
0.912342
0.91101
0.909719
0.908482
0.907295
0.906177
0.905125
0.904157
0.90328
0.902507
0.901848
0.901326
0.900949
0.900742
0.900716
0.900894
0.901297
0.901944
0.902853
0.904047
0.905536
0.907335
0.90945
0.911887
0.914631
0.91767
0.920972
0.924491
0.928163
0.931912
0.935624
0.939169
0.942385
0.945074
0.947004
0.947884
0.947374
0.94506
0.940433
0.932875
0.921653
0.905964
0.885001
0.857885
0.821135
0.769223
0.690835
0.575677
0.422285
0.255977
0.115291
0.0323632
0.00387644
0.228534
0.680848
0.860801
0.903247
0.920515
0.930889
0.939185
0.947419
0.956493
0.966483
0.976191
0.983851
0.989222
0.992777
0.994971
0.996078
0.996275
0.995719
0.994591
0.993085
0.991393
0.989691
0.988121
0.986789
0.98576
0.985063
0.984703
0.984634
0.984736
0.984981
0.985341
0.985782
0.986272
0.98678
0.98728
0.987748
0.988159
0.988499
0.988753
0.988909
0.988962
0.988903
0.988728
0.988436
0.98803
0.987508
0.986871
0.986123
0.985267
0.984311
0.983254
0.982107
0.980876
0.979566
0.978187
0.976748
0.97525
0.973709
0.972127
0.970513
0.968879
0.967228
0.965568
0.963905
0.962247
0.960597
0.958961
0.957344
0.955746
0.954174
0.952624
0.951109
0.94962
0.948165
0.94674
0.945346
0.943987
0.942658
0.941364
0.9401
0.938871
0.937675
0.93651
0.935381
0.93427
0.93319
0.932138
0.931116
0.930126
0.929176
0.928264
0.927398
0.926581
0.925824
0.925129
0.924505
0.923959
0.923505
0.923153
0.922907
0.92279
0.922805
0.92297
0.923299
0.9238
0.924488
0.925372
0.926458
0.927756
0.929261
0.930969
0.932867
0.934936
0.937145
0.939446
0.941781
0.944074
0.946229
0.94813
0.949629
0.950557
0.9507
0.949812
0.947591
0.943681
0.937643
0.928973
0.91708
0.901354
0.881167
0.855749
0.823441
0.779094
0.71061
0.607098
0.460254
0.289953
0.136027
0.039852
0.00503605
0.355106
0.767203
0.883058
0.911988
0.925722
0.934598
0.94223
0.950387
0.959846
0.970521
0.980671
0.987985
0.992622
0.995416
0.996883
0.997223
0.996545
0.994997
0.992792
0.990188
0.987438
0.984775
0.982384
0.980399
0.978893
0.977901
0.977411
0.977331
0.977537
0.977984
0.978629
0.979421
0.980314
0.981263
0.982229
0.983176
0.984075
0.984903
0.985644
0.986277
0.986797
0.987197
0.987469
0.987614
0.987632
0.987526
0.987297
0.986951
0.986491
0.985925
0.985257
0.984494
0.983647
0.982717
0.981715
0.980648
0.979526
0.978357
0.977143
0.975899
0.974629
0.973339
0.972037
0.97073
0.969422
0.968119
0.966825
0.965542
0.96428
0.963033
0.961811
0.960613
0.959438
0.95829
0.957167
0.956076
0.955009
0.953971
0.952961
0.951976
0.95102
0.950096
0.949195
0.948327
0.947478
0.946649
0.945843
0.945063
0.944312
0.943586
0.942896
0.942239
0.94162
0.941046
0.940516
0.940045
0.939632
0.939284
0.939008
0.938818
0.938715
0.93871
0.938807
0.939023
0.939354
0.939817
0.940408
0.941134
0.941994
0.942982
0.94409
0.945301
0.946589
0.947927
0.949268
0.950554
0.951717
0.952664
0.953292
0.953471
0.953044
0.951822
0.949582
0.946058
0.940935
0.933837
0.924336
0.911955
0.8962
0.876554
0.852299
0.821837
0.78108
0.721201
0.627273
0.488434
0.318482
0.155533
0.0477374
0.0064157
0.485584
0.818857
0.897313
0.918895
0.929559
0.937208
0.94445
0.952672
0.962611
0.97404
0.984618
0.991388
0.995197
0.997259
0.998033
0.997556
0.995849
0.993075
0.98952
0.985534
0.981467
0.977623
0.974239
0.971477
0.969423
0.968106
0.9675
0.967432
0.967789
0.96851
0.969526
0.970767
0.972165
0.973657
0.975188
0.976714
0.978192
0.979593
0.98089
0.982066
0.983107
0.98401
0.984768
0.985376
0.985842
0.986164
0.986349
0.986402
0.98633
0.98614
0.985839
0.985436
0.984939
0.984356
0.983694
0.982963
0.982171
0.981325
0.980435
0.979506
0.978547
0.977565
0.976565
0.975554
0.97454
0.973522
0.972509
0.971503
0.970508
0.969527
0.968563
0.967616
0.966689
0.965782
0.964897
0.964034
0.963195
0.962375
0.961578
0.960804
0.960054
0.959327
0.958621
0.957939
0.957273
0.956626
0.955993
0.955382
0.954791
0.95422
0.953674
0.953154
0.952662
0.9522
0.951776
0.951389
0.951045
0.950748
0.950503
0.950313
0.950184
0.950124
0.950135
0.95022
0.950383
0.950627
0.950951
0.951357
0.951839
0.952387
0.952988
0.953627
0.954276
0.954903
0.955461
0.955903
0.956157
0.956145
0.955761
0.954889
0.953387
0.951083
0.947772
0.943222
0.937148
0.92922
0.919076
0.906317
0.890527
0.871258
0.847813
0.818619
0.779849
0.723482
0.63675
0.507787
0.341292
0.17339
0.055962
0.00806164
0.603822
0.851058
0.907005
0.923823
0.932678
0.93921
0.946029
0.95438
0.96484
0.977073
0.988059
0.994104
0.997058
0.998473
0.998585
0.997181
0.994204
0.989877
0.984619
0.978912
0.973229
0.96796
0.963402
0.959746
0.957085
0.955439
0.954754
0.954741
0.955328
0.956422
0.957927
0.959743
0.961776
0.963942
0.966166
0.968386
0.970551
0.97262
0.974562
0.976357
0.977991
0.979452
0.98074
0.981852
0.982794
0.983567
0.984184
0.984646
0.984963
0.985148
0.985208
0.985154
0.984991
0.984733
0.984387
0.983964
0.983472
0.982918
0.982316
0.981665
0.98098
0.980264
0.979525
0.978769
0.977999
0.977226
0.976447
0.97567
0.974898
0.974134
0.973379
0.972637
0.971908
0.971192
0.970494
0.969809
0.969142
0.968492
0.96786
0.967245
0.966645
0.966062
0.9655
0.964953
0.964419
0.963897
0.963389
0.962893
0.962412
0.961943
0.961493
0.961061
0.960647
0.960252
0.959885
0.959542
0.959224
0.958941
0.95869
0.958473
0.958298
0.958164
0.958071
0.958026
0.958024
0.958065
0.958146
0.958267
0.958414
0.958582
0.958753
0.958908
0.959017
0.959053
0.958968
0.958711
0.958217
0.957412
0.956202
0.954473
0.952093
0.948912
0.944736
0.939352
0.932512
0.923916
0.913254
0.900183
0.884351
0.865342
0.842461
0.814138
0.776702
0.722673
0.640126
0.517239
0.356062
0.188046
0.064325
0.0100321
0.676211
0.881568
0.913844
0.92735
0.934889
0.94089
0.947162
0.955568
0.96656
0.979629
0.991027
0.996191
0.998326
0.999219
0.998665
0.996139
0.991547
0.98525
0.977863
0.970051
0.962428
0.955484
0.94958
0.944934
0.941638
0.939689
0.939
0.93912
0.940045
0.941645
0.943786
0.946331
0.949155
0.952144
0.955201
0.958248
0.961216
0.964059
0.966744
0.969239
0.971534
0.973618
0.975489
0.977148
0.978601
0.979855
0.980921
0.981808
0.982528
0.983091
0.983511
0.983799
0.983964
0.98402
0.983976
0.98384
0.983629
0.983346
0.983003
0.982607
0.982164
0.981686
0.981176
0.980643
0.980088
0.979522
0.978944
0.978361
0.977776
0.977192
0.976611
0.976034
0.975464
0.974904
0.974353
0.97381
0.973281
0.972759
0.972252
0.971753
0.97127
0.970795
0.970335
0.969885
0.969448
0.969014
0.968589
0.968173
0.967762
0.967362
0.966969
0.966587
0.966218
0.96586
0.965515
0.965185
0.96487
0.964573
0.964296
0.964037
0.963797
0.963579
0.963379
0.963199
0.963036
0.962888
0.962748
0.962609
0.962464
0.962298
0.962094
0.961829
0.96148
0.96101
0.960378
0.959533
0.958415
0.956948
0.955045
0.952601
0.949495
0.945581
0.940686
0.934617
0.927138
0.917989
0.9069
0.893568
0.877684
0.858849
0.83636
0.808622
0.772054
0.719541
0.639819
0.521341
0.364629
0.197752
0.0704376
0.0116471
0.724794
0.892307
0.918779
0.929816
0.936342
0.941939
0.94818
0.956271
0.967778
0.981701
0.99354
0.997714
0.999133
0.999641
0.998358
0.994406
0.987746
0.97898
0.968986
0.958657
0.948763
0.939909
0.932508
0.926803
0.922878
0.920696
0.920119
0.920491
0.921906
0.924187
0.927148
0.930606
0.934395
0.938373
0.942415
0.946424
0.95032
0.954047
0.957563
0.960839
0.963863
0.966626
0.969128
0.971374
0.973372
0.975133
0.976671
0.977996
0.979127
0.980077
0.980859
0.981488
0.981977
0.982339
0.982587
0.982731
0.982783
0.982755
0.982654
0.982491
0.982273
0.982009
0.981705
0.981368
0.981003
0.980617
0.980213
0.979796
0.979371
0.978936
0.978499
0.978063
0.977625
0.977189
0.976756
0.976328
0.975902
0.975484
0.97507
0.974662
0.974262
0.97387
0.973483
0.973103
0.972729
0.972357
0.971986
0.97162
0.971253
0.970893
0.970533
0.970177
0.969824
0.969479
0.969135
0.968799
0.968466
0.968138
0.967818
0.967499
0.967187
0.966878
0.966567
0.966255
0.965939
0.965612
0.965266
0.964893
0.964482
0.964017
0.963482
0.962854
0.962104
0.961197
0.960091
0.958742
0.957087
0.955056
0.952566
0.949517
0.945795
0.941262
0.935763
0.929109
0.921091
0.911481
0.90003
0.886473
0.870531
0.851809
0.82958
0.802217
0.766172
0.714583
0.636717
0.521416
0.368417
0.203399
0.0745031
0.0128373
0.760274
0.900422
0.922739
0.931419
0.937102
0.942383
0.948692
0.956852
0.968492
0.983273
0.99562
0.998758
0.999601
0.999855
0.9977
0.991908
0.982628
0.970827
0.957721
0.944458
0.931978
0.920992
0.911974
0.905183
0.900687
0.898395
0.897805
0.898614
0.900755
0.903972
0.90801
0.912629
0.917612
0.922779
0.92798
0.933098
0.938045
0.942758
0.947192
0.951321
0.955133
0.958622
0.961794
0.964657
0.967224
0.969511
0.971535
0.973314
0.974863
0.976202
0.977349
0.978318
0.979126
0.979788
0.980319
0.980731
0.981038
0.981249
0.981378
0.981432
0.98142
0.981352
0.981236
0.981075
0.98088
0.980656
0.980404
0.980132
0.979843
0.97954
0.979226
0.978902
0.978573
0.978239
0.977902
0.977563
0.977223
0.976882
0.976541
0.976203
0.975862
0.975525
0.97519
0.974859
0.974527
0.974192
0.973856
0.973516
0.973175
0.97283
0.972484
0.972135
0.971781
0.971427
0.971069
0.970708
0.97034
0.96997
0.969593
0.969209
0.968817
0.968409
0.967988
0.967548
0.96708
0.966582
0.966044
0.965456
0.964803
0.96407
0.963238
0.962285
0.96118
0.959888
0.958375
0.956586
0.954466
0.951946
0.948949
0.945378
0.941128
0.936064
0.930043
0.922891
0.914414
0.904406
0.892645
0.878895
0.86289
0.84424
0.822173
0.795019
0.759231
0.708124
0.631405
0.518383
0.36849
0.205778
0.0768013
0.0136138
0.786962
0.906218
0.925
0.93228
0.937222
0.942209
0.94863
0.957276
0.968793
0.984334
0.99729
0.999414
0.999844
0.999951
0.996685
0.988532
0.975998
0.960555
0.943825
0.927224
0.911865
0.898558
0.887838
0.879979
0.875023
0.872809
0.872338
0.873822
0.876947
0.881367
0.886743
0.892762
0.899155
0.905697
0.912215
0.918573
0.924676
0.930455
0.935872
0.940906
0.945543
0.949788
0.953651
0.957148
0.960296
0.963116
0.96563
0.967861
0.969829
0.971556
0.97306
0.974366
0.975488
0.976443
0.977249
0.977921
0.978468
0.978908
0.979251
0.979507
0.97969
0.979802
0.979856
0.97986
0.979817
0.979735
0.979619
0.979473
0.979304
0.979111
0.978902
0.978675
0.978437
0.978184
0.977926
0.977657
0.977381
0.9771
0.976814
0.976524
0.976228
0.975931
0.975629
0.975324
0.975016
0.974702
0.974381
0.974054
0.97372
0.973376
0.973025
0.972665
0.972298
0.971921
0.971534
0.971135
0.970724
0.9703
0.969859
0.969401
0.96892
0.968416
0.967881
0.967311
0.966701
0.966038
0.96532
0.964528
0.963654
0.962676
0.961575
0.96033
0.958907
0.957278
0.955399
0.953223
0.950696
0.94775
0.944312
0.940289
0.935577
0.930054
0.923579
0.915993
0.907115
0.896764
0.884737
0.870818
0.854753
0.836137
0.81416
0.787084
0.751341
0.700376
0.624284
0.512883
0.365654
0.205554
0.07763
0.0140203
0.807328
0.910296
0.926197
0.932454
0.936697
0.941396
0.947935
0.957094
0.969068
0.984863
0.998562
0.999777
0.999953
0.999987
0.995285
0.984141
0.967658
0.947955
0.927108
0.906805
0.888307
0.872516
0.860036
0.851171
0.845931
0.844055
0.844134
0.846608
0.851042
0.85697
0.863957
0.871611
0.879601
0.887669
0.895614
0.903297
0.910613
0.917504
0.923927
0.929876
0.935346
0.940347
0.944898
0.949021
0.952742
0.956087
0.959081
0.961753
0.964129
0.966234
0.968087
0.969715
0.971138
0.972374
0.973442
0.974356
0.975137
0.975791
0.976338
0.976782
0.977143
0.977421
0.977632
0.977782
0.977877
0.977923
0.977927
0.977892
0.977825
0.977729
0.977607
0.977461
0.977297
0.977112
0.976914
0.976702
0.976476
0.976238
0.97599
0.975732
0.975467
0.97519
0.974907
0.974618
0.974318
0.974012
0.973692
0.973361
0.973018
0.972663
0.972293
0.971912
0.971514
0.971105
0.970678
0.970233
0.969768
0.969281
0.96877
0.968229
0.967658
0.967053
0.966403
0.965708
0.964957
0.96414
0.963247
0.962269
0.961185
0.959981
0.958637
0.957126
0.955419
0.953482
0.951279
0.948761
0.945873
0.942555
0.938726
0.934304
0.929186
0.923256
0.916384
0.908414
0.899193
0.888545
0.876287
0.862225
0.846106
0.827501
0.805548
0.77844
0.742567
0.691478
0.615624
0.505382
0.360506
0.203266
0.0772707
0.0141145
0.822956
0.913082
0.926606
0.931893
0.935524
0.939901
0.946557
0.956287
0.969194
0.984963
0.999442
0.999942
0.99999
0.999998
0.99345
0.978599
0.957432
0.93287
0.907468
0.883149
0.861285
0.84286
0.828573
0.818804
0.813543
0.812065
0.813121
0.817101
0.823368
0.83128
0.840263
0.849839
0.859628
0.869348
0.878794
0.887828
0.896361
0.904343
0.911749
0.918579
0.924844
0.930563
0.935765
0.94048
0.944738
0.948577
0.952024
0.955111
0.957867
0.960323
0.962506
0.96444
0.966143
0.967644
0.968957
0.9701
0.971093
0.971949
0.97268
0.973301
0.973821
0.974253
0.974605
0.974887
0.975102
0.975262
0.975368
0.975431
0.975453
0.975437
0.975387
0.975309
0.975205
0.975075
0.974923
0.974752
0.974562
0.974354
0.97413
0.973892
0.973642
0.973377
0.973098
0.972807
0.972505
0.972192
0.97186
0.971513
0.97115
0.970772
0.970375
0.969959
0.969525
0.96907
0.968593
0.968093
0.967565
0.967008
0.96642
0.965795
0.96513
0.96442
0.963658
0.962838
0.961947
0.960979
0.959925
0.958767
0.957492
0.956077
0.954508
0.952755
0.95079
0.94858
0.946087
0.94326
0.940052
0.936397
0.932223
0.927447
0.92197
0.915681
0.908454
0.900153
0.890628
0.87972
0.867273
0.853092
0.836924
0.818304
0.796324
0.76909
0.732941
0.681517
0.605617
0.496211
0.353505
0.199352
0.0759714
0.0139563
0.83491
0.914803
0.926251
0.930502
0.933681
0.937682
0.944429
0.95477
0.968694
0.985054
0.999923
0.999995
1
1
0.991122
0.971771
0.94518
0.915215
0.884899
0.856324
0.8309
0.809672
0.793502
0.78297
0.778064
0.776371
0.779144
0.785479
0.794391
0.804964
0.816452
0.828285
0.840064
0.851518
0.86247
0.872816
0.882491
0.891481
0.899774
0.907396
0.914368
0.920727
0.926505
0.931742
0.936476
0.940752
0.9446
0.948058
0.951157
0.95393
0.956406
0.958612
0.960571
0.962307
0.963841
0.965192
0.966376
0.967411
0.96831
0.969088
0.969753
0.97032
0.970796
0.971193
0.971516
0.971771
0.971968
0.972113
0.972208
0.972258
0.97227
0.972243
0.972185
0.972095
0.971976
0.971833
0.971666
0.971476
0.971263
0.971034
0.970785
0.970516
0.970232
0.969933
0.969614
0.969282
0.968928
0.968554
0.96816
0.967746
0.967309
0.96685
0.96637
0.96586
0.965327
0.964761
0.964165
0.963533
0.962863
0.96215
0.961388
0.960572
0.959696
0.958749
0.957725
0.956614
0.955403
0.954078
0.95262
0.951015
0.949236
0.947263
0.945064
0.942605
0.939848
0.936747
0.933253
0.929298
0.924812
0.91972
0.913921
0.90731
0.89977
0.891176
0.881387
0.870263
0.857657
0.843378
0.827165
0.808521
0.78646
0.759005
0.722458
0.670536
0.594387
0.485615
0.344999
0.194156
0.0739413
0.0136008
0.843905
0.915672
0.925308
0.928567
0.931139
0.934676
0.941476
0.952471
0.967554
0.985138
1
0.999999
0.999998
0.999999
0.988246
0.963544
0.930806
0.894994
0.859533
0.826567
0.797419
0.773141
0.754883
0.74374
0.739725
0.739494
0.744762
0.754174
0.766319
0.779966
0.794193
0.808372
0.822116
0.835199
0.84751
0.85899
0.869634
0.87945
0.888467
0.896724
0.904263
0.91113
0.91737
0.923029
0.928151
0.932783
0.93696
0.940721
0.944105
0.947146
0.949866
0.952303
0.954479
0.956418
0.958139
0.959668
0.961018
0.962208
0.963253
0.964163
0.964954
0.965633
0.966217
0.966712
0.967121
0.967461
0.96773
0.96794
0.968093
0.968195
0.96825
0.968261
0.968235
0.968172
0.968075
0.967946
0.967786
0.967603
0.96739
0.967156
0.966895
0.966616
0.966313
0.965991
0.965647
0.965284
0.964895
0.964484
0.96405
0.963592
0.963108
0.962595
0.962057
0.961489
0.960888
0.960253
0.959581
0.95887
0.958113
0.957306
0.956447
0.955523
0.954532
0.953467
0.952312
0.951061
0.949702
0.948215
0.946591
0.944804
0.942834
0.940659
0.938244
0.93556
0.932565
0.929217
0.92546
0.921235
0.916473
0.911093
0.905004
0.898107
0.890288
0.881435
0.871422
0.860117
0.847384
0.833036
0.816784
0.798091
0.775895
0.748147
0.711089
0.65854
0.58201
0.473768
0.335246
0.18795
0.0713514
0.0130963
0.85045
0.915839
0.923839
0.926033
0.927854
0.930827
0.937614
0.949298
0.9657
0.984853
1
1
0.999998
0.999997
0.984783
0.953812
0.914269
0.872324
0.831679
0.794349
0.761353
0.733616
0.712725
0.701086
0.696338
0.699432
0.709689
0.724331
0.741073
0.758407
0.775465
0.791799
0.807181
0.821528
0.834831
0.847109
0.858405
0.868773
0.878265
0.886938
0.894851
0.902055
0.908604
0.914548
0.919941
0.924823
0.929234
0.933222
0.936816
0.940054
0.942965
0.945579
0.947923
0.950021
0.951895
0.953561
0.955043
0.956356
0.957516
0.958533
0.959422
0.960195
0.960861
0.961431
0.961913
0.962313
0.962637
0.962894
0.96309
0.963227
0.963313
0.963348
0.963337
0.963285
0.963196
0.963068
0.962906
0.962713
0.96249
0.962238
0.961957
0.961649
0.961318
0.96096
0.96058
0.960177
0.959744
0.959287
0.958802
0.958287
0.957746
0.957174
0.956571
0.955933
0.95526
0.954548
0.953797
0.952998
0.95215
0.951249
0.950287
0.949259
0.948153
0.946968
0.945686
0.944303
0.9428
0.941164
0.939381
0.937426
0.935282
0.932918
0.930308
0.927419
0.924209
0.920634
0.916639
0.912169
0.907154
0.901514
0.895161
0.888009
0.879946
0.87087
0.860667
0.84922
0.836393
0.821991
0.805704
0.786941
0.764565
0.73644
0.698774
0.645503
0.568518
0.460786
0.324445
0.180944
0.0683376
0.0124826
0.85487
0.915403
0.921856
0.922723
0.923443
0.926076
0.932754
0.945144
0.963034
0.984128
0.999997
0.999997
0.999998
0.999996
0.980691
0.94248
0.895582
0.84747
0.801903
0.760527
0.723702
0.691885
0.666972
0.654382
0.650203
0.66065
0.679631
0.701477
0.723184
0.743686
0.762745
0.780361
0.796593
0.811519
0.825228
0.837804
0.849328
0.859881
0.869532
0.878346
0.886392
0.893731
0.900408
0.90648
0.911996
0.917006
0.921547
0.925656
0.929373
0.93273
0.935759
0.938488
0.940943
0.943146
0.945121
0.946886
0.948461
0.949859
0.951099
0.952193
0.953152
0.953987
0.954713
0.955334
0.955859
0.956301
0.95666
0.956945
0.957164
0.957316
0.957413
0.957455
0.957446
0.957391
0.957293
0.957154
0.956973
0.956757
0.956508
0.956225
0.955911
0.955565
0.955192
0.95479
0.954361
0.953905
0.953417
0.952902
0.952357
0.951779
0.951169
0.950528
0.94985
0.949138
0.948387
0.947594
0.946754
0.945866
0.944925
0.943925
0.942861
0.941725
0.940509
0.939207
0.937803
0.936291
0.934653
0.932876
0.930943
0.928834
0.926527
0.923992
0.921203
0.918124
0.914714
0.91093
0.906719
0.902022
0.89677
0.890895
0.884308
0.876923
0.868647
0.859383
0.84903
0.837476
0.824581
0.810149
0.793825
0.774965
0.752353
0.723778
0.685429
0.63137
0.553914
0.446744
0.312738
0.173297
0.065006
0.0117912
0.857345
0.914473
0.919474
0.91877
0.918007
0.920386
0.926806
0.939883
0.959428
0.982942
1
1
0.999998
1
0.975932
0.929445
0.874826
0.820905
0.771176
0.726655
0.686556
0.650207
0.618205
0.593587
0.603736
0.638144
0.669608
0.694196
0.716918
0.738001
0.757616
0.775094
0.791081
0.805715
0.819129
0.831428
0.842702
0.853031
0.862494
0.871154
0.879077
0.886312
0.892923
0.898943
0.904431
0.909425
0.913968
0.918092
0.921833
0.925224
0.928287
0.931058
0.933557
0.935806
0.937828
0.939639
0.941258
0.942702
0.943981
0.945114
0.946108
0.946976
0.947728
0.948371
0.948918
0.949371
0.949741
0.950033
0.950252
0.950403
0.950492
0.950521
0.950495
0.950419
0.950295
0.950123
0.949911
0.949659
0.949368
0.949041
0.948679
0.948281
0.947853
0.947392
0.946903
0.946382
0.94583
0.945245
0.944629
0.943977
0.943291
0.942572
0.941815
0.941019
0.940181
0.939299
0.938369
0.937387
0.936351
0.935252
0.934084
0.932841
0.931516
0.930097
0.928577
0.92694
0.925176
0.923265
0.921194
0.91894
0.916479
0.913784
0.910828
0.907573
0.903979
0.899998
0.895586
0.890676
0.885209
0.879113
0.872311
0.864724
0.856266
0.846853
0.836386
0.82476
0.811833
0.797382
0.781013
0.762022
0.739116
0.710017
0.670923
0.616057
0.538163
0.431674
0.300218
0.165122
0.0614346
0.0110457
0.857898
0.913192
0.917003
0.914714
0.912347
0.913741
0.919711
0.933384
0.954702
0.981244
0.999998
1
1
0.999998
0.970447
0.914553
0.852168
0.793426
0.741168
0.695649
0.654652
0.616398
0.577715
0.60065
0.622379
0.650932
0.677325
0.699722
0.720569
0.739975
0.757972
0.774183
0.789086
0.802803
0.815684
0.827959
0.838544
0.848266
0.857204
0.865415
0.872953
0.87987
0.886204
0.891998
0.897295
0.902134
0.906545
0.910562
0.914222
0.917545
0.920559
0.92329
0.925759
0.927987
0.929991
0.931792
0.933404
0.934841
0.936118
0.937246
0.938233
0.939096
0.939842
0.940475
0.94101
0.94145
0.941801
0.942072
0.942267
0.942391
0.942447
0.942444
0.94238
0.942261
0.942092
0.941875
0.94161
0.941303
0.940956
0.940568
0.94014
0.939679
0.93918
0.938649
0.938084
0.937486
0.936854
0.93619
0.93549
0.934756
0.933984
0.933178
0.932331
0.931445
0.930515
0.92954
0.928514
0.927437
0.926301
0.925101
0.92383
0.922482
0.921047
0.919519
0.917883
0.916129
0.914244
0.912207
0.910002
0.90761
0.905005
0.902157
0.899038
0.895614
0.89184
0.887675
0.883063
0.877953
0.872284
0.865987
0.858995
0.851233
0.842628
0.8331
0.82256
0.810901
0.797966
0.783505
0.767075
0.747917
0.724661
0.694987
0.655102
0.599435
0.521196
0.415582
0.286939
0.156495
0.0576773
0.0102627
0.856345
0.911656
0.9148
0.910991
0.906375
0.906076
0.91149
0.925521
0.948607
0.978945
0.999998
1
1
0.999999
0.964155
0.897583
0.82793
0.766423
0.714835
0.673083
0.639053
0.627015
0.630121
0.638966
0.655178
0.675395
0.695304
0.713767
0.731346
0.747916
0.763383
0.777593
0.790808
0.803132
0.814782
0.825837
0.835509
0.845135
0.85351
0.86103
0.867961
0.874342
0.880213
0.885609
0.890559
0.895097
0.899249
0.903042
0.906503
0.909657
0.912531
0.915136
0.917497
0.91963
0.921551
0.923277
0.924821
0.926196
0.927418
0.928491
0.929431
0.930246
0.930941
0.931531
0.932015
0.932407
0.93271
0.932928
0.933068
0.933136
0.933137
0.933071
0.932947
0.932764
0.93253
0.932242
0.931906
0.931524
0.9311
0.930631
0.930125
0.929579
0.928996
0.928379
0.927723
0.927035
0.926313
0.925553
0.924759
0.923931
0.923066
0.922162
0.921221
0.920236
0.919209
0.918136
0.917011
0.915834
0.914597
0.913294
0.91192
0.910468
0.908926
0.907287
0.905541
0.903671
0.901661
0.899501
0.897165
0.894636
0.891885
0.888884
0.885606
0.882008
0.878057
0.873702
0.868901
0.863598
0.857736
0.851256
0.844098
0.836198
0.827483
0.817886
0.807314
0.795655
0.78273
0.768257
0.751753
0.732382
0.708727
0.678428
0.637757
0.581352
0.502921
0.398424
0.272917
0.147457
0.0537664
0.00945261
0.853601
0.908672
0.912917
0.908782
0.900727
0.895942
0.902399
0.916266
0.940789
0.975896
0.999997
0.999998
1
0.999998
0.956874
0.878183
0.802764
0.742389
0.697484
0.673806
0.663447
0.662914
0.668263
0.676243
0.688591
0.703067
0.717854
0.73229
0.746291
0.759675
0.772333
0.784212
0.795427
0.806031
0.816108
0.825612
0.834204
0.842653
0.850103
0.857749
0.863886
0.869558
0.874806
0.879647
0.884104
0.888205
0.891968
0.895422
0.898582
0.901465
0.904096
0.906484
0.908652
0.910611
0.912374
0.913957
0.915369
0.916623
0.917728
0.918696
0.919533
0.920251
0.920854
0.92135
0.921747
0.922049
0.922265
0.922396
0.922449
0.922429
0.92234
0.922188
0.92197
0.921697
0.921367
0.920986
0.920554
0.920074
0.919553
0.918985
0.918377
0.917729
0.917044
0.916321
0.915562
0.914767
0.913939
0.913075
0.912178
0.911244
0.910272
0.909265
0.908218
0.907132
0.906001
0.904824
0.903596
0.902316
0.900973
0.899566
0.898087
0.896524
0.894875
0.893122
0.891259
0.889267
0.887133
0.884839
0.882365
0.879686
0.876779
0.873615
0.870162
0.866386
0.862244
0.857698
0.852705
0.847213
0.841174
0.834538
0.827244
0.819242
0.810464
0.800841
0.790282
0.778654
0.765757
0.751275
0.734673
0.715061
0.690976
0.660045
0.618621
0.561599
0.483197
0.380134
0.258135
0.138016
0.0497133
0.00861912
0.850729
0.902882
0.910055
0.907343
0.900049
0.889744
0.893418
0.905843
0.930754
0.971859
1
0.999999
1
0.999997
0.948298
0.855815
0.778121
0.726051
0.70555
0.696462
0.695068
0.698721
0.702948
0.710368
0.719907
0.730511
0.741437
0.752325
0.763012
0.773362
0.783303
0.792814
0.801915
0.810616
0.818918
0.826767
0.834077
0.841158
0.847615
0.85417
0.860074
0.865169
0.869673
0.873833
0.877673
0.881215
0.884479
0.887477
0.890222
0.892737
0.895026
0.897109
0.898993
0.900695
0.902219
0.903584
0.90479
0.905856
0.906782
0.90758
0.908258
0.908821
0.909276
0.909631
0.909888
0.910056
0.91014
0.910143
0.910067
0.909921
0.909706
0.909429
0.909087
0.90869
0.908237
0.907732
0.907178
0.906574
0.905929
0.905238
0.904509
0.903739
0.90293
0.902087
0.901205
0.900291
0.899342
0.898361
0.897346
0.896296
0.895212
0.894092
0.892932
0.891734
0.890493
0.889205
0.887866
0.886473
0.885017
0.883496
0.8819
0.880218
0.878442
0.876563
0.874563
0.872429
0.870148
0.867697
0.865057
0.862203
0.859115
0.855758
0.852108
0.848129
0.843785
0.839039
0.833854
0.828187
0.821991
0.815227
0.807846
0.799792
0.791004
0.781411
0.770911
0.759351
0.746507
0.732021
0.71531
0.695448
0.67094
0.63942
0.597358
0.539922
0.461852
0.360608
0.242535
0.128144
0.04551
0.00775994
0.847528
0.894021
0.904861
0.905076
0.900506
0.893904
0.888511
0.895264
0.917782
0.966485
1
1
1
1
0.937868
0.829713
0.757468
0.733678
0.725881
0.724709
0.727369
0.729893
0.734707
0.741046
0.748307
0.75604
0.763951
0.771871
0.779702
0.787372
0.79484
0.802084
0.809089
0.815843
0.822329
0.828516
0.834401
0.840065
0.845403
0.850711
0.855571
0.860435
0.864277
0.867667
0.870785
0.873662
0.876315
0.878751
0.880985
0.883021
0.884876
0.886554
0.888063
0.889417
0.89062
0.891678
0.892603
0.893399
0.894072
0.89463
0.89508
0.895424
0.895667
0.895821
0.895884
0.895863
0.89576
0.895582
0.895332
0.895014
0.894631
0.894187
0.893683
0.893126
0.892513
0.891853
0.891143
0.890391
0.889594
0.888757
0.887883
0.886968
0.886019
0.885035
0.884016
0.882965
0.881881
0.880767
0.879621
0.878441
0.87723
0.875982
0.874697
0.873371
0.872001
0.870582
0.869113
0.867584
0.86599
0.864322
0.862575
0.860737
0.858797
0.856746
0.854564
0.852242
0.84976
0.847101
0.844242
0.841167
0.837849
0.83426
0.830377
0.826173
0.821613
0.816667
0.811305
0.805488
0.79918
0.792345
0.784936
0.776903
0.768184
0.75869
0.748312
0.736878
0.72413
0.709675
0.692901
0.672843
0.647993
0.616029
0.573546
0.516007
0.43867
0.339703
0.226022
0.117779
0.0411292
0.00687209
0.84362
0.881793
0.895489
0.899417
0.898535
0.895493
0.892994
0.888434
0.900779
0.959162
1
1
0.999999
1
0.924611
0.798933
0.757248
0.751155
0.750943
0.752953
0.754857
0.758309
0.762703
0.76765
0.772905
0.778313
0.78378
0.789247
0.794675
0.800032
0.805297
0.810452
0.81548
0.820365
0.825098
0.829661
0.834056
0.838303
0.842384
0.846373
0.850116
0.853893
0.85766
0.86017
0.862466
0.864577
0.866516
0.868288
0.869899
0.871356
0.872668
0.873839
0.874877
0.875781
0.876564
0.877228
0.877775
0.878214
0.878549
0.878784
0.878924
0.878972
0.878935
0.878813
0.878615
0.87834
0.877992
0.877577
0.877096
0.876553
0.875954
0.875297
0.874588
0.873829
0.873022
0.872169
0.871275
0.870338
0.869363
0.86835
0.867301
0.86622
0.865104
0.863954
0.862771
0.861559
0.860314
0.859037
0.85773
0.856388
0.855012
0.853595
0.852138
0.850634
0.849081
0.847474
0.845807
0.844072
0.842265
0.840374
0.83839
0.836308
0.834114
0.831798
0.829343
0.82674
0.823969
0.821019
0.817871
0.814506
0.810904
0.807047
0.802911
0.798474
0.793714
0.788606
0.783121
0.77723
0.770904
0.764104
0.756789
0.748905
0.740378
0.73112
0.720994
0.709814
0.69729
0.683008
0.666321
0.64625
0.621286
0.589174
0.546648
0.489467
0.413384
0.317229
0.208429
0.106767
0.0364873
0.00595752
0.838057
0.865419
0.879592
0.886578
0.889365
0.889687
0.888704
0.887048
0.879537
0.948613
0.999999
1
1
1
0.906358
0.772784
0.771095
0.772275
0.773817
0.775649
0.778334
0.78144
0.784735
0.788115
0.791531
0.794962
0.798394
0.801818
0.80522
0.808594
0.811928
0.815208
0.81843
0.821581
0.824655
0.82764
0.830541
0.833356
0.836078
0.838721
0.841264
0.84385
0.84702
0.84877
0.850183
0.851438
0.85256
0.853558
0.854438
0.855203
0.855861
0.85641
0.856852
0.857197
0.857449
0.857601
0.857667
0.857647
0.857539
0.857353
0.857089
0.856752
0.856343
0.855864
0.855318
0.854712
0.854045
0.853322
0.852542
0.851709
0.850828
0.849897
0.84892
0.847901
0.846837
0.845735
0.844593
0.843413
0.842196
0.840944
0.839655
0.83833
0.836973
0.835578
0.834149
0.832682
0.831177
0.829636
0.828051
0.826425
0.824753
0.82303
0.821254
0.819423
0.81753
0.815572
0.813541
0.811432
0.80924
0.806959
0.80458
0.802096
0.799497
0.796778
0.793926
0.790935
0.787789
0.784482
0.781001
0.777333
0.773466
0.769383
0.765073
0.760518
0.755702
0.750605
0.745206
0.739476
0.733388
0.726905
0.719983
0.712557
0.704551
0.695861
0.686328
0.67575
0.663813
0.650081
0.633884
0.614238
0.589655
0.557945
0.515988
0.459824
0.38566
0.292908
0.189453
0.0947581
0.0312973
0.00496195
0.826328
0.842438
0.853088
0.860179
0.864828
0.867693
0.869062
0.868228
0.867104
0.928001
1
1
0.999998
1
0.87509
0.779545
0.780786
0.781967
0.783518
0.785264
0.787061
0.788845
0.790607
0.792355
0.79409
0.795818
0.797537
0.799242
0.800933
0.8026
0.804244
0.805854
0.807427
0.808963
0.810451
0.811889
0.813282
0.814622
0.815912
0.817161
0.81839
0.819687
0.821526
0.822296
0.822688
0.82294
0.823095
0.823152
0.823126
0.823021
0.822836
0.822571
0.822236
0.821825
0.821343
0.820789
0.820172
0.819487
0.818735
0.817922
0.81705
0.816114
0.815124
0.814073
0.81297
0.811812
0.810601
0.809341
0.808029
0.806669
0.805262
0.803807
0.802306
0.800757
0.799165
0.797529
0.795848
0.794121
0.792351
0.790536
0.788676
0.786771
0.784819
0.782819
0.78077
0.778671
0.77654
0.774378
0.77218
0.769949
0.767679
0.765372
0.763024
0.760634
0.758197
0.755717
0.753189
0.750609
0.747978
0.745293
0.742551
0.739749
0.736884
0.733954
0.730955
0.727882
0.724731
0.7215
0.718178
0.714762
0.711241
0.707609
0.703855
0.699962
0.695919
0.691704
0.687297
0.682667
0.677779
0.67259
0.667044
0.661069
0.65457
0.647422
0.639455
0.630434
0.620033
0.607784
0.593011
0.57473
0.551477
0.521129
0.480711
0.426515
0.355129
0.266454
0.168761
0.081296
0.025008
0.00340474
)
;

boundaryField
{
    walls
    {
        type            zeroGradient;
    }
    top
    {
        type            zeroGradient;
    }
    bottom
    {
        type            zeroGradient;
    }
    frontAndBack
    {
        type            empty;
    }
    inlet
    {
        type            uniformFixedValue;
        uniformValue    
        {
            type            constant;
            value           1;
        }
        value           uniform 1;
    }
    outlet
    {
        type            zeroGradient;
    }
}


// ************************************************************************* //
