/*--------------------------------*- C++ -*----------------------------------*\
  =========                 |
  \\      /  F ield         | OpenFOAM: The Open Source CFD Toolbox
   \\    /   O peration     | Website:  https://openfoam.org
    \\  /    A nd           | Version:  12
     \\/     M anipulation  |
\*---------------------------------------------------------------------------*/
FoamFile
{
    format      ascii;
    class       volScalarField;
    location    "165";
    object      T;
}
// * * * * * * * * * * * * * * * * * * * * * * * * * * * * * * * * * * * * * //

dimensions      [];

internalField   nonuniform List<scalar> 
4480
(
3.77462e-12
9.13518e-10
3.28573e-06
0.000441437
0.00625008
0.0263206
0.0623486
0.109435
0.16149
0.213799
0.263412
0.308763
0.349195
0.384596
0.415142
0.441154
0.46301
0.481093
0.495768
0.507366
0.51619
0.522501
0.52653
0.528473
0.528505
0.526777
0.523417
0.51916
0.514846
0.510448
0.505945
0.50131
0.49652
0.491548
0.486368
0.480954
0.475275
0.469303
0.463001
0.456337
0.449273
0.441764
0.433764
0.425226
0.41609
0.406293
0.395765
0.384428
0.372191
0.358955
0.344619
0.329074
0.312211
0.293947
0.274229
0.253069
0.230571
0.206957
0.182585
0.157958
0.133685
0.110439
0.0888716
0.0695382
0.0528257
0.0389153
0.027776
0.0191982
0.0128462
0.00832192
0.00522026
0.00317224
0.00186849
0.0010675
0.00059202
0.000318988
0.000167141
8.5246e-05
4.23623e-05
2.05322e-05
9.71598e-06
4.49349e-06
2.03321e-06
9.95093e-07
5.54726e-07
3.50128e-07
2.40842e-07
1.74059e-07
1.29499e-07
9.84492e-08
7.63893e-08
6.05536e-08
4.91014e-08
4.07791e-08
3.47326e-08
3.03828e-08
2.73418e-08
2.53567e-08
2.42778e-08
2.40408e-08
2.46636e-08
2.62568e-08
2.90506e-08
3.34503e-08
4.01314e-08
5.02142e-08
6.55742e-08
8.94084e-08
1.27289e-07
1.89164e-07
2.93224e-07
4.7354e-07
7.95401e-07
1.38659e-06
2.50194e-06
4.65807e-06
8.91637e-06
1.74814e-05
3.49829e-05
7.13764e-05
0.000149361
0.000325279
0.000746477
0.00185574
0.0055597
0.0173629
0.0349807
0.0567409
0.0348087
0.00471555
0.000702938
6.23e-05
4.68401e-06
3.44764e-07
2.19149e-08
1.05944e-09
3.66781e-11
7.23822e-13
6.3209e-15
1.3818e-17
3.25603e-12
1.16095e-07
0.000102222
0.00542741
0.0391897
0.109226
0.198978
0.29111
0.375777
0.449304
0.511375
0.563086
0.605927
0.641334
0.670543
0.694586
0.714294
0.730336
0.743256
0.753495
0.76141
0.767285
0.771357
0.773815
0.774815
0.774478
0.772907
0.770031
0.76601
0.760943
0.754928
0.748062
0.740434
0.732129
0.723221
0.71378
0.703867
0.693532
0.682814
0.671746
0.660354
0.64865
0.636637
0.624314
0.61167
0.598678
0.585313
0.571531
0.557283
0.542508
0.527133
0.51108
0.494251
0.476546
0.457863
0.438095
0.417158
0.394981
0.371536
0.346848
0.321001
0.294162
0.266571
0.238555
0.210515
0.182914
0.156249
0.131026
0.10771
0.0866891
0.0682328
0.052474
0.0394009
0.0288706
0.0206375
0.0143898
0.00978731
0.00649473
0.00420616
0.00265954
0.00164262
0.000991564
0.000585352
0.000342457
0.000200769
0.000119006
7.19725e-05
4.47619e-05
2.87825e-05
1.918e-05
1.32418e-05
9.45516e-06
6.96837e-06
5.29267e-06
4.13981e-06
3.33458e-06
2.76748e-06
2.36853e-06
2.09257e-06
1.91071e-06
1.80528e-06
1.76709e-06
1.79412e-06
1.89142e-06
2.07251e-06
2.36217e-06
2.80205e-06
3.46032e-06
4.44864e-06
5.95176e-06
8.28016e-06
1.19644e-05
1.79273e-05
2.77981e-05
4.44977e-05
7.33306e-05
0.000124045
0.000214767
0.000379663
0.000684433
0.00125905
0.00236722
0.00454261
0.00883531
0.0171257
0.0313983
0.0502523
0.0653911
0.0409606
0.00756016
0.00124948
0.000176346
2.10704e-05
2.09423e-06
1.70518e-07
1.03215e-08
4.43546e-10
1.10995e-11
1.28947e-13
4.4998e-16
1.39939e-09
4.16704e-06
0.001192
0.0279785
0.117829
0.243146
0.367012
0.472485
0.556819
0.622937
0.674888
0.716176
0.749397
0.776393
0.798459
0.816534
0.831322
0.843362
0.853088
0.860842
0.866908
0.871508
0.874832
0.877027
0.878211
0.878481
0.877911
0.876413
0.873973
0.870642
0.866466
0.86148
0.855727
0.849241
0.842064
0.834232
0.825787
0.816769
0.807216
0.797165
0.78665
0.775703
0.764351
0.752616
0.740512
0.728055
0.715244
0.702077
0.688541
0.674619
0.660282
0.645489
0.63019
0.614325
0.597825
0.580606
0.562582
0.543656
0.523733
0.502726
0.480555
0.457166
0.43253
0.40667
0.37965
0.351603
0.32273
0.293302
0.263659
0.234198
0.20535
0.177566
0.151275
0.126866
0.10465
0.0848507
0.067582
0.0528507
0.0405654
0.0305516
0.0225743
0.0163637
0.0116374
0.0081496
0.00564186
0.00387181
0.00264249
0.00180014
0.00122895
0.00084436
0.000586268
0.000413001
0.000296212
0.000216927
0.000162588
0.000124943
9.8586e-05
7.99717e-05
6.67701e-05
5.74446e-05
5.09843e-05
4.67352e-05
4.42953e-05
4.34531e-05
4.41607e-05
4.65295e-05
5.08544e-05
5.76727e-05
6.78661e-05
8.28378e-05
0.000104808
0.000137303
0.000185965
0.000259914
0.000374013
0.000552677
0.000836292
0.00129196
0.00203164
0.0032423
0.00523433
0.00850983
0.0138263
0.02217
0.0344313
0.0503534
0.0664688
0.073695
0.0483075
0.0113952
0.0022494
0.000387079
5.6653e-05
6.81474e-06
6.67585e-07
4.85341e-08
2.52107e-09
7.79307e-11
1.16661e-12
5.63684e-15
8.23472e-08
6.63979e-05
0.007426
0.086283
0.240766
0.397455
0.522766
0.614926
0.681897
0.731781
0.770386
0.8013
0.82661
0.847536
0.864868
0.879178
0.890928
0.900497
0.908215
0.914361
0.919172
0.922844
0.925541
0.927395
0.928509
0.928963
0.92882
0.928042
0.926598
0.924517
0.921813
0.918498
0.914582
0.910069
0.904963
0.899276
0.893019
0.886199
0.878837
0.870948
0.862553
0.853675
0.844333
0.834552
0.82435
0.813751
0.802766
0.791412
0.779695
0.767622
0.755189
0.742386
0.729199
0.7156
0.70156
0.687033
0.671965
0.656291
0.639942
0.622832
0.604877
0.58598
0.566057
0.545023
0.522804
0.499355
0.474658
0.44873
0.421642
0.393511
0.364517
0.334898
0.304943
0.274991
0.24541
0.216588
0.188908
0.162729
0.138363
0.116061
0.0959996
0.0782712
0.0628854
0.0498313
0.0390156
0.0302131
0.0231699
0.0176237
0.0133198
0.010024
0.00752922
0.0056592
0.00426846
0.00324014
0.00248273
0.00192595
0.00151685
0.00121613
0.000995009
0.000832629
0.000714045
0.000628677
0.000569187
0.000530659
0.000510078
0.00050599
0.0005184
0.000548797
0.000600428
0.000678806
0.000792576
0.00095489
0.00118554
0.00151419
0.00198534
0.00266559
0.00365447
0.00509968
0.00721776
0.0103189
0.0148291
0.0212849
0.0302499
0.0420618
0.0563162
0.0710261
0.0815777
0.0803374
0.0548553
0.0162029
0.00372553
0.000737864
0.000123674
1.69926e-05
1.90692e-06
1.59636e-07
9.65884e-09
3.55121e-10
6.53507e-12
4.06551e-14
1.94528e-06
0.000592145
0.0294358
0.188902
0.386424
0.539393
0.642403
0.711026
0.759192
0.795746
0.825439
0.850449
0.871678
0.889567
0.904452
0.916673
0.926586
0.934528
0.940812
0.945719
0.949489
0.952324
0.954389
0.955812
0.956697
0.957117
0.957127
0.956714
0.955821
0.954467
0.952659
0.950403
0.9477
0.944544
0.940932
0.936858
0.932315
0.927303
0.921819
0.915869
0.909452
0.902581
0.895262
0.887512
0.879342
0.87077
0.861812
0.852481
0.842792
0.83276
0.822393
0.811698
0.800677
0.789327
0.777641
0.765602
0.753187
0.74036
0.727085
0.713309
0.698973
0.684006
0.668333
0.65187
0.634523
0.616211
0.596842
0.576342
0.55465
0.531724
0.507552
0.482156
0.4556
0.42799
0.399483
0.370279
0.34063
0.310822
0.281171
0.25202
0.223705
0.196557
0.170878
0.146964
0.125137
0.10552
0.0881552
0.0730131
0.0599993
0.0489692
0.0397428
0.0321197
0.0258927
0.0208582
0.0168251
0.0136202
0.0110911
0.00910753
0.00756033
0.00636031
0.00543582
0.00473046
0.00420076
0.00381404
0.00354666
0.00338274
0.00331314
0.00333514
0.0034524
0.00367573
0.00402429
0.00452791
0.00523029
0.00619363
0.00750483
0.00928336
0.0116908
0.0149403
0.0193027
0.0251009
0.0326774
0.0423065
0.0540132
0.0672699
0.0805836
0.0910737
0.0943024
0.0850582
0.059341
0.0217107
0.00568188
0.00126398
0.000236387
3.61214e-05
4.51982e-06
4.23876e-07
2.90361e-08
1.23027e-09
2.67945e-11
2.04418e-13
2.5382e-05
0.00341077
0.0828846
0.325078
0.525358
0.648549
0.722191
0.769953
0.805089
0.834148
0.859764
0.882412
0.901938
0.918282
0.931611
0.942256
0.950606
0.957046
0.961935
0.965578
0.968242
0.970143
0.971459
0.972324
0.972839
0.973076
0.973081
0.97286
0.972304
0.971424
0.970224
0.968702
0.966852
0.964665
0.962132
0.959239
0.955978
0.952337
0.948309
0.943888
0.939069
0.93385
0.928234
0.922227
0.915834
0.909064
0.90193
0.894444
0.886622
0.878474
0.870016
0.861261
0.852218
0.842896
0.833298
0.823428
0.81328
0.802842
0.792097
0.781023
0.769591
0.757753
0.745465
0.732666
0.719288
0.70526
0.690495
0.674914
0.658428
0.640947
0.622394
0.602699
0.581806
0.559679
0.536306
0.511709
0.485941
0.4591
0.431318
0.40277
0.373674
0.344283
0.314876
0.285739
0.257324
0.229959
0.20394
0.179517
0.156889
0.136191
0.117498
0.100823
0.0861254
0.0733187
0.0622817
0.0528678
0.0449166
0.0382627
0.0327434
0.028205
0.0245071
0.0215249
0.0191509
0.0172947
0.0158833
0.0148602
0.0141844
0.0138304
0.0137876
0.014061
0.0146723
0.0156615
0.0170899
0.0190432
0.0216349
0.0250095
0.0293422
0.0348328
0.0416874
0.0500773
0.0600636
0.0714716
0.0837079
0.0955417
0.104915
0.10892
0.104178
0.0880429
0.061092
0.0274762
0.00806367
0.0019878
0.000409316
6.85808e-05
9.42188e-06
9.73177e-07
7.40484e-08
3.53605e-09
8.87481e-11
8.04514e-13
0.000217179
0.0139863
0.178745
0.468802
0.634931
0.720914
0.770624
0.805061
0.833435
0.859549
0.884106
0.906147
0.924818
0.939924
0.951744
0.960751
0.967439
0.972267
0.975631
0.977879
0.979298
0.980127
0.980556
0.980734
0.980761
0.980706
0.980604
0.980472
0.980148
0.979634
0.978923
0.978001
0.976854
0.975465
0.973817
0.971891
0.969673
0.967147
0.9643
0.961123
0.957605
0.95374
0.949529
0.944968
0.940063
0.934815
0.929233
0.923327
0.917112
0.910595
0.903793
0.896722
0.889391
0.881814
0.874006
0.865973
0.85772
0.849254
0.840571
0.831664
0.822521
0.813123
0.803445
0.793451
0.783105
0.772354
0.761137
0.749395
0.73705
0.724028
0.710244
0.695614
0.680049
0.663474
0.645807
0.626983
0.60695
0.585677
0.563156
0.539405
0.51447
0.488443
0.461444
0.433581
0.40516
0.376447
0.34773
0.319312
0.291496
0.264572
0.238807
0.214431
0.191632
0.170547
0.151265
0.133823
0.118215
0.104394
0.0922807
0.0817736
0.072755
0.0651003
0.058684
0.0533861
0.0490969
0.0457202
0.0431766
0.0414048
0.0403634
0.0400325
0.0404135
0.0415315
0.0434343
0.0461924
0.0498965
0.0546508
0.0605614
0.0677124
0.0761278
0.0857121
0.0961642
0.106867
0.116769
0.124298
0.127382
0.123693
0.111256
0.0895652
0.0611399
0.031808
0.0107574
0.0029128
0.000654992
0.000119324
1.7832e-05
2.00753e-06
1.67627e-07
8.89258e-09
2.5284e-10
2.67285e-12
0.00136656
0.0437374
0.311153
0.591655
0.707897
0.764251
0.799354
0.827023
0.852756
0.878478
0.903424
0.925387
0.943188
0.956844
0.966929
0.974115
0.978998
0.982079
0.983786
0.98449
0.98451
0.984112
0.983514
0.982872
0.982299
0.981859
0.981583
0.981468
0.981323
0.981128
0.980862
0.980498
0.980007
0.979362
0.978533
0.977494
0.976219
0.974692
0.972892
0.970803
0.968417
0.965722
0.962713
0.959389
0.955747
0.951796
0.947537
0.942978
0.93813
0.933007
0.927618
0.921979
0.916105
0.910012
0.903711
0.897218
0.890546
0.883702
0.876694
0.869527
0.862203
0.854709
0.847046
0.839192
0.831126
0.822823
0.814245
0.805352
0.79609
0.786406
0.776236
0.765511
0.75415
0.74208
0.729212
0.715466
0.700759
0.685012
0.668156
0.650128
0.63088
0.610393
0.588655
0.565662
0.541466
0.516205
0.49003
0.46313
0.435728
0.408075
0.380435
0.353088
0.326309
0.300357
0.275476
0.251875
0.229727
0.209165
0.19028
0.173125
0.157711
0.144022
0.132014
0.121624
0.11278
0.105401
0.099411
0.0947381
0.0913228
0.0891183
0.0880949
0.0882377
0.0895474
0.0920345
0.095711
0.100576
0.106597
0.113673
0.121593
0.129978
0.138215
0.145388
0.150248
0.151238
0.146667
0.135063
0.115787
0.0898429
0.0605916
0.0334895
0.0136143
0.0040215
0.000981885
0.000193462
3.12678e-05
3.81283e-06
3.46819e-07
2.0264e-08
6.46263e-10
7.88819e-12
0.00690909
0.10945
0.453629
0.676554
0.750756
0.789689
0.817373
0.842086
0.867301
0.893874
0.919779
0.941583
0.958148
0.970023
0.978168
0.983418
0.986401
0.987619
0.987515
0.986491
0.984912
0.983094
0.981284
0.979672
0.978379
0.977473
0.976969
0.976842
0.976852
0.976971
0.977156
0.977362
0.977541
0.977653
0.977652
0.977497
0.977157
0.976599
0.9758
0.974743
0.973407
0.971788
0.969872
0.967658
0.965145
0.962336
0.959233
0.955848
0.952188
0.948265
0.944092
0.939683
0.935055
0.930221
0.925198
0.920003
0.914647
0.909148
0.903515
0.89776
0.89189
0.885908
0.879813
0.873604
0.867274
0.860806
0.854185
0.847384
0.840374
0.833119
0.825575
0.817692
0.809415
0.800679
0.791423
0.781571
0.771045
0.759769
0.747659
0.734636
0.720621
0.705546
0.689344
0.671965
0.653293
0.633365
0.612206
0.589872
0.566456
0.542084
0.516923
0.491162
0.465027
0.438757
0.412607
0.386835
0.361694
0.33742
0.314236
0.292326
0.271852
0.252935
0.235666
0.220103
0.206273
0.194182
0.183814
0.175138
0.168119
0.16271
0.158865
0.156534
0.155661
0.156178
0.157994
0.160977
0.164933
0.16957
0.174465
0.17902
0.182429
0.183665
0.181511
0.174683
0.162057
0.143041
0.118062
0.0890237
0.059443
0.0337288
0.0154437
0.00527971
0.00139347
0.000295906
5.1538e-05
6.78302e-06
6.6941e-07
4.2882e-08
1.52641e-09
2.1421e-11
0.0275631
0.227202
0.56957
0.724324
0.775306
0.805658
0.829675
0.85324
0.878943
0.906984
0.934029
0.955302
0.970188
0.980029
0.986161
0.989446
0.990456
0.989655
0.987511
0.984489
0.981028
0.977517
0.974265
0.971498
0.969354
0.967898
0.967134
0.966973
0.967154
0.967622
0.968312
0.969156
0.97008
0.97102
0.971913
0.972705
0.973346
0.973797
0.974025
0.974004
0.973715
0.973142
0.972275
0.971111
0.969652
0.967898
0.965853
0.963526
0.960928
0.958072
0.954966
0.951632
0.948084
0.944336
0.940409
0.936319
0.932077
0.927707
0.923218
0.918623
0.913938
0.909169
0.904323
0.899403
0.894411
0.889342
0.884189
0.878942
0.87358
0.868087
0.862428
0.856582
0.850504
0.844155
0.837483
0.830435
0.822954
0.814971
0.806422
0.79723
0.787323
0.776624
0.765054
0.752544
0.738947
0.724231
0.708345
0.691262
0.672978
0.653517
0.632928
0.611296
0.588739
0.565406
0.541473
0.517146
0.492647
0.468217
0.444096
0.420524
0.397735
0.375941
0.355334
0.33608
0.318314
0.302141
0.287635
0.274842
0.26378
0.25444
0.246788
0.240762
0.236269
0.233181
0.231318
0.230437
0.23021
0.230202
0.229847
0.228429
0.225083
0.218825
0.208641
0.193644
0.173317
0.147828
0.118349
0.0872146
0.0577119
0.0332521
0.0160852
0.0062766
0.00188859
0.000431214
8.07574e-05
1.14518e-05
1.22396e-06
8.58089e-08
3.40341e-09
5.48764e-11
0.069937
0.359512
0.653592
0.750367
0.790646
0.816538
0.83854
0.861791
0.888496
0.918356
0.946548
0.966802
0.979625
0.987346
0.991511
0.992841
0.99175
0.98867
0.984129
0.978711
0.972978
0.967426
0.962445
0.958308
0.955171
0.953098
0.952067
0.951883
0.952286
0.953188
0.954491
0.956092
0.95789
0.95979
0.961705
0.96356
0.965288
0.966839
0.96817
0.969243
0.970039
0.97054
0.970732
0.970611
0.970178
0.969437
0.968394
0.967058
0.965442
0.96356
0.961425
0.959055
0.956469
0.953681
0.95071
0.947574
0.944294
0.940885
0.937361
0.933741
0.930038
0.926262
0.922426
0.918537
0.9146
0.910618
0.90659
0.902511
0.898378
0.894174
0.889891
0.885504
0.880991
0.876325
0.871471
0.866397
0.861054
0.8554
0.849379
0.842934
0.836008
0.828537
0.820446
0.811672
0.802085
0.791616
0.780195
0.76776
0.754259
0.739645
0.723906
0.707035
0.689063
0.670045
0.650061
0.629231
0.607696
0.585625
0.563212
0.540671
0.518221
0.496089
0.474496
0.453659
0.43377
0.415004
0.397503
0.381382
0.366718
0.353548
0.341869
0.331632
0.322736
0.315021
0.30826
0.30214
0.29626
0.290107
0.283057
0.274378
0.26326
0.248878
0.230513
0.207715
0.180528
0.14971
0.116889
0.0845082
0.0554359
0.0322029
0.0161094
0.00673107
0.00227596
0.000603681
0.000121414
1.85417e-05
2.14554e-06
1.64627e-07
7.27892e-09
1.35034e-10
0.137966
0.473128
0.703297
0.770675
0.801928
0.824185
0.844992
0.868354
0.896343
0.928233
0.957531
0.976241
0.986753
0.992443
0.994778
0.994114
0.990663
0.984871
0.977413
0.969062
0.960565
0.952559
0.945529
0.9398
0.935545
0.932811
0.931545
0.931387
0.932108
0.933581
0.935661
0.938202
0.941063
0.94411
0.947228
0.950316
0.953289
0.956078
0.958627
0.960896
0.962855
0.964487
0.965781
0.966727
0.967333
0.9676
0.967539
0.967162
0.966483
0.965519
0.964287
0.962805
0.961093
0.95917
0.957056
0.954769
0.95233
0.949756
0.947067
0.944276
0.941403
0.938458
0.935456
0.932406
0.92932
0.9262
0.923051
0.919876
0.916672
0.913437
0.910162
0.906837
0.903448
0.899978
0.896406
0.892708
0.888856
0.884814
0.880546
0.876014
0.871171
0.865967
0.860346
0.854253
0.847587
0.840281
0.832257
0.82345
0.81379
0.80321
0.791658
0.779087
0.765468
0.750788
0.735059
0.718316
0.700617
0.682053
0.662739
0.642814
0.622443
0.601808
0.581101
0.56052
0.540261
0.520513
0.501444
0.483199
0.465891
0.449589
0.434318
0.42005
0.406691
0.394078
0.381968
0.370033
0.357847
0.344892
0.330561
0.314191
0.295112
0.272732
0.246669
0.216904
0.183955
0.149001
0.113902
0.0809985
0.0526701
0.0306959
0.0156722
0.00683632
0.00248007
0.000727194
0.000167108
2.90397e-05
3.64069e-06
3.06122e-07
1.51147e-08
3.23462e-10
0.229829
0.559962
0.734489
0.785169
0.811095
0.830039
0.849574
0.87325
0.902659
0.936722
0.967082
0.983757
0.991892
0.995794
0.996439
0.993616
0.98735
0.978215
0.967153
0.955215
0.943389
0.932479
0.923076
0.915554
0.91009
0.906704
0.905289
0.905249
0.906442
0.908681
0.911764
0.915485
0.919653
0.92409
0.92864
0.933173
0.937581
0.941775
0.945692
0.949282
0.952513
0.955362
0.95782
0.959884
0.961557
0.962848
0.963774
0.964346
0.964582
0.964504
0.964133
0.96349
0.962592
0.961467
0.960134
0.958614
0.956928
0.955095
0.953138
0.951068
0.948909
0.946672
0.944372
0.942023
0.939632
0.937213
0.934766
0.932302
0.929822
0.927325
0.924809
0.922271
0.919703
0.917093
0.914433
0.911702
0.908886
0.905961
0.902903
0.899683
0.896266
0.892617
0.888699
0.884464
0.879842
0.874767
0.869179
0.863014
0.856206
0.848686
0.84039
0.831257
0.821226
0.81025
0.798299
0.785347
0.771392
0.756457
0.740582
0.723831
0.706298
0.688092
0.669341
0.650197
0.630809
0.611334
0.591921
0.572709
0.553805
0.535288
0.517191
0.499495
0.482114
0.464899
0.447611
0.429934
0.411467
0.391738
0.370219
0.346379
0.319745
0.290006
0.257123
0.221474
0.183956
0.146021
0.109593
0.0767871
0.0494843
0.0288308
0.0148938
0.00667586
0.002535
0.000794112
0.00019907
3.84813e-05
5.45814e-06
5.26927e-07
3.03195e-08
7.61909e-10
0.321086
0.648868
0.75548
0.795567
0.817609
0.834945
0.852853
0.876659
0.907525
0.94386
0.975292
0.989517
0.995391
0.99785
0.996872
0.991529
0.981768
0.968461
0.952966
0.936708
0.920954
0.906695
0.894629
0.885166
0.878468
0.874506
0.873098
0.873335
0.875217
0.878481
0.882849
0.888045
0.89381
0.899913
0.906156
0.912372
0.918425
0.924213
0.929661
0.934709
0.939325
0.943487
0.947186
0.950424
0.953208
0.955552
0.957476
0.958999
0.960143
0.960934
0.961396
0.961553
0.961431
0.961053
0.960445
0.959628
0.958629
0.957465
0.956159
0.954729
0.953191
0.951567
0.949869
0.948113
0.946306
0.944464
0.942593
0.940701
0.938792
0.936871
0.934938
0.932993
0.931033
0.929055
0.927051
0.925009
0.922924
0.920774
0.91855
0.916224
0.913783
0.911192
0.90843
0.90546
0.902234
0.898693
0.894792
0.890477
0.88569
0.880373
0.874459
0.867887
0.860591
0.85251
0.843582
0.833758
0.822996
0.811269
0.798562
0.784878
0.770239
0.754689
0.738285
0.721107
0.703246
0.6848
0.665868
0.646546
0.626914
0.607025
0.586896
0.566501
0.545757
0.524517
0.502563
0.47961
0.455309
0.429265
0.401079
0.370392
0.336971
0.300796
0.262173
0.221821
0.180921
0.141079
0.104159
0.0719857
0.0459588
0.0266983
0.0138714
0.00632208
0.00247285
0.000809538
0.00021531
4.48227e-05
6.9437e-06
7.41846e-07
4.78589e-08
1.36852e-09
0.391175
0.684919
0.770303
0.802861
0.821897
0.838025
0.855806
0.878688
0.910969
0.949636
0.982229
0.993715
0.997613
0.999011
0.996334
0.987873
0.973703
0.95523
0.934378
0.913032
0.892767
0.874766
0.859813
0.848336
0.840461
0.836085
0.834921
0.835674
0.838541
0.843161
0.84916
0.856171
0.863858
0.871931
0.880139
0.88828
0.896194
0.903761
0.910893
0.91753
0.923638
0.929199
0.934208
0.938672
0.942605
0.946027
0.948965
0.951441
0.953489
0.955134
0.956408
0.95734
0.957958
0.958289
0.958362
0.958201
0.957831
0.957277
0.956561
0.955702
0.95472
0.953633
0.952457
0.951208
0.949899
0.948541
0.947145
0.945719
0.944272
0.942806
0.941328
0.939841
0.938342
0.936832
0.935308
0.933765
0.932195
0.930592
0.928942
0.927236
0.925456
0.923588
0.921606
0.919489
0.917206
0.914705
0.911949
0.908901
0.905508
0.901727
0.897494
0.892755
0.887446
0.881505
0.874859
0.867448
0.859205
0.850075
0.840007
0.828956
0.816897
0.803812
0.789694
0.774559
0.758428
0.741332
0.723309
0.704393
0.684612
0.663974
0.642464
0.620028
0.596569
0.571939
0.545939
0.518324
0.488814
0.457122
0.422998
0.386291
0.347023
0.305474
0.262263
0.218394
0.175246
0.134473
0.0977968
0.066713
0.0421801
0.0243819
0.0126856
0.0058359
0.00232574
0.000783884
0.000217039
4.75668e-05
7.84335e-06
9.01475e-07
6.32335e-08
1.98898e-09
0.448249
0.71149
0.782127
0.807642
0.824198
0.839369
0.857313
0.880361
0.912997
0.954019
0.987962
0.996586
0.998903
0.999602
0.994962
0.982532
0.962831
0.938072
0.910907
0.883733
0.858441
0.836383
0.818411
0.804948
0.796061
0.791535
0.790369
0.792004
0.796302
0.80276
0.810868
0.820147
0.830169
0.84057
0.85105
0.861372
0.871357
0.880872
0.889827
0.898163
0.905849
0.912873
0.91924
0.924964
0.930068
0.93458
0.938534
0.941964
0.944902
0.947385
0.94945
0.951128
0.952453
0.953457
0.95417
0.95462
0.954835
0.954841
0.954661
0.954317
0.953829
0.953218
0.952501
0.951692
0.950808
0.949863
0.948864
0.947825
0.946754
0.945657
0.944539
0.943405
0.94226
0.941103
0.939934
0.938754
0.937557
0.936338
0.935093
0.933814
0.932487
0.931103
0.929648
0.928106
0.926452
0.924646
0.922663
0.920466
0.918022
0.915288
0.912216
0.908757
0.90485
0.900438
0.89545
0.88982
0.883471
0.876334
0.868334
0.859399
0.849465
0.838464
0.826349
0.81307
0.798584
0.782862
0.765872
0.747586
0.727964
0.70696
0.684507
0.660515
0.634861
0.60739
0.577923
0.546255
0.512189
0.475564
0.436302
0.394473
0.350364
0.30454
0.257896
0.211657
0.167316
0.126489
0.0906953
0.0610919
0.0382366
0.0219583
0.0114041
0.0052677
0.00212241
0.000728804
0.000207277
4.70577e-05
8.1056e-06
9.81264e-07
7.31003e-08
2.46349e-09
0.494589
0.730195
0.788873
0.81026
0.824643
0.838958
0.857195
0.881589
0.913858
0.956973
0.992555
0.998387
0.999573
0.999866
0.992784
0.975294
0.948772
0.916552
0.882144
0.848484
0.817754
0.791434
0.770421
0.755113
0.74549
0.741195
0.740297
0.743261
0.749464
0.758233
0.768905
0.780868
0.793591
0.806632
0.819642
0.832354
0.844572
0.856156
0.867022
0.877122
0.886427
0.894941
0.902678
0.909665
0.915934
0.921525
0.926478
0.930836
0.93464
0.937933
0.940755
0.943146
0.945144
0.946782
0.948095
0.949116
0.949868
0.950387
0.950693
0.950813
0.95077
0.950579
0.950264
0.949842
0.949325
0.948729
0.948066
0.947348
0.946585
0.945784
0.944955
0.944099
0.943227
0.942336
0.941436
0.94052
0.93959
0.938647
0.937685
0.936699
0.935683
0.934631
0.93353
0.932368
0.931131
0.92979
0.92832
0.926696
0.924888
0.922861
0.920578
0.917994
0.91506
0.911719
0.907908
0.903556
0.89859
0.89293
0.886488
0.879176
0.8709
0.861568
0.851082
0.839352
0.826281
0.811776
0.795749
0.778097
0.758723
0.737514
0.71435
0.689094
0.661594
0.631689
0.599213
0.564017
0.525997
0.485129
0.441525
0.395483
0.347545
0.298539
0.249586
0.202064
0.157498
0.117399
0.0830416
0.0552453
0.0342153
0.0194963
0.0100828
0.00465819
0.00188684
0.000655115
0.000189551
4.40574e-05
7.81902e-06
9.81434e-07
7.62801e-08
2.69934e-09
0.531917
0.743267
0.792505
0.810898
0.823252
0.836727
0.85529
0.881117
0.914645
0.958449
0.996051
0.999386
0.99987
0.999965
0.989753
0.96589
0.931147
0.890298
0.847818
0.807158
0.770718
0.740056
0.71609
0.699187
0.689225
0.685658
0.685862
0.690721
0.699394
0.710993
0.724678
0.739696
0.755409
0.771308
0.787002
0.802207
0.816716
0.830404
0.843186
0.855033
0.865934
0.875904
0.884972
0.893178
0.900567
0.907191
0.913096
0.918336
0.922959
0.927017
0.930552
0.933609
0.936231
0.938457
0.940323
0.941862
0.943111
0.944092
0.94484
0.945374
0.945724
0.945905
0.945941
0.94585
0.945649
0.945349
0.944968
0.944516
0.944005
0.943444
0.942843
0.942207
0.941545
0.940857
0.940153
0.939433
0.938698
0.937948
0.937183
0.936399
0.935597
0.934764
0.933899
0.932994
0.932033
0.931001
0.929869
0.928624
0.927239
0.925687
0.923934
0.921946
0.919674
0.917074
0.914082
0.910633
0.906654
0.902059
0.896758
0.890646
0.883618
0.875555
0.866326
0.855806
0.843852
0.830319
0.815055
0.797907
0.778705
0.757281
0.733458
0.707055
0.677892
0.645801
0.610649
0.572347
0.530899
0.486435
0.439259
0.389897
0.339133
0.288016
0.237838
0.190051
0.146147
0.107467
0.0750169
0.0492941
0.0301989
0.0170569
0.00876774
0.00403958
0.00163815
0.000571887
0.000167148
3.94322e-05
7.13707e-06
9.17933e-07
7.34421e-08
2.68769e-09
0.561685
0.752196
0.793856
0.809432
0.82001
0.832568
0.85146
0.878894
0.915018
0.958733
0.998469
0.999841
0.999973
0.999994
0.985772
0.954039
0.90962
0.859067
0.807863
0.759883
0.717632
0.682667
0.655921
0.637777
0.628015
0.625259
0.627342
0.635002
0.64704
0.662258
0.679577
0.69809
0.717075
0.735984
0.754417
0.772097
0.788841
0.804539
0.819137
0.83262
0.845003
0.856318
0.866611
0.875936
0.884349
0.891917
0.898692
0.904735
0.910103
0.914853
0.919035
0.922699
0.925885
0.928643
0.931005
0.933012
0.934698
0.936096
0.937229
0.93813
0.938819
0.939322
0.939661
0.939853
0.939914
0.939864
0.939713
0.939479
0.939172
0.938802
0.938379
0.937912
0.937411
0.936877
0.936318
0.935739
0.935141
0.934526
0.933897
0.933252
0.932592
0.931909
0.931199
0.930459
0.92968
0.928849
0.92794
0.926944
0.925838
0.924602
0.923205
0.921616
0.919797
0.917699
0.915271
0.91245
0.909159
0.905317
0.900826
0.895578
0.889449
0.882303
0.873989
0.864344
0.853186
0.840328
0.825568
0.80869
0.789473
0.767689
0.743117
0.715535
0.684748
0.650598
0.61299
0.571916
0.527508
0.480056
0.430064
0.378276
0.325681
0.273504
0.223139
0.176045
0.133604
0.0969465
0.0667968
0.0433537
0.0262633
0.0146921
0.00749573
0.0034365
0.00139082
0.000486176
0.00014278
3.39677e-05
6.22215e-06
8.12738e-07
6.62594e-08
2.47871e-09
0.585041
0.757809
0.792996
0.80559
0.814856
0.826348
0.845514
0.874684
0.913652
0.958993
0.999791
0.999986
1
1
0.980722
0.939471
0.883942
0.822783
0.76246
0.707103
0.659134
0.619999
0.590686
0.571735
0.562874
0.559826
0.565064
0.576947
0.593679
0.613595
0.63532
0.657801
0.680284
0.702242
0.723326
0.743318
0.762084
0.779569
0.795749
0.810649
0.824304
0.83677
0.848108
0.858387
0.867674
0.876046
0.883566
0.890301
0.896311
0.901658
0.906398
0.910582
0.914257
0.91747
0.920263
0.922672
0.924735
0.926484
0.927948
0.929158
0.930137
0.93091
0.931498
0.931924
0.932202
0.932351
0.932387
0.932326
0.932178
0.931954
0.931669
0.931329
0.930945
0.930522
0.930066
0.929587
0.929086
0.928565
0.928026
0.927475
0.926906
0.926319
0.925712
0.925082
0.924419
0.923718
0.922956
0.922121
0.921199
0.92017
0.919008
0.917686
0.91617
0.914412
0.912367
0.909971
0.907152
0.903825
0.899891
0.895232
0.889713
0.883184
0.875469
0.866376
0.855693
0.84319
0.828616
0.811709
0.792197
0.76981
0.744282
0.715378
0.682899
0.646717
0.606799
0.563244
0.51632
0.466491
0.414454
0.361146
0.307725
0.255526
0.205972
0.160459
0.120199
0.0860821
0.0585488
0.0375318
0.0224762
0.0124455
0.00629512
0.002867
0.00115531
0.000403109
0.000118482
2.82869e-05
5.21378e-06
6.86996e-07
5.66311e-08
2.14655e-09
0.602869
0.760788
0.790431
0.800176
0.807712
0.817896
0.837239
0.868285
0.910517
0.959232
0.999999
0.999999
0.999998
0.999999
0.974491
0.921955
0.853968
0.781583
0.712111
0.649671
0.596306
0.553164
0.5214
0.502105
0.495007
0.494705
0.504312
0.521464
0.543679
0.568785
0.595123
0.621546
0.647321
0.672008
0.695363
0.717253
0.737636
0.756508
0.773902
0.789873
0.804488
0.817821
0.82995
0.840955
0.850914
0.859907
0.868004
0.875276
0.881793
0.887616
0.892797
0.897398
0.901466
0.905048
0.908184
0.910918
0.913285
0.915318
0.91705
0.918507
0.919716
0.920701
0.921487
0.922095
0.922539
0.922844
0.923021
0.923088
0.923057
0.922942
0.922754
0.922503
0.922202
0.921856
0.921473
0.921059
0.920619
0.920162
0.919683
0.919192
0.918682
0.91816
0.917618
0.917057
0.91647
0.915852
0.915183
0.914455
0.913654
0.912763
0.911758
0.910611
0.909294
0.907764
0.905971
0.903856
0.901345
0.898352
0.894769
0.890471
0.885317
0.879129
0.871719
0.862867
0.852322
0.839819
0.825071
0.807767
0.787607
0.764281
0.737509
0.707056
0.672748
0.634514
0.592413
0.546668
0.4977
0.44615
0.392892
0.339016
0.285793
0.2346
0.186817
0.143703
0.106258
0.0751095
0.0504305
0.031927
0.0188964
0.0103515
0.00518674
0.00234365
0.000938645
0.000326139
9.56507e-05
2.28326e-05
4.21608e-06
5.57547e-07
4.61991e-08
1.76243e-09
0.615841
0.761604
0.786339
0.793032
0.798451
0.807042
0.826388
0.859438
0.905399
0.958458
1
1
0.999998
0.999997
0.966986
0.901288
0.819675
0.735856
0.657725
0.588979
0.530834
0.483797
0.44933
0.430054
0.421967
0.427465
0.445378
0.471067
0.500696
0.531691
0.562516
0.592318
0.620641
0.647272
0.672135
0.695224
0.71658
0.736269
0.754365
0.770954
0.786125
0.799965
0.812564
0.824006
0.834383
0.843768
0.852237
0.859869
0.866723
0.872868
0.878359
0.883251
0.887597
0.891441
0.894828
0.897793
0.900379
0.902618
0.904541
0.906176
0.907549
0.908688
0.909613
0.910348
0.910912
0.911323
0.911595
0.911748
0.911798
0.911753
0.911632
0.91144
0.91119
0.910893
0.910556
0.910185
0.909786
0.909367
0.908929
0.908475
0.908006
0.907522
0.907025
0.906508
0.905971
0.90541
0.904803
0.904147
0.903427
0.902625
0.901723
0.900694
0.899507
0.89812
0.896484
0.894536
0.892204
0.889389
0.88598
0.881843
0.876813
0.870706
0.863297
0.854344
0.843567
0.830667
0.815318
0.797188
0.775947
0.75128
0.722914
0.69064
0.654348
0.614055
0.569937
0.522363
0.471914
0.419397
0.365828
0.312402
0.260434
0.211268
0.166166
0.126192
0.0921016
0.0642567
0.0425898
0.0266271
0.0155726
0.00843657
0.00418491
0.00187433
0.000745099
0.000257348
7.51407e-05
1.78842e-05
3.29737e-06
4.3594e-07
3.61484e-08
1.38084e-09
0.624402
0.760586
0.780741
0.783659
0.78597
0.793611
0.812693
0.847833
0.898034
0.956476
0.999997
0.999997
0.999998
0.999996
0.958121
0.877284
0.781169
0.686319
0.600761
0.527222
0.46541
0.414499
0.376115
0.356296
0.349931
0.367251
0.398605
0.435164
0.472163
0.50777
0.541416
0.572942
0.602324
0.629607
0.654869
0.678205
0.699719
0.719516
0.737698
0.754364
0.769616
0.783551
0.796251
0.807807
0.818303
0.827822
0.836433
0.844206
0.851209
0.857503
0.863144
0.868185
0.872676
0.876662
0.880185
0.883283
0.885994
0.888349
0.890382
0.89212
0.893588
0.894812
0.89582
0.896626
0.897253
0.897724
0.89805
0.898251
0.898344
0.898337
0.89825
0.898092
0.897872
0.897603
0.897294
0.896951
0.896577
0.896183
0.895772
0.895345
0.894906
0.894452
0.893986
0.893504
0.893004
0.892482
0.891921
0.891315
0.890651
0.889911
0.889075
0.88812
0.887007
0.885699
0.884141
0.882264
0.879986
0.877204
0.873791
0.869596
0.864439
0.858106
0.850354
0.840908
0.829458
0.815682
0.799232
0.779762
0.756944
0.730483
0.700147
0.665794
0.627411
0.585134
0.539284
0.490386
0.439175
0.386589
0.333741
0.281867
0.232244
0.186105
0.14453
0.108345
0.078045
0.0537403
0.0351616
0.0217083
0.0125439
0.00671902
0.00329811
0.00146316
0.000576761
0.000197757
5.73877e-05
1.35903e-05
2.49562e-06
3.28885e-07
2.71987e-08
1.03635e-09
0.628774
0.75806
0.773977
0.772421
0.770521
0.777467
0.795881
0.833108
0.888064
0.953234
1
1
0.999998
1
0.947814
0.849742
0.738708
0.634126
0.543491
0.467882
0.404595
0.350321
0.30516
0.27004
0.286886
0.337324
0.385853
0.425816
0.463728
0.499683
0.53377
0.564621
0.59318
0.619594
0.644011
0.666559
0.687354
0.706508
0.724127
0.740307
0.755147
0.768727
0.781142
0.79246
0.802767
0.812133
0.820631
0.82832
0.835263
0.84152
0.847135
0.852167
0.856659
0.860654
0.864192
0.867309
0.870039
0.872419
0.874473
0.876233
0.877723
0.878968
0.879991
0.880814
0.881459
0.88194
0.882281
0.882496
0.8826
0.882607
0.882534
0.882388
0.882184
0.881931
0.88164
0.881313
0.880962
0.880591
0.880203
0.879802
0.87939
0.878965
0.87853
0.878079
0.877613
0.877124
0.876601
0.876034
0.875411
0.874711
0.873915
0.872993
0.871907
0.87061
0.869039
0.867119
0.864753
0.861822
0.858183
0.853658
0.848044
0.841101
0.832558
0.822115
0.809446
0.794208
0.776058
0.754661
0.729725
0.701011
0.668371
0.631772
0.591332
0.547335
0.500257
0.450768
0.399732
0.348168
0.297217
0.248072
0.201898
0.159745
0.122455
0.090596
0.0644018
0.0437668
0.0282684
0.0172345
0.00983911
0.00521008
0.00253003
0.00111126
0.000434065
0.000147606
4.25181e-05
1.00025e-05
1.8259e-06
2.39319e-07
1.96883e-08
7.46127e-10
0.628899
0.754417
0.766906
0.760828
0.754342
0.758519
0.775743
0.814868
0.874991
0.948588
0.999998
1
1
0.999998
0.935945
0.818374
0.692745
0.5811
0.489478
0.416635
0.356816
0.304115
0.256158
0.288114
0.31864
0.36048
0.40114
0.437214
0.471668
0.504436
0.535376
0.563673
0.589994
0.614472
0.637644
0.65989
0.679202
0.697028
0.71348
0.728642
0.74259
0.755402
0.767143
0.777882
0.787687
0.796622
0.804744
0.812109
0.818779
0.824796
0.830209
0.835065
0.839405
0.843269
0.846692
0.84971
0.852356
0.854657
0.856646
0.858347
0.859783
0.860983
0.861968
0.862755
0.863371
0.863831
0.864151
0.864353
0.864447
0.864452
0.864377
0.86424
0.864046
0.863806
0.863532
0.863229
0.862903
0.86256
0.862204
0.861836
0.861457
0.86107
0.860669
0.860256
0.859824
0.859368
0.858878
0.858342
0.857742
0.857058
0.856261
0.85532
0.854185
0.852799
0.851085
0.84895
0.846275
0.842923
0.838718
0.833461
0.826916
0.818819
0.808877
0.796777
0.782188
0.764781
0.744244
0.720297
0.692721
0.661386
0.626268
0.58748
0.545294
0.500154
0.452675
0.403646
0.353995
0.304756
0.257013
0.211834
0.170192
0.132896
0.100527
0.0733851
0.051478
0.0345275
0.022016
0.0132561
0.00747735
0.00391426
0.00188021
0.000817431
0.000316246
0.000106583
3.04461e-05
7.10668e-06
1.28769e-06
1.67566e-07
1.36862e-08
5.14723e-10
0.624283
0.749936
0.760548
0.750124
0.737187
0.736546
0.752275
0.792741
0.858114
0.94229
0.999997
1
1
0.999999
0.922327
0.782737
0.644068
0.530192
0.444422
0.382893
0.338462
0.325168
0.331976
0.345697
0.369756
0.400367
0.431588
0.461468
0.490525
0.518423
0.54487
0.569496
0.592642
0.614428
0.63518
0.655004
0.672462
0.689902
0.705135
0.718855
0.731512
0.743173
0.753899
0.763742
0.772753
0.780985
0.788486
0.795302
0.801479
0.807063
0.812097
0.816612
0.820651
0.824245
0.827428
0.830232
0.832686
0.834818
0.836657
0.838223
0.839545
0.840645
0.841539
0.842257
0.842809
0.84322
0.843505
0.843678
0.843756
0.843754
0.843683
0.843554
0.843379
0.843166
0.842924
0.842657
0.842372
0.842072
0.841761
0.841439
0.84111
0.840768
0.840413
0.840042
0.839645
0.839217
0.838746
0.838213
0.837597
0.83687
0.835994
0.834918
0.833584
0.831908
0.829797
0.827128
0.823755
0.819509
0.814186
0.807555
0.799362
0.789329
0.777154
0.762539
0.745187
0.72482
0.701202
0.674163
0.643607
0.609551
0.572131
0.531624
0.48846
0.443213
0.396602
0.349459
0.302705
0.257294
0.214164
0.174177
0.138061
0.106353
0.0793641
0.057161
0.0395677
0.0261955
0.0164925
0.00980896
0.00546788
0.00283007
0.00134478
0.000578651
0.000221679
7.40124e-05
2.09516e-05
4.84768e-06
8.70809e-07
1.12343e-07
9.09491e-09
3.3885e-10
0.616959
0.741993
0.755008
0.743648
0.720816
0.707255
0.7261
0.766574
0.836452
0.933936
0.999997
0.999998
1
0.999998
0.906582
0.742129
0.594152
0.486374
0.417486
0.387344
0.376364
0.378593
0.388454
0.401622
0.421068
0.443946
0.46776
0.491452
0.514775
0.537379
0.559019
0.579545
0.59909
0.617714
0.635525
0.652419
0.667771
0.682915
0.69631
0.710066
0.721128
0.731342
0.740772
0.749449
0.757412
0.764704
0.771358
0.77742
0.78292
0.787893
0.792378
0.796401
0.8
0.803201
0.806032
0.808524
0.8107
0.812587
0.814207
0.815588
0.816747
0.81771
0.818492
0.819115
0.819597
0.819953
0.820203
0.820356
0.820431
0.820436
0.820387
0.820292
0.820155
0.819992
0.819802
0.819595
0.81937
0.819133
0.818887
0.818625
0.818351
0.818059
0.817744
0.817399
0.817012
0.816568
0.816051
0.815431
0.814676
0.813737
0.812556
0.811066
0.809174
0.806774
0.803734
0.799903
0.795104
0.789137
0.781776
0.77278
0.761894
0.748851
0.733397
0.715284
0.694304
0.670285
0.643128
0.61281
0.579404
0.543092
0.504179
0.463088
0.420362
0.376647
0.332678
0.289244
0.247153
0.207189
0.170068
0.136392
0.10661
0.0809935
0.0596181
0.0423655
0.0289432
0.0189183
0.0117644
0.00691405
0.00381025
0.00195054
0.000917116
0.000390633
0.000148178
4.89962e-05
1.37375e-05
3.14808e-06
5.60005e-07
7.15254e-08
5.73018e-09
2.11118e-10
0.609291
0.727649
0.746892
0.739344
0.718607
0.688739
0.699873
0.736923
0.808617
0.922889
1
0.999999
1
0.999997
0.888041
0.695467
0.546081
0.45839
0.431481
0.42209
0.423301
0.431187
0.439499
0.452238
0.468038
0.485514
0.503637
0.521862
0.539909
0.557545
0.574624
0.59108
0.606926
0.622158
0.636761
0.650622
0.663578
0.676154
0.687638
0.699305
0.709805
0.718841
0.726805
0.734125
0.74085
0.747016
0.752655
0.757794
0.762459
0.766686
0.770493
0.773912
0.776966
0.779684
0.782085
0.784199
0.786041
0.787642
0.789015
0.790186
0.791172
0.791992
0.792664
0.793207
0.793632
0.793958
0.794197
0.794361
0.79446
0.794508
0.794509
0.794476
0.794408
0.794317
0.794203
0.79407
0.793916
0.793741
0.793547
0.793322
0.793066
0.792765
0.792407
0.791976
0.791447
0.790796
0.789984
0.788961
0.787666
0.786027
0.783956
0.781348
0.778078
0.774009
0.768981
0.762816
0.755321
0.746296
0.735524
0.722797
0.707908
0.690668
0.670916
0.648532
0.623443
0.595642
0.565198
0.532258
0.497061
0.459937
0.421308
0.381669
0.341592
0.301691
0.262609
0.224987
0.189428
0.156475
0.126572
0.10005
0.0770978
0.0577615
0.0419433
0.029415
0.0198413
0.0128108
0.00787323
0.00457525
0.00249424
0.00126366
0.000588223
0.000248101
9.32036e-05
3.05187e-05
8.47145e-06
1.92112e-06
3.38003e-07
4.26716e-08
3.37639e-09
1.22671e-10
0.600743
0.706228
0.733144
0.733054
0.719828
0.700639
0.684905
0.70651
0.772597
0.908165
1
1
1
1
0.865495
0.641226
0.50684
0.470801
0.46236
0.463572
0.469984
0.475942
0.48503
0.496226
0.508733
0.521949
0.535469
0.549043
0.562516
0.575772
0.588733
0.601353
0.613603
0.625451
0.636855
0.647759
0.658146
0.668155
0.677587
0.686969
0.695545
0.704111
0.710828
0.716714
0.722098
0.727034
0.731554
0.735676
0.739427
0.742822
0.74589
0.748648
0.751114
0.753315
0.755266
0.756985
0.758495
0.759811
0.760951
0.761933
0.762773
0.763484
0.764079
0.764576
0.764984
0.765313
0.765573
0.765774
0.765923
0.766026
0.766087
0.766108
0.766091
0.766037
0.765941
0.765803
0.765612
0.765363
0.765041
0.764631
0.764114
0.763462
0.76265
0.761635
0.760375
0.758817
0.756884
0.754495
0.751557
0.747965
0.743605
0.738344
0.732046
0.724562
0.715737
0.705416
0.693446
0.679676
0.663976
0.64623
0.626357
0.604303
0.580063
0.553678
0.525244
0.494919
0.462917
0.429517
0.395053
0.359913
0.324524
0.289343
0.254845
0.221499
0.189753
0.160017
0.13264
0.107899
0.085981
0.06698
0.0508899
0.0376104
0.0269556
0.0186689
0.0124434
0.00794372
0.00482979
0.00277814
0.00149987
0.000752809
0.00034725
0.000145145
5.40267e-05
1.75207e-05
4.81317e-06
1.07913e-06
1.87485e-07
2.33455e-08
1.81992e-09
6.49279e-11
0.590311
0.676913
0.709562
0.718548
0.715112
0.705921
0.6986
0.686537
0.725329
0.888116
1
1
0.999999
1
0.836849
0.577563
0.504845
0.497552
0.49918
0.504109
0.508781
0.515601
0.523714
0.532588
0.541891
0.551415
0.561028
0.570642
0.580198
0.589643
0.598939
0.608054
0.616956
0.625616
0.634011
0.642113
0.649924
0.657472
0.664727
0.671821
0.678479
0.685204
0.69196
0.696371
0.700395
0.704087
0.707475
0.710574
0.713401
0.715971
0.718303
0.72041
0.722308
0.724008
0.725528
0.72688
0.728075
0.729128
0.73005
0.730853
0.731545
0.732135
0.732632
0.733041
0.733369
0.733617
0.733788
0.733884
0.733901
0.733838
0.733691
0.733447
0.7331
0.732636
0.732038
0.731287
0.73036
0.729227
0.727859
0.726215
0.724254
0.721928
0.719178
0.715942
0.71215
0.707727
0.702561
0.696556
0.68962
0.681651
0.672553
0.662227
0.650582
0.637531
0.623002
0.606933
0.589283
0.57003
0.549181
0.526769
0.502857
0.477548
0.450973
0.423302
0.394735
0.365508
0.335879
0.306133
0.276569
0.247493
0.219212
0.192022
0.1662
0.141995
0.119619
0.0992371
0.0809648
0.0648623
0.0509328
0.039124
0.0293316
0.0214059
0.0151606
0.0103839
0.00684979
0.00433087
0.00260965
0.00148858
0.000797336
0.000397176
0.000181841
7.54276e-05
2.78466e-05
8.94785e-06
2.43186e-06
5.38296e-07
9.21028e-08
1.12675e-08
8.6206e-10
3.01708e-11
0.575428
0.637566
0.670625
0.686826
0.692743
0.692514
0.689259
0.684448
0.666425
0.859244
0.999999
1
1
1
0.797413
0.521482
0.526544
0.530428
0.533792
0.537603
0.542698
0.548402
0.554376
0.560475
0.566633
0.57282
0.579012
0.585195
0.591347
0.597454
0.603495
0.609449
0.615302
0.621035
0.626634
0.632086
0.637393
0.642552
0.647561
0.652444
0.657167
0.662005
0.668082
0.671413
0.674114
0.676538
0.678737
0.680732
0.682535
0.684154
0.685601
0.686878
0.68799
0.688949
0.689758
0.690414
0.690927
0.691298
0.691522
0.691604
0.691541
0.691329
0.690961
0.690432
0.68973
0.68885
0.687776
0.686494
0.684985
0.683231
0.68121
0.678897
0.676266
0.673286
0.669925
0.666148
0.661916
0.657189
0.651924
0.646076
0.639596
0.632435
0.624547
0.615877
0.606378
0.596001
0.584695
0.572433
0.55919
0.544954
0.529717
0.513484
0.496273
0.478115
0.459051
0.43914
0.418455
0.397084
0.37513
0.352712
0.329958
0.307011
0.284021
0.261147
0.23855
0.216395
0.19484
0.17404
0.154142
0.135276
0.11756
0.101089
0.0859415
0.0721682
0.0597974
0.0488319
0.0392494
0.0310038
0.0240274
0.0182327
0.0135167
0.00976389
0.00685165
0.00465426
0.00304779
0.00191462
0.00114717
0.000651086
0.000347157
0.000172177
7.84759e-05
3.23872e-05
1.18822e-05
3.78671e-06
1.01763e-06
2.21764e-07
3.71367e-08
4.41441e-09
3.26344e-10
1.12368e-11
0.543957
0.580861
0.605549
0.622008
0.632665
0.639025
0.641801
0.639304
0.636115
0.802811
0.999999
1
0.999998
1
0.729527
0.522948
0.526011
0.528925
0.531867
0.534905
0.538053
0.541258
0.5445
0.547763
0.551031
0.554296
0.557542
0.560755
0.563927
0.56704
0.570087
0.573052
0.575924
0.578699
0.581361
0.583904
0.586326
0.588619
0.590782
0.592823
0.594763
0.596729
0.599395
0.599817
0.599822
0.599576
0.599107
0.598414
0.597505
0.596376
0.595023
0.59344
0.591627
0.589575
0.587279
0.584731
0.581929
0.578859
0.575514
0.571886
0.567967
0.563744
0.55921
0.554349
0.549156
0.543615
0.537716
0.531449
0.5248
0.51776
0.510318
0.502462
0.494185
0.485476
0.47633
0.466742
0.456706
0.446219
0.435284
0.423902
0.412078
0.399823
0.387146
0.374062
0.360593
0.346761
0.33268
0.318395
0.303938
0.289351
0.274675
0.259955
0.24524
0.230581
0.216031
0.201645
0.187478
0.173585
0.16002
0.146838
0.134089
0.121821
0.110077
0.0988966
0.0883144
0.0783583
0.0690506
0.060407
0.052436
0.0451399
0.0385136
0.0325461
0.0272196
0.0225107
0.0183907
0.014826
0.0117792
0.00920958
0.00707408
0.00532799
0.00392597
0.00282282
0.00197446
0.00133869
0.000876092
0.000550657
0.00033044
0.000187972
0.000100501
4.9983e-05
2.28327e-05
9.43212e-06
3.45571e-06
1.09562e-06
2.9119e-07
6.21895e-08
1.00639e-08
1.13055e-09
7.59861e-11
2.18874e-12
)
;

boundaryField
{
    walls
    {
        type            zeroGradient;
    }
    top
    {
        type            zeroGradient;
    }
    bottom
    {
        type            zeroGradient;
    }
    frontAndBack
    {
        type            empty;
    }
    inlet
    {
        type            uniformFixedValue;
        uniformValue    
        {
            type            constant;
            value           1;
        }
        value           uniform 1;
    }
    outlet
    {
        type            zeroGradient;
    }
}


// ************************************************************************* //
