/*--------------------------------*- C++ -*----------------------------------*\
  =========                 |
  \\      /  F ield         | OpenFOAM: The Open Source CFD Toolbox
   \\    /   O peration     | Website:  https://openfoam.org
    \\  /    A nd           | Version:  12
     \\/     M anipulation  |
\*---------------------------------------------------------------------------*/
FoamFile
{
    format      ascii;
    class       volScalarField;
    location    "145";
    object      T;
}
// * * * * * * * * * * * * * * * * * * * * * * * * * * * * * * * * * * * * * //

dimensions      [];

internalField   nonuniform List<scalar> 
4480
(
4.5224e-13
1.30527e-10
6.53065e-07
0.000133711
0.00277515
0.014767
0.0401996
0.0771269
0.12095
0.167262
0.212852
0.25572
0.294783
0.329572
0.359991
0.386161
0.408317
0.426744
0.441739
0.453591
0.462574
0.468933
0.472888
0.474635
0.474346
0.472175
0.468255
0.463367
0.458405
0.45334
0.448145
0.442788
0.437239
0.431468
0.42544
0.419123
0.412478
0.405465
0.398038
0.390152
0.381753
0.37278
0.363168
0.352848
0.341739
0.329756
0.316807
0.302802
0.28765
0.271273
0.253625
0.234703
0.214568
0.193381
0.171416
0.149069
0.126855
0.105362
0.085199
0.0669218
0.050956
0.037547
0.0267369
0.0183809
0.0121913
0.00779866
0.00481123
0.00286326
0.00164444
0.000912026
0.000488833
0.000253437
0.000127223
6.19015e-05
2.92253e-05
1.3404e-05
5.97904e-06
2.59694e-06
1.09962e-06
4.54467e-07
1.83555e-07
7.25401e-08
2.8086e-08
1.35411e-08
8.36256e-09
5.87613e-09
4.3172e-09
3.22245e-09
2.4333e-09
1.86227e-09
1.44786e-09
1.14573e-09
9.24532e-10
7.62329e-10
6.43746e-10
5.5801e-10
4.97662e-10
4.57694e-10
4.3504e-10
4.28274e-10
4.37556e-10
4.64835e-10
5.14373e-10
5.93836e-10
7.1624e-10
9.03529e-10
1.19313e-09
1.65014e-09
2.39067e-09
3.62735e-09
5.76035e-09
9.56345e-09
1.65728e-08
2.99152e-08
5.61009e-08
1.0897e-07
2.18477e-07
4.50481e-07
9.5214e-07
2.06165e-06
4.60558e-06
1.07876e-05
2.6827e-05
7.28754e-05
0.000242217
0.00083413
0.0017463
0.00273173
0.001382
0.000114897
1.07809e-05
5.74353e-07
2.5834e-08
1.14055e-09
4.39937e-11
1.27958e-12
2.69623e-14
3.22944e-16
1.72498e-18
2.35182e-21
4.45955e-13
1.96522e-08
2.47936e-05
0.00204902
0.0212905
0.0720781
0.146739
0.230247
0.311566
0.385163
0.449221
0.503838
0.549895
0.588485
0.620658
0.647357
0.669375
0.68738
0.701926
0.713473
0.7224
0.729015
0.733575
0.736286
0.737321
0.736816
0.734883
0.731482
0.726848
0.721085
0.714295
0.706577
0.698027
0.688729
0.678759
0.66819
0.657079
0.645475
0.633411
0.620918
0.608011
0.594692
0.58095
0.566768
0.552114
0.53694
0.521191
0.504793
0.487666
0.469717
0.450847
0.43096
0.40996
0.387775
0.364364
0.339731
0.313947
0.287154
0.259583
0.231555
0.203474
0.175825
0.149134
0.123941
0.100749
0.079976
0.0619077
0.0466736
0.0342394
0.024423
0.0169313
0.0114053
0.00746515
0.00474863
0.00293654
0.00176623
0.00103383
0.000589283
0.00032733
0.000177322
9.37554e-05
4.84228e-05
2.44499e-05
1.24104e-05
6.47262e-06
3.51723e-06
2.00948e-06
1.20971e-06
7.64522e-07
5.04045e-07
3.44592e-07
2.43257e-07
1.76911e-07
1.3244e-07
1.02071e-07
8.10367e-08
6.63432e-08
5.60741e-08
4.89974e-08
4.43259e-08
4.15777e-08
4.04962e-08
4.10141e-08
4.32485e-08
4.75364e-08
5.45123e-08
6.52641e-08
8.16081e-08
1.06586e-07
1.45357e-07
2.06836e-07
3.06739e-07
4.73343e-07
7.58515e-07
1.25914e-06
2.15929e-06
3.81416e-06
6.91992e-06
1.28647e-05
2.44809e-05
4.77284e-05
9.54887e-05
0.000195567
0.000406203
0.000837342
0.00160629
0.00259377
0.00320037
0.00164986
0.000192148
2.03747e-05
1.8252e-06
1.36555e-07
8.36991e-09
4.21541e-10
1.55586e-11
4.10448e-13
6.26299e-15
4.45465e-17
9.67098e-20
2.15817e-10
8.43751e-07
0.000352176
0.0129733
0.0751878
0.180868
0.297398
0.403602
0.492458
0.564359
0.622136
0.668796
0.706767
0.737868
0.763429
0.784448
0.80169
0.815755
0.827128
0.836203
0.843303
0.848687
0.852572
0.855131
0.856501
0.856794
0.856095
0.854308
0.851433
0.847528
0.842649
0.836841
0.830156
0.822633
0.814326
0.805274
0.795526
0.785124
0.774111
0.762523
0.750394
0.737751
0.724617
0.711003
0.696914
0.682347
0.667283
0.651696
0.635544
0.618774
0.601322
0.583105
0.564033
0.544008
0.522932
0.500702
0.477238
0.452475
0.426385
0.398994
0.370383
0.340717
0.310237
0.279278
0.248249
0.217623
0.187914
0.159635
0.133263
0.109207
0.0877643
0.069111
0.0532867
0.0402049
0.0296709
0.0214115
0.0151062
0.0104193
0.00702636
0.00463361
0.00298896
0.00188666
0.0011658
0.000710416
0.000430119
0.000260011
0.000157783
9.66508e-05
6.00814e-05
3.80799e-05
2.46986e-05
1.64359e-05
1.12399e-05
7.90636e-06
5.72395e-06
4.26727e-06
3.27806e-06
2.59689e-06
2.12372e-06
1.79489e-06
1.56962e-06
1.42201e-06
1.33625e-06
1.30385e-06
1.3224e-06
1.39522e-06
1.53225e-06
1.75214e-06
2.08625e-06
2.58567e-06
3.33331e-06
4.46457e-06
6.20303e-06
8.92253e-06
1.32555e-05
2.02832e-05
3.18729e-05
5.12716e-05
8.41596e-05
0.000140499
0.000237664
0.00040512
0.000689227
0.00115191
0.00184663
0.00273794
0.00355143
0.00366546
0.00198294
0.000303697
3.9018e-05
4.36297e-06
4.10984e-07
3.13156e-08
1.94399e-09
8.80062e-11
2.85407e-12
5.44852e-14
5.03609e-16
1.52114e-18
1.5046e-08
1.61052e-05
0.00265582
0.0479825
0.173626
0.322554
0.452199
0.552535
0.627822
0.685044
0.729875
0.766033
0.795749
0.820368
0.84078
0.857642
0.871489
0.882767
0.891864
0.899106
0.904775
0.909102
0.912278
0.914461
0.91577
0.916301
0.916127
0.915203
0.913494
0.911033
0.907839
0.903927
0.899309
0.893993
0.887988
0.881306
0.873962
0.865968
0.857345
0.848112
0.838291
0.827904
0.81697
0.80551
0.793539
0.781071
0.768107
0.754649
0.740684
0.726195
0.71115
0.695504
0.679203
0.662176
0.644345
0.625616
0.605889
0.585059
0.563028
0.539701
0.515011
0.488912
0.461413
0.432572
0.402509
0.371425
0.339592
0.307352
0.275112
0.24332
0.212448
0.182961
0.155289
0.129797
0.106766
0.0863733
0.0686873
0.0536707
0.0411921
0.0310457
0.0229742
0.0166919
0.0119074
0.00836063
0.00579969
0.00398296
0.00271442
0.00184072
0.00124575
0.000844114
0.000574589
0.00039426
0.00027361
0.000192657
0.000138042
0.000100913
7.54422e-05
5.77969e-05
4.54598e-05
3.67724e-05
3.06387e-05
2.63336e-05
2.33796e-05
2.14677e-05
2.04095e-05
2.01078e-05
2.05435e-05
2.17739e-05
2.39435e-05
2.73096e-05
3.22879e-05
3.95277e-05
5.00327e-05
6.53523e-05
8.78812e-05
0.000121325
0.000171412
0.000246946
0.000361289
0.000534227
0.000793683
0.00117543
0.00171631
0.00243349
0.00328206
0.00409146
0.00450948
0.00405959
0.00229815
0.000456309
6.90549e-05
9.01827e-06
9.90051e-07
8.78803e-08
6.37823e-09
3.39368e-10
1.30655e-11
3.01703e-13
3.47579e-15
1.36585e-17
4.2311e-07
0.000171755
0.0126138
0.12237
0.305747
0.466034
0.580779
0.659743
0.716087
0.759154
0.794217
0.823757
0.848818
0.869924
0.887477
0.901884
0.913565
0.922922
0.930326
0.936107
0.940549
0.943889
0.946321
0.947997
0.949038
0.94953
0.949538
0.949047
0.94799
0.946388
0.944251
0.941584
0.93839
0.934662
0.930396
0.925587
0.920226
0.914316
0.907851
0.900839
0.89328
0.885187
0.876565
0.867431
0.857793
0.847666
0.837061
0.825984
0.81444
0.802426
0.789936
0.77695
0.763444
0.749379
0.734709
0.719371
0.703291
0.686381
0.66855
0.649693
0.629706
0.608486
0.585944
0.562004
0.536619
0.509786
0.481542
0.451982
0.421265
0.38961
0.357301
0.324679
0.292132
0.260075
0.228939
0.199138
0.171057
0.145022
0.121285
0.100018
0.081298
0.0651148
0.0513784
0.0399617
0.0307024
0.0233225
0.0175369
0.0130707
0.00967174
0.007118
0.00522085
0.00382495
0.00280587
0.00206628
0.00153164
0.00114595
0.000867796
0.000666934
0.000521543
0.000416018
0.000339267
0.000283463
0.00024311
0.000214387
0.000194679
0.000182262
0.000176091
0.000175681
0.000181049
0.000192718
0.000211791
0.000240089
0.00028037
0.000336673
0.000414775
0.000522797
0.000671957
0.000877313
0.00115823
0.00153777
0.00203961
0.00267985
0.0034505
0.00429318
0.00506809
0.00553527
0.00538319
0.00436513
0.00253589
0.000650858
0.000113114
1.67697e-05
2.08031e-06
2.08436e-07
1.7146e-08
1.04034e-09
4.61696e-11
1.25051e-12
1.73293e-14
8.4672e-17
6.57888e-06
0.00117867
0.041992
0.238077
0.445809
0.585359
0.671743
0.7284
0.77012
0.804548
0.834826
0.861553
0.884572
0.903828
0.919523
0.932056
0.941886
0.94947
0.955228
0.959521
0.962663
0.964907
0.966461
0.967482
0.968089
0.968365
0.968365
0.968097
0.967433
0.966389
0.964967
0.963164
0.960976
0.95839
0.955395
0.951977
0.948126
0.943825
0.939068
0.933848
0.928158
0.921995
0.915362
0.908264
0.900705
0.892694
0.884238
0.875348
0.866033
0.856296
0.846142
0.83557
0.82457
0.813129
0.801222
0.788818
0.775872
0.762327
0.748115
0.733159
0.717372
0.700651
0.682897
0.664002
0.643868
0.622404
0.599534
0.575211
0.549418
0.522174
0.493552
0.463674
0.432718
0.400916
0.368554
0.335965
0.303515
0.271593
0.240589
0.21088
0.182808
0.156668
0.132687
0.111035
0.0919058
0.0752729
0.0610347
0.0490289
0.0390509
0.0308716
0.0242524
0.018959
0.0147715
0.0114906
0.00894134
0.00697449
0.0054656
0.00431313
0.00343572
0.00276928
0.00226406
0.00188188
0.00159383
0.00137824
0.00121911
0.00110482
0.00102714
0.000980624
0.000962007
0.000969994
0.00100509
0.00106959
0.00116772
0.0013058
0.00149251
0.00173901
0.00205883
0.00246704
0.00297808
0.0036014
0.00433351
0.00514565
0.00596764
0.00667278
0.00707466
0.00695284
0.00612632
0.00458668
0.00265432
0.000882746
0.000173352
2.87201e-05
3.96146e-06
4.40354e-07
4.03016e-08
2.73417e-09
1.36968e-10
4.25204e-12
6.90402e-14
4.07003e-16
6.70782e-05
0.0057303
0.10541
0.377629
0.566666
0.669413
0.729097
0.770171
0.803808
0.834659
0.863616
0.88958
0.911562
0.929339
0.943246
0.953843
0.961714
0.967401
0.971372
0.974033
0.975722
0.976717
0.97724
0.977461
0.977498
0.977432
0.977305
0.977135
0.976738
0.976116
0.975261
0.974158
0.97279
0.971138
0.969182
0.966898
0.964272
0.961283
0.957916
0.95416
0.950002
0.945434
0.940456
0.935063
0.929261
0.923048
0.916433
0.909424
0.902031
0.894261
0.886122
0.877623
0.868764
0.859542
0.849956
0.839989
0.829618
0.818817
0.807544
0.795747
0.783365
0.770324
0.756544
0.741929
0.726385
0.709806
0.692087
0.673132
0.652849
0.631163
0.608018
0.58339
0.557283
0.52975
0.500882
0.470823
0.439765
0.407954
0.375678
0.343261
0.311052
0.279418
0.248722
0.219277
0.191553
0.165815
0.142253
0.120983
0.102045
0.0854062
0.0709768
0.0586182
0.0481574
0.0394005
0.0321452
0.02619
0.0213436
0.017429
0.014288
0.0117823
0.00979352
0.00822267
0.006988
0.00602333
0.00527585
0.00470406
0.004276
0.00396757
0.00376126
0.00364505
0.00361155
0.00365738
0.0037826
0.00399011
0.00428494
0.00467313
0.00515989
0.00574656
0.00642588
0.00717532
0.00794842
0.00866567
0.00920872
0.00942444
0.00914791
0.00825174
0.00672058
0.00473256
0.00269119
0.00107935
0.000251128
4.6027e-05
6.98883e-06
8.52868e-07
8.58414e-08
6.42949e-09
3.58474e-10
1.25543e-11
2.34631e-13
1.63808e-15
0.000502956
0.0211348
0.209962
0.511415
0.652973
0.721564
0.763547
0.796328
0.826711
0.857035
0.886413
0.912261
0.933203
0.949263
0.961122
0.969575
0.975327
0.978969
0.981008
0.981875
0.981944
0.981522
0.980858
0.980134
0.979478
0.978965
0.978631
0.978474
0.978276
0.978016
0.97767
0.977208
0.976597
0.975805
0.974797
0.973544
0.972017
0.970193
0.968052
0.965571
0.962742
0.95955
0.955989
0.952055
0.947745
0.943068
0.938022
0.932617
0.92686
0.920764
0.914336
0.907587
0.900527
0.893164
0.885498
0.87753
0.869256
0.860662
0.851729
0.84243
0.832727
0.822569
0.811906
0.800666
0.78877
0.776139
0.762673
0.748277
0.732844
0.716273
0.698466
0.679333
0.65879
0.636785
0.613275
0.588263
0.561779
0.533896
0.504734
0.474456
0.443275
0.411449
0.379269
0.34703
0.315159
0.284059
0.254082
0.225548
0.198728
0.173833
0.151009
0.130338
0.111839
0.0954713
0.0811487
0.0687463
0.0581116
0.0490763
0.041465
0.0351034
0.0298246
0.0254738
0.0219109
0.0190124
0.016671
0.0147959
0.0133112
0.0121549
0.0112768
0.0106373
0.0102058
0.00995848
0.0098775
0.00994851
0.0101586
0.0104938
0.0109353
0.011455
0.0120105
0.0125394
0.0129548
0.0131456
0.0129832
0.0123423
0.0111363
0.00936473
0.0071601
0.00480733
0.00269627
0.00117387
0.000347003
6.98352e-05
1.15932e-05
1.54262e-06
1.69481e-07
1.39013e-08
8.54788e-10
3.34281e-11
7.11152e-13
5.81842e-15
0.0030342
0.062086
0.343734
0.613252
0.70559
0.752274
0.785004
0.814165
0.843901
0.875206
0.905692
0.931337
0.950813
0.964771
0.974346
0.980526
0.984054
0.985528
0.985469
0.984347
0.982582
0.980535
0.978489
0.976657
0.975177
0.974126
0.973524
0.973341
0.973311
0.973399
0.97356
0.973742
0.973892
0.973963
0.973903
0.973665
0.973213
0.97251
0.971527
0.970245
0.96864
0.966704
0.964423
0.961792
0.95881
0.95548
0.951803
0.94779
0.943449
0.938789
0.933825
0.928566
0.923029
0.917223
0.911157
0.904841
0.898277
0.891467
0.884403
0.877077
0.869469
0.861551
0.853288
0.844638
0.835547
0.825952
0.815782
0.804955
0.793382
0.780972
0.76762
0.753224
0.737681
0.720889
0.702761
0.683213
0.662182
0.63963
0.615543
0.589945
0.562895
0.534502
0.50491
0.474312
0.442912
0.411076
0.37914
0.347451
0.31636
0.286203
0.257289
0.229883
0.204205
0.180416
0.158621
0.138868
0.121149
0.105414
0.0915733
0.0795074
0.0690783
0.0601353
0.0525248
0.0460951
0.0407016
0.0362103
0.0324997
0.0294616
0.0270014
0.0250373
0.0234988
0.0223246
0.0214611
0.0208588
0.0204696
0.0202432
0.0201229
0.0200419
0.01992
0.0196623
0.0191618
0.0183087
0.017007
0.0152012
0.0129084
0.0102462
0.00744344
0.0048118
0.00266643
0.00120563
0.000417805
0.000101264
1.82859e-05
2.64105e-06
3.15187e-07
2.81683e-08
1.89953e-09
8.24453e-11
1.98399e-12
1.89259e-14
0.0143719
0.150684
0.474026
0.673982
0.735471
0.77124
0.799539
0.827346
0.857653
0.890671
0.92248
0.947485
0.964978
0.97654
0.983747
0.987624
0.988856
0.987999
0.9856
0.982198
0.978297
0.974336
0.970661
0.967525
0.965082
0.963405
0.962498
0.962263
0.96241
0.962879
0.963597
0.964487
0.96547
0.96647
0.967418
0.968252
0.968915
0.969363
0.969555
0.969463
0.969064
0.968338
0.967274
0.965866
0.964115
0.962021
0.959587
0.956822
0.953738
0.950347
0.946659
0.942693
0.938464
0.933984
0.929272
0.924339
0.919192
0.913844
0.908296
0.902546
0.896594
0.890425
0.88402
0.877354
0.870395
0.8631
0.855421
0.847298
0.838661
0.829438
0.81954
0.808883
0.797364
0.784885
0.771338
0.756621
0.740636
0.723284
0.704491
0.684187
0.662334
0.638919
0.613958
0.587514
0.559616
0.530482
0.500324
0.4694
0.438002
0.406449
0.375071
0.3442
0.314156
0.285234
0.257689
0.231736
0.207539
0.185211
0.16481
0.146347
0.129792
0.115076
0.102103
0.0907557
0.0809027
0.072407
0.0651297
0.0589353
0.0536944
0.0492848
0.0455928
0.0425123
0.0399436
0.037791
0.0359603
0.0343563
0.0328802
0.031428
0.0298918
0.0281629
0.0261419
0.0237517
0.0209582
0.0177911
0.0143622
0.0108683
0.0075714
0.00474565
0.00260012
0.00120185
0.000449507
0.000129995
2.76753e-05
4.32538e-06
5.58952e-07
5.42681e-08
4.00074e-09
1.92105e-10
5.21365e-12
5.78916e-14
0.0417959
0.268129
0.580113
0.706104
0.753616
0.784046
0.810012
0.837464
0.868942
0.90408
0.937217
0.961012
0.976072
0.98514
0.99004
0.991636
0.990439
0.986971
0.981848
0.975741
0.969288
0.963043
0.957438
0.952774
0.949221
0.946848
0.945631
0.945353
0.94573
0.946664
0.948048
0.949769
0.951713
0.953775
0.955859
0.957878
0.95976
0.961443
0.962882
0.964032
0.964868
0.965369
0.965519
0.965313
0.964749
0.963831
0.962565
0.960961
0.959031
0.95679
0.954252
0.951436
0.948361
0.945042
0.941496
0.937742
0.933794
0.929668
0.925368
0.920907
0.916287
0.911505
0.906556
0.901429
0.896102
0.890553
0.88475
0.878649
0.872208
0.865366
0.858065
0.850228
0.841777
0.832625
0.822675
0.811834
0.799992
0.787046
0.77289
0.757423
0.740554
0.722207
0.702313
0.680841
0.657711
0.632983
0.606741
0.579114
0.550277
0.520442
0.48987
0.458845
0.427677
0.396684
0.36618
0.336472
0.307833
0.280507
0.254692
0.230546
0.208171
0.187625
0.168922
0.152035
0.136902
0.123436
0.111527
0.101051
0.0918754
0.0838616
0.0768695
0.0707591
0.0653917
0.0606303
0.0563391
0.0523836
0.0486321
0.0449572
0.0412417
0.0373868
0.0333231
0.0290261
0.0245305
0.0199402
0.0154281
0.0112183
0.00754749
0.00460967
0.00249767
0.00116849
0.000457725
0.000145272
3.61402e-05
6.8358e-06
9.54667e-07
1.00546e-07
8.09177e-09
4.29337e-10
1.31311e-11
1.698e-13
0.0916605
0.38247
0.645212
0.73017
0.766865
0.793067
0.81766
0.84524
0.878214
0.915719
0.950135
0.972106
0.984448
0.991128
0.993884
0.993167
0.989263
0.982716
0.974308
0.964922
0.955394
0.946431
0.938563
0.932145
0.927357
0.924251
0.922762
0.922494
0.923201
0.924745
0.926965
0.929703
0.932803
0.936118
0.93952
0.942897
0.946153
0.94921
0.952006
0.954493
0.956637
0.958416
0.959815
0.960825
0.96145
0.96169
0.961558
0.961065
0.960227
0.95906
0.957584
0.955818
0.953783
0.951499
0.948987
0.946266
0.943355
0.940271
0.937029
0.933641
0.930116
0.926461
0.922677
0.91876
0.914707
0.910499
0.90612
0.901544
0.896741
0.891671
0.886289
0.880542
0.874367
0.867698
0.860457
0.85256
0.843916
0.834425
0.823986
0.812493
0.79984
0.78592
0.770632
0.753891
0.735558
0.715596
0.693978
0.670725
0.64589
0.619572
0.591916
0.563109
0.533379
0.502985
0.472217
0.441375
0.410767
0.380694
0.351436
0.323249
0.29635
0.270917
0.24708
0.224926
0.204494
0.185784
0.168756
0.153339
0.139435
0.126927
0.115678
0.105545
0.0963726
0.0880054
0.0802866
0.0730642
0.0661944
0.0595495
0.0530252
0.0465519
0.040105
0.033715
0.027473
0.0215278
0.0160689
0.0112967
0.00737923
0.00440722
0.00236146
0.00111072
0.000447595
0.000150544
4.11215e-05
8.87124e-06
1.46883e-06
1.80827e-07
1.58827e-08
9.31344e-10
3.21223e-11
4.84595e-13
0.166335
0.477679
0.685296
0.747184
0.777647
0.800005
0.823107
0.851044
0.885673
0.925716
0.961362
0.980936
0.990484
0.995063
0.995846
0.992641
0.985533
0.97522
0.962787
0.949423
0.936226
0.924078
0.91362
0.905249
0.899147
0.895329
0.893668
0.893515
0.894719
0.897078
0.90037
0.904375
0.908881
0.913695
0.918648
0.923595
0.928416
0.933012
0.937312
0.941258
0.944813
0.947948
0.950652
0.952919
0.954752
0.956157
0.957152
0.957748
0.957964
0.957826
0.957353
0.95657
0.955495
0.954158
0.952579
0.950781
0.948787
0.946614
0.944286
0.941811
0.939211
0.93649
0.933659
0.930722
0.927676
0.924521
0.921242
0.91783
0.914264
0.910517
0.90656
0.902354
0.897855
0.89301
0.887763
0.882045
0.875782
0.868893
0.861288
0.852871
0.843536
0.833178
0.821691
0.808962
0.794844
0.779233
0.762046
0.74322
0.722724
0.700556
0.676757
0.651407
0.624627
0.596584
0.567489
0.53758
0.507126
0.476418
0.445748
0.415409
0.385681
0.356817
0.32904
0.302534
0.277439
0.253852
0.231822
0.21136
0.192433
0.174977
0.158899
0.144082
0.130392
0.117689
0.105824
0.0946609
0.0840717
0.0739545
0.0642393
0.054899
0.0459561
0.0374859
0.0296109
0.0224869
0.0162768
0.0111165
0.00707879
0.00414472
0.00219582
0.00103357
0.000423553
0.000147803
4.28829e-05
1.00799e-05
1.86473e-06
2.62243e-07
2.67661e-08
1.84663e-09
7.57576e-11
1.36082e-12
0.250143
0.578915
0.711396
0.759389
0.785336
0.805837
0.827012
0.855088
0.891418
0.934116
0.971006
0.987699
0.994592
0.997478
0.996372
0.990281
0.979222
0.964243
0.946895
0.928778
0.91129
0.895507
0.882175
0.871721
0.864303
0.859871
0.858219
0.858358
0.860294
0.863742
0.868402
0.873976
0.880185
0.88678
0.893545
0.900299
0.906892
0.913212
0.919174
0.92471
0.929782
0.934363
0.93844
0.942013
0.945087
0.947676
0.949798
0.951475
0.95273
0.953588
0.954077
0.954224
0.954055
0.953598
0.952878
0.95192
0.950753
0.949395
0.947868
0.946192
0.944383
0.942456
0.940424
0.938294
0.93607
0.933756
0.931348
0.928841
0.926222
0.923478
0.920588
0.917526
0.914259
0.910755
0.906966
0.902839
0.898325
0.893348
0.887843
0.881721
0.8749
0.867275
0.858749
0.849209
0.838519
0.826539
0.81316
0.798279
0.781804
0.763668
0.743827
0.722274
0.699037
0.674185
0.647826
0.620118
0.591252
0.561457
0.530991
0.500127
0.469149
0.43834
0.407968
0.378282
0.349497
0.321795
0.295314
0.270149
0.246353
0.223937
0.202877
0.183118
0.164581
0.147174
0.130796
0.115355
0.100772
0.0869908
0.0739936
0.0618007
0.0504752
0.0401169
0.0308498
0.0228004
0.0160691
0.0107013
0.006663
0.00383158
0.00200668
0.000942094
0.00038954
0.000139105
4.19792e-05
1.04469e-05
2.08337e-06
3.213e-07
3.6513e-08
2.84155e-09
1.33038e-10
2.76127e-12
0.31854
0.623904
0.729371
0.767967
0.790424
0.809517
0.830528
0.8575
0.895483
0.940911
0.979151
0.992626
0.997199
0.99884
0.995769
0.986126
0.970111
0.949388
0.926143
0.902473
0.8801
0.860296
0.843889
0.831311
0.822668
0.817823
0.816449
0.817147
0.820134
0.825022
0.831409
0.838902
0.847143
0.855822
0.864669
0.873466
0.88204
0.890261
0.898028
0.905275
0.911962
0.918064
0.923573
0.928493
0.932837
0.936625
0.939881
0.94263
0.944905
0.946737
0.948156
0.949195
0.949884
0.950254
0.950334
0.950154
0.94974
0.949118
0.948311
0.947342
0.946229
0.94499
0.943639
0.942189
0.940648
0.939023
0.937316
0.935526
0.933651
0.931678
0.929599
0.927398
0.925051
0.922533
0.919812
0.91685
0.913604
0.910024
0.906049
0.901615
0.896648
0.891065
0.884772
0.877669
0.869642
0.860534
0.850231
0.838613
0.825555
0.810953
0.794707
0.776745
0.75702
0.735518
0.712259
0.687308
0.660771
0.632795
0.603571
0.573316
0.542282
0.510734
0.478945
0.44719
0.41573
0.384802
0.354615
0.325346
0.297132
0.270071
0.244226
0.219627
0.196277
0.174162
0.153261
0.133553
0.115029
0.0977021
0.0816093
0.0668164
0.0534123
0.0414982
0.0311697
0.0224934
0.0154839
0.0100833
0.00615275
0.00347949
0.00180103
0.000841298
0.000349066
0.000126366
3.91132e-05
1.01108e-05
2.1221e-06
3.48893e-07
4.27805e-08
3.63209e-09
1.87423e-10
4.33245e-12
0.376633
0.65692
0.743522
0.773606
0.79318
0.811144
0.832333
0.859487
0.897879
0.946065
0.98588
0.995996
0.998713
0.999533
0.9942
0.980056
0.957854
0.930188
0.90004
0.870055
0.842285
0.818169
0.798593
0.783968
0.774319
0.769373
0.768029
0.769691
0.774212
0.781049
0.78966
0.799536
0.810226
0.821343
0.832571
0.843658
0.854411
0.864688
0.874386
0.883441
0.891814
0.899488
0.906464
0.912753
0.918376
0.923362
0.927742
0.931552
0.934825
0.937601
0.939919
0.94181
0.943313
0.944463
0.945292
0.945832
0.946113
0.946163
0.946009
0.945673
0.945177
0.944541
0.943784
0.942917
0.941955
0.940907
0.939777
0.93857
0.937287
0.935924
0.934475
0.932929
0.931275
0.929493
0.927562
0.925454
0.923137
0.92057
0.91771
0.914506
0.910892
0.906803
0.90216
0.896876
0.890849
0.883935
0.876022
0.866978
0.856676
0.844982
0.831771
0.816926
0.800343
0.781949
0.76169
0.73955
0.715552
0.689763
0.66229
0.633284
0.602935
0.571463
0.539123
0.506176
0.472896
0.439558
0.406419
0.37372
0.341677
0.310475
0.280273
0.251198
0.223356
0.196832
0.171703
0.14804
0.12592
0.105427
0.0866543
0.0697014
0.0546643
0.0416205
0.0306119
0.0216247
0.0145749
0.00930142
0.00557167
0.00310156
0.00158636
0.000735961
0.000305201
0.000111265
3.49794e-05
9.2698e-06
2.01387e-06
3.46032e-07
4.47548e-08
4.04292e-09
2.23801e-10
5.59498e-12
0.425042
0.680011
0.751485
0.776712
0.793749
0.810698
0.83222
0.860949
0.898902
0.949539
0.991269
0.998108
0.999499
0.999843
0.991703
0.97184
0.942049
0.906188
0.868174
0.831212
0.79765
0.769057
0.746347
0.729883
0.719572
0.714973
0.713983
0.717105
0.723665
0.732943
0.744238
0.75691
0.770403
0.784257
0.798107
0.811671
0.824744
0.837177
0.848874
0.859781
0.869863
0.879118
0.887557
0.895202
0.902085
0.908243
0.913717
0.918551
0.922787
0.926469
0.929638
0.93234
0.934613
0.936495
0.938022
0.939232
0.940151
0.940817
0.941253
0.941487
0.941546
0.941445
0.941208
0.940851
0.940386
0.939827
0.939182
0.938456
0.937657
0.936781
0.935831
0.934796
0.933675
0.932449
0.931111
0.929634
0.927997
0.926173
0.924125
0.921811
0.919182
0.916184
0.912747
0.908798
0.904249
0.898978
0.89287
0.885803
0.877642
0.868248
0.857479
0.845189
0.831247
0.815523
0.797914
0.778336
0.756744
0.733127
0.707515
0.679987
0.650662
0.619708
0.58733
0.553769
0.51929
0.484176
0.448721
0.413216
0.377945
0.343178
0.309168
0.276148
0.244334
0.213922
0.185095
0.158025
0.132876
0.109799
0.0889317
0.07039
0.0542544
0.0405568
0.0292661
0.020277
0.0134059
0.00839803
0.00494473
0.00271136
0.00137009
0.000630417
0.000260536
9.51921e-05
3.01845e-05
8.12392e-06
1.8054e-06
3.19616e-07
4.28909e-08
4.04689e-09
2.35454e-10
6.22422e-12
0.464708
0.696083
0.755774
0.777496
0.792152
0.808104
0.83
0.860407
0.899834
0.951276
0.995369
0.999279
0.999848
0.999959
0.988228
0.961184
0.922292
0.877016
0.830288
0.78584
0.746243
0.713142
0.68746
0.669498
0.659017
0.655342
0.655642
0.660844
0.670039
0.682287
0.696709
0.712527
0.729085
0.745861
0.762452
0.778566
0.793986
0.80858
0.822254
0.834971
0.846716
0.857497
0.86734
0.87628
0.88436
0.891631
0.898139
0.903937
0.909076
0.913608
0.917576
0.921031
0.924016
0.926575
0.928746
0.930566
0.932074
0.933297
0.934272
0.93502
0.935573
0.935947
0.93617
0.936257
0.936225
0.936085
0.935852
0.93553
0.935131
0.934654
0.934104
0.933476
0.93277
0.931974
0.931084
0.930084
0.928955
0.927675
0.92622
0.924554
0.922644
0.920434
0.917875
0.914903
0.911438
0.907379
0.902614
0.897029
0.890492
0.882864
0.873991
0.863718
0.851882
0.838331
0.822913
0.805497
0.785979
0.764281
0.74037
0.714249
0.68598
0.655668
0.623467
0.589587
0.554274
0.517811
0.480513
0.442716
0.404762
0.367002
0.329784
0.293444
0.258308
0.224683
0.192859
0.163103
0.135652
0.110713
0.0884476
0.068964
0.0523062
0.0384418
0.0272556
0.0185486
0.0120464
0.00741703
0.00429682
0.00232202
0.00115907
0.000528407
0.000217159
7.92392e-05
2.52137e-05
6.84518e-06
1.54276e-06
2.78493e-07
3.83088e-08
3.72367e-09
2.2423e-10
6.16168e-12
0.496706
0.707043
0.757381
0.775803
0.788369
0.803235
0.825511
0.857805
0.90028
0.951613
0.998204
0.999814
0.999969
0.999993
0.983666
0.947782
0.898239
0.842438
0.786339
0.734095
0.68839
0.650881
0.622498
0.603513
0.593524
0.590929
0.593392
0.601649
0.614412
0.630425
0.648577
0.667948
0.687811
0.707615
0.726959
0.745561
0.763232
0.779859
0.795377
0.809768
0.823036
0.83521
0.84633
0.856446
0.865611
0.87389
0.881334
0.888006
0.893961
0.899258
0.903951
0.908091
0.91172
0.914892
0.917644
0.920018
0.922051
0.92378
0.925232
0.926441
0.927431
0.928229
0.928856
0.929333
0.929674
0.929899
0.930015
0.930037
0.929973
0.929826
0.929602
0.929303
0.928928
0.928471
0.927927
0.927288
0.926541
0.925667
0.924649
0.923461
0.922071
0.920438
0.918516
0.916251
0.913574
0.9104
0.906618
0.902126
0.896794
0.890485
0.883041
0.874296
0.864075
0.852196
0.838481
0.822762
0.804883
0.784718
0.762174
0.7372
0.709794
0.680011
0.647964
0.613824
0.577821
0.540241
0.501418
0.461723
0.42156
0.381354
0.341543
0.302563
0.264843
0.228793
0.194794
0.16319
0.134275
0.108282
0.0853716
0.0656218
0.0490192
0.0354545
0.0247254
0.0165464
0.0105677
0.00640122
0.00365143
0.00194552
0.000959223
0.000432937
0.000176649
6.42051e-05
2.04243e-05
5.5652e-06
1.264e-06
2.30878e-07
3.22629e-08
3.19755e-09
1.9699e-10
5.55469e-12
0.521999
0.713952
0.756386
0.771314
0.782332
0.795934
0.818531
0.852866
0.898683
0.951921
0.999755
0.999983
1
1
0.977884
0.931345
0.869642
0.802405
0.736541
0.676443
0.624741
0.583026
0.552288
0.532887
0.524257
0.521696
0.527726
0.54053
0.558204
0.579034
0.601637
0.624974
0.648303
0.671116
0.693071
0.713952
0.733624
0.752024
0.769124
0.784939
0.799498
0.812849
0.825047
0.836156
0.846241
0.855374
0.863618
0.871038
0.877698
0.883658
0.888976
0.893706
0.897899
0.901604
0.904865
0.907723
0.910219
0.912387
0.914262
0.915874
0.91725
0.918417
0.919397
0.920213
0.92088
0.921415
0.921834
0.922149
0.922367
0.922496
0.922545
0.922512
0.922403
0.922215
0.921942
0.921584
0.921128
0.920562
0.91987
0.919035
0.918025
0.91681
0.915351
0.913599
0.91149
0.908951
0.90588
0.902174
0.89771
0.892352
0.885937
0.878296
0.869238
0.858563
0.846071
0.831559
0.814838
0.795739
0.774125
0.749897
0.723008
0.693474
0.661374
0.626856
0.590144
0.551531
0.511374
0.470087
0.428133
0.386013
0.344245
0.303356
0.263865
0.226263
0.191001
0.158471
0.12899
0.10279
0.0800019
0.0606493
0.0446464
0.0318021
0.0218321
0.0143791
0.00903861
0.00539054
0.00302954
0.00159202
0.000775275
0.000346239
0.000140096
5.06225e-05
1.60545e-05
4.37421e-06
9.96486e-07
1.83123e-07
2.58208e-08
2.58917e-09
1.61766e-10
4.63513e-12
0.541384
0.717664
0.753382
0.764965
0.773945
0.786004
0.808809
0.845354
0.895008
0.952205
0.999999
0.999999
0.999998
0.999999
0.970753
0.911624
0.836373
0.757092
0.681422
0.613734
0.556358
0.510692
0.477914
0.458817
0.452634
0.453455
0.464337
0.482698
0.505967
0.531976
0.559111
0.586277
0.612785
0.63822
0.662356
0.685063
0.706297
0.726047
0.744338
0.761215
0.776734
0.790963
0.803971
0.815833
0.826622
0.836415
0.845281
0.853289
0.860508
0.867003
0.872826
0.878041
0.882697
0.886845
0.890529
0.893795
0.896681
0.899224
0.901459
0.903415
0.905121
0.906603
0.907887
0.908994
0.909939
0.910745
0.911421
0.911983
0.912441
0.912802
0.913075
0.913262
0.913371
0.913398
0.913345
0.913205
0.912972
0.912643
0.912196
0.911622
0.910892
0.909985
0.908858
0.90747
0.905764
0.90367
0.901092
0.897929
0.894061
0.889346
0.88362
0.8767
0.868391
0.858474
0.846725
0.83292
0.816839
0.798285
0.777083
0.753104
0.726278
0.696589
0.664108
0.628978
0.591428
0.551774
0.510411
0.4678
0.424471
0.380989
0.337948
0.295951
0.255578
0.217376
0.181829
0.149342
0.120221
0.09466
0.072734
0.0543941
0.0394746
0.0277057
0.0187344
0.0121516
0.00752296
0.00442014
0.00244875
0.00126956
0.000610653
0.000269758
0.000108149
3.87968e-05
1.22415e-05
3.32591e-06
7.57296e-07
1.39416e-07
1.97354e-08
1.99058e-09
1.25297e-10
3.62121e-12
0.555492
0.718763
0.748578
0.756574
0.76306
0.773242
0.796052
0.834962
0.889006
0.951299
1
1
0.999998
0.999997
0.962169
0.888408
0.798441
0.706934
0.621901
0.547332
0.484887
0.435516
0.400763
0.382744
0.376456
0.38397
0.403659
0.430677
0.461237
0.492908
0.524288
0.554617
0.583492
0.61073
0.636265
0.660089
0.682235
0.70276
0.721725
0.739204
0.755276
0.770016
0.783507
0.795828
0.807063
0.817283
0.826561
0.834974
0.842583
0.849456
0.855651
0.861225
0.866232
0.87072
0.874737
0.878321
0.881518
0.884363
0.88689
0.889128
0.891106
0.892853
0.89439
0.895741
0.896924
0.897955
0.898848
0.899619
0.900279
0.900835
0.901298
0.901669
0.901955
0.902158
0.902279
0.902314
0.902258
0.902108
0.901849
0.901468
0.900945
0.900253
0.899361
0.898224
0.896789
0.89499
0.892727
0.889901
0.886387
0.882036
0.87668
0.870125
0.862157
0.852545
0.841046
0.827414
0.811413
0.792817
0.771439
0.74714
0.719834
0.689514
0.656249
0.62021
0.581655
0.54094
0.498509
0.454884
0.410654
0.366446
0.322913
0.280701
0.240426
0.202648
0.167844
0.136388
0.108539
0.0844227
0.0640352
0.0472453
0.0338087
0.0233893
0.0155853
0.00996084
0.00607683
0.00351944
0.00192284
0.000983835
0.000467454
0.000204218
8.10787e-05
2.88471e-05
9.04234e-06
2.44485e-06
5.54959e-07
1.02023e-07
1.44442e-08
1.45902e-09
9.20649e-11
2.66881e-12
0.564744
0.717653
0.741993
0.745549
0.74838
0.757441
0.779945
0.821327
0.880365
0.948978
0.999997
0.999997
0.999998
0.999996
0.952036
0.861507
0.755997
0.652689
0.559423
0.479383
0.412985
0.360173
0.322747
0.305939
0.302878
0.322929
0.355924
0.393318
0.430744
0.466628
0.500538
0.532384
0.562174
0.589962
0.615824
0.639847
0.662118
0.682731
0.701772
0.719326
0.735484
0.750332
0.763943
0.776402
0.787787
0.798179
0.807642
0.816247
0.82406
0.831144
0.837557
0.843355
0.848587
0.853304
0.857549
0.861364
0.864789
0.867858
0.870606
0.873064
0.875258
0.877213
0.878957
0.880506
0.881879
0.883099
0.884173
0.885118
0.885947
0.886664
0.887282
0.887806
0.88824
0.888586
0.888848
0.889023
0.889104
0.88909
0.888972
0.888732
0.888355
0.887811
0.88707
0.886089
0.884809
0.883162
0.881047
0.878357
0.874959
0.87069
0.865369
0.858791
0.850721
0.840915
0.829114
0.815057
0.798493
0.7792
0.756989
0.731728
0.703353
0.671882
0.63743
0.600209
0.560531
0.518816
0.475567
0.431367
0.386858
0.342711
0.299606
0.258199
0.219098
0.182828
0.149814
0.120362
0.094643
0.0726947
0.0544222
0.039613
0.0279558
0.0190682
0.0125255
0.00789153
0.00474658
0.00271105
0.00146137
0.000738172
0.00034652
0.000149707
5.88411e-05
2.075e-05
6.45491e-06
1.73429e-06
3.91703e-07
7.17385e-08
1.01293e-08
1.02131e-09
6.4363e-11
1.8636e-12
0.569341
0.714731
0.734028
0.732317
0.730191
0.738438
0.760163
0.804019
0.868666
0.94518
1
1
0.999998
1
0.940261
0.830711
0.709354
0.59555
0.496232
0.413359
0.345329
0.290013
0.247783
0.218937
0.239748
0.291488
0.340669
0.380964
0.418991
0.455036
0.489291
0.520423
0.54938
0.576309
0.601342
0.624596
0.646172
0.666166
0.684669
0.701764
0.717538
0.732063
0.745424
0.757684
0.768925
0.779213
0.788618
0.797201
0.805023
0.812145
0.818615
0.824492
0.829822
0.834649
0.839018
0.842967
0.846531
0.84975
0.852648
0.855261
0.857611
0.859724
0.861622
0.863325
0.864853
0.866219
0.86744
0.868527
0.869492
0.870344
0.871091
0.871738
0.872291
0.872753
0.873126
0.873406
0.873594
0.873683
0.873661
0.873515
0.873226
0.872762
0.872091
0.87116
0.869909
0.868258
0.866099
0.863307
0.859735
0.855202
0.849509
0.84243
0.833716
0.823106
0.810333
0.795135
0.77727
0.75653
0.732759
0.705863
0.67583
0.642743
0.606783
0.568239
0.527501
0.485053
0.441467
0.39737
0.353437
0.31035
0.268775
0.22933
0.192561
0.158914
0.128717
0.10217
0.0793371
0.0601542
0.0444389
0.0319097
0.0222107
0.0149401
0.00967776
0.00601321
0.00356756
0.00201049
0.00106975
0.000533667
0.000247581
0.000105789
4.11582e-05
1.43804e-05
4.43652e-06
1.18331e-06
2.6556e-07
4.8368e-08
6.7968e-09
6.82376e-10
4.28286e-11
1.23478e-12
0.569187
0.710456
0.72569
0.718653
0.711127
0.71612
0.736453
0.782571
0.853323
0.939736
0.999998
1
1
0.999998
0.92671
0.795721
0.65903
0.537364
0.435889
0.355145
0.290935
0.238762
0.196237
0.231952
0.266376
0.309584
0.350954
0.387436
0.422121
0.45511
0.48635
0.515053
0.541886
0.56698
0.59088
0.613985
0.634163
0.652904
0.670307
0.686447
0.701389
0.715205
0.727953
0.739697
0.750501
0.76043
0.769536
0.777878
0.785517
0.792497
0.79887
0.804682
0.809978
0.814801
0.819186
0.823172
0.826793
0.830079
0.833061
0.835765
0.838211
0.840429
0.842437
0.84425
0.84589
0.84737
0.848701
0.849898
0.85097
0.851926
0.852772
0.853517
0.854162
0.85471
0.855165
0.855524
0.85578
0.855929
0.855959
0.855848
0.855572
0.8551
0.854379
0.853356
0.851949
0.850063
0.847574
0.844333
0.840165
0.834872
0.828228
0.819992
0.809902
0.797695
0.783112
0.765913
0.745892
0.722895
0.696827
0.667677
0.635523
0.60054
0.563009
0.523308
0.481908
0.439361
0.396279
0.35331
0.311115
0.270339
0.231579
0.195361
0.16212
0.132178
0.105732
0.0828577
0.0635043
0.0475127
0.0346294
0.0245293
0.0168415
0.0111745
0.00714073
0.00437759
0.0025631
0.00142596
0.000749335
0.000369377
0.000169421
7.16169e-05
2.75838e-05
9.54767e-06
2.92013e-06
7.72663e-07
1.72132e-07
3.11389e-08
4.34788e-09
4.33842e-10
2.7062e-11
7.75068e-13
0.563704
0.705158
0.718183
0.706017
0.690894
0.69022
0.708802
0.756542
0.833515
0.932356
0.999997
1
1
0.999999
0.911169
0.756063
0.605894
0.481119
0.38428
0.315006
0.268011
0.256795
0.266887
0.284285
0.31103
0.343098
0.375249
0.40579
0.435371
0.463781
0.490791
0.516054
0.539918
0.562504
0.584148
0.604963
0.62341
0.641982
0.658307
0.673105
0.686849
0.699604
0.711426
0.722365
0.732472
0.741797
0.750388
0.758293
0.765559
0.772232
0.778359
0.78397
0.789111
0.793815
0.798116
0.802048
0.80564
0.808918
0.811913
0.814643
0.817133
0.819403
0.821468
0.823351
0.82506
0.826613
0.82802
0.829291
0.830436
0.831463
0.832378
0.833186
0.83389
0.834491
0.83499
0.835378
0.835649
0.835791
0.835786
0.835602
0.835207
0.834549
0.833564
0.832174
0.830273
0.827743
0.824427
0.820146
0.814699
0.807866
0.799406
0.789068
0.776606
0.761776
0.744366
0.724196
0.701139
0.675136
0.646203
0.614445
0.58006
0.54334
0.504666
0.464505
0.423389
0.381898
0.340642
0.300235
0.261265
0.224276
0.18974
0.158041
0.129461
0.10417
0.0822243
0.0635732
0.0480678
0.035477
0.0255071
0.0178237
0.0120734
0.00790448
0.00498506
0.00301687
0.00174428
0.000958625
0.00049784
0.000242638
0.000110091
4.60594e-05
1.75674e-05
6.02453e-06
1.82647e-06
4.79254e-07
1.05914e-07
1.90117e-08
2.63441e-09
2.60869e-10
1.61451e-11
4.58529e-13
0.555168
0.695911
0.711615
0.698333
0.671547
0.65566
0.677926
0.725739
0.808086
0.922566
0.999997
0.999998
1
0.999998
0.89321
0.710979
0.551531
0.431908
0.351389
0.316288
0.30466
0.308157
0.320108
0.335491
0.356705
0.380868
0.405694
0.430248
0.454366
0.477766
0.500239
0.521652
0.542142
0.561774
0.580663
0.598696
0.615199
0.631601
0.646211
0.661382
0.673651
0.685075
0.695718
0.705612
0.714795
0.723309
0.73119
0.738483
0.74522
0.751437
0.757173
0.762457
0.767325
0.771806
0.775926
0.779715
0.783196
0.786394
0.789328
0.792023
0.794493
0.796759
0.798832
0.800729
0.802461
0.80404
0.805476
0.806777
0.80795
0.809001
0.809935
0.810753
0.811451
0.812032
0.812483
0.812794
0.812946
0.812914
0.812665
0.812149
0.811309
0.810068
0.808335
0.805996
0.802919
0.798949
0.793894
0.78755
0.779703
0.770123
0.758587
0.744878
0.728799
0.710185
0.688915
0.664925
0.638217
0.608871
0.577041
0.542971
0.506982
0.469465
0.430882
0.391735
0.352563
0.313909
0.276311
0.240273
0.206247
0.174616
0.145681
0.119654
0.0966462
0.076678
0.0596789
0.0455001
0.0339273
0.0246975
0.0175167
0.0120771
0.00807368
0.00521813
0.00324976
0.00194281
0.00111008
0.000603158
0.000309819
0.00014942
6.71167e-05
2.78107e-05
1.05096e-05
3.57213e-06
1.07361e-06
2.79316e-07
6.12061e-08
1.08929e-08
1.4963e-09
1.46841e-10
9.00254e-12
2.53097e-13
0.546226
0.679451
0.702044
0.693208
0.668852
0.633681
0.646929
0.690803
0.775406
0.909622
1
0.999999
1
0.999997
0.87207
0.659296
0.499209
0.398949
0.364083
0.351261
0.351669
0.360201
0.369558
0.383483
0.400407
0.418906
0.437992
0.457158
0.476151
0.494765
0.512865
0.53039
0.547358
0.563766
0.579595
0.594726
0.608983
0.622929
0.63578
0.648983
0.661005
0.671459
0.680775
0.689447
0.697532
0.705066
0.712082
0.718608
0.724668
0.7303
0.73552
0.740362
0.744845
0.748999
0.752838
0.756393
0.759674
0.762708
0.765505
0.768085
0.770461
0.772646
0.774652
0.776492
0.77817
0.779697
0.78108
0.782321
0.78342
0.784383
0.785201
0.785872
0.78638
0.786713
0.786845
0.786748
0.78638
0.785689
0.784617
0.783079
0.780987
0.778228
0.774676
0.770186
0.764597
0.757736
0.749395
0.739379
0.727498
0.713579
0.69747
0.679049
0.658236
0.635005
0.609382
0.581458
0.551392
0.519412
0.485802
0.450914
0.415141
0.378916
0.342693
0.306935
0.272092
0.23859
0.206814
0.177092
0.149692
0.124804
0.102546
0.0829589
0.0660102
0.0516022
0.0395809
0.0297477
0.0218721
0.0157048
0.0109906
0.00747965
0.00493759
0.00315259
0.00194047
0.00114708
0.000648382
0.000348679
0.000177348
8.47308e-05
3.77179e-05
1.5494e-05
5.80604e-06
1.95713e-06
5.83354e-07
1.50486e-07
3.26859e-08
5.76321e-09
7.8385e-10
7.6117e-11
4.61391e-12
1.28056e-13
0.536252
0.654991
0.686029
0.685818
0.670243
0.647635
0.629108
0.654916
0.73311
0.892367
1
1
1
1
0.846374
0.59936
0.456249
0.411436
0.397457
0.396188
0.402046
0.407818
0.417221
0.428982
0.442178
0.456161
0.47051
0.484974
0.499397
0.513663
0.527695
0.541445
0.55488
0.567967
0.580661
0.592901
0.604667
0.616112
0.627019
0.637993
0.648166
0.658519
0.666772
0.674124
0.680978
0.687393
0.693401
0.699019
0.704273
0.709176
0.713754
0.718021
0.721992
0.72569
0.729125
0.732313
0.735269
0.738003
0.740527
0.74285
0.744983
0.74693
0.748695
0.750286
0.751701
0.75294
0.753997
0.754866
0.755536
0.755993
0.756214
0.756172
0.755833
0.755156
0.754086
0.752565
0.750518
0.747863
0.744501
0.740324
0.735214
0.729038
0.721661
0.712938
0.702726
0.690887
0.677265
0.661748
0.644256
0.624742
0.603201
0.579664
0.554219
0.526998
0.498183
0.468004
0.436737
0.404689
0.372199
0.339624
0.307328
0.27567
0.244996
0.215624
0.187835
0.161869
0.137909
0.11609
0.0964872
0.0791209
0.0639589
0.0509222
0.0398912
0.0307136
0.023213
0.0171982
0.0124714
0.00883635
0.00610531
0.00410447
0.00267809
0.00169108
0.00103003
0.000602872
0.000337601
0.00017996
9.07756e-05
4.30299e-05
1.90116e-05
7.75321e-06
2.88457e-06
9.65296e-07
2.85542e-07
7.30586e-08
1.57252e-08
2.74459e-09
3.6905e-10
3.53887e-11
2.11592e-12
5.77317e-14
0.524064
0.621564
0.658834
0.669024
0.664831
0.653946
0.645311
0.631277
0.677595
0.868874
1
1
0.999999
1
0.813737
0.529174
0.454441
0.442906
0.441994
0.445703
0.449399
0.455912
0.464093
0.473257
0.482999
0.493075
0.503333
0.513679
0.524045
0.534376
0.544628
0.554766
0.564755
0.574563
0.584161
0.593521
0.602645
0.611561
0.620238
0.628832
0.637023
0.645435
0.654058
0.65988
0.665312
0.670413
0.675207
0.679703
0.683915
0.687853
0.691528
0.694948
0.698123
0.701054
0.703752
0.706219
0.708458
0.710471
0.712258
0.713817
0.715143
0.716228
0.717064
0.717636
0.717929
0.717921
0.717586
0.716896
0.715812
0.714296
0.712301
0.709768
0.70664
0.702849
0.698319
0.69297
0.686719
0.679473
0.671142
0.661633
0.650858
0.638735
0.625184
0.610146
0.593574
0.575447
0.555761
0.534562
0.51193
0.48797
0.462826
0.436667
0.409694
0.382126
0.354207
0.32619
0.298336
0.270903
0.244144
0.218297
0.193577
0.170176
0.148251
0.127928
0.109293
0.092399
0.0772584
0.0638519
0.0521279
0.0420072
0.0333884
0.0261522
0.020167
0.0152942
0.0113932
0.0083255
0.00595881
0.00417014
0.00284799
0.00189395
0.00122333
0.000765278
0.000462122
0.000268352
0.000149192
7.9005e-05
3.96117e-05
1.86722e-05
8.20635e-06
3.32946e-06
1.23221e-06
4.10026e-07
1.20513e-07
3.06004e-08
6.52541e-09
1.12589e-09
1.49283e-10
1.40825e-11
8.27576e-13
2.2183e-14
0.506647
0.57664
0.614168
0.632557
0.639159
0.638693
0.634787
0.62911
0.60844
0.835043
0.999999
1
1
0.999999
0.76882
0.466473
0.479633
0.484021
0.486633
0.489877
0.494836
0.500636
0.50683
0.513227
0.519742
0.52634
0.532998
0.539699
0.546424
0.553154
0.55987
0.566548
0.573172
0.579717
0.58617
0.59251
0.598739
0.60485
0.610835
0.616717
0.622447
0.628328
0.635503
0.639628
0.643043
0.646132
0.648938
0.651473
0.653737
0.655727
0.657445
0.658878
0.660021
0.660869
0.661413
0.661635
0.661527
0.661072
0.660249
0.659042
0.657428
0.655383
0.652876
0.649879
0.646358
0.642282
0.637611
0.632306
0.626325
0.619626
0.612167
0.603904
0.594795
0.584802
0.573885
0.562015
0.549165
0.535316
0.520459
0.504598
0.487746
0.469931
0.451199
0.431608
0.411234
0.390172
0.368581
0.346608
0.324392
0.302089
0.279852
0.257838
0.236204
0.215102
0.194673
0.175049
0.156347
0.138667
0.12209
0.106681
0.0924795
0.079508
0.0677675
0.0572413
0.0478947
0.0396788
0.0325313
0.0263802
0.0211457
0.0167435
0.0130864
0.0100875
0.00766192
0.00572829
0.00421054
0.0030388
0.00215014
0.00148901
0.00100729
0.000664171
0.000425781
0.000264613
0.000158895
9.18356e-05
5.08588e-05
2.68481e-05
1.34274e-05
6.31645e-06
2.77106e-06
1.12223e-06
4.14422e-07
1.37485e-07
4.0229e-08
1.01467e-08
2.14238e-09
3.6435e-10
4.73354e-11
4.34419e-12
2.47071e-13
6.53051e-15
0.469693
0.511378
0.539368
0.558045
0.570115
0.577275
0.580337
0.577361
0.573592
0.768917
0.999999
1
0.999998
1
0.691171
0.455727
0.459715
0.463463
0.466557
0.469549
0.472734
0.476091
0.47957
0.483123
0.48671
0.490302
0.493873
0.497401
0.500867
0.504253
0.507543
0.51072
0.513766
0.516671
0.519416
0.521989
0.52438
0.526573
0.528554
0.530312
0.531836
0.533172
0.534519
0.533509
0.532406
0.531002
0.529277
0.527212
0.524802
0.522038
0.518907
0.515399
0.511509
0.507221
0.502528
0.49742
0.491889
0.485924
0.479516
0.472659
0.465345
0.457567
0.449322
0.440603
0.431414
0.42175
0.411618
0.401021
0.389969
0.378473
0.36655
0.354218
0.341501
0.328427
0.31503
0.301347
0.28742
0.273294
0.259022
0.244658
0.230261
0.215894
0.201619
0.187502
0.173609
0.160006
0.146829
0.134137
0.121974
0.110379
0.0993848
0.0890198
0.0793045
0.0702528
0.0618717
0.0541612
0.0471143
0.0407176
0.0349517
0.0297917
0.0252082
0.0211679
0.0176345
0.0145695
0.0119332
0.00968544
0.00778636
0.00619701
0.00487997
0.00379988
0.0029237
0.0022211
0.00166453
0.00122932
0.000893721
0.000638764
0.000448175
0.000308174
0.000207279
0.000136074
8.6967e-05
5.39548e-05
3.23844e-05
1.87313e-05
1.03929e-05
5.50203e-06
2.76175e-06
1.30462e-06
5.74876e-07
2.338e-07
8.66395e-08
2.87995e-08
8.42233e-09
2.11479e-09
4.41844e-10
7.36814e-11
9.25606e-12
8.03481e-13
4.16026e-14
9.22033e-16
)
;

boundaryField
{
    walls
    {
        type            zeroGradient;
    }
    top
    {
        type            zeroGradient;
    }
    bottom
    {
        type            zeroGradient;
    }
    frontAndBack
    {
        type            empty;
    }
    inlet
    {
        type            uniformFixedValue;
        uniformValue    
        {
            type            constant;
            value           1;
        }
        value           uniform 1;
    }
    outlet
    {
        type            zeroGradient;
    }
}


// ************************************************************************* //
