/*--------------------------------*- C++ -*----------------------------------*\
  =========                 |
  \\      /  F ield         | OpenFOAM: The Open Source CFD Toolbox
   \\    /   O peration     | Website:  https://openfoam.org
    \\  /    A nd           | Version:  12
     \\/     M anipulation  |
\*---------------------------------------------------------------------------*/
FoamFile
{
    format      ascii;
    class       volScalarField;
    location    "30";
    object      T;
}
// * * * * * * * * * * * * * * * * * * * * * * * * * * * * * * * * * * * * * //

dimensions      [];

internalField   nonuniform List<scalar> 
4480
(
4.72204e-28
1.03414e-24
8.75818e-20
6.32075e-16
7.6418e-13
2.22638e-10
1.91838e-08
5.67077e-07
6.77543e-06
4.04103e-05
0.000147122
0.000379338
0.000765722
0.00129093
0.0018963
0.00249686
0.00300437
0.0033474
0.00348428
0.00340752
0.0031412
0.00273294
0.00224313
0.00173349
0.00125703
0.000851061
0.000534304
0.000316213
0.000181617
0.000101003
5.42659e-05
2.81029e-05
1.39964e-05
6.68877e-06
3.06049e-06
1.3379e-06
5.57648e-07
2.2119e-07
8.33418e-08
2.97811e-08
1.00776e-08
3.22522e-09
9.75142e-10
2.78291e-10
7.49132e-11
1.90127e-11
4.54827e-12
1.02555e-12
2.17996e-13
4.37013e-14
8.26713e-15
1.47697e-15
2.49443e-16
3.98714e-17
6.03984e-18
8.68401e-19
1.18707e-19
1.54556e-20
1.92049e-21
2.28235e-22
2.60006e-23
2.84624e-24
3.00162e-25
3.05777e-26
3.01741e-27
2.89269e-28
2.702e-29
2.46645e-30
2.20655e-31
1.94005e-32
1.68063e-33
1.43772e-34
1.21689e-35
1.02062e-36
8.4924e-38
7.01639e-39
5.75931e-40
4.69869e-41
3.81124e-42
3.07441e-43
2.46718e-44
1.97038e-45
1.56685e-46
1.31742e-45
1.89747e-45
1.42964e-45
7.85402e-46
3.5794e-46
1.44566e-46
5.3828e-47
1.89662e-47
6.44267e-48
2.13964e-48
7.02381e-49
2.29952e-49
7.56397e-50
2.51563e-50
8.50519e-51
2.93715e-51
1.04037e-51
3.79385e-52
1.42911e-52
5.57761e-53
2.26169e-53
9.55267e-54
4.21251e-54
1.94376e-54
9.40468e-55
4.78093e-55
2.55853e-55
1.44411e-55
8.61294e-56
5.43825e-56
3.64203e-56
2.59216e-56
1.96486e-56
1.59006e-56
1.37796e-56
1.28469e-56
1.30067e-56
1.4602e-56
1.87996e-56
2.85558e-56
5.40764e-56
1.5472e-55
5.68696e-55
1.04024e-54
7.35165e-55
8.76372e-56
1.72469e-58
2.92272e-61
2.2315e-64
1.68095e-67
1.38872e-70
1.29363e-73
9.18402e-77
5.89493e-80
2.23096e-83
4.2444e-87
2.4716e-91
2.8108e-27
1.11228e-21
2.86157e-17
9.73909e-14
6.70682e-11
1.23232e-08
7.13136e-07
1.4845e-05
0.000131429
0.000617003
0.00187212
0.00421094
0.00767535
0.0120037
0.0167227
0.0212811
0.0251664
0.0279823
0.0294864
0.0295976
0.0283846
0.0260406
0.0228507
0.0191529
0.0152964
0.0115995
0.00831368
0.00566771
0.00375687
0.00241737
0.00150737
0.000909238
0.00052956
0.00029724
0.000160478
8.31775e-05
4.13092e-05
1.96214e-05
8.89766e-06
3.84544e-06
1.58144e-06
6.17965e-07
2.2915e-07
8.0544e-08
2.681e-08
8.44477e-09
2.51576e-09
7.0859e-10
1.88671e-10
4.74936e-11
1.13057e-11
2.54623e-12
5.42891e-13
1.09673e-13
2.10127e-14
3.82253e-15
6.61085e-16
1.08842e-16
1.70852e-17
2.561e-18
3.67181e-19
5.04401e-20
6.65054e-21
8.43143e-22
1.02966e-22
1.21344e-23
1.38249e-24
1.52549e-25
1.63318e-26
1.69941e-27
1.72169e-28
1.70116e-29
1.64209e-30
1.55105e-31
1.43592e-32
1.30501e-33
1.16616e-34
1.02622e-35
8.90714e-37
7.6368e-38
6.47773e-39
5.44409e-40
4.53999e-41
3.65632e-41
2.38658e-41
1.14096e-41
4.55919e-42
1.62731e-42
5.3882e-43
1.69552e-43
5.15646e-44
1.53471e-44
4.51412e-45
1.32264e-45
3.88612e-46
1.15153e-46
3.45839e-47
1.05734e-47
3.30372e-48
1.05868e-48
3.49042e-49
1.18742e-49
4.17925e-50
1.5255e-50
5.78793e-51
2.28739e-51
9.43428e-52
4.06848e-52
1.83766e-52
8.70832e-53
4.33644e-53
2.27274e-53
1.25564e-53
7.32448e-54
4.519e-54
2.95475e-54
2.0525e-54
1.51975e-54
1.20533e-54
1.03176e-54
9.64153e-55
9.96681e-55
1.14849e-54
1.47315e-54
2.05834e-54
2.76476e-54
2.67747e-54
1.32681e-54
1.50106e-55
4.87644e-58
1.40108e-60
2.91497e-63
4.74876e-66
6.21828e-69
8.19778e-72
7.76541e-75
6.43448e-78
3.15172e-81
8.01606e-85
7.37527e-89
7.55254e-24
3.72638e-19
3.55704e-15
6.10384e-12
2.46991e-09
2.91651e-07
1.15e-05
0.000170997
0.00114089
0.00429018
0.010998
0.0217663
0.035986
0.052272
0.0689553
0.0844667
0.0975447
0.107306
0.113235
0.115145
0.113125
0.107502
0.0988061
0.0877329
0.075103
0.0618031
0.0487109
0.0367815
0.0270289
0.0193074
0.0133898
0.00900307
0.00586072
0.00368798
0.00223984
0.00131074
0.000737851
0.000398877
0.000206732
0.000102557
4.8623e-05
2.19983e-05
9.48466e-06
3.89225e-06
1.51865e-06
5.6285e-07
1.9801e-07
6.60842e-08
2.09156e-08
6.27676e-09
1.7861e-09
4.82035e-10
1.23433e-10
3.00071e-11
6.9308e-12
1.52232e-12
3.18313e-13
6.34367e-14
1.2065e-14
2.19294e-15
3.81481e-16
6.36121e-17
1.0184e-17
1.56788e-18
2.3251e-19
3.32674e-20
4.60008e-21
6.15725e-22
7.99063e-23
1.00701e-23
1.23425e-24
1.47347e-25
1.7158e-26
1.95155e-27
2.17097e-28
2.36508e-29
2.52628e-30
2.64888e-31
2.72946e-32
2.76687e-33
2.7621e-34
2.71809e-35
2.63921e-36
4.64313e-37
1.3026e-37
3.8446e-38
1.10265e-38
3.06046e-39
8.27519e-40
2.19625e-40
5.76081e-41
1.50249e-41
3.91725e-42
1.02578e-42
2.70956e-43
7.24768e-44
1.9702e-44
5.46087e-45
1.54801e-45
4.50056e-46
1.34547e-46
4.14618e-47
1.31998e-47
4.35045e-48
1.4873e-48
5.28374e-49
1.95387e-49
7.53272e-50
3.03212e-50
1.27609e-50
5.62249e-51
2.59674e-51
1.25865e-51
6.41033e-52
3.43477e-52
1.93889e-52
1.15491e-52
7.27332e-53
4.85493e-53
3.44471e-53
2.6047e-53
2.09828e-53
1.78637e-53
1.57335e-53
1.37346e-53
1.09003e-53
6.69021e-54
2.42716e-54
2.72811e-55
1.46477e-57
6.16928e-60
2.11688e-62
5.57949e-65
1.09992e-67
2.0571e-70
2.64589e-73
2.89622e-76
1.86405e-79
6.35576e-83
8.28275e-87
3.95627e-21
5.75389e-17
2.3496e-13
2.14019e-10
5.22222e-08
4.03051e-06
0.000109809
0.00118337
0.00605164
0.0185291
0.0406308
0.0713407
0.107527
0.145439
0.181747
0.21397
0.24049
0.260393
0.273269
0.279054
0.277916
0.270204
0.256436
0.237314
0.213756
0.186911
0.158145
0.129112
0.10267
0.0794427
0.0597517
0.0436369
0.0309069
0.0212039
0.0140722
0.00902189
0.00557965
0.00332395
0.0019046
0.00104814
0.000553184
0.00027961
0.000135175
6.24255e-05
2.75085e-05
1.15553e-05
4.62321e-06
1.76058e-06
6.37823e-07
2.19753e-07
7.19937e-08
2.24283e-08
6.64569e-09
1.87367e-09
5.02927e-10
1.28614e-10
3.13633e-11
7.30031e-12
1.62382e-12
3.45579e-13
7.046e-14
1.37825e-14
2.59021e-15
4.68397e-16
8.16255e-17
1.3729e-17
2.23216e-18
3.51355e-19
5.36242e-20
7.94717e-21
1.14533e-21
1.60743e-22
2.19987e-23
2.93971e-24
3.84055e-25
4.91125e-26
6.15458e-27
7.56642e-28
9.13524e-29
1.08423e-29
1.26624e-30
1.45644e-31
1.65132e-32
2.12105e-33
3.4743e-34
6.69238e-35
1.40091e-35
3.05055e-36
6.77847e-37
1.52527e-37
3.46681e-38
7.95817e-39
1.84689e-39
4.34036e-40
1.03496e-40
2.50933e-41
6.19981e-42
1.56437e-42
4.03997e-43
1.07007e-43
2.91284e-44
8.16462e-45
2.36086e-45
7.0546e-46
2.18199e-46
6.99634e-47
2.32888e-47
8.0585e-48
2.9021e-48
1.08894e-48
4.2615e-49
1.74092e-49
7.43025e-50
3.31545e-50
1.54763e-50
7.56156e-51
3.86869e-51
2.07315e-51
1.16344e-51
6.8302e-52
4.18188e-52
2.6513e-52
1.71583e-52
1.10506e-52
6.79364e-53
3.72203e-53
1.61459e-53
4.50577e-54
5.07614e-55
4.71259e-57
2.63641e-59
1.26216e-61
4.66896e-64
1.27132e-66
3.21239e-69
5.46869e-72
7.80779e-75
6.53608e-78
2.93279e-81
5.17011e-85
8.79973e-19
5.06449e-15
9.66898e-12
4.84944e-09
7.28073e-07
3.72634e-05
0.000710656
0.00563057
0.0224398
0.056809
0.107831
0.169448
0.234312
0.296401
0.351802
0.398456
0.435589
0.463168
0.481513
0.491055
0.492208
0.485315
0.470662
0.448543
0.419353
0.383713
0.342596
0.297327
0.251715
0.207629
0.166679
0.130078
0.0985756
0.0724582
0.0516003
0.0355583
0.0236819
0.0152241
0.00943472
0.00562918
0.0032294
0.00177916
0.000940147
0.000475956
0.000230602
0.000106824
4.72729e-05
1.99705e-05
8.04915e-06
3.094e-06
1.13394e-06
3.96214e-07
1.32e-07
4.19405e-08
1.27143e-08
3.67954e-09
1.0173e-09
2.68925e-10
6.80392e-11
1.6493e-11
3.83501e-12
8.56444e-13
1.83938e-13
3.80429e-14
7.58778e-15
1.46155e-15
2.72264e-16
4.91208e-17
8.59523e-18
1.46073e-18
2.41433e-19
3.88614e-20
6.09952e-21
9.34695e-22
1.40011e-22
2.05246e-23
2.94772e-24
4.15197e-25
5.74138e-26
7.80177e-27
1.04276e-27
1.37204e-28
1.77876e-29
2.35612e-30
3.40642e-31
5.37376e-32
9.14211e-33
1.64985e-33
3.11154e-34
6.06598e-35
1.21393e-35
2.48374e-36
5.18498e-37
1.10354e-37
2.39477e-38
5.30214e-39
1.19889e-39
2.77195e-40
6.56236e-41
1.59307e-41
3.97152e-42
1.01829e-42
2.68908e-43
7.32433e-44
2.06037e-44
5.99348e-45
1.805e-45
5.63379e-46
1.82416e-46
6.13237e-47
2.14189e-47
7.77704e-48
2.93663e-48
1.15343e-48
4.71237e-49
2.00198e-49
8.83811e-50
4.04934e-50
1.92124e-50
9.40446e-51
4.71994e-51
2.40401e-51
1.22234e-51
6.04924e-52
2.80477e-52
1.14914e-52
3.78412e-53
8.52586e-54
9.5737e-55
1.62745e-56
1.12908e-58
6.92854e-61
3.32292e-63
1.17318e-65
3.82064e-68
8.32328e-71
1.51281e-73
1.61461e-76
9.32956e-80
2.15818e-83
1.11772e-16
2.90971e-13
2.73714e-10
7.74151e-08
7.25682e-06
0.000249243
0.00336745
0.0198939
0.0628017
0.13344
0.221982
0.315352
0.403367
0.480359
0.544247
0.595092
0.633945
0.662149
0.680976
0.691449
0.694288
0.689892
0.678365
0.659568
0.633215
0.599011
0.55684
0.506784
0.451091
0.392029
0.332133
0.273925
0.219639
0.171005
0.129126
0.0944534
0.0668534
0.0457332
0.0302026
0.0192338
0.0117978
0.00696255
0.00394912
0.00215055
0.00112331
0.000562294
0.000269529
0.000123632
5.42379e-05
2.27478e-05
9.1185e-06
3.49301e-06
1.27873e-06
4.47443e-07
1.49698e-07
4.79089e-08
1.46758e-08
4.30611e-09
1.21126e-09
3.26942e-10
8.47693e-11
2.11362e-11
5.07405e-12
1.17424e-12
2.62297e-13
5.66276e-14
1.18314e-14
2.39547e-15
4.70616e-16
8.98311e-17
1.66813e-17
3.01729e-18
5.32256e-19
9.16748e-20
1.54347e-20
2.54299e-21
4.10435e-22
6.49585e-23
1.00911e-23
1.54011e-24
2.31134e-25
3.41383e-26
4.96639e-27
7.18942e-28
1.07255e-28
1.65626e-29
2.65341e-30
4.409e-31
7.58282e-32
1.34573e-32
2.45676e-33
4.6012e-34
8.82294e-35
1.72995e-35
3.46622e-36
7.09633e-37
1.4849e-37
3.17767e-38
6.96025e-39
1.56195e-39
3.59507e-40
8.49627e-41
2.06407e-41
5.16043e-42
1.32918e-42
3.53074e-43
9.68139e-44
2.74265e-44
8.03297e-45
2.43395e-45
7.6325e-46
2.47767e-46
8.32634e-47
2.89596e-47
1.04186e-47
3.87313e-48
1.48548e-48
5.86377e-49
2.37374e-49
9.80217e-50
4.09669e-50
1.71294e-50
7.04592e-51
2.78305e-51
1.01961e-51
3.29321e-52
8.67458e-53
1.6455e-53
1.81356e-54
6.03661e-56
4.95234e-58
3.6921e-60
2.18049e-62
9.53576e-65
3.85114e-67
1.04054e-69
2.34739e-72
3.12588e-75
2.27843e-78
6.76625e-82
9.60263e-15
1.20226e-11
5.71704e-09
9.23311e-07
5.45419e-05
0.00126899
0.012281
0.0548629
0.139461
0.252627
0.373502
0.485587
0.580623
0.656763
0.71552
0.759576
0.791652
0.814084
0.828702
0.836854
0.839437
0.836937
0.829448
0.816698
0.798065
0.77266
0.73944
0.697389
0.645616
0.585343
0.518604
0.448123
0.376997
0.308304
0.244746
0.18836
0.140373
0.101183
0.0704689
0.0473689
0.0307013
0.0191672
0.0115158
0.00665221
0.00369162
0.00196658
0.00100497
0.000492358
0.00023115
0.00010395
4.47688e-05
1.84626e-05
7.29097e-06
2.75753e-06
9.99132e-07
3.46954e-07
1.15531e-07
3.69142e-08
1.13261e-08
3.33991e-09
9.47471e-10
2.58831e-10
6.81643e-11
1.73252e-11
4.25492e-12
1.01091e-12
2.32634e-13
5.19162e-14
1.12494e-14
2.36964e-15
4.8582e-16
9.70546e-17
1.89146e-17
3.60001e-18
6.69879e-19
1.2199e-19
2.17631e-20
3.80714e-21
6.53672e-22
1.10251e-22
1.82825e-23
2.98311e-24
4.79322e-25
7.60241e-26
1.21514e-26
1.96283e-27
3.21265e-28
5.3395e-29
9.02583e-30
1.5534e-30
2.72371e-31
4.86687e-32
8.86367e-33
1.64549e-33
3.11437e-34
6.01119e-35
1.18374e-35
2.37963e-36
4.88685e-37
1.02606e-37
2.20462e-38
4.85199e-39
1.09484e-39
2.53539e-40
6.03116e-41
1.47502e-41
3.71171e-42
9.61676e-43
2.56685e-43
7.0609e-44
2.00217e-44
5.85219e-45
1.76274e-45
5.46825e-46
1.74522e-46
5.72164e-47
1.92258e-47
6.60021e-48
2.30466e-48
8.13462e-49
2.87744e-49
1.00793e-49
3.43922e-50
1.11755e-50
3.3517e-51
8.87777e-52
1.94786e-52
3.21725e-53
3.44587e-54
1.76796e-55
2.25476e-57
1.96664e-59
1.37829e-61
7.21395e-64
3.50372e-66
1.14325e-68
3.12862e-71
5.09533e-74
4.60164e-77
1.72695e-80
6.30091e-13
3.85598e-10
9.29361e-08
8.58447e-06
0.000320862
0.00509318
0.0356813
0.122306
0.254793
0.400507
0.535102
0.646151
0.73153
0.794487
0.839723
0.871525
0.893259
0.90743
0.915876
0.919926
0.920502
0.918163
0.913122
0.905222
0.893929
0.878301
0.857011
0.828434
0.789653
0.739999
0.679834
0.610666
0.535064
0.456361
0.378209
0.304087
0.236872
0.178547
0.130087
0.0915214
0.0621165
0.0406353
0.0256007
0.0155209
0.00904873
0.00506976
0.00272815
0.00140935
0.000698671
0.000332283
0.000151581
6.63225e-05
2.78342e-05
1.12066e-05
4.32985e-06
1.60603e-06
5.72189e-07
1.95929e-07
6.45271e-08
2.04559e-08
6.2475e-09
1.84e-09
5.23103e-10
1.43705e-10
3.81888e-11
9.82805e-12
2.45217e-12
5.93851e-13
1.39745e-13
3.19902e-14
7.13179e-15
1.55007e-15
3.28802e-16
6.81392e-17
1.38093e-17
2.73957e-18
5.32514e-19
1.0151e-19
1.89927e-20
3.49085e-21
6.30792e-22
1.12147e-22
1.96315e-23
3.38597e-24
5.82204e-25
1.00054e-25
1.72165e-26
2.97158e-27
5.15354e-28
8.99509e-29
1.58252e-29
2.81034e-30
5.04433e-31
9.1626e-32
1.68619e-32
3.14736e-33
5.96482e-34
1.14899e-34
2.25191e-35
4.49525e-36
9.14886e-37
1.90035e-37
4.03254e-38
8.75028e-39
1.94333e-39
4.42091e-40
1.03093e-40
2.46581e-41
6.052e-42
1.52464e-42
3.94272e-43
1.0464e-43
2.84877e-44
7.94871e-45
2.27002e-45
6.62245e-46
1.96834e-46
5.93863e-47
1.80982e-47
5.53444e-48
1.68329e-48
5.03239e-49
1.45581e-49
3.99095e-50
1.00817e-50
2.25934e-51
4.26202e-52
6.28858e-53
6.53852e-54
4.06455e-55
1.07371e-56
1.06538e-58
8.61587e-61
5.25538e-63
2.99508e-65
1.15442e-67
3.75797e-70
7.35753e-73
8.11178e-76
3.80459e-79
3.51182e-11
1.02593e-08
1.22732e-06
6.42175e-05
0.0015171
0.0165174
0.0846757
0.226362
0.394372
0.549397
0.676614
0.771853
0.839053
0.884974
0.915689
0.935628
0.947815
0.954355
0.956805
0.956348
0.953889
0.950068
0.945248
0.939493
0.932527
0.923674
0.911806
0.895346
0.870757
0.836062
0.789889
0.731915
0.663135
0.585891
0.503606
0.420302
0.340021
0.266261
0.201578
0.147386
0.10398
0.0707232
0.0463418
0.0292344
0.0177446
0.0103576
0.00581141
0.00313309
0.00162261
0.000807089
0.000385531
0.000176862
7.79284e-05
3.29871e-05
1.34189e-05
5.24817e-06
1.97441e-06
7.1495e-07
2.49359e-07
8.38347e-08
2.71917e-08
8.51628e-09
2.57797e-09
7.55002e-10
2.14142e-10
5.88828e-11
1.57132e-11
4.07365e-12
1.02709e-12
2.52107e-13
6.03063e-14
1.40728e-14
3.20674e-15
7.14218e-16
1.55628e-16
3.32066e-17
6.94413e-18
1.42441e-18
2.8683e-19
5.67447e-20
1.10373e-20
2.1123e-21
3.98016e-22
7.38913e-23
1.35966e-23
2.48655e-24
4.52517e-25
8.20554e-26
1.48452e-26
2.68323e-27
4.85197e-28
8.78968e-29
1.59749e-29
2.91694e-30
5.35879e-31
9.91903e-32
1.85246e-32
3.49547e-33
6.67318e-34
1.29063e-34
2.532e-35
5.04485e-36
1.02202e-36
2.10748e-37
4.42782e-38
9.48685e-39
2.07439e-39
4.63192e-40
1.05664e-40
2.46316e-41
5.86757e-42
1.42791e-42
3.54775e-43
8.99015e-44
2.31994e-44
6.08346e-45
1.6163e-45
4.33411e-46
1.16696e-46
3.13386e-47
8.32098e-48
2.15984e-48
5.40054e-49
1.27628e-49
2.78086e-50
5.40775e-51
8.99145e-52
1.20795e-52
1.21731e-53
8.32047e-55
3.32709e-56
5.93235e-58
5.4171e-60
3.77055e-62
2.47205e-64
1.10528e-66
4.2107e-69
9.76957e-72
1.29945e-74
7.55797e-78
1.58044e-09
2.41835e-07
1.36513e-05
0.00039565
0.00587184
0.0440423
0.167282
0.355728
0.531258
0.672709
0.780928
0.856367
0.905793
0.937232
0.95662
0.967616
0.972484
0.972815
0.969916
0.964919
0.958785
0.952275
0.945914
0.939962
0.934382
0.928792
0.922395
0.913857
0.900084
0.878654
0.847166
0.803777
0.74774
0.679776
0.602152
0.518425
0.432915
0.350038
0.273663
0.206637
0.150547
0.105746
0.0715617
0.046631
0.0292436
0.0176429
0.0102364
0.00571026
0.00306211
0.00157837
0.00078203
0.000372486
0.000170589
7.51409e-05
3.18455e-05
1.29919e-05
5.10488e-06
1.93315e-06
7.06017e-07
2.48868e-07
8.47397e-08
2.78963e-08
8.88674e-09
2.74212e-09
8.20348e-10
2.38179e-10
6.71789e-11
1.84254e-11
4.91904e-12
1.27953e-12
3.24598e-13
8.03845e-14
1.94505e-14
4.60265e-15
1.06606e-15
2.4189e-16
5.38105e-17
1.17454e-17
2.51741e-18
5.30194e-19
1.09804e-19
2.23767e-20
4.49007e-21
8.87696e-22
1.73456e-22
3.35817e-23
6.4477e-24
1.22889e-24
2.32735e-25
4.38427e-26
8.22408e-27
1.53786e-27
2.87007e-28
5.35234e-29
9.98655e-30
1.8667e-30
3.50026e-31
6.59301e-32
1.24916e-32
2.38397e-33
4.58899e-34
8.92145e-35
1.7539e-35
3.49093e-36
7.04237e-37
1.44133e-37
2.99533e-38
6.32497e-39
1.35776e-39
2.96382e-40
6.57897e-41
1.48461e-41
3.40358e-42
7.91876e-43
1.86673e-43
4.44878e-44
1.06866e-44
2.57726e-45
6.20841e-46
1.48405e-46
3.49071e-47
7.99338e-48
1.75795e-48
3.64985e-49
6.99941e-50
1.20598e-50
1.80253e-51
2.23652e-52
2.18185e-53
1.56564e-54
7.60802e-56
2.24923e-57
3.46478e-59
2.70614e-61
2.00857e-63
1.02642e-65
4.51516e-68
1.22711e-70
1.95093e-73
1.3997e-76
3.67001e-08
3.4656e-06
0.000122894
0.00204593
0.0188175
0.0977247
0.279536
0.485151
0.640294
0.758348
0.848519
0.908027
0.944196
0.965497
0.977167
0.981829
0.980976
0.975851
0.96772
0.957849
0.947387
0.937278
0.928209
0.920588
0.914523
0.909821
0.905928
0.901642
0.894644
0.882636
0.862917
0.83282
0.790311
0.734573
0.666407
0.588293
0.504077
0.418365
0.335781
0.260273
0.194639
0.140314
0.0974451
0.0651601
0.0419364
0.0259689
0.0154693
0.00886302
0.00488387
0.00258839
0.00131954
0.000647188
0.000305473
0.000138806
6.07469e-05
2.56183e-05
1.0417e-05
4.08686e-06
1.54811e-06
5.66652e-07
2.00582e-07
6.87227e-08
2.28103e-08
7.34142e-09
2.29326e-09
6.95919e-10
2.05356e-10
5.89805e-11
1.65032e-11
4.50281e-12
1.19909e-12
3.11925e-13
7.93336e-14
1.9744e-14
4.81214e-15
1.14949e-15
2.69317e-16
6.19343e-17
1.39899e-17
3.10603e-18
6.78253e-19
1.45762e-19
3.0848e-20
6.43277e-21
1.32397e-21
2.69498e-22
5.42942e-23
1.08343e-23
2.14305e-24
4.2053e-25
8.19333e-26
1.58634e-26
3.05492e-27
5.85717e-28
1.11916e-28
2.1334e-29
4.06159e-30
7.73143e-31
1.47323e-31
2.81348e-32
5.39147e-33
1.03796e-33
2.00991e-34
3.91916e-35
7.70365e-36
1.52798e-36
3.06077e-37
6.19656e-38
1.26856e-38
2.62694e-39
5.50291e-40
1.16581e-40
2.49626e-41
5.39657e-42
1.17605e-42
2.57788e-43
5.66693e-44
1.24453e-44
2.71698e-45
5.8595e-46
1.23846e-46
2.54001e-47
4.9928e-48
9.26233e-49
1.59104e-49
2.47172e-50
3.37418e-51
3.90935e-52
3.69022e-53
2.70745e-54
1.46394e-55
5.49567e-57
1.33894e-58
1.96497e-60
1.62977e-62
9.4048e-65
4.72537e-67
1.49031e-69
2.81196e-72
2.47974e-75
5.14838e-07
3.06859e-05
0.000731708
0.00836065
0.0506318
0.181998
0.401432
0.588307
0.711036
0.810404
0.890335
0.939353
0.966395
0.980889
0.987232
0.986907
0.980772
0.96998
0.956028
0.940519
0.924924
0.910431
0.897888
0.887795
0.880325
0.875345
0.8724
0.870229
0.86717
0.861229
0.849803
0.829969
0.798989
0.754963
0.697421
0.627658
0.548679
0.464765
0.380749
0.301224
0.229878
0.16908
0.119783
0.0816974
0.0536271
0.033871
0.020582
0.0120324
0.00676762
0.00366269
0.00190781
0.000956669
0.000461997
0.000214959
9.6412e-05
4.17075e-05
1.74133e-05
7.02158e-06
2.73651e-06
1.0316e-06
3.76472e-07
1.33119e-07
4.56469e-08
1.51928e-08
4.91263e-09
1.54466e-09
4.72707e-10
1.40923e-10
4.09628e-11
1.16197e-11
3.21935e-12
8.71914e-13
2.31027e-13
5.99346e-14
1.52352e-14
3.79745e-15
9.28793e-16
2.2306e-16
5.26367e-17
1.22122e-17
2.78738e-18
6.26263e-19
1.38586e-19
3.02218e-20
6.50055e-21
1.38136e-21
2.90166e-22
6.02904e-23
1.23989e-23
2.52541e-24
5.09781e-25
1.02055e-25
2.02764e-26
4.00109e-27
7.84749e-28
1.53108e-28
2.97404e-29
5.75653e-30
1.11131e-30
2.14179e-31
4.12485e-32
7.946e-33
1.53257e-33
2.96238e-34
5.74387e-35
1.11811e-35
2.18683e-36
4.30009e-37
8.50514e-38
1.69261e-38
3.38945e-39
6.828e-40
1.38291e-40
2.81314e-41
5.73891e-42
1.17164e-42
2.38702e-43
4.8353e-44
9.69296e-45
1.91157e-45
3.68149e-46
6.86115e-47
1.22361e-47
2.05977e-48
3.21884e-49
4.57699e-50
5.78235e-51
6.31204e-52
5.76745e-53
4.25868e-54
2.44672e-55
1.05094e-56
3.23784e-58
6.86036e-60
9.60544e-62
8.61677e-64
4.90178e-66
1.78082e-68
3.96607e-71
4.28918e-74
4.84527e-06
0.000182978
0.00307505
0.0252051
0.111608
0.289954
0.505087
0.652511
0.749038
0.840787
0.917987
0.959761
0.97999
0.989649
0.991873
0.986822
0.974893
0.957468
0.936573
0.914357
0.892724
0.873139
0.856596
0.84364
0.834427
0.828787
0.826238
0.825242
0.824641
0.822667
0.816907
0.804452
0.782292
0.747921
0.699999
0.638864
0.566687
0.487216
0.405146
0.325315
0.251923
0.187983
0.135079
0.0934307
0.0621889
0.0398289
0.0245436
0.0145531
0.00830465
0.00456175
0.00241277
0.00122925
0.000603515
0.000285684
0.00013046
5.75092e-05
2.44883e-05
1.00799e-05
4.01389e-06
1.54752e-06
5.78136e-07
2.09469e-07
7.36688e-08
2.51714e-08
8.36319e-09
2.70437e-09
8.5186e-10
2.61612e-10
7.8398e-11
2.29442e-11
6.56315e-12
1.83641e-12
5.03012e-13
1.34977e-13
3.55079e-14
9.16373e-15
2.32162e-15
5.77775e-16
1.41332e-16
3.40011e-17
8.04934e-18
1.87621e-18
4.30808e-19
9.74962e-20
2.17583e-20
4.79397e-21
1.04333e-21
2.24409e-22
4.77284e-23
1.0043e-23
2.09189e-24
4.31558e-25
8.82284e-26
1.78854e-26
3.59727e-27
7.18282e-28
1.42477e-28
2.80938e-29
5.51048e-30
1.07593e-30
2.09273e-31
4.05775e-32
7.84906e-33
1.51573e-33
2.92411e-34
5.63916e-35
1.08775e-35
2.09965e-36
4.05711e-37
7.84904e-38
1.52031e-38
2.94736e-39
5.71553e-40
1.10756e-40
2.14155e-41
4.12347e-42
7.8851e-43
1.49231e-43
2.78297e-44
5.08601e-45
9.04729e-46
1.55357e-46
2.54942e-47
3.94982e-48
5.69442e-49
7.50964e-50
8.88022e-51
9.20372e-52
8.15084e-53
6.00026e-54
3.56635e-55
1.66073e-56
5.87577e-58
1.53104e-59
2.84651e-61
3.65433e-63
3.12372e-65
1.69232e-67
5.29432e-70
7.3624e-73
3.30153e-05
0.00086096
0.00964768
0.058708
0.197144
0.402794
0.574185
0.682541
0.766905
0.860065
0.93875
0.974119
0.98866
0.994727
0.993313
0.983038
0.964116
0.938568
0.909285
0.879157
0.850594
0.82534
0.804488
0.788562
0.777626
0.771386
0.769238
0.769178
0.77046
0.771389
0.769665
0.762454
0.74669
0.719614
0.679424
0.625857
0.560473
0.486533
0.408461
0.331062
0.258727
0.194786
0.141188
0.0984917
0.0661127
0.0427003
0.0265378
0.015873
0.00913935
0.00506728
0.00270648
0.00139316
0.000691493
0.000331141
0.00015309
6.83726e-05
2.95211e-05
1.23318e-05
4.98777e-06
1.95492e-06
7.43122e-07
2.74202e-07
9.82966e-08
3.42641e-08
1.16239e-08
3.84103e-09
1.23737e-09
3.8893e-10
1.19376e-10
3.58086e-11
1.05055e-11
3.01671e-12
8.48506e-13
2.33929e-13
6.32581e-14
1.67892e-14
4.37623e-15
1.12094e-15
2.82312e-16
6.99483e-17
1.70591e-17
4.0972e-18
9.69573e-19
2.26173e-19
5.20281e-20
1.18112e-20
2.64731e-21
5.86102e-22
1.28231e-22
2.77374e-23
5.93446e-24
1.25643e-24
2.63348e-25
5.46712e-26
1.12467e-26
2.29369e-27
4.63977e-28
9.31376e-29
1.85625e-29
3.67495e-30
7.23088e-31
1.41474e-31
2.75373e-32
5.33509e-33
1.02927e-33
1.97819e-34
3.78881e-35
7.23355e-36
1.37682e-36
2.61263e-37
4.94169e-38
9.31298e-39
1.74748e-39
3.26131e-40
6.04487e-41
1.11057e-41
2.0172e-42
3.61058e-43
6.34234e-44
1.08783e-44
1.81058e-45
2.90235e-46
4.44053e-47
6.41519e-48
8.64127e-49
1.06941e-49
1.19557e-50
1.18471e-51
1.019e-52
7.43846e-54
4.5004e-55
2.20193e-56
8.49394e-58
2.5156e-59
5.55868e-61
8.86862e-63
9.79966e-65
7.05216e-67
2.95637e-69
5.45405e-72
0.000153297
0.00291777
0.0237493
0.110536
0.291398
0.489205
0.615429
0.691733
0.774914
0.873859
0.955708
0.984398
0.994094
0.997561
0.992513
0.975909
0.948257
0.912746
0.873482
0.834266
0.798037
0.766766
0.741556
0.722818
0.710441
0.703929
0.702473
0.703469
0.706539
0.709909
0.711267
0.70781
0.696509
0.674579
0.640088
0.592539
0.533187
0.464974
0.392053
0.319055
0.25029
0.189105
0.137534
0.0962565
0.0648213
0.0420037
0.0261942
0.0157245
0.0090897
0.00506167
0.00271651
0.00140583
0.000701945
0.000338376
0.000157584
7.09505e-05
3.09067e-05
1.3036e-05
5.3282e-06
2.11214e-06
8.12715e-07
3.03806e-07
1.10425e-07
3.90596e-08
1.34568e-08
4.51937e-09
1.48079e-09
4.73738e-10
1.481e-10
4.52772e-11
1.35467e-11
3.96942e-12
1.13989e-12
3.21014e-13
8.87146e-14
2.40734e-14
6.41812e-15
1.68209e-15
4.33605e-16
1.09994e-16
2.74714e-17
6.75831e-18
1.63846e-18
3.91619e-19
9.23194e-20
2.14721e-20
4.92942e-21
1.11746e-21
2.50239e-22
5.53769e-23
1.21149e-23
2.62111e-24
5.61032e-25
1.18846e-25
2.49249e-26
5.17715e-27
1.0654e-27
2.17295e-28
4.39404e-29
8.81255e-30
1.75353e-30
3.46292e-31
6.78926e-32
1.32184e-32
2.55636e-33
4.91176e-34
9.3774e-35
1.77903e-35
3.35362e-36
6.28046e-37
1.16805e-37
2.15611e-38
3.94695e-39
7.15712e-40
1.28363e-40
2.27257e-41
3.96167e-42
6.77903e-43
1.13425e-43
1.84693e-44
2.91015e-45
4.40694e-46
6.36196e-47
8.67222e-48
1.1039e-48
1.29551e-49
1.38155e-50
1.3173e-51
1.10336e-52
7.9651e-54
4.85689e-55
2.44906e-56
9.98539e-58
3.21299e-59
7.93841e-61
1.45704e-62
1.90128e-64
1.65089e-66
8.47205e-69
1.92455e-71
0.000544228
0.0079288
0.0495562
0.175293
0.37586
0.542118
0.631545
0.694553
0.777968
0.883993
0.969778
0.991463
0.997267
0.999012
0.989885
0.965294
0.926739
0.879213
0.828402
0.779124
0.7348
0.697503
0.668214
0.647113
0.633817
0.627549
0.626262
0.628647
0.633691
0.639391
0.643292
0.642566
0.634256
0.615713
0.58515
0.542157
0.48798
0.425436
0.358459
0.291402
0.228286
0.172212
0.125039
0.0873634
0.0587361
0.0380036
0.0236696
0.0141953
0.0082009
0.00456613
0.00245152
0.00126991
0.000635097
0.00030685
0.000143332
6.47759e-05
2.83449e-05
1.20192e-05
4.94279e-06
1.97299e-06
7.65068e-07
2.88447e-07
1.05825e-07
3.78123e-08
1.31692e-08
4.47427e-09
1.48412e-09
4.8099e-10
1.52425e-10
4.72658e-11
1.43522e-11
4.27034e-12
1.24586e-12
3.56626e-13
1.0022e-13
2.76658e-14
7.50619e-15
2.00268e-15
5.25703e-16
1.35835e-16
3.45639e-17
8.66496e-18
2.14103e-18
5.21631e-19
1.25359e-19
2.97222e-20
6.95491e-21
1.60671e-21
3.66582e-22
8.26283e-23
1.84056e-23
4.05293e-24
8.82495e-25
1.90067e-25
4.05014e-26
8.54128e-27
1.78311e-27
3.68589e-28
7.54609e-29
1.53043e-29
3.07544e-30
6.12467e-31
1.20896e-31
2.36561e-32
4.58896e-33
8.82547e-34
1.68264e-34
3.17996e-35
5.95554e-36
1.10492e-36
2.02965e-37
3.68874e-38
6.6264e-39
1.17511e-39
2.05398e-40
3.53148e-41
5.95787e-42
9.83298e-43
1.58177e-43
2.46913e-44
3.72045e-45
5.37752e-46
7.40142e-47
9.61797e-48
1.16845e-48
1.31225e-49
1.34531e-50
1.24146e-51
1.01551e-52
7.2424e-54
4.42392e-55
2.27087e-56
9.59533e-58
3.26137e-59
8.6803e-61
1.74955e-62
2.55188e-64
2.51453e-66
1.48097e-68
3.88571e-71
0.00148689
0.0172356
0.0863036
0.242768
0.438714
0.566647
0.632917
0.694638
0.778033
0.89068
0.981176
0.995937
0.998928
0.999665
0.985551
0.950795
0.898828
0.837186
0.773471
0.713536
0.661141
0.618259
0.585564
0.562854
0.54937
0.543982
0.54317
0.547229
0.554257
0.561958
0.567697
0.568621
0.561926
0.545259
0.517202
0.477681
0.428145
0.371412
0.311202
0.251479
0.195788
0.146762
0.105884
0.073518
0.0491275
0.0316019
0.0195747
0.0116799
0.00671672
0.00372456
0.00199272
0.00102931
0.000513654
0.000247812
0.000115672
5.22777e-05
2.28947e-05
9.72381e-06
4.00845e-06
1.60515e-06
6.24915e-07
2.36728e-07
8.73302e-08
3.13994e-08
1.10121e-08
3.7701e-09
1.26098e-09
4.12342e-10
1.31923e-10
4.1324e-11
1.26823e-11
3.8158e-12
1.12627e-12
3.26304e-13
9.28494e-14
2.59624e-14
7.1375e-15
1.93018e-15
5.13694e-16
1.34604e-16
3.47413e-17
8.8357e-18
2.21519e-18
5.47664e-19
1.33568e-19
3.21409e-20
7.63286e-21
1.78946e-21
4.14276e-22
9.47347e-23
2.1404e-23
4.77919e-24
1.05485e-24
2.30199e-25
4.96799e-26
1.06049e-26
2.23954e-27
4.67962e-28
9.67661e-29
1.98039e-29
4.01177e-30
8.04465e-31
1.59691e-31
3.138e-32
6.10374e-33
1.17506e-33
2.23851e-34
4.21862e-35
7.86183e-36
1.44807e-36
2.63436e-37
4.72939e-38
8.36961e-39
1.45811e-39
2.49652e-40
4.19237e-41
6.88807e-42
1.10399e-42
1.72001e-43
2.59404e-44
3.76844e-45
5.24301e-46
6.93936e-47
8.67005e-48
1.01356e-48
1.09764e-49
1.08892e-50
9.77364e-52
7.82957e-53
5.51575e-54
3.36252e-55
1.74296e-56
7.53346e-58
2.65517e-59
7.43002e-61
1.59579e-62
2.51117e-64
2.69796e-66
1.74656e-68
5.06124e-71
0.00321422
0.0307059
0.127724
0.303006
0.477216
0.571381
0.625517
0.690038
0.778082
0.893722
0.989946
0.998441
0.999671
0.999913
0.979443
0.931871
0.863775
0.786048
0.70848
0.637866
0.578028
0.530544
0.495539
0.472263
0.459475
0.455613
0.456258
0.462113
0.470862
0.479905
0.486481
0.487824
0.481433
0.465437
0.438972
0.402456
0.357622
0.30729
0.254874
0.203807
0.156987
0.116426
0.083115
0.0571151
0.0377858
0.0240732
0.0147752
0.00874019
0.00498572
0.00274413
0.00145822
0.000748637
0.000371583
0.000178442
8.29701e-05
3.73827e-05
1.6334e-05
6.92686e-06
2.85339e-06
1.14268e-06
4.45228e-07
1.68923e-07
6.24597e-08
2.25246e-08
7.92871e-09
2.72625e-09
9.16373e-10
3.01323e-10
9.69955e-11
3.05857e-11
9.45402e-12
2.86624e-12
8.52835e-13
2.49183e-13
7.15333e-14
2.01863e-14
5.60243e-15
1.52991e-15
4.11264e-16
1.08872e-16
2.8394e-17
7.29815e-18
1.84939e-18
4.62187e-19
1.13951e-19
2.77225e-20
6.65647e-21
1.57786e-21
3.69324e-22
8.53818e-23
1.94999e-23
4.40043e-24
9.81373e-25
2.16332e-25
4.71433e-26
1.01575e-26
2.16408e-27
4.55948e-28
9.50041e-29
1.95781e-29
3.9903e-30
8.04327e-31
1.60333e-31
3.16027e-32
6.15834e-33
1.18613e-33
2.25735e-34
4.24306e-35
7.87315e-36
1.4412e-36
2.60052e-37
4.6209e-38
8.07619e-39
1.38636e-39
2.33336e-40
3.84265e-41
6.17672e-42
9.66282e-43
1.46618e-43
2.14921e-44
3.02942e-45
4.08406e-46
5.23346e-47
6.32959e-48
7.16749e-49
7.53071e-50
7.26765e-51
6.37061e-52
5.01001e-53
3.48726e-54
2.11663e-55
1.10187e-56
4.8283e-58
1.74235e-59
5.04189e-61
1.13057e-62
1.8738e-64
2.13623e-66
1.47577e-68
4.57876e-71
0.00582182
0.0474473
0.169781
0.352167
0.494366
0.562988
0.611629
0.680847
0.777214
0.893744
0.996077
0.999594
0.999933
0.999985
0.971374
0.907938
0.820924
0.725475
0.633746
0.553196
0.487283
0.436789
0.400992
0.378421
0.36726
0.364645
0.367116
0.374803
0.384909
0.394572
0.401026
0.401779
0.394838
0.378988
0.354028
0.320882
0.28151
0.238597
0.195099
0.15376
0.116725
0.0853269
0.0600572
0.0407047
0.026572
0.0167132
0.0101329
0.00592469
0.00334275
0.00182102
0.000958476
0.000487758
0.000240157
0.000114494
5.28925e-05
2.3696e-05
1.03032e-05
4.35145e-06
1.78654e-06
7.13607e-07
2.77539e-07
1.05185e-07
3.88767e-08
1.40238e-08
4.94096e-09
1.70155e-09
5.7316e-10
1.88976e-10
6.1027e-11
1.93154e-11
5.99537e-12
1.82606e-12
5.46069e-13
1.60414e-13
4.63149e-14
1.3149e-14
3.67248e-15
1.0095e-15
2.73221e-16
7.28364e-17
1.91324e-17
4.95363e-18
1.2646e-18
3.1841e-19
7.90951e-20
1.939e-20
4.69197e-21
1.12092e-21
2.6444e-22
6.16155e-23
1.4182e-23
3.22504e-24
7.24673e-25
1.6092e-25
3.53164e-26
7.66088e-27
1.64262e-27
3.48146e-28
7.2938e-29
1.51042e-29
3.09148e-30
6.25329e-31
1.24985e-31
2.4679e-32
4.81279e-33
9.2666e-34
1.76082e-34
3.30033e-35
6.09783e-36
1.10979e-36
1.98775e-37
3.50001e-38
6.05075e-39
1.02548e-39
1.70077e-40
2.7546e-41
4.34616e-42
6.66116e-43
9.88444e-44
1.41466e-44
1.94415e-45
2.55264e-46
3.18365e-47
3.74706e-48
4.13114e-49
4.23117e-50
3.98879e-51
3.42564e-52
2.64984e-53
1.82302e-54
1.09991e-55
5.72844e-57
2.52875e-58
9.25945e-60
2.73851e-61
6.31957e-63
1.08467e-64
1.28735e-66
9.29482e-69
3.02055e-71
0.00904957
0.0648625
0.205249
0.38223
0.494793
0.545163
0.591562
0.666324
0.771853
0.893769
0.999462
0.999962
0.999997
1
0.961101
0.878428
0.769795
0.655548
0.550228
0.461463
0.391714
0.340437
0.305728
0.285225
0.276481
0.272926
0.277464
0.286874
0.297914
0.307585
0.313309
0.313067
0.305539
0.29024
0.267601
0.238927
0.206206
0.17179
0.138013
0.106851
0.0796921
0.0572482
0.0396127
0.026407
0.0169647
0.0105074
0.00627725
0.00361917
0.00201498
0.001084
0.000563875
0.000283813
0.000138324
6.53284e-05
2.99214e-05
1.33008e-05
5.74287e-06
2.41037e-06
9.84205e-07
3.91272e-07
1.51566e-07
5.72526e-08
2.1105e-08
7.59794e-09
2.67327e-09
9.19879e-10
3.09784e-10
1.02167e-10
3.30191e-11
1.04637e-11
3.2533e-12
9.92941e-13
2.97657e-13
8.76837e-14
2.53946e-14
7.23408e-15
2.02781e-15
5.59568e-16
1.52063e-16
4.07096e-17
1.07403e-17
2.79333e-18
7.16372e-19
1.81212e-19
4.52244e-20
1.11394e-20
2.70879e-21
6.50408e-22
1.54228e-22
3.61219e-23
8.35721e-24
1.91023e-24
4.31402e-25
9.62672e-26
2.12275e-26
4.62541e-27
9.95947e-28
2.11906e-28
4.45495e-29
9.25329e-30
1.89865e-30
3.84778e-31
7.70007e-32
1.52116e-32
2.96552e-33
5.7028e-34
1.08123e-34
2.01989e-35
3.71544e-36
6.72354e-37
1.19581e-37
2.08789e-38
3.57389e-39
5.98806e-40
9.80283e-41
1.56467e-41
2.42906e-42
3.65749e-43
5.3242e-44
7.46533e-45
1.004e-45
1.28891e-46
1.57093e-47
1.80662e-48
1.94695e-49
1.95104e-50
1.80241e-51
1.52036e-52
1.15853e-53
7.8804e-55
4.72098e-56
2.45297e-57
1.08585e-58
4.00831e-60
1.20139e-61
2.8237e-63
4.95833e-65
6.04301e-67
4.49232e-69
1.50511e-71
0.0122954
0.0798234
0.229163
0.392145
0.482448
0.519441
0.564838
0.645723
0.761784
0.893797
0.999999
0.999999
0.999998
0.999999
0.948382
0.842834
0.71013
0.576842
0.459675
0.365606
0.295222
0.245985
0.214451
0.197234
0.191188
0.189473
0.195123
0.204807
0.215338
0.223905
0.228296
0.227046
0.219488
0.205751
0.186686
0.163716
0.138608
0.113195
0.0891162
0.0676108
0.049424
0.0348119
0.0236295
0.015461
0.00975534
0.00593832
0.0034892
0.00198006
0.0010859
0.000575891
0.000295549
0.000146881
7.07409e-05
3.30419e-05
1.49789e-05
6.59562e-06
2.82309e-06
1.17551e-06
4.7654e-07
1.88223e-07
7.24903e-08
2.72423e-08
9.99735e-09
3.58519e-09
1.25726e-09
4.31442e-10
1.44971e-10
4.77288e-11
1.54056e-11
4.87784e-12
1.51589e-12
4.62627e-13
1.38719e-13
4.08868e-14
1.18516e-14
3.37985e-15
9.48686e-16
2.62191e-16
7.1373e-17
1.91434e-17
5.06063e-18
1.31892e-18
3.38979e-19
8.59363e-20
2.14943e-20
5.30636e-21
1.29354e-21
3.11413e-22
7.40481e-23
1.73924e-23
4.03561e-24
9.2511e-25
2.09524e-25
4.68861e-26
1.03663e-26
2.26447e-27
4.88707e-28
1.04193e-28
2.19426e-29
4.56386e-30
9.37322e-31
1.90044e-31
3.80279e-32
7.50731e-33
1.46157e-33
2.80474e-34
5.30219e-35
9.86767e-36
1.80647e-36
3.25018e-37
5.74101e-38
9.94361e-39
1.68642e-39
2.79611e-40
4.52381e-41
7.12685e-42
1.09063e-42
1.61676e-43
2.31435e-44
3.18767e-45
4.20742e-46
5.2974e-47
6.32946e-48
7.13516e-49
7.5395e-50
7.41341e-51
6.72816e-52
5.58507e-53
4.19759e-54
2.82383e-55
1.67842e-56
8.68315e-58
3.8416e-59
1.42281e-60
4.29514e-62
1.02044e-63
1.81706e-65
2.25153e-67
1.70474e-69
5.82152e-72
0.0148591
0.0901386
0.241208
0.388133
0.459892
0.486177
0.530611
0.618081
0.746316
0.891232
0.999999
1
0.999998
0.999997
0.933008
0.800705
0.641935
0.49052
0.364754
0.269693
0.202864
0.158933
0.132602
0.119391
0.111834
0.112912
0.121022
0.131867
0.142113
0.149486
0.15259
0.150768
0.14401
0.132873
0.11835
0.101706
0.0842911
0.0673472
0.0518638
0.0384927
0.0275347
0.0189862
0.0126232
0.00809513
0.0050095
0.0029929
0.00172726
0.000963495
0.000519807
0.000271409
0.000137245
6.72612e-05
3.19705e-05
1.47493e-05
6.60937e-06
2.87898e-06
1.21995e-06
5.03267e-07
2.02271e-07
7.92628e-08
3.03058e-08
1.1314e-08
4.1271e-09
1.47201e-09
5.13689e-10
1.75507e-10
5.87439e-11
1.92738e-11
6.20234e-12
1.95869e-12
6.07334e-13
1.84993e-13
5.53808e-14
1.63017e-14
4.72022e-15
1.34499e-15
3.77287e-16
1.04225e-16
2.83636e-17
7.60635e-18
2.01067e-18
5.24041e-19
1.34697e-19
3.41516e-20
8.54299e-21
2.10928e-21
5.14365e-22
1.23899e-22
2.9482e-23
6.93052e-24
1.6096e-24
3.69339e-25
8.37322e-26
1.87549e-26
4.1503e-27
9.07316e-28
1.95936e-28
4.17918e-29
8.80285e-30
1.83075e-30
3.75836e-31
7.61399e-32
1.52166e-32
2.99878e-33
5.82486e-34
1.11456e-34
2.09952e-35
3.89062e-36
7.08655e-37
1.26749e-37
2.22368e-38
3.82174e-39
6.42523e-40
1.05497e-40
1.68848e-41
2.62868e-42
3.97114e-43
5.80552e-44
8.18792e-45
1.11019e-45
1.44146e-46
1.78432e-47
2.09532e-48
2.32126e-49
2.41097e-50
2.3315e-51
2.08295e-52
1.70427e-53
1.26464e-54
8.41679e-56
4.96106e-57
2.55184e-58
1.12563e-59
4.16844e-61
1.26171e-62
3.01336e-64
5.4063e-66
6.7617e-68
5.17349e-70
1.78588e-72
0.0160942
0.094243
0.241228
0.371337
0.426041
0.445187
0.487837
0.582235
0.724597
0.88552
0.999996
0.999997
0.999998
0.999996
0.91479
0.75162
0.565491
0.398458
0.269228
0.179032
0.120808
0.0855481
0.0660008
0.0564835
0.0500906
0.0554994
0.0660019
0.0767654
0.0853667
0.090718
0.0923791
0.0903467
0.0849902
0.0769749
0.0671554
0.0564517
0.0457288
0.035699
0.0268604
0.0194815
0.013623
0.0091873
0.00597748
0.00375361
0.0022761
0.00133346
0.0007552
0.000413719
0.000219378
0.000112671
5.60879e-05
2.70813e-05
1.26919e-05
5.77776e-06
2.55675e-06
1.10061e-06
4.61229e-07
1.88303e-07
7.49505e-08
2.91056e-08
1.10349e-08
4.08749e-09
1.48023e-09
5.24409e-10
1.81868e-10
6.17813e-11
2.05696e-11
6.71599e-12
2.15154e-12
6.76654e-13
2.09017e-13
6.34449e-14
1.89325e-14
5.55651e-15
1.60455e-15
4.5606e-16
1.27633e-16
3.51824e-17
9.55515e-18
2.55755e-18
6.74839e-19
1.75577e-19
4.50529e-20
1.14037e-20
2.84782e-21
7.01909e-22
1.70915e-22
4.11184e-23
9.77386e-24
2.29553e-24
5.32714e-25
1.22151e-25
2.76745e-26
6.19474e-27
1.36993e-27
2.99267e-28
6.45734e-29
1.37598e-29
2.89502e-30
6.01267e-31
1.23236e-31
2.49184e-32
4.96874e-33
9.7661e-34
1.89111e-34
3.60562e-35
6.76405e-36
1.24756e-36
2.26026e-37
4.01839e-38
7.00239e-39
1.19446e-39
1.99152e-40
3.24012e-41
5.13426e-42
7.907e-43
1.18064e-43
1.70459e-44
2.37247e-45
3.17233e-46
4.05964e-47
4.95074e-48
5.72588e-49
6.24707e-50
6.39104e-51
6.09001e-52
5.36489e-53
4.33254e-54
3.17711e-55
2.09281e-56
1.22301e-57
6.249e-59
2.74369e-60
1.01342e-61
3.06562e-63
7.33103e-65
1.31906e-66
1.65653e-68
1.27357e-70
4.41792e-73
0.0155695
0.0912426
0.229548
0.343212
0.381574
0.396166
0.435345
0.536762
0.695493
0.876482
1
1
0.999998
1
0.893537
0.695111
0.481397
0.303427
0.17816
0.100167
0.0559773
0.0321995
0.0202879
0.0112622
0.0157741
0.0251459
0.0340995
0.0413975
0.0466838
0.0495912
0.049988
0.0481284
0.0444211
0.0393868
0.0335946
0.0275865
0.0218202
0.0166313
0.012219
0.00865592
0.00591434
0.00389918
0.00248144
0.00152512
0.000905746
0.000520069
0.000288889
0.000155342
8.09144e-05
4.08538e-05
2.00082e-05
9.51175e-06
4.3924e-06
1.9717e-06
8.60983e-07
3.65994e-07
1.51562e-07
6.11866e-08
2.40975e-08
9.26495e-09
3.47984e-09
1.27765e-09
4.58856e-10
1.61298e-10
5.55303e-11
1.87342e-11
6.1971e-12
2.01106e-12
6.40574e-13
2.00372e-13
6.15788e-14
1.86015e-14
5.5255e-15
1.61465e-15
4.64334e-16
1.31457e-16
3.66507e-17
1.00661e-17
2.72424e-18
7.26687e-19
1.91106e-19
4.95583e-20
1.26754e-20
3.19804e-21
7.96056e-22
1.95553e-22
4.74721e-23
1.13888e-23
2.70011e-24
6.3263e-25
1.46479e-25
3.3515e-26
7.57737e-27
1.69269e-27
3.73572e-28
8.14424e-29
1.75363e-29
3.72866e-30
7.82702e-31
1.62162e-31
3.31493e-32
6.68362e-33
1.32855e-33
2.60232e-34
5.02016e-35
9.5317e-36
1.77994e-36
3.26637e-37
5.88501e-38
1.0399e-38
1.80004e-39
3.04818e-40
5.04209e-41
8.13312e-42
1.27689e-42
1.94703e-43
2.87658e-44
4.10678e-45
5.64865e-46
7.46024e-47
9.42537e-48
1.1344e-48
1.29458e-49
1.39357e-50
1.4068e-51
1.32318e-52
1.15112e-53
9.18686e-55
6.66371e-56
4.34659e-57
2.5184e-58
1.27755e-59
5.57706e-61
2.05115e-62
6.18709e-64
1.47726e-65
2.65685e-67
3.33792e-69
2.56841e-71
8.91652e-74
0.0132336
0.081075
0.20742
0.30784
0.333588
0.338958
0.371974
0.479972
0.65743
0.863697
0.999997
1
1
0.999998
0.86899
0.630536
0.39065
0.209406
0.0981001
0.0404726
0.014855
0.00373796
0.000706274
0.00305005
0.00706349
0.0119146
0.0164684
0.0201289
0.0226227
0.0237971
0.0236603
0.022411
0.0203015
0.0176318
0.0146742
0.0116866
0.00902105
0.00671141
0.00481409
0.00333066
0.0022235
0.00143294
0.000891884
0.000536433
0.000311962
0.000175523
9.56057e-05
5.04474e-05
2.58043e-05
1.28037e-05
6.16694e-06
2.88536e-06
1.31229e-06
5.8059e-07
2.50046e-07
1.04903e-07
4.2902e-08
1.71153e-08
6.66506e-09
2.53527e-09
9.42599e-10
3.42759e-10
1.21977e-10
4.2506e-11
1.45131e-11
4.85791e-12
1.59495e-12
5.13904e-13
1.62579e-13
5.0524e-14
1.54305e-14
4.63331e-15
1.36839e-15
3.9765e-16
1.13742e-16
3.2034e-17
8.8861e-18
2.42855e-18
6.54087e-19
1.73653e-19
4.54549e-20
1.17333e-20
2.98728e-21
7.50261e-22
1.859e-22
4.54513e-23
1.09851e-23
2.62444e-24
6.19779e-25
1.44673e-25
3.33783e-26
7.61099e-27
1.71506e-27
3.81883e-28
8.40115e-29
1.82573e-29
3.91869e-30
8.30534e-31
1.73769e-31
3.588e-32
7.30888e-33
1.46822e-33
2.90723e-34
5.67134e-35
1.08932e-35
2.0587e-36
3.82537e-37
6.98271e-38
1.25091e-38
2.1969e-39
3.77787e-40
6.35251e-41
1.0429e-41
1.66876e-42
2.59758e-43
3.92505e-44
5.74357e-45
8.11761e-46
1.10483e-46
1.44328e-47
1.803e-48
2.14509e-49
2.41948e-50
2.57401e-51
2.56825e-52
2.38802e-53
2.05452e-54
1.62235e-55
1.16509e-56
7.52998e-58
4.32663e-59
2.17869e-60
9.45029e-62
3.45696e-63
1.03815e-64
2.47e-66
4.42999e-68
5.55339e-70
4.26501e-72
1.47765e-74
0.00953669
0.0645344
0.175706
0.266715
0.281459
0.273371
0.296886
0.409968
0.608207
0.846456
0.999997
1
1
0.999998
0.840729
0.556908
0.294894
0.122123
0.0370313
0.00653112
6.33114e-05
0.00024808
0.00072646
0.00173201
0.00338391
0.00534267
0.00717744
0.00861993
0.00953068
0.00985729
0.00963028
0.00895422
0.00795213
0.00676082
0.00550071
0.00428025
0.00322435
0.00231662
0.00161645
0.0010924
0.000712724
0.000449088
0.000273427
0.000160955
9.1664e-05
5.05373e-05
2.69918e-05
1.3975e-05
7.01897e-06
3.42207e-06
1.6207e-06
7.46122e-07
3.34129e-07
1.45651e-07
6.18451e-08
2.55969e-08
1.03336e-08
4.07177e-09
1.567e-09
5.89366e-10
2.16771e-10
7.80156e-11
2.74903e-11
9.48957e-12
3.21084e-12
1.06544e-12
3.46893e-13
1.10875e-13
3.48055e-14
1.07357e-14
3.25511e-15
9.70578e-16
2.84702e-16
8.21871e-17
2.3357e-17
6.53681e-18
1.80211e-18
4.89534e-19
1.31062e-19
3.45911e-20
9.00191e-21
2.31027e-21
5.84817e-22
1.46036e-22
3.59773e-23
8.74497e-24
2.10176e-24
4.99464e-25
1.17354e-25
2.72603e-26
6.25998e-27
1.42096e-27
3.18792e-28
7.06793e-29
1.54835e-29
3.35088e-30
7.16254e-31
1.51178e-31
3.14992e-32
6.47675e-33
1.31372e-33
2.62753e-34
5.17945e-35
1.00571e-35
1.92243e-36
3.61502e-37
6.68207e-38
1.21303e-38
2.16054e-39
3.77139e-40
6.44395e-41
1.07625e-41
1.75435e-42
2.78619e-43
4.30294e-44
6.44842e-45
9.35498e-46
1.31035e-46
1.76688e-47
2.28605e-48
2.82778e-49
3.33069e-50
3.71873e-51
3.91607e-52
3.86785e-53
3.56064e-54
3.03362e-55
2.37304e-56
1.68895e-57
1.08234e-58
6.16987e-60
3.08418e-61
1.32885e-62
4.8315e-64
1.44298e-65
3.41626e-67
6.09991e-69
7.61582e-71
5.82658e-73
2.0109e-75
0.00611638
0.0460166
0.134896
0.218168
0.227411
0.189054
0.210527
0.324989
0.544708
0.823641
0.999997
0.999998
1
0.999997
0.807961
0.472668
0.197055
0.0498913
0.00311879
2.4885e-05
8.08365e-05
0.00020592
0.000445278
0.000863766
0.00145438
0.00211382
0.00271188
0.00315931
0.00340931
0.00345093
0.00330399
0.00301085
0.00261933
0.00217936
0.00173375
0.00131922
0.000969988
0.000679892
0.000462213
0.000299497
0.000191011
0.000117734
7.01473e-05
4.04261e-05
2.25509e-05
1.21852e-05
6.38232e-06
3.24267e-06
1.59922e-06
7.66117e-07
3.56748e-07
1.61586e-07
7.12388e-08
3.0591e-08
1.28033e-08
5.22629e-09
2.08203e-09
8.09991e-10
3.07926e-10
1.14459e-10
4.16248e-11
1.48185e-11
5.16715e-12
1.76575e-12
5.9165e-13
1.94482e-13
6.27461e-14
1.98786e-14
6.1869e-15
1.89248e-15
5.69168e-16
1.6837e-16
4.90076e-17
1.40406e-17
3.96071e-18
1.10041e-18
3.01199e-19
8.12422e-20
2.15994e-20
5.66142e-21
1.46324e-21
3.7298e-22
9.37767e-23
2.32591e-23
5.69136e-24
1.37401e-24
3.28048e-25
7.74642e-26
1.80903e-26
4.17762e-27
9.53905e-28
2.1534e-28
4.80536e-29
1.05985e-29
2.30992e-30
4.97395e-31
1.05792e-31
2.22196e-32
4.60701e-33
9.42651e-34
1.90266e-34
3.78664e-35
7.42703e-36
1.43481e-36
2.72845e-37
5.10348e-38
9.38206e-39
1.69363e-39
2.9991e-40
5.20387e-41
8.8365e-42
1.46638e-42
2.37436e-43
3.74483e-44
5.74205e-45
8.54133e-46
1.22964e-46
1.70876e-47
2.28542e-48
2.93244e-49
3.59669e-50
4.20004e-51
4.64886e-52
4.8532e-53
4.75216e-54
4.33746e-55
3.66456e-56
2.84323e-57
2.0076e-58
1.27673e-59
7.22468e-61
3.58605e-62
1.53466e-63
5.54355e-65
1.6453e-66
3.87179e-68
6.87325e-70
8.53356e-72
6.49353e-74
2.22922e-76
0.00373752
0.0305427
0.0943964
0.160405
0.174932
0.109287
0.117989
0.224599
0.462453
0.793512
1
0.999999
1
0.999996
0.769267
0.375413
0.102945
0.00441927
7.56728e-06
2.26669e-05
5.35535e-05
0.000108818
0.000204723
0.000344764
0.000518798
0.000698519
0.000852139
0.000957667
0.00100452
0.000992468
0.000929661
0.000829535
0.000706654
0.000575416
0.000447793
0.000333396
0.000239368
0.000163832
0.000108553
6.84994e-05
4.20068e-05
2.51589e-05
1.4673e-05
8.28213e-06
4.52696e-06
2.39806e-06
1.23206e-06
6.14386e-07
2.97573e-07
1.40085e-07
6.41406e-08
2.85831e-08
1.24054e-08
5.24712e-09
2.16432e-09
8.71152e-10
3.42379e-10
1.31471e-10
4.93542e-11
1.81236e-11
6.51392e-12
2.29274e-12
7.90715e-13
2.67339e-13
8.86541e-14
2.88497e-14
9.21707e-15
2.89231e-15
8.91835e-16
2.70327e-16
8.05796e-17
2.36295e-17
6.81912e-18
1.93727e-18
5.41967e-19
1.49349e-19
4.05503e-20
1.08506e-20
2.86209e-21
7.44328e-22
1.90887e-22
4.82821e-23
1.20461e-23
2.96486e-24
7.19925e-25
1.72471e-25
4.0869e-26
9.58102e-27
2.22188e-27
5.09646e-28
1.15612e-28
2.59333e-29
5.75137e-30
1.26085e-30
2.73182e-31
5.84843e-32
1.23685e-32
2.58321e-33
5.32636e-34
1.08386e-34
2.17574e-35
4.30658e-36
8.4009e-37
1.61411e-37
3.05259e-38
5.67826e-39
1.03805e-39
1.86328e-40
3.28059e-41
5.6591e-42
9.55244e-43
1.57558e-43
2.5354e-44
3.97356e-45
6.05347e-46
8.94527e-47
1.27914e-47
1.7654e-48
2.34478e-49
2.98742e-50
3.63808e-51
4.21796e-52
4.63518e-53
4.80423e-54
4.67068e-55
4.23295e-56
3.55131e-57
2.73639e-58
1.91904e-59
1.21224e-60
6.81415e-62
3.35983e-63
1.42824e-64
5.12418e-66
1.5103e-67
3.52897e-69
6.21976e-71
7.66689e-73
5.79224e-75
1.97334e-77
0.00211309
0.0183556
0.0587482
0.103992
0.120111
0.0875491
0.0455443
0.113673
0.354789
0.753317
1
1
1
1
0.722088
0.261673
0.0250623
1.92841e-06
5.36128e-06
1.19968e-05
2.32514e-05
4.2587e-05
7.04076e-05
0.000105895
0.000145335
0.000182682
0.000212023
0.000229498
0.000233618
0.000225049
0.000206104
0.00018002
0.000150168
0.000119714
9.11907e-05
6.64704e-05
4.66281e-05
3.11853e-05
2.01473e-05
1.23907e-05
7.39404e-06
4.24592e-06
2.40944e-06
1.33236e-06
7.13886e-07
3.70873e-07
1.86965e-07
9.15308e-08
4.35471e-08
2.01484e-08
9.0721e-09
3.97783e-09
1.69957e-09
7.08054e-10
2.87806e-10
1.14211e-10
4.4275e-11
1.67767e-11
6.21728e-12
2.25471e-12
8.00596e-13
2.78484e-13
9.49462e-14
3.1744e-14
1.04126e-14
3.35255e-15
1.05999e-15
3.29249e-16
1.00513e-16
3.01693e-17
8.90663e-18
2.58716e-18
7.39669e-19
2.08207e-19
5.772e-20
1.57634e-20
4.24207e-21
1.12515e-21
2.94201e-22
7.58506e-23
1.92854e-23
4.83629e-24
1.19636e-24
2.91958e-25
7.02922e-26
1.6697e-26
3.92377e-27
9.1249e-28
2.09969e-28
4.77999e-29
1.07641e-29
2.39739e-30
5.28004e-31
1.14971e-31
2.47458e-32
5.26351e-33
1.1061e-33
2.29579e-34
4.70479e-35
9.51613e-36
1.89893e-36
3.73663e-37
7.24677e-38
1.38435e-38
2.60311e-39
4.81465e-40
8.75189e-41
1.56208e-41
2.73476e-42
4.69092e-43
7.87341e-44
1.29128e-44
2.0661e-45
3.2196e-46
4.87677e-47
7.16504e-48
1.01867e-48
1.39778e-49
1.84577e-50
2.33804e-51
2.83081e-52
3.26314e-53
3.5654e-54
3.67442e-55
3.55212e-56
3.20121e-57
2.67075e-58
2.04645e-59
1.42717e-60
8.96401e-62
5.00929e-63
2.45478e-64
1.0367e-65
3.69323e-67
1.08019e-68
2.50295e-70
4.37215e-72
5.33988e-74
3.99684e-76
1.34616e-78
0.0010493
0.00949785
0.0310925
0.0571668
0.0706065
0.0607682
0.0422457
0.0231179
0.211194
0.698538
1
1
0.999999
1
0.661994
0.126928
7.42612e-07
1.05589e-06
2.23367e-06
4.1435e-06
7.33311e-06
1.17395e-05
1.72693e-05
2.35253e-05
2.97897e-05
3.51804e-05
3.89386e-05
4.06228e-05
4.01394e-05
3.77064e-05
3.37682e-05
2.8881e-05
2.36029e-05
1.84336e-05
1.37555e-05
9.82203e-06
6.7367e-06
4.40532e-06
2.77649e-06
1.66519e-06
9.67297e-07
5.39251e-07
2.91913e-07
1.58282e-07
8.31773e-08
4.23959e-08
2.09787e-08
1.0086e-08
4.71478e-09
2.14446e-09
9.4968e-10
4.09754e-10
1.72358e-10
7.0725e-11
2.83279e-11
1.10819e-11
4.2367e-12
1.58382e-12
5.79277e-13
2.07401e-13
7.27287e-14
2.49916e-14
8.41963e-15
2.78233e-15
9.02288e-16
2.87273e-16
8.98343e-17
2.76038e-17
8.33771e-18
2.4765e-18
7.23605e-19
2.08057e-19
5.88877e-20
1.6412e-20
4.50519e-21
1.21843e-21
3.24735e-22
8.53096e-23
2.20951e-23
5.64293e-24
1.42132e-24
3.53115e-25
8.65413e-26
2.09242e-26
4.99134e-27
1.17472e-27
2.73575e-28
6.30663e-29
1.43891e-29
3.24877e-30
7.25738e-31
1.60378e-31
3.50534e-32
7.57618e-33
1.61887e-33
3.41904e-34
7.13528e-35
1.47096e-35
2.9945e-36
6.01752e-37
1.19315e-37
2.33318e-38
4.49726e-39
8.53949e-40
1.59628e-40
2.93534e-41
5.30536e-42
9.41626e-43
1.63946e-43
2.79693e-44
4.66948e-45
7.61814e-46
1.21266e-46
1.88012e-47
2.8337e-48
4.14301e-49
5.86199e-50
8.00583e-51
1.0523e-51
1.32694e-52
1.59953e-53
1.83585e-54
1.9974e-55
2.04993e-56
1.97359e-57
1.7714e-58
1.47185e-59
1.12313e-60
7.7989e-62
4.87617e-63
2.71138e-64
1.32132e-65
5.54467e-67
1.96057e-68
5.68387e-70
1.30341e-71
2.2497e-73
2.71218e-75
2.00515e-77
6.67887e-80
0.000410771
0.00380878
0.0127642
0.0244633
0.0325818
0.0324534
0.0265638
0.0197289
0.0306032
0.619514
0.999998
1
1
0.999999
0.579045
1.84022e-06
1.70765e-07
3.32495e-07
5.84341e-07
9.69818e-07
1.46128e-06
2.04501e-06
2.69185e-06
3.34949e-06
3.94587e-06
4.40484e-06
4.66738e-06
4.70465e-06
4.52019e-06
4.14625e-06
3.63499e-06
3.04731e-06
2.44226e-06
1.87051e-06
1.36869e-06
9.58016e-07
6.42983e-07
4.11341e-07
2.53056e-07
1.48072e-07
8.37549e-08
4.53975e-08
2.35479e-08
1.23944e-08
6.38863e-09
3.19615e-09
1.55298e-09
7.33473e-10
3.36983e-10
1.5071e-10
6.56563e-11
2.78795e-11
1.15462e-11
4.66666e-12
1.84179e-12
7.10216e-13
2.67737e-13
9.87258e-14
3.56281e-14
1.25899e-14
4.35858e-15
1.479e-15
4.9216e-16
1.60678e-16
5.14889e-17
1.6202e-17
5.00837e-18
1.5215e-18
4.54428e-19
1.33484e-19
3.85765e-20
1.0972e-20
3.07223e-21
8.47152e-22
2.30105e-22
6.15836e-23
1.62435e-23
4.22345e-24
1.08272e-24
2.73717e-25
6.82485e-26
1.67859e-26
4.07289e-27
9.74984e-28
2.30277e-28
5.36619e-29
1.23769e-29
2.82655e-30
6.39036e-31
1.43004e-31
3.16698e-32
6.93971e-33
1.50436e-33
3.22542e-34
6.83827e-35
1.43325e-35
2.96888e-36
6.07612e-37
1.22821e-37
2.45114e-38
4.82754e-39
9.37856e-40
1.79626e-40
3.38972e-41
6.2984e-42
1.15145e-42
2.06943e-43
3.65293e-44
6.32662e-45
1.07385e-45
1.78406e-46
2.89701e-47
4.59081e-48
7.08719e-49
1.06382e-49
1.54934e-50
2.18415e-51
2.97262e-52
3.89457e-53
4.89601e-54
5.88486e-55
6.73611e-56
7.31032e-57
7.48447e-58
7.18889e-59
6.4375e-60
5.33628e-61
4.06173e-62
2.81252e-63
1.75273e-64
9.70713e-66
4.70677e-67
1.96229e-68
6.87951e-70
1.97199e-71
4.4548e-73
7.53932e-75
8.86552e-77
6.37699e-79
2.11201e-81
9.2813e-05
0.000930555
0.00319648
0.00641358
0.00928563
0.0106162
0.0102787
0.00850816
0.00687379
0.464812
0.999999
1
0.999998
1
0.435977
7.33857e-07
3.48777e-08
5.62804e-08
8.16034e-08
1.08675e-07
1.37056e-07
1.66993e-07
1.97636e-07
2.26638e-07
2.50739e-07
2.66694e-07
2.72171e-07
2.66264e-07
2.49602e-07
2.2415e-07
1.92776e-07
1.58686e-07
1.24913e-07
9.39504e-08
6.74886e-08
4.63462e-08
3.04658e-08
1.90779e-08
1.14629e-08
6.54619e-09
3.60625e-09
1.90024e-09
9.47951e-10
4.81692e-10
2.43617e-10
1.1968e-10
5.71251e-11
2.65146e-11
1.19765e-11
5.2682e-12
2.25821e-12
9.43859e-13
3.84907e-13
1.53237e-13
5.95911e-14
2.26493e-14
8.41824e-15
3.06136e-15
1.08983e-15
3.79997e-16
1.29834e-16
4.34905e-17
1.42889e-17
4.60672e-18
1.45804e-18
4.53219e-19
1.38416e-19
4.15501e-20
1.22638e-20
3.56044e-21
1.01708e-21
2.85971e-22
7.91657e-23
2.15838e-23
5.79718e-24
1.53431e-24
4.00239e-25
1.02928e-25
2.60998e-26
6.52696e-27
1.60997e-27
3.91756e-28
9.40472e-29
2.22761e-29
5.20615e-30
1.20055e-30
2.74098e-31
6.19779e-32
1.38772e-32
3.07625e-33
6.75027e-34
1.46595e-34
3.15012e-35
6.69661e-36
1.408e-36
2.92729e-37
6.01614e-38
1.22188e-38
2.45162e-39
4.85761e-40
9.50068e-41
1.83334e-41
3.48867e-42
6.54256e-43
1.20842e-43
2.19662e-44
3.92642e-45
6.89523e-46
1.18841e-46
2.00797e-47
3.32178e-48
5.3728e-49
8.48341e-50
1.30535e-50
1.95361e-51
2.83779e-52
3.99141e-53
5.42174e-54
7.09175e-55
8.90362e-56
1.06909e-56
1.22281e-57
1.32633e-58
1.35742e-59
1.30347e-60
1.16691e-61
9.6693e-63
7.35502e-64
5.08717e-65
3.16429e-66
1.74717e-67
8.43178e-69
3.49021e-70
1.21058e-71
3.4151e-73
7.533e-75
1.22984e-76
1.36821e-78
8.99393e-81
2.52022e-83
)
;

boundaryField
{
    walls
    {
        type            zeroGradient;
    }
    top
    {
        type            zeroGradient;
    }
    bottom
    {
        type            zeroGradient;
    }
    frontAndBack
    {
        type            empty;
    }
    inlet
    {
        type            uniformFixedValue;
        uniformValue    
        {
            type            constant;
            value           1;
        }
        value           uniform 1;
    }
    outlet
    {
        type            zeroGradient;
    }
}


// ************************************************************************* //
