/*--------------------------------*- C++ -*----------------------------------*\
  =========                 |
  \\      /  F ield         | OpenFOAM: The Open Source CFD Toolbox
   \\    /   O peration     | Website:  https://openfoam.org
    \\  /    A nd           | Version:  12
     \\/     M anipulation  |
\*---------------------------------------------------------------------------*/
FoamFile
{
    format      ascii;
    class       volScalarField;
    location    "325";
    object      T;
}
// * * * * * * * * * * * * * * * * * * * * * * * * * * * * * * * * * * * * * //

dimensions      [];

internalField   nonuniform List<scalar> 
4480
(
5.11223e-08
4.77546e-06
0.00208616
0.0305559
0.103557
0.199248
0.296577
0.385048
0.461179
0.524902
0.577507
0.620653
0.655942
0.684774
0.708309
0.727487
0.743061
0.755636
0.765688
0.773597
0.779672
0.784157
0.78725
0.789107
0.789859
0.789611
0.788449
0.786793
0.785115
0.783407
0.781662
0.779871
0.778022
0.776107
0.774116
0.772041
0.769871
0.767597
0.765204
0.762685
0.760029
0.757218
0.754241
0.751088
0.747741
0.744184
0.740402
0.736382
0.732101
0.727539
0.722686
0.717522
0.712018
0.70616
0.699925
0.69329
0.686238
0.678746
0.670785
0.662339
0.653378
0.643881
0.63382
0.623175
0.611908
0.600003
0.587414
0.57412
0.560064
0.545217
0.529513
0.512898
0.495305
0.476665
0.456909
0.435983
0.413855
0.390526
0.366049
0.340541
0.314186
0.287241
0.260026
0.233046
0.206729
0.181475
0.157651
0.135572
0.115474
0.0975076
0.0817336
0.0681291
0.0565986
0.0469902
0.0391137
0.0327582
0.0277084
0.0237573
0.0207165
0.0184212
0.016734
0.0155457
0.0147736
0.014361
0.0142737
0.0144993
0.0150458
0.0159418
0.0172378
0.0190094
0.0213617
0.0244356
0.0284162
0.0335424
0.0401161
0.0485137
0.0591902
0.0726831
0.0896127
0.11074
0.137244
0.171307
0.216595
0.281195
0.394521
0.582766
0.736027
0.870809
0.846178
0.647311
0.488194
0.30673
0.183685
0.110197
0.0624348
0.0321085
0.0141832
0.00483352
0.00102325
7.09121e-05
2.46551e-08
0.000237269
0.0211777
0.128148
0.284219
0.4334
0.554853
0.647426
0.716273
0.767259
0.805252
0.83388
0.855737
0.872637
0.885836
0.896236
0.904467
0.910986
0.916131
0.920154
0.923246
0.925547
0.927171
0.928201
0.928709
0.928742
0.928344
0.927384
0.925792
0.923629
0.920954
0.917825
0.914297
0.910422
0.906243
0.901808
0.897156
0.892319
0.887323
0.882197
0.876962
0.871633
0.866217
0.860729
0.855174
0.849549
0.843857
0.838094
0.832253
0.826327
0.820307
0.814187
0.807948
0.801581
0.795073
0.788407
0.781575
0.774557
0.767339
0.759911
0.752251
0.744354
0.736195
0.727767
0.719056
0.710051
0.70073
0.691081
0.681092
0.67075
0.660031
0.64892
0.637395
0.625436
0.613013
0.600104
0.586679
0.572705
0.558162
0.543012
0.527228
0.510793
0.493677
0.475908
0.457521
0.438536
0.419005
0.399003
0.378624
0.357999
0.337276
0.316627
0.296245
0.276331
0.257093
0.238729
0.221433
0.205371
0.190692
0.177514
0.165928
0.155997
0.147762
0.141248
0.136476
0.133464
0.132244
0.132865
0.135409
0.139996
0.146789
0.156
0.167897
0.182798
0.201067
0.223109
0.249353
0.280249
0.316275
0.357998
0.406223
0.46213
0.527119
0.602472
0.688273
0.777961
0.856695
0.913367
0.886038
0.751051
0.614147
0.477394
0.35187
0.244394
0.157256
0.0912459
0.0455979
0.0180234
0.00472404
0.000515877
6.11803e-06
0.00319853
0.0857083
0.282306
0.478921
0.627826
0.729816
0.797646
0.84296
0.873923
0.895755
0.911692
0.923691
0.932963
0.940257
0.946066
0.950721
0.954453
0.957436
0.959795
0.961633
0.963024
0.964032
0.964705
0.96508
0.965187
0.965049
0.964625
0.963869
0.962791
0.961401
0.959697
0.957687
0.95537
0.952757
0.949853
0.946671
0.943224
0.939527
0.935596
0.93145
0.927104
0.922578
0.917886
0.913044
0.90807
0.902971
0.897761
0.892447
0.887039
0.881544
0.875962
0.870295
0.864544
0.858715
0.852796
0.846795
0.840701
0.834513
0.828227
0.821837
0.815341
0.808728
0.802
0.795147
0.788164
0.781048
0.773793
0.766389
0.758839
0.751125
0.743253
0.735209
0.726989
0.718579
0.70998
0.701181
0.692166
0.682932
0.67347
0.663761
0.653803
0.643575
0.633068
0.622278
0.611202
0.599832
0.588159
0.576178
0.563903
0.551343
0.538524
0.525483
0.512268
0.49895
0.485616
0.472369
0.459334
0.446659
0.434506
0.423053
0.412495
0.403041
0.394901
0.3883
0.383459
0.380601
0.37995
0.381729
0.386151
0.393429
0.403763
0.417341
0.434325
0.454849
0.478998
0.506812
0.53826
0.573257
0.611657
0.653253
0.697702
0.744338
0.791899
0.838303
0.880403
0.914131
0.93462
0.914158
0.824411
0.722744
0.61102
0.49277
0.374092
0.262599
0.166
0.0905643
0.0395149
0.0118269
0.00160906
0.00014691
0.0194202
0.207839
0.46033
0.648739
0.765906
0.835387
0.8771
0.903289
0.920814
0.933372
0.942919
0.950483
0.956609
0.961621
0.965726
0.969083
0.971806
0.973998
0.97574
0.977101
0.978138
0.978899
0.979424
0.979742
0.979874
0.979842
0.979631
0.979226
0.978632
0.977851
0.976878
0.97571
0.974341
0.972763
0.970974
0.968968
0.96674
0.964294
0.961627
0.958747
0.955658
0.952367
0.948885
0.945222
0.94139
0.9374
0.933265
0.928994
0.924603
0.920101
0.915495
0.910798
0.906015
0.901157
0.896229
0.891236
0.886178
0.881067
0.875899
0.870682
0.86541
0.860092
0.854727
0.84931
0.843845
0.838335
0.832771
0.82716
0.821494
0.815774
0.810002
0.804169
0.79828
0.792326
0.786307
0.780223
0.774073
0.767849
0.761548
0.755173
0.748722
0.742198
0.73557
0.728863
0.722074
0.715202
0.708255
0.701233
0.694141
0.68699
0.679794
0.672573
0.665345
0.658148
0.651012
0.643994
0.637144
0.630537
0.624258
0.618407
0.613094
0.608452
0.604624
0.601772
0.600058
0.599669
0.600784
0.603585
0.608247
0.614933
0.623779
0.634892
0.648338
0.66413
0.682226
0.702523
0.724848
0.748957
0.774532
0.801169
0.828325
0.855283
0.881075
0.904471
0.923951
0.937598
0.942775
0.92816
0.868736
0.795443
0.708445
0.606299
0.490893
0.368499
0.249285
0.145565
0.0680626
0.02198
0.00331878
0.00139385
0.0688375
0.370364
0.626652
0.774263
0.851604
0.892799
0.916397
0.931427
0.942201
0.950693
0.957758
0.96373
0.968761
0.972951
0.976392
0.979185
0.98142
0.983184
0.984555
0.985604
0.986387
0.986953
0.98734
0.98758
0.987694
0.987697
0.987585
0.987341
0.986968
0.986467
0.985839
0.985081
0.984189
0.983157
0.98198
0.980648
0.979159
0.977505
0.975683
0.973688
0.971521
0.969178
0.966666
0.963986
0.961143
0.958147
0.955002
0.951719
0.948307
0.944777
0.941137
0.937399
0.933572
0.929668
0.925697
0.921664
0.917575
0.913445
0.909275
0.905073
0.900843
0.896594
0.892327
0.888042
0.883751
0.879448
0.875137
0.870822
0.866502
0.862178
0.857847
0.853515
0.849178
0.844837
0.840488
0.836137
0.831777
0.827406
0.823032
0.818649
0.814259
0.809866
0.805452
0.801031
0.796606
0.79218
0.787757
0.783349
0.778964
0.774613
0.770307
0.76607
0.761917
0.757873
0.753967
0.750234
0.746714
0.743449
0.740497
0.737912
0.735763
0.734127
0.733086
0.732728
0.733153
0.734455
0.736737
0.740098
0.744636
0.750423
0.757533
0.766001
0.775845
0.787043
0.799528
0.813199
0.827901
0.84343
0.859517
0.875834
0.891968
0.9074
0.921485
0.933435
0.942283
0.946759
0.945043
0.932988
0.89305
0.839031
0.772901
0.690072
0.587357
0.466056
0.334073
0.206648
0.102005
0.034566
0.00546967
0.00739097
0.167584
0.542228
0.756322
0.853801
0.898671
0.921657
0.935427
0.945227
0.95327
0.960384
0.966708
0.972186
0.976793
0.980557
0.983566
0.985922
0.987728
0.989087
0.990083
0.990796
0.991291
0.991623
0.991832
0.991949
0.991998
0.991991
0.991932
0.99178
0.991543
0.991218
0.990804
0.990301
0.989703
0.989007
0.988205
0.987296
0.986268
0.98512
0.983846
0.982441
0.980899
0.979218
0.977398
0.975439
0.97334
0.971105
0.968738
0.966247
0.963634
0.96091
0.958081
0.955159
0.95215
0.949063
0.945912
0.942703
0.939444
0.936143
0.932811
0.929459
0.926085
0.922703
0.919314
0.915925
0.912543
0.909167
0.905804
0.902458
0.899124
0.89581
0.892514
0.88924
0.885986
0.882751
0.879538
0.876342
0.87317
0.870018
0.866884
0.86377
0.860682
0.857616
0.854564
0.851525
0.848511
0.845525
0.842571
0.839654
0.836784
0.833973
0.831232
0.828573
0.826012
0.823571
0.821271
0.819138
0.817201
0.815488
0.814037
0.812891
0.812088
0.811681
0.811719
0.812254
0.813345
0.815043
0.817412
0.820499
0.82435
0.829008
0.834493
0.840818
0.847973
0.855926
0.864611
0.873944
0.883794
0.894001
0.904352
0.914593
0.924404
0.933396
0.941094
0.94692
0.950152
0.949839
0.944652
0.932665
0.905401
0.863481
0.812339
0.74688
0.660501
0.548784
0.413766
0.269417
0.139337
0.0489335
0.00792788
0.0263125
0.312252
0.692681
0.841517
0.897654
0.922412
0.935969
0.945283
0.953029
0.960243
0.967099
0.973301
0.978581
0.982866
0.986223
0.988778
0.990657
0.991989
0.992883
0.993445
0.99376
0.993905
0.993941
0.993917
0.993867
0.993813
0.993764
0.993726
0.993643
0.993513
0.993335
0.993102
0.992809
0.992452
0.992024
0.991517
0.990928
0.990249
0.989474
0.988601
0.987623
0.986535
0.985336
0.984023
0.982595
0.98105
0.979389
0.977614
0.975731
0.973741
0.971651
0.969469
0.967199
0.964848
0.962428
0.959946
0.957407
0.954826
0.952208
0.949561
0.946893
0.944211
0.941523
0.938833
0.936152
0.933481
0.930823
0.928185
0.925568
0.922977
0.920411
0.917875
0.915364
0.912887
0.91044
0.908022
0.905633
0.903275
0.90095
0.898657
0.896391
0.89416
0.891966
0.889787
0.887639
0.885523
0.883439
0.881392
0.87939
0.877439
0.875543
0.873714
0.871966
0.870304
0.86875
0.867312
0.866017
0.86488
0.863923
0.863176
0.862662
0.862416
0.862465
0.862843
0.863587
0.864729
0.866304
0.868345
0.870878
0.873934
0.877521
0.881652
0.886322
0.891512
0.897184
0.903279
0.909719
0.916401
0.923185
0.9299
0.936334
0.94223
0.947276
0.951099
0.953235
0.953111
0.949989
0.942867
0.930411
0.910002
0.876599
0.835155
0.782722
0.711738
0.613673
0.483325
0.329615
0.177863
0.0644434
0.0106351
0.0708209
0.478591
0.801136
0.888898
0.919636
0.934359
0.943688
0.951185
0.958271
0.965444
0.97247
0.978693
0.983757
0.987651
0.990525
0.992556
0.9939
0.994693
0.995059
0.99511
0.99495
0.994669
0.994343
0.994026
0.993758
0.993562
0.993447
0.993411
0.993383
0.993356
0.993321
0.993267
0.993185
0.993065
0.992896
0.992669
0.992376
0.992011
0.991567
0.991036
0.990417
0.989704
0.988893
0.987984
0.986973
0.985864
0.984654
0.983343
0.981936
0.980438
0.978848
0.977175
0.975423
0.973601
0.971712
0.969766
0.967771
0.965734
0.963663
0.961566
0.959451
0.957321
0.955189
0.953056
0.950928
0.948814
0.946716
0.944639
0.942581
0.940551
0.93855
0.936581
0.934638
0.932731
0.930852
0.929008
0.927197
0.925418
0.923674
0.921962
0.920281
0.91864
0.917028
0.91545
0.913893
0.912368
0.910876
0.909418
0.908002
0.906634
0.905312
0.90405
0.902856
0.901732
0.900694
0.899756
0.898926
0.898224
0.897661
0.89726
0.897034
0.897013
0.897206
0.897645
0.898351
0.899342
0.900645
0.902271
0.904246
0.906573
0.909266
0.912316
0.915712
0.919436
0.923447
0.927691
0.932099
0.936574
0.940999
0.945231
0.949084
0.952349
0.954762
0.956015
0.955723
0.953419
0.948508
0.940225
0.927598
0.909473
0.883187
0.847814
0.804079
0.745191
0.661016
0.53998
0.383804
0.215481
0.0805158
0.0135863
0.156806
0.632221
0.863479
0.912109
0.930744
0.941014
0.948479
0.955246
0.96225
0.969714
0.977056
0.983268
0.988001
0.991401
0.993721
0.995181
0.995938
0.996126
0.995878
0.995322
0.994586
0.993783
0.993004
0.992321
0.991779
0.991405
0.991202
0.991159
0.991184
0.991267
0.991389
0.991534
0.991683
0.991824
0.991938
0.992009
0.992029
0.991984
0.991866
0.991672
0.991392
0.991027
0.990568
0.990017
0.989372
0.988633
0.9878
0.986877
0.985864
0.984766
0.983585
0.982327
0.980997
0.979601
0.978143
0.976634
0.975075
0.973479
0.971849
0.970194
0.968523
0.966838
0.965146
0.963455
0.961771
0.960095
0.958436
0.956793
0.955172
0.953577
0.952007
0.950464
0.948951
0.947465
0.946012
0.94459
0.9432
0.941841
0.940512
0.939215
0.937947
0.936715
0.935514
0.934345
0.933193
0.932071
0.930979
0.929918
0.928892
0.9279
0.926955
0.926053
0.925208
0.92442
0.923701
0.923058
0.922502
0.922037
0.921686
0.921451
0.921355
0.921403
0.921614
0.922002
0.922585
0.923371
0.92438
0.925617
0.927092
0.928808
0.93077
0.932961
0.935373
0.937978
0.940739
0.943604
0.946514
0.949377
0.952092
0.95453
0.956535
0.957925
0.958472
0.95791
0.955922
0.952113
0.945999
0.936968
0.92428
0.90707
0.884459
0.854406
0.816186
0.76571
0.693313
0.583217
0.429795
0.250464
0.0966726
0.016808
0.291573
0.747377
0.890527
0.923556
0.937093
0.945247
0.951783
0.958283
0.965462
0.973378
0.981083
0.987166
0.991434
0.994258
0.995997
0.996856
0.996971
0.996464
0.995481
0.994185
0.992734
0.991278
0.989937
0.988799
0.987922
0.987329
0.987023
0.986967
0.987057
0.987271
0.987582
0.987966
0.988392
0.988835
0.989274
0.989688
0.990057
0.990367
0.990607
0.990769
0.990846
0.990831
0.990722
0.990517
0.990219
0.989827
0.98934
0.988762
0.988096
0.987347
0.986515
0.985609
0.984633
0.983592
0.982494
0.981346
0.980148
0.978915
0.977648
0.976353
0.975042
0.973717
0.972384
0.971048
0.969716
0.968392
0.967079
0.965783
0.964502
0.963244
0.962004
0.960793
0.959606
0.958446
0.957312
0.956205
0.955127
0.954074
0.953052
0.952054
0.951086
0.950147
0.949233
0.94835
0.947483
0.946642
0.945824
0.945031
0.944266
0.943534
0.942833
0.94217
0.941549
0.940977
0.940454
0.939991
0.93959
0.939264
0.93902
0.938861
0.938805
0.938854
0.939022
0.93932
0.939753
0.940333
0.941064
0.941951
0.943003
0.944212
0.945575
0.947081
0.948714
0.950446
0.952241
0.95405
0.955814
0.957453
0.958877
0.959968
0.960592
0.960581
0.959743
0.957846
0.954619
0.949721
0.942754
0.93321
0.920493
0.903907
0.882709
0.856123
0.822522
0.777497
0.713904
0.614159
0.466685
0.281617
0.112559
0.0203466
0.425518
0.817341
0.9078
0.930403
0.94118
0.948162
0.954179
0.960624
0.968111
0.976577
0.984636
0.990448
0.994134
0.996355
0.997511
0.997746
0.997136
0.9958
0.993911
0.991686
0.989339
0.987067
0.985028
0.983336
0.982053
0.981209
0.980794
0.980729
0.980908
0.981293
0.981847
0.982528
0.983295
0.984111
0.984942
0.98576
0.986538
0.987258
0.987906
0.988465
0.988931
0.989298
0.989559
0.989716
0.989768
0.989717
0.989566
0.989318
0.988977
0.988548
0.988035
0.987444
0.986783
0.986054
0.985265
0.984422
0.983534
0.982606
0.98164
0.98065
0.979637
0.978608
0.977569
0.976526
0.975481
0.97444
0.973407
0.972382
0.971375
0.970381
0.969408
0.968453
0.967519
0.966607
0.965715
0.964851
0.964007
0.963187
0.96239
0.961613
0.960861
0.960137
0.95943
0.958751
0.958089
0.957442
0.956814
0.956207
0.955626
0.955064
0.954532
0.954026
0.953551
0.953113
0.95271
0.952355
0.952046
0.95179
0.95159
0.951459
0.951398
0.951414
0.95151
0.951699
0.951978
0.952361
0.952842
0.953426
0.954114
0.954899
0.955773
0.956722
0.957725
0.958758
0.959786
0.960759
0.961623
0.962303
0.962717
0.962763
0.962315
0.961227
0.959327
0.956413
0.952245
0.946533
0.93893
0.92901
0.916265
0.900101
0.879863
0.854798
0.823693
0.783559
0.725962
0.634798
0.494641
0.308304
0.127945
0.0242623
0.555794
0.857991
0.918924
0.935819
0.944193
0.950214
0.955927
0.962427
0.970298
0.979366
0.98777
0.993151
0.996181
0.99782
0.998417
0.997979
0.996509
0.994138
0.991106
0.987707
0.984239
0.980961
0.978075
0.975721
0.97397
0.972849
0.972336
0.972282
0.97259
0.97321
0.974081
0.975143
0.976341
0.977618
0.97893
0.980238
0.981506
0.98271
0.983827
0.984843
0.985746
0.986534
0.987201
0.987743
0.988168
0.988473
0.988664
0.988746
0.988724
0.988605
0.988394
0.988099
0.987725
0.98728
0.98677
0.986202
0.985584
0.98492
0.98422
0.983487
0.98273
0.981952
0.981159
0.980357
0.979552
0.978744
0.977939
0.977139
0.976349
0.975571
0.974805
0.974055
0.973319
0.972601
0.971901
0.971219
0.970557
0.96991
0.969282
0.968674
0.968085
0.967515
0.966961
0.966428
0.965907
0.965403
0.964909
0.964433
0.963974
0.963531
0.963107
0.962704
0.962324
0.961967
0.961641
0.961345
0.961082
0.960856
0.960672
0.96053
0.960437
0.960398
0.960415
0.960488
0.960622
0.960818
0.961075
0.961394
0.96177
0.962194
0.962655
0.963141
0.963628
0.964089
0.964487
0.964783
0.96492
0.964834
0.964441
0.96365
0.96235
0.960407
0.957666
0.953953
0.949052
0.942706
0.934612
0.924398
0.911611
0.895729
0.876153
0.85215
0.822517
0.784436
0.730871
0.64731
0.514534
0.330384
0.142709
0.0286292
0.66688
0.883057
0.926504
0.939685
0.946644
0.951788
0.95717
0.963774
0.972061
0.98177
0.990503
0.99531
0.99766
0.998785
0.998843
0.997632
0.995091
0.991404
0.986922
0.982057
0.977209
0.972714
0.968824
0.965704
0.963435
0.962033
0.961453
0.961448
0.961954
0.962894
0.964184
0.965738
0.967479
0.969332
0.971234
0.973133
0.974986
0.976757
0.978421
0.979961
0.981365
0.982624
0.983736
0.984702
0.985525
0.986206
0.986757
0.987179
0.98748
0.987671
0.987758
0.98775
0.987651
0.987473
0.987223
0.986907
0.986535
0.98611
0.985645
0.985139
0.984605
0.984044
0.983464
0.982871
0.982264
0.981654
0.981039
0.980426
0.979816
0.979212
0.978616
0.97803
0.977455
0.97689
0.976339
0.9758
0.975275
0.974764
0.974267
0.973785
0.973314
0.972857
0.972417
0.971989
0.971572
0.971165
0.970768
0.97038
0.970005
0.96964
0.969288
0.968952
0.968629
0.968321
0.968035
0.967767
0.967519
0.967299
0.967102
0.966932
0.966795
0.966689
0.966614
0.966576
0.96657
0.966596
0.96665
0.966735
0.966835
0.966949
0.967059
0.967151
0.9672
0.967184
0.967063
0.966796
0.966331
0.96561
0.964555
0.963081
0.961083
0.958449
0.955032
0.950675
0.945188
0.938335
0.929846
0.919383
0.906542
0.890842
0.871722
0.848469
0.819889
0.783272
0.732029
0.652566
0.525923
0.346669
0.156538
0.0335339
0.730575
0.906736
0.931859
0.942452
0.94838
0.95311
0.958063
0.964712
0.973422
0.983798
0.992862
0.99697
0.998668
0.999379
0.998888
0.996732
0.992822
0.987458
0.981162
0.974498
0.967991
0.96206
0.957017
0.953048
0.950234
0.948573
0.947991
0.9481
0.948897
0.950272
0.952108
0.954289
0.956706
0.959264
0.96188
0.964486
0.967024
0.969455
0.971752
0.973887
0.975852
0.977638
0.979244
0.980671
0.981925
0.98301
0.983938
0.984715
0.985352
0.985858
0.986243
0.986518
0.986691
0.986771
0.986769
0.98669
0.986548
0.986346
0.986093
0.985796
0.985459
0.985092
0.984699
0.984286
0.983854
0.983413
0.982961
0.982505
0.982046
0.981588
0.981132
0.980679
0.98023
0.979791
0.979359
0.978932
0.978517
0.978108
0.977711
0.97732
0.976942
0.97657
0.97621
0.975859
0.975517
0.975178
0.974845
0.97452
0.974199
0.973885
0.973577
0.973277
0.972986
0.972705
0.972432
0.972171
0.97192
0.971683
0.971462
0.971253
0.971058
0.970879
0.970713
0.970561
0.97042
0.970288
0.97016
0.970029
0.96989
0.969729
0.969534
0.969283
0.96896
0.968533
0.967968
0.967226
0.966258
0.965003
0.963393
0.961348
0.958775
0.955565
0.951591
0.946709
0.940739
0.933469
0.924654
0.913977
0.901066
0.885473
0.866667
0.843945
0.816122
0.780545
0.730921
0.654324
0.532172
0.357096
0.166265
0.0373721
0.772765
0.915086
0.935726
0.944388
0.949521
0.953933
0.958865
0.965266
0.974385
0.985442
0.99486
0.998181
0.99931
0.999714
0.998615
0.995253
0.989585
0.982116
0.973593
0.964774
0.956319
0.948747
0.942417
0.937536
0.934181
0.93232
0.931834
0.932162
0.933382
0.935343
0.937885
0.94085
0.944097
0.947504
0.950965
0.954395
0.957728
0.960916
0.963922
0.966723
0.96931
0.971674
0.973816
0.97574
0.977454
0.978968
0.980293
0.981438
0.98242
0.983249
0.983937
0.984496
0.984937
0.985272
0.985511
0.985663
0.985738
0.985744
0.985691
0.985585
0.985432
0.98524
0.985014
0.984761
0.984484
0.984189
0.983878
0.983556
0.983226
0.982889
0.982548
0.982209
0.981867
0.981527
0.981189
0.980854
0.980521
0.980195
0.979871
0.979552
0.97924
0.978934
0.978632
0.978335
0.978043
0.977752
0.977461
0.977175
0.976886
0.976603
0.976318
0.976037
0.975758
0.975484
0.975209
0.97494
0.974672
0.974407
0.974147
0.973886
0.973629
0.973373
0.973112
0.97285
0.972581
0.9723
0.972001
0.971677
0.971319
0.970912
0.970444
0.969897
0.969246
0.968462
0.967512
0.966361
0.964958
0.963248
0.961167
0.95864
0.955582
0.951891
0.947454
0.942129
0.935755
0.928141
0.919046
0.908176
0.895184
0.879644
0.861047
0.838703
0.811423
0.776581
0.728073
0.653457
0.53458
0.362995
0.172608
0.0401292
0.803243
0.921404
0.938827
0.945644
0.950115
0.954281
0.959267
0.965724
0.97495
0.98669
0.996514
0.999012
0.999682
0.999885
0.998051
0.993127
0.985227
0.975168
0.963981
0.952645
0.941967
0.932559
0.924833
0.919014
0.915165
0.913208
0.912715
0.91342
0.915266
0.918034
0.921504
0.92547
0.929746
0.934176
0.938632
0.943016
0.947251
0.951283
0.955077
0.958608
0.961867
0.96485
0.967563
0.970012
0.97221
0.974169
0.975905
0.977433
0.978766
0.979922
0.980916
0.98176
0.982467
0.983052
0.983526
0.9839
0.984184
0.984389
0.984524
0.984596
0.984613
0.984582
0.98451
0.9844
0.984261
0.984098
0.983911
0.983706
0.983487
0.983256
0.983015
0.982766
0.982512
0.982253
0.981991
0.981729
0.981465
0.981199
0.980934
0.98067
0.980405
0.980142
0.97988
0.979622
0.979363
0.9791
0.978837
0.97857
0.978302
0.978029
0.977755
0.977478
0.977195
0.976912
0.976625
0.976333
0.976035
0.975733
0.975425
0.975108
0.974784
0.974443
0.974092
0.973721
0.973325
0.972903
0.972444
0.971941
0.971383
0.970755
0.970043
0.969228
0.968285
0.967186
0.965904
0.964393
0.962613
0.960509
0.958023
0.955082
0.951611
0.947511
0.942679
0.936984
0.930272
0.92236
0.913022
0.901978
0.888894
0.87337
0.854907
0.832828
0.805934
0.771601
0.723837
0.650561
0.534052
0.365378
0.17619
0.0419189
0.825981
0.925921
0.940598
0.946316
0.950205
0.954138
0.959215
0.966057
0.975187
0.987532
0.997843
0.999533
0.999876
0.999961
0.997187
0.990255
0.979581
0.966408
0.952114
0.937908
0.924748
0.913334
0.904132
0.897387
0.893137
0.891246
0.890856
0.892145
0.894843
0.898651
0.903276
0.908452
0.913943
0.91956
0.925151
0.930602
0.935832
0.940781
0.945417
0.949724
0.95369
0.95732
0.960623
0.963612
0.966304
0.968716
0.970868
0.972779
0.974467
0.97595
0.977244
0.97837
0.97934
0.98017
0.980873
0.981464
0.981948
0.982342
0.982654
0.982893
0.98307
0.983186
0.983254
0.98328
0.983265
0.983218
0.983141
0.983039
0.982917
0.982775
0.982619
0.982447
0.982266
0.982073
0.981875
0.981668
0.981455
0.981237
0.981016
0.980791
0.980561
0.98033
0.980095
0.979856
0.979616
0.97937
0.979118
0.978861
0.978597
0.978325
0.978046
0.977758
0.977465
0.977161
0.97685
0.976526
0.976191
0.975844
0.975481
0.975103
0.974704
0.974283
0.973835
0.973356
0.972842
0.972281
0.971673
0.971001
0.970258
0.969427
0.968492
0.967436
0.96623
0.964854
0.96327
0.961444
0.959333
0.956886
0.954049
0.950755
0.946927
0.94248
0.937311
0.931299
0.924294
0.916125
0.906572
0.895364
0.882185
0.866646
0.848269
0.826374
0.799749
0.765754
0.71846
0.646045
0.531237
0.365016
0.17755
0.0428835
0.843225
0.929099
0.941532
0.946446
0.949784
0.953491
0.958661
0.965911
0.975405
0.987951
0.998855
0.999823
0.999963
0.99999
0.995998
0.986521
0.972477
0.955657
0.937825
0.920427
0.904551
0.890981
0.880247
0.872621
0.868118
0.866518
0.866603
0.86875
0.872583
0.877697
0.883719
0.89031
0.897184
0.904119
0.910943
0.917538
0.923812
0.929719
0.935221
0.940313
0.944994
0.949272
0.953163
0.956688
0.959868
0.962728
0.965288
0.967573
0.969606
0.971409
0.972998
0.974396
0.975619
0.976684
0.977606
0.978398
0.979078
0.979649
0.980131
0.980525
0.980849
0.981103
0.9813
0.981444
0.981543
0.981599
0.981621
0.981609
0.981571
0.981507
0.981421
0.981315
0.981195
0.981056
0.980906
0.980745
0.980572
0.980389
0.980198
0.979998
0.979793
0.979578
0.979357
0.979132
0.978898
0.978659
0.978406
0.978146
0.977875
0.977593
0.977299
0.976994
0.976675
0.976345
0.975999
0.975637
0.975258
0.974858
0.974437
0.973989
0.973515
0.97301
0.972465
0.971882
0.97125
0.97056
0.969805
0.968977
0.96806
0.967039
0.965902
0.964624
0.963183
0.961551
0.959702
0.957595
0.955193
0.952449
0.949304
0.9457
0.941566
0.936819
0.931362
0.925074
0.91782
0.909426
0.899677
0.888319
0.875042
0.859473
0.841143
0.819374
0.792932
0.759145
0.712105
0.640204
0.526597
0.362487
0.177139
0.0431685
0.856396
0.93127
0.941846
0.945996
0.948852
0.952304
0.957567
0.965269
0.975503
0.988031
0.999556
0.999954
0.999992
0.999998
0.99444
0.981806
0.963761
0.942774
0.921019
0.900147
0.881348
0.865478
0.85316
0.844736
0.840206
0.838949
0.83988
0.843334
0.848758
0.855597
0.863353
0.871612
0.880047
0.888414
0.896538
0.904301
0.911626
0.918474
0.924823
0.930673
0.936037
0.940931
0.94538
0.949411
0.95305
0.956332
0.959278
0.961916
0.964271
0.966371
0.968239
0.969896
0.971355
0.972643
0.973771
0.974755
0.975611
0.976352
0.976986
0.977527
0.977982
0.978362
0.978676
0.978929
0.979126
0.979277
0.979382
0.979449
0.979483
0.979484
0.979458
0.979407
0.979335
0.979241
0.979128
0.979
0.978856
0.978697
0.978525
0.978342
0.978149
0.977943
0.977726
0.9775
0.977263
0.977019
0.976757
0.976484
0.976197
0.975897
0.97558
0.975247
0.974899
0.974532
0.974145
0.973738
0.973306
0.972849
0.972363
0.971845
0.971292
0.9707
0.970062
0.969373
0.968623
0.967807
0.966915
0.965936
0.964857
0.96366
0.962333
0.960852
0.959196
0.957338
0.95525
0.952892
0.950232
0.947222
0.94381
0.93994
0.935541
0.930536
0.924829
0.918308
0.910835
0.902237
0.892317
0.880817
0.867444
0.85183
0.833527
0.811845
0.785522
0.751842
0.704896
0.63324
0.520477
0.35824
0.175329
0.0429077
0.866441
0.932606
0.941558
0.94489
0.947391
0.950546
0.955879
0.964065
0.975105
0.988102
0.999939
0.999996
1
1
0.992462
0.975997
0.953313
0.927682
0.901683
0.877117
0.855209
0.83688
0.822899
0.81379
0.809557
0.808114
0.810535
0.816039
0.823766
0.832923
0.84286
0.853083
0.863248
0.873121
0.882551
0.891451
0.899764
0.907482
0.914597
0.92113
0.927103
0.932546
0.937489
0.941969
0.946015
0.949669
0.952957
0.955911
0.958559
0.960928
0.963043
0.964929
0.966604
0.968091
0.969404
0.970562
0.971579
0.972469
0.973243
0.973914
0.974491
0.974983
0.975399
0.975747
0.976032
0.976261
0.97644
0.976576
0.976669
0.976723
0.976747
0.976738
0.976703
0.976642
0.976556
0.976451
0.976326
0.976182
0.976019
0.975844
0.975651
0.975443
0.975222
0.974989
0.974741
0.97448
0.974203
0.973907
0.973595
0.973267
0.972918
0.972551
0.972165
0.971753
0.971321
0.97086
0.970372
0.969852
0.969299
0.968708
0.968073
0.967393
0.966658
0.965862
0.964999
0.964061
0.963037
0.961916
0.960681
0.959323
0.957819
0.956153
0.9543
0.952236
0.949931
0.947354
0.944467
0.941225
0.937578
0.933477
0.92885
0.923621
0.917699
0.910976
0.903309
0.894536
0.884458
0.872824
0.859355
0.843699
0.825406
0.803778
0.77753
0.743887
0.696912
0.625304
0.51313
0.352614
0.172417
0.042217
0.873984
0.933276
0.940806
0.943357
0.945377
0.948165
0.953538
0.96224
0.974198
0.988169
1
0.999999
0.999998
0.999999
0.990019
0.968994
0.941047
0.91038
0.879922
0.851526
0.826351
0.80533
0.789491
0.779819
0.776349
0.776172
0.780772
0.788965
0.799519
0.811362
0.82369
0.83596
0.847836
0.859125
0.869737
0.879619
0.888772
0.897205
0.904945
0.912026
0.918486
0.924367
0.929707
0.934548
0.938927
0.942885
0.946454
0.949665
0.952556
0.955152
0.957475
0.959556
0.961415
0.963071
0.964542
0.965849
0.967005
0.968024
0.968921
0.969703
0.970383
0.970968
0.971473
0.971902
0.972259
0.972558
0.972796
0.972985
0.973126
0.973223
0.973282
0.973303
0.973296
0.973256
0.973188
0.973095
0.972975
0.972838
0.972676
0.972497
0.972295
0.97208
0.971845
0.971594
0.971326
0.971042
0.970736
0.970412
0.970069
0.969706
0.96932
0.968909
0.968477
0.968018
0.96753
0.967013
0.966462
0.965877
0.965252
0.964581
0.963866
0.963092
0.96226
0.961364
0.960388
0.959331
0.95818
0.956919
0.955543
0.954029
0.952362
0.950525
0.948493
0.946244
0.943747
0.940973
0.937883
0.934439
0.930593
0.926291
0.921467
0.916048
0.90994
0.903037
0.895202
0.886268
0.876046
0.864295
0.850737
0.835037
0.816745
0.795164
0.768957
0.735293
0.6882
0.616502
0.504738
0.345874
0.168637
0.0411941
0.879473
0.933396
0.939641
0.941352
0.942777
0.945119
0.950478
0.959722
0.972724
0.987941
1
1
0.999998
0.999997
0.987078
0.960708
0.926925
0.890961
0.855991
0.823769
0.7952
0.771109
0.752916
0.742771
0.738653
0.741378
0.750345
0.76312
0.777702
0.792771
0.807574
0.821725
0.835028
0.847418
0.858891
0.869466
0.879183
0.888094
0.896243
0.903683
0.910466
0.916636
0.922241
0.927326
0.931938
0.936109
0.939877
0.943283
0.946351
0.949115
0.9516
0.953831
0.955831
0.957621
0.959221
0.960643
0.961909
0.963031
0.964023
0.964894
0.965655
0.966319
0.966892
0.967383
0.9678
0.968148
0.968432
0.968659
0.968836
0.968962
0.969047
0.969088
0.969093
0.969063
0.969002
0.968911
0.96879
0.968646
0.968476
0.968283
0.968067
0.96783
0.967573
0.967295
0.966998
0.966684
0.966344
0.965984
0.965601
0.965192
0.964761
0.964303
0.963818
0.963303
0.962756
0.962175
0.961559
0.960901
0.960198
0.959449
0.958645
0.957783
0.956852
0.955851
0.954767
0.953594
0.952318
0.950928
0.949414
0.947755
0.94594
0.943945
0.941751
0.939336
0.936669
0.933721
0.930457
0.926838
0.922821
0.918347
0.913353
0.907772
0.901505
0.894444
0.886457
0.877382
0.867028
0.855165
0.84153
0.825794
0.807512
0.785968
0.75978
0.726056
0.678778
0.606893
0.495439
0.338214
0.164174
0.0399176
0.883192
0.933044
0.938073
0.938733
0.939288
0.941359
0.946631
0.956427
0.970604
0.987364
0.999997
0.999997
0.999998
0.999996
0.983603
0.951057
0.910955
0.869645
0.830368
0.794578
0.762614
0.734891
0.713102
0.702072
0.698447
0.707633
0.724269
0.743369
0.7623
0.780138
0.796684
0.811949
0.825989
0.83888
0.850704
0.861535
0.87145
0.880519
0.888805
0.896366
0.903262
0.909549
0.915264
0.920458
0.925173
0.929456
0.933334
0.936842
0.940014
0.942879
0.945463
0.947791
0.949884
0.951763
0.953448
0.954953
0.956296
0.957488
0.958547
0.959482
0.960301
0.961016
0.961639
0.962172
0.962624
0.963007
0.96332
0.96357
0.963766
0.963906
0.963999
0.964048
0.964055
0.964023
0.963956
0.963857
0.963722
0.963561
0.963373
0.963156
0.962916
0.962648
0.962359
0.962048
0.961714
0.961358
0.960975
0.96057
0.960139
0.959681
0.959195
0.958681
0.958136
0.95756
0.956949
0.9563
0.95561
0.954877
0.954095
0.95326
0.952368
0.951411
0.950384
0.94928
0.948087
0.946801
0.945405
0.943892
0.942247
0.940457
0.938504
0.936366
0.934028
0.931464
0.928647
0.925549
0.922135
0.918368
0.914198
0.909582
0.904447
0.898722
0.892314
0.885115
0.876992
0.867786
0.857311
0.845355
0.831657
0.815899
0.797637
0.776135
0.749964
0.716152
0.668648
0.596518
0.485325
0.329778
0.159166
0.0384487
0.8853
0.932305
0.93619
0.93561
0.934991
0.93686
0.941925
0.952256
0.967738
0.98642
1
1
0.999998
1
0.97956
0.939951
0.893201
0.84683
0.803883
0.765294
0.73041
0.698644
0.670549
0.648891
0.657909
0.688208
0.715783
0.737254
0.757051
0.775379
0.792394
0.807527
0.821348
0.833979
0.845541
0.856131
0.865827
0.874701
0.882824
0.89025
0.89704
0.903236
0.908893
0.914042
0.918733
0.922999
0.926879
0.9304
0.933592
0.936485
0.939096
0.941458
0.943588
0.945505
0.947228
0.948771
0.95015
0.951382
0.952472
0.953438
0.954287
0.955029
0.955672
0.956224
0.956695
0.957087
0.957409
0.957666
0.957862
0.958002
0.958091
0.95813
0.958124
0.958077
0.957992
0.957867
0.95771
0.957521
0.9573
0.957051
0.956774
0.956467
0.956137
0.95578
0.955399
0.954993
0.95456
0.9541
0.953614
0.953096
0.952549
0.951972
0.951361
0.950715
0.950032
0.949308
0.94854
0.947725
0.94686
0.945938
0.944954
0.943902
0.942776
0.941568
0.94027
0.938871
0.937364
0.935732
0.933968
0.932054
0.929974
0.927709
0.925243
0.92255
0.919605
0.916376
0.912838
0.908943
0.904651
0.899909
0.89465
0.8888
0.882268
0.874945
0.866697
0.857374
0.846798
0.834763
0.82102
0.805262
0.78704
0.76559
0.739439
0.705542
0.657789
0.585383
0.474451
0.320664
0.153713
0.0368324
0.885819
0.931295
0.93424
0.932409
0.930524
0.931613
0.936316
0.947106
0.963983
0.985066
0.999998
1
1
0.999998
0.9749
0.927258
0.873801
0.823195
0.777977
0.738455
0.70274
0.669252
0.635278
0.655586
0.674637
0.699686
0.72276
0.742278
0.76041
0.777255
0.792847
0.806869
0.819739
0.831569
0.842665
0.853225
0.862322
0.870669
0.878337
0.885376
0.891833
0.897754
0.903173
0.908126
0.912652
0.916786
0.920551
0.923978
0.927101
0.929935
0.932504
0.93483
0.936933
0.938831
0.940538
0.942072
0.943445
0.944669
0.945757
0.946719
0.947561
0.948299
0.948938
0.949481
0.949943
0.950325
0.950632
0.950874
0.951051
0.951171
0.951234
0.951249
0.951215
0.951136
0.951017
0.950859
0.950662
0.950431
0.950168
0.949873
0.949546
0.949192
0.948806
0.948396
0.947956
0.94749
0.946994
0.946471
0.945917
0.945332
0.944714
0.944065
0.943379
0.942657
0.941894
0.941088
0.940235
0.939335
0.938379
0.937365
0.936286
0.935137
0.93391
0.932601
0.931198
0.929693
0.928078
0.926337
0.924459
0.922433
0.920241
0.917864
0.915284
0.91248
0.909424
0.906091
0.902441
0.898441
0.894044
0.889193
0.883827
0.877865
0.871218
0.863777
0.855416
0.845992
0.835331
0.823243
0.809483
0.793761
0.77561
0.75425
0.728134
0.694153
0.646151
0.573481
0.462836
0.310927
0.147878
0.0350987
0.884603
0.930086
0.932504
0.929474
0.925816
0.925567
0.929825
0.940879
0.95914
0.983236
0.999998
1
1
0.999999
0.969555
0.912787
0.853025
0.799931
0.755215
0.718934
0.689306
0.678869
0.681654
0.689388
0.703568
0.721238
0.738593
0.754646
0.769905
0.784262
0.797643
0.809916
0.821316
0.831933
0.84196
0.851463
0.859769
0.868028
0.875208
0.88165
0.887584
0.893043
0.898063
0.902674
0.906902
0.910776
0.91432
0.917555
0.920506
0.923194
0.925644
0.927862
0.929873
0.931689
0.933325
0.934794
0.93611
0.937281
0.938323
0.939239
0.940042
0.940741
0.941338
0.941847
0.942267
0.942611
0.942881
0.943081
0.943217
0.943294
0.943315
0.943283
0.943203
0.943076
0.942908
0.942696
0.942446
0.942159
0.941838
0.941481
0.941095
0.940676
0.940226
0.939747
0.939236
0.938698
0.93813
0.937529
0.936897
0.936233
0.935536
0.934802
0.934034
0.933223
0.932372
0.931477
0.930533
0.929539
0.928488
0.927376
0.926198
0.924951
0.923622
0.92221
0.920706
0.919099
0.917377
0.915535
0.913555
0.911428
0.909136
0.90666
0.903986
0.901085
0.897938
0.894509
0.890771
0.886679
0.882186
0.877238
0.87177
0.865705
0.85895
0.851403
0.842942
0.833433
0.822713
0.810601
0.796876
0.78123
0.763205
0.741972
0.715942
0.681906
0.633678
0.560765
0.450471
0.300583
0.141687
0.0332628
0.88241
0.927696
0.931026
0.92774
0.921372
0.917588
0.922659
0.933556
0.952928
0.980809
0.999997
0.999998
1
0.999998
0.963369
0.896239
0.831425
0.779191
0.740224
0.719698
0.710769
0.710377
0.715074
0.722045
0.732819
0.745429
0.758282
0.770806
0.782934
0.794509
0.805442
0.815688
0.825349
0.834475
0.843139
0.851302
0.858675
0.865918
0.872302
0.878848
0.884098
0.888948
0.893434
0.897569
0.901374
0.904874
0.908083
0.911029
0.913723
0.91618
0.918421
0.920455
0.922302
0.923971
0.925473
0.926822
0.928027
0.929097
0.930041
0.93087
0.93159
0.93221
0.932732
0.933167
0.933518
0.933792
0.933994
0.934127
0.934196
0.934205
0.934159
0.934061
0.93391
0.933716
0.933475
0.933193
0.93287
0.932509
0.932114
0.931681
0.931215
0.930715
0.930184
0.929621
0.929026
0.928399
0.927742
0.927051
0.92633
0.925573
0.924779
0.923951
0.923084
0.922177
0.921227
0.920231
0.919186
0.91809
0.916936
0.915722
0.914444
0.91309
0.911663
0.910148
0.908545
0.906837
0.905019
0.903082
0.901011
0.898791
0.89641
0.89385
0.891091
0.888109
0.884877
0.881367
0.877545
0.873364
0.86878
0.863739
0.858169
0.852
0.845142
0.837498
0.828958
0.819392
0.808655
0.796581
0.782952
0.767465
0.74964
0.728613
0.70272
0.668682
0.620276
0.547173
0.437312
0.289605
0.135131
0.0313234
0.880114
0.923001
0.928758
0.926613
0.920852
0.912745
0.915603
0.925319
0.944957
0.977592
1
0.999999
1
0.999997
0.956082
0.87715
0.810241
0.765075
0.747306
0.739492
0.738354
0.741575
0.74528
0.75175
0.760052
0.769263
0.778737
0.788164
0.797403
0.806339
0.814912
0.823105
0.830937
0.838417
0.845549
0.852285
0.858553
0.864621
0.870152
0.875761
0.88081
0.885165
0.889013
0.892566
0.895844
0.898866
0.90165
0.904208
0.906548
0.908694
0.910645
0.912421
0.914029
0.915482
0.916784
0.917952
0.918986
0.919902
0.9207
0.921391
0.921982
0.922476
0.922882
0.923205
0.923447
0.923616
0.923716
0.923751
0.923721
0.923635
0.923492
0.9233
0.923055
0.922765
0.92243
0.922053
0.921635
0.921177
0.920684
0.920152
0.919587
0.918986
0.918352
0.917685
0.916984
0.916251
0.915486
0.914688
0.913855
0.912987
0.912085
0.911145
0.910165
0.909146
0.908084
0.906976
0.905819
0.904612
0.903347
0.902024
0.900638
0.89918
0.897648
0.896036
0.894332
0.892529
0.890621
0.888593
0.886434
0.88413
0.881669
0.879026
0.876187
0.873124
0.869809
0.866213
0.8623
0.858026
0.85334
0.848194
0.842522
0.836251
0.8293
0.821585
0.813006
0.803442
0.792767
0.780823
0.767391
0.752174
0.734666
0.713949
0.688296
0.654343
0.605834
0.532614
0.423273
0.277913
0.128154
0.0292604
0.877554
0.915785
0.92459
0.924808
0.921215
0.916025
0.911787
0.916977
0.934655
0.973314
1
1
1
1
0.947219
0.854863
0.792449
0.771724
0.764985
0.764016
0.766362
0.768584
0.772783
0.778297
0.784599
0.791301
0.798148
0.804992
0.811752
0.818365
0.824799
0.831033
0.837056
0.842859
0.848427
0.853736
0.858781
0.863634
0.868205
0.872748
0.876906
0.881067
0.884352
0.887249
0.889913
0.892371
0.894638
0.896719
0.89863
0.90037
0.901958
0.903397
0.904692
0.905857
0.906894
0.907809
0.908613
0.90931
0.909904
0.910403
0.910811
0.911133
0.911371
0.911536
0.911627
0.911649
0.911604
0.911498
0.911333
0.911114
0.91084
0.910517
0.910144
0.909727
0.909263
0.90876
0.908214
0.907631
0.907009
0.90635
0.905657
0.904926
0.904163
0.903365
0.902532
0.901667
0.900768
0.899836
0.898871
0.89787
0.896837
0.895765
0.894656
0.893508
0.892317
0.891082
0.889803
0.888473
0.887091
0.885651
0.884151
0.882584
0.880945
0.879229
0.877423
0.875524
0.873519
0.871398
0.869145
0.866752
0.864197
0.861459
0.858522
0.855359
0.851941
0.848235
0.84421
0.83982
0.835021
0.829765
0.823993
0.817642
0.810646
0.80292
0.794387
0.784941
0.774462
0.762798
0.749742
0.734972
0.717951
0.697714
0.672452
0.638715
0.590211
0.516959
0.40822
0.265353
0.120644
0.027047
0.87443
0.905818
0.917005
0.920239
0.9196
0.91723
0.915268
0.91161
0.921155
0.967482
1
1
0.999999
1
0.935954
0.828567
0.792308
0.786911
0.786715
0.788472
0.790137
0.79314
0.796954
0.801242
0.805791
0.810469
0.815191
0.819909
0.82459
0.829206
0.833739
0.838174
0.842496
0.846694
0.850759
0.854676
0.858447
0.86209
0.865589
0.869009
0.872219
0.875457
0.878691
0.880844
0.882815
0.884628
0.886295
0.88782
0.88921
0.890469
0.891607
0.892626
0.893534
0.894329
0.895024
0.895619
0.896117
0.896525
0.896846
0.897086
0.897247
0.897331
0.897346
0.897291
0.897173
0.896991
0.896749
0.89645
0.896096
0.895691
0.895238
0.894735
0.894185
0.893594
0.892958
0.892281
0.891566
0.890812
0.890021
0.889192
0.888328
0.887432
0.8865
0.885534
0.884534
0.883503
0.882439
0.881342
0.880216
0.879056
0.877865
0.876638
0.875376
0.874076
0.872739
0.871361
0.86994
0.868472
0.866955
0.865382
0.863749
0.862054
0.860287
0.858443
0.856512
0.854486
0.852352
0.8501
0.847718
0.845189
0.842495
0.839619
0.836537
0.833227
0.829665
0.82582
0.821659
0.817147
0.812249
0.806918
0.801113
0.79478
0.78786
0.780293
0.772002
0.762902
0.752871
0.741768
0.729366
0.715326
0.699062
0.679558
0.654911
0.621582
0.573233
0.50004
0.391922
0.25161
0.11233
0.0246573
0.869986
0.892478
0.904087
0.909818
0.912137
0.912459
0.911709
0.910406
0.904281
0.95908
0.999999
1
1
1
0.920443
0.806323
0.804457
0.805395
0.806711
0.808284
0.810603
0.813287
0.816134
0.819053
0.822001
0.824962
0.827921
0.830872
0.833803
0.836709
0.83958
0.842403
0.845177
0.847889
0.850534
0.853103
0.855601
0.858025
0.860369
0.862647
0.86484
0.867073
0.869817
0.871337
0.872568
0.873665
0.874649
0.875529
0.87631
0.876994
0.877589
0.878092
0.878506
0.878839
0.879094
0.879265
0.879364
0.879392
0.879346
0.879234
0.879057
0.878818
0.878518
0.878158
0.877741
0.877272
0.87675
0.876179
0.875558
0.87489
0.874178
0.873422
0.872623
0.871786
0.870907
0.869992
0.86904
0.868052
0.867028
0.865972
0.864882
0.863759
0.862606
0.86142
0.860204
0.858958
0.85768
0.856375
0.855038
0.853672
0.852275
0.850842
0.849377
0.847876
0.846337
0.844758
0.843134
0.841462
0.839739
0.837962
0.836124
0.834219
0.83224
0.830183
0.828036
0.825794
0.823444
0.820978
0.818382
0.815646
0.812753
0.809688
0.806436
0.802979
0.799296
0.795367
0.79117
0.786675
0.781856
0.776682
0.771122
0.765128
0.758658
0.75166
0.744057
0.73577
0.726674
0.716617
0.705346
0.69249
0.677413
0.659024
0.635327
0.602679
0.554678
0.481598
0.373962
0.235981
0.102391
0.0218384
0.860617
0.87384
0.882568
0.888381
0.892199
0.894564
0.89571
0.895057
0.894169
0.942666
1
1
0.999998
1
0.893887
0.8127
0.81373
0.814711
0.816044
0.817558
0.819116
0.820657
0.822175
0.823679
0.82517
0.826655
0.828132
0.829597
0.831051
0.832485
0.833901
0.83529
0.836646
0.837974
0.839261
0.840507
0.841716
0.842881
0.844005
0.845097
0.846173
0.847312
0.84893
0.849633
0.850002
0.850252
0.850421
0.850505
0.850521
0.85047
0.850353
0.850167
0.849923
0.849615
0.849248
0.84882
0.84834
0.847801
0.847207
0.84656
0.845864
0.845114
0.844318
0.843471
0.842581
0.841642
0.840661
0.839637
0.838571
0.837463
0.836317
0.835132
0.833909
0.832647
0.831351
0.83002
0.828655
0.827253
0.825819
0.824351
0.82285
0.821317
0.81975
0.818149
0.816515
0.814847
0.813159
0.811453
0.809725
0.80798
0.80621
0.804419
0.802603
0.800761
0.798889
0.796991
0.795061
0.793097
0.791098
0.789062
0.786986
0.784866
0.782698
0.780481
0.77821
0.775879
0.773486
0.771024
0.768487
0.765869
0.763159
0.760354
0.757441
0.754409
0.751245
0.747935
0.744464
0.74081
0.736949
0.732855
0.728498
0.723836
0.718823
0.713399
0.707488
0.700991
0.693774
0.685648
0.676334
0.665417
0.652202
0.635516
0.613265
0.581696
0.534295
0.461334
0.353779
0.21737
0.0890534
0.0165784
)
;

boundaryField
{
    walls
    {
        type            zeroGradient;
    }
    top
    {
        type            zeroGradient;
    }
    bottom
    {
        type            zeroGradient;
    }
    frontAndBack
    {
        type            empty;
    }
    inlet
    {
        type            uniformFixedValue;
        uniformValue    
        {
            type            constant;
            value           1;
        }
        value           uniform 1;
    }
    outlet
    {
        type            zeroGradient;
    }
}


// ************************************************************************* //
