/*--------------------------------*- C++ -*----------------------------------*\
  =========                 |
  \\      /  F ield         | OpenFOAM: The Open Source CFD Toolbox
   \\    /   O peration     | Website:  https://openfoam.org
    \\  /    A nd           | Version:  12
     \\/     M anipulation  |
\*---------------------------------------------------------------------------*/
FoamFile
{
    format      ascii;
    class       volScalarField;
    location    "285";
    object      T;
}
// * * * * * * * * * * * * * * * * * * * * * * * * * * * * * * * * * * * * * //

dimensions      [];

internalField   nonuniform List<scalar> 
4480
(
9.95478e-09
1.12328e-06
0.000773166
0.0167411
0.0695287
0.149014
0.236674
0.320697
0.39577
0.460396
0.514922
0.560427
0.598175
0.629372
0.655079
0.676186
0.69343
0.707413
0.718621
0.727448
0.734218
0.73919
0.742578
0.744552
0.745255
0.744803
0.743293
0.741209
0.739099
0.73695
0.734755
0.7325
0.730172
0.727761
0.725255
0.722643
0.71991
0.717045
0.714031
0.710858
0.707511
0.703969
0.700218
0.696243
0.692024
0.68754
0.682771
0.677701
0.672301
0.666548
0.660424
0.653905
0.646957
0.639558
0.63168
0.623292
0.614369
0.60488
0.594786
0.58406
0.572659
0.560548
0.54768
0.53401
0.519474
0.504018
0.487559
0.470024
0.451315
0.431358
0.41007
0.387411
0.363383
0.338057
0.311588
0.284226
0.256317
0.228288
0.200621
0.173823
0.148377
0.124711
0.103166
0.0840865
0.0675808
0.0536125
0.042044
0.0326612
0.0252017
0.0193814
0.0149171
0.0115446
0.00902906
0.00717141
0.00580929
0.00481489
0.00409102
0.00356594
0.0031884
0.00292293
0.00274599
0.002643
0.00260613
0.00263313
0.00272654
0.00289383
0.00314807
0.00350927
0.00400657
0.0046815
0.00559252
0.00682138
0.00848173
0.0107307
0.0137832
0.01793
0.0235575
0.0311697
0.0414133
0.0551438
0.0736692
0.0993106
0.136067
0.192654
0.299893
0.49255
0.663311
0.826138
0.795015
0.54652
0.366676
0.191518
0.0923475
0.0440872
0.0193114
0.00736544
0.00227432
0.000492895
5.74085e-05
1.84685e-06
5.25285e-09
6.75254e-05
0.00983058
0.084311
0.217557
0.359112
0.482128
0.580214
0.655651
0.713013
0.756689
0.790202
0.816183
0.836533
0.852604
0.865382
0.87557
0.883689
0.890125
0.895173
0.89906
0.901951
0.903985
0.905264
0.905874
0.905876
0.905323
0.904082
0.902108
0.89947
0.896234
0.892467
0.888232
0.883588
0.878585
0.873277
0.867707
0.861912
0.855924
0.849771
0.843479
0.837063
0.830532
0.823901
0.817173
0.810346
0.803421
0.796391
0.789248
0.781983
0.774582
0.767036
0.759324
0.751431
0.743341
0.735032
0.726492
0.717696
0.708624
0.69926
0.689576
0.67956
0.66918
0.658418
0.647249
0.63565
0.623582
0.611016
0.59792
0.584255
0.569973
0.555034
0.539391
0.523004
0.505829
0.487837
0.469004
0.449316
0.428787
0.407433
0.385303
0.362475
0.339046
0.315238
0.291287
0.267417
0.243881
0.220944
0.19886
0.177875
0.1582
0.140008
0.123425
0.108523
0.0953261
0.083808
0.0739059
0.0655244
0.0585493
0.0528567
0.0483226
0.044831
0.0422823
0.0405966
0.0397207
0.0396287
0.0403277
0.0418598
0.0443079
0.0478001
0.052518
0.0587039
0.0666734
0.0768237
0.0896452
0.10573
0.125778
0.150607
0.181171
0.218632
0.26453
0.320977
0.390586
0.476124
0.57917
0.692855
0.797948
0.877649
0.844876
0.663999
0.489109
0.3315
0.2065
0.117519
0.0598006
0.02626
0.00936494
0.00241708
0.000360126
1.85683e-05
1.44051e-06
0.00110738
0.0486377
0.210279
0.398724
0.554046
0.666475
0.744302
0.79794
0.835535
0.862615
0.882737
0.89811
0.910126
0.919665
0.927316
0.933478
0.938439
0.942413
0.945565
0.948023
0.949885
0.951234
0.952133
0.952631
0.952767
0.952574
0.952
0.951001
0.949591
0.947785
0.945587
0.943008
0.940052
0.936735
0.933065
0.92906
0.924738
0.920117
0.915217
0.910059
0.904664
0.899052
0.893242
0.887249
0.881094
0.874786
0.868338
0.861759
0.855057
0.848238
0.841304
0.834254
0.827088
0.819808
0.812404
0.804878
0.797221
0.789424
0.781485
0.773392
0.765141
0.756717
0.748118
0.73933
0.730342
0.721145
0.711725
0.702066
0.692161
0.68198
0.671517
0.660746
0.649648
0.638193
0.626362
0.61413
0.601461
0.588332
0.574716
0.560576
0.54589
0.530624
0.514761
0.498311
0.481285
0.463705
0.445608
0.427056
0.40814
0.388969
0.369678
0.350428
0.33139
0.312755
0.294719
0.277477
0.261219
0.246123
0.232351
0.220044
0.209327
0.200308
0.193077
0.187722
0.184327
0.182986
0.18381
0.186937
0.192537
0.200821
0.212047
0.226517
0.244573
0.266592
0.292964
0.324082
0.360308
0.401959
0.449286
0.502429
0.561291
0.625219
0.692547
0.760159
0.823087
0.87478
0.907613
0.882905
0.75792
0.614917
0.466106
0.325769
0.206761
0.116674
0.0566268
0.0223931
0.00651916
0.00114781
7.68815e-05
4.12208e-05
0.00812123
0.138678
0.373716
0.571855
0.704124
0.786432
0.837652
0.87073
0.893366
0.909871
0.922575
0.932722
0.940986
0.947769
0.953338
0.957897
0.961601
0.964584
0.966955
0.96881
0.970225
0.971263
0.97198
0.972412
0.972593
0.972547
0.972258
0.971706
0.970903
0.969848
0.96854
0.966978
0.965155
0.963064
0.960705
0.958075
0.955168
0.951992
0.948546
0.944838
0.940877
0.936672
0.932237
0.927582
0.922724
0.917674
0.912449
0.907059
0.90152
0.895844
0.890037
0.884115
0.878082
0.871949
0.865721
0.859403
0.852995
0.846508
0.839936
0.833287
0.826555
0.819746
0.812857
0.805884
0.798827
0.791687
0.784453
0.777128
0.7697
0.762167
0.754525
0.746763
0.738875
0.730848
0.722675
0.714345
0.705848
0.697167
0.688287
0.679197
0.669883
0.660331
0.65049
0.64037
0.629952
0.619221
0.608169
0.596787
0.585075
0.573044
0.560717
0.548132
0.535337
0.522409
0.509431
0.496521
0.483807
0.471443
0.459602
0.448473
0.438259
0.429177
0.421449
0.415309
0.410985
0.408718
0.408737
0.411275
0.416559
0.424809
0.436228
0.451003
0.469289
0.49119
0.516752
0.545941
0.578619
0.614526
0.653248
0.694186
0.736473
0.778897
0.819809
0.857144
0.888458
0.910863
0.920709
0.902839
0.820413
0.712294
0.583065
0.441996
0.304426
0.186139
0.0976624
0.0417549
0.0132148
0.00257857
0.000200813
0.000466578
0.0342735
0.278655
0.542161
0.710416
0.804111
0.85612
0.88681
0.906772
0.921274
0.932797
0.942416
0.950559
0.957422
0.963137
0.967831
0.971641
0.974693
0.977103
0.978979
0.980416
0.981492
0.982272
0.982807
0.983139
0.983297
0.983302
0.983148
0.982813
0.982302
0.981618
0.980759
0.979727
0.978514
0.977116
0.975526
0.973735
0.971741
0.969535
0.967116
0.964479
0.961627
0.958557
0.955277
0.951789
0.948103
0.944228
0.940173
0.935947
0.931565
0.927037
0.922374
0.91759
0.912695
0.907701
0.90262
0.897459
0.892224
0.88693
0.88158
0.87618
0.870736
0.865257
0.859744
0.854195
0.848623
0.843022
0.837394
0.831742
0.826065
0.82036
0.814625
0.808864
0.803067
0.797236
0.791364
0.785452
0.77949
0.773472
0.767402
0.761269
0.755069
0.748801
0.742434
0.735978
0.729427
0.722775
0.716018
0.709159
0.702197
0.695135
0.687981
0.680752
0.673466
0.666151
0.658847
0.651606
0.644492
0.63758
0.630971
0.62477
0.61911
0.614138
0.610016
0.60692
0.605041
0.604572
0.605711
0.608654
0.613587
0.620668
0.630039
0.641792
0.655977
0.672578
0.691503
0.712586
0.735563
0.760074
0.785646
0.811688
0.837479
0.862139
0.884631
0.903751
0.918105
0.925965
0.924974
0.909892
0.856329
0.777419
0.673221
0.544111
0.401031
0.262557
0.147206
0.0671163
0.0226233
0.0047217
0.000401827
0.0029358
0.0974411
0.444679
0.685289
0.804853
0.862701
0.893249
0.911877
0.925246
0.936249
0.94598
0.954623
0.962104
0.968389
0.973522
0.977626
0.980841
0.983311
0.985175
0.986548
0.987538
0.988231
0.988701
0.989001
0.989173
0.989248
0.989243
0.989161
0.988953
0.988625
0.988178
0.987609
0.986916
0.986094
0.985139
0.984042
0.9828
0.981403
0.979846
0.978125
0.976232
0.974164
0.971919
0.969497
0.966899
0.964126
0.961183
0.958075
0.954813
0.951401
0.947851
0.944172
0.940376
0.936473
0.932473
0.928391
0.924236
0.920016
0.915742
0.911425
0.907077
0.902698
0.898301
0.89389
0.889471
0.885052
0.880632
0.876218
0.871814
0.867415
0.863028
0.858651
0.854287
0.849934
0.845589
0.841255
0.836924
0.832604
0.828288
0.823973
0.81966
0.815351
0.811044
0.806721
0.802383
0.798037
0.793685
0.789329
0.78497
0.780616
0.776278
0.771963
0.767685
0.763461
0.759314
0.755269
0.751361
0.74763
0.744117
0.740881
0.737989
0.73551
0.733535
0.732156
0.731473
0.731601
0.732651
0.734744
0.737992
0.742497
0.748355
0.755626
0.764352
0.774531
0.786119
0.799012
0.81306
0.828039
0.843669
0.859589
0.875374
0.890512
0.904404
0.916352
0.925536
0.930962
0.931365
0.925041
0.909683
0.87434
0.816103
0.735541
0.625284
0.487946
0.339245
0.201768
0.097339
0.0345699
0.00758262
0.000684343
0.0122973
0.207519
0.60463
0.786916
0.860461
0.893925
0.912489
0.925288
0.935921
0.945805
0.955179
0.963644
0.970843
0.976682
0.981255
0.984737
0.987307
0.989138
0.990383
0.991181
0.991648
0.991883
0.991968
0.991967
0.991923
0.991865
0.991808
0.991757
0.99164
0.991457
0.991206
0.990877
0.990466
0.989965
0.989368
0.988663
0.987846
0.986908
0.985843
0.984646
0.983309
0.981829
0.980204
0.978429
0.976507
0.974434
0.972214
0.969849
0.967348
0.964712
0.96195
0.959072
0.956085
0.952996
0.949822
0.946569
0.943245
0.939867
0.936441
0.932977
0.929485
0.925973
0.922451
0.918923
0.915401
0.911887
0.908385
0.904902
0.901439
0.898003
0.894592
0.891211
0.887855
0.884532
0.881239
0.877973
0.874736
0.871527
0.868349
0.865201
0.862075
0.858982
0.85592
0.852867
0.849837
0.846829
0.843847
0.840893
0.837976
0.835102
0.832275
0.82951
0.826821
0.824215
0.821719
0.819345
0.817126
0.815083
0.813249
0.811664
0.810365
0.809404
0.808829
0.808694
0.809061
0.809992
0.811551
0.8138
0.816798
0.8206
0.825243
0.830755
0.837141
0.844382
0.852424
0.86118
0.870529
0.880304
0.89029
0.900222
0.909783
0.918591
0.9262
0.932079
0.935588
0.935944
0.932161
0.922975
0.906842
0.880764
0.836731
0.774463
0.683967
0.559459
0.409974
0.257172
0.130621
0.0486107
0.0111239
0.00105323
0.0385629
0.355882
0.731185
0.84771
0.889894
0.910228
0.9231
0.933411
0.943127
0.952938
0.962527
0.971009
0.977905
0.983205
0.987118
0.989891
0.991742
0.992858
0.993407
0.993539
0.993391
0.993078
0.992699
0.992323
0.992001
0.991763
0.991622
0.991574
0.991531
0.991483
0.991419
0.991326
0.991191
0.991003
0.990746
0.990411
0.989985
0.989461
0.988832
0.988085
0.987222
0.986232
0.985115
0.983867
0.982487
0.980978
0.979338
0.977569
0.975675
0.973665
0.971538
0.969305
0.966973
0.964551
0.962046
0.959468
0.956829
0.954136
0.951399
0.94863
0.945837
0.943024
0.940207
0.937388
0.934573
0.931773
0.92899
0.926231
0.923494
0.920788
0.918115
0.915478
0.912871
0.910305
0.90777
0.905274
0.902816
0.900392
0.898009
0.895659
0.893344
0.891072
0.888834
0.886629
0.884447
0.882298
0.880183
0.878105
0.876071
0.87409
0.872159
0.870296
0.86851
0.866806
0.865203
0.863718
0.862366
0.86117
0.860149
0.859333
0.858745
0.858422
0.858388
0.858685
0.859349
0.860411
0.861914
0.863885
0.866363
0.869364
0.872913
0.877005
0.881633
0.886771
0.892366
0.898343
0.904598
0.910997
0.917365
0.923499
0.929135
0.933976
0.937652
0.939733
0.939688
0.936877
0.930515
0.91966
0.903244
0.880108
0.846484
0.796467
0.722683
0.613498
0.470257
0.309428
0.164835
0.0641163
0.015285
0.00151754
0.0985632
0.515553
0.8112
0.879331
0.905229
0.919429
0.929711
0.939003
0.948592
0.958785
0.968792
0.977249
0.983688
0.988311
0.991472
0.993476
0.994546
0.99487
0.994624
0.993978
0.993095
0.992119
0.991168
0.990329
0.989663
0.9892
0.988948
0.988892
0.988917
0.98901
0.989148
0.98931
0.989474
0.989622
0.989731
0.989782
0.989762
0.989656
0.989453
0.989148
0.988728
0.988195
0.987539
0.986761
0.985859
0.984834
0.983685
0.982419
0.981037
0.979543
0.977945
0.976245
0.974454
0.972579
0.970625
0.968605
0.966523
0.964393
0.96222
0.960016
0.957789
0.955547
0.953294
0.951043
0.948798
0.946564
0.944349
0.942155
0.939986
0.937848
0.935741
0.933666
0.931627
0.929621
0.927655
0.925725
0.923833
0.921978
0.92016
0.91838
0.916634
0.91493
0.913263
0.911635
0.910026
0.908451
0.906911
0.905408
0.903947
0.902527
0.901163
0.899852
0.898611
0.897441
0.896357
0.895369
0.894491
0.893733
0.893121
0.892663
0.892387
0.892304
0.892443
0.892823
0.893469
0.8944
0.895643
0.897209
0.899117
0.901374
0.90399
0.906947
0.910236
0.91382
0.917652
0.92166
0.925759
0.929827
0.93372
0.93726
0.940229
0.942373
0.943376
0.942869
0.940407
0.935457
0.927389
0.915484
0.898974
0.877017
0.848301
0.807515
0.745929
0.651058
0.517907
0.355464
0.197934
0.0803891
0.0199998
0.00209191
0.208139
0.655378
0.84908
0.895293
0.914031
0.925279
0.934265
0.943178
0.952994
0.963794
0.974283
0.982558
0.98836
0.992199
0.994571
0.995775
0.996006
0.995433
0.994251
0.992666
0.990883
0.989088
0.987432
0.986025
0.984939
0.984203
0.983822
0.983749
0.983855
0.984113
0.98449
0.984953
0.985467
0.986
0.986523
0.98701
0.987438
0.987788
0.988046
0.9882
0.988242
0.988164
0.987963
0.987636
0.987187
0.986614
0.985918
0.985102
0.984172
0.983134
0.981989
0.980748
0.979417
0.978001
0.976513
0.974959
0.973344
0.971682
0.969977
0.968238
0.966477
0.964699
0.962911
0.96112
0.959333
0.957556
0.955793
0.95405
0.952327
0.950632
0.948961
0.947325
0.945718
0.944146
0.942606
0.941099
0.939628
0.938189
0.936787
0.935416
0.934083
0.932783
0.931517
0.930289
0.929079
0.927902
0.926753
0.925636
0.924553
0.923511
0.92251
0.921557
0.920656
0.919818
0.919045
0.918349
0.917735
0.91722
0.916812
0.91652
0.916365
0.916353
0.916502
0.916829
0.917344
0.918061
0.918992
0.920144
0.921528
0.92314
0.924977
0.927025
0.929263
0.931657
0.934158
0.9367
0.939204
0.941561
0.943646
0.945297
0.94633
0.946512
0.945573
0.94319
0.938984
0.9325
0.923235
0.910624
0.894089
0.872953
0.84603
0.810385
0.758271
0.67491
0.552817
0.393481
0.228262
0.0967735
0.0252098
0.00279733
0.331136
0.747603
0.873345
0.904782
0.91968
0.929299
0.937564
0.946392
0.956622
0.96816
0.979125
0.987024
0.992033
0.99505
0.996639
0.997021
0.996318
0.99469
0.992366
0.989619
0.986717
0.983906
0.981381
0.979285
0.977695
0.976646
0.976129
0.976043
0.976259
0.97673
0.977409
0.978243
0.979184
0.980184
0.9812
0.982197
0.983142
0.98401
0.984785
0.985446
0.985986
0.986398
0.986673
0.986812
0.986816
0.986687
0.986427
0.986041
0.985534
0.984913
0.984184
0.983354
0.982432
0.981424
0.980338
0.979183
0.97797
0.976705
0.975394
0.97405
0.972679
0.971286
0.969881
0.968471
0.967059
0.965652
0.964257
0.962872
0.961508
0.960162
0.958843
0.957547
0.956277
0.955037
0.953822
0.952641
0.951486
0.950362
0.949267
0.948199
0.947162
0.946159
0.94518
0.944236
0.943313
0.94241
0.941532
0.94068
0.939861
0.939067
0.938312
0.937591
0.936911
0.936279
0.935694
0.935171
0.934711
0.93432
0.934008
0.933786
0.933659
0.933637
0.933727
0.933944
0.934287
0.934772
0.935398
0.936171
0.937091
0.938152
0.939345
0.940652
0.942047
0.943497
0.944955
0.946356
0.947627
0.948667
0.949363
0.949573
0.949124
0.947813
0.945396
0.941591
0.936065
0.928436
0.918288
0.905174
0.888631
0.868069
0.842362
0.808765
0.761081
0.688286
0.576291
0.422924
0.254725
0.112732
0.0308732
0.003662
0.460703
0.803455
0.888844
0.912276
0.92384
0.932129
0.93997
0.948866
0.959614
0.971965
0.98339
0.990701
0.994814
0.997041
0.997884
0.997394
0.995598
0.992671
0.988919
0.984711
0.980417
0.976359
0.972786
0.96987
0.967701
0.966309
0.965668
0.965594
0.965969
0.966729
0.9678
0.969108
0.970582
0.972156
0.973771
0.97538
0.976938
0.978413
0.979779
0.981015
0.982108
0.983054
0.983845
0.984477
0.984958
0.985286
0.985467
0.985507
0.985414
0.985196
0.984859
0.984413
0.983867
0.983228
0.982506
0.981711
0.98085
0.979932
0.978967
0.97796
0.976922
0.975859
0.974777
0.973683
0.972586
0.971486
0.97039
0.969302
0.968227
0.967166
0.966123
0.965099
0.964095
0.963113
0.962155
0.961221
0.960311
0.959423
0.958559
0.95772
0.956906
0.956117
0.955349
0.954609
0.953884
0.953181
0.952493
0.951827
0.951184
0.950561
0.949965
0.949397
0.948859
0.948353
0.947887
0.947461
0.947081
0.946752
0.946479
0.946264
0.946116
0.946042
0.946045
0.946128
0.946296
0.946552
0.946896
0.947328
0.947844
0.948433
0.949082
0.949773
0.950477
0.951159
0.95177
0.952255
0.952539
0.952535
0.95213
0.951194
0.949574
0.947081
0.943497
0.938572
0.932015
0.923497
0.912673
0.89918
0.882625
0.862465
0.837589
0.805359
0.760065
0.691714
0.588108
0.44419
0.276808
0.127885
0.0369679
0.00472282
0.580708
0.838454
0.89937
0.917622
0.927222
0.934298
0.941681
0.950715
0.962025
0.975243
0.987107
0.993634
0.996823
0.998351
0.998485
0.997009
0.993867
0.989299
0.983746
0.977721
0.971722
0.966161
0.96135
0.957491
0.954682
0.952942
0.952217
0.952201
0.952817
0.95397
0.955557
0.957471
0.959616
0.961901
0.964247
0.966589
0.968873
0.971055
0.973103
0.974995
0.976716
0.978254
0.979607
0.980775
0.981761
0.982568
0.983209
0.983685
0.984007
0.984188
0.984236
0.984163
0.983973
0.983682
0.983299
0.982832
0.982293
0.981687
0.98103
0.980321
0.979576
0.978798
0.977995
0.977175
0.976341
0.975502
0.974657
0.973815
0.972979
0.972151
0.971332
0.970528
0.969738
0.968962
0.968205
0.967463
0.96674
0.966034
0.965348
0.964681
0.96403
0.963398
0.962787
0.962193
0.961614
0.961047
0.960495
0.959955
0.959433
0.958924
0.958433
0.957964
0.957513
0.957083
0.956682
0.956308
0.955961
0.955651
0.955375
0.955136
0.954943
0.954794
0.954689
0.954636
0.954629
0.954671
0.954755
0.954884
0.955043
0.955224
0.95541
0.955579
0.955701
0.955745
0.955658
0.955386
0.954859
0.953995
0.952689
0.95082
0.948243
0.944792
0.940263
0.934432
0.927047
0.917818
0.906459
0.892664
0.87609
0.856207
0.831892
0.800557
0.756808
0.691386
0.592781
0.455118
0.291726
0.140789
0.0433568
0.00602719
0.656009
0.871667
0.906795
0.921447
0.929619
0.93612
0.942908
0.952002
0.963886
0.978005
0.990312
0.995888
0.998192
0.999157
0.99858
0.995914
0.991063
0.984413
0.976614
0.968368
0.960324
0.952998
0.946769
0.941867
0.938388
0.936329
0.935598
0.935721
0.936693
0.938378
0.940634
0.943317
0.946295
0.949447
0.952672
0.955887
0.959019
0.962019
0.964851
0.967483
0.969904
0.972101
0.974072
0.975819
0.977347
0.978665
0.979783
0.980711
0.981461
0.982045
0.982476
0.982767
0.982928
0.982972
0.98291
0.982751
0.982512
0.982196
0.981816
0.98138
0.980894
0.98037
0.979813
0.979232
0.978628
0.978011
0.977382
0.976748
0.976112
0.975477
0.974846
0.97422
0.9736
0.972992
0.972394
0.971803
0.971229
0.970662
0.970112
0.969571
0.969046
0.96853
0.968031
0.967543
0.967069
0.966598
0.966137
0.965686
0.965241
0.964807
0.964381
0.963968
0.963568
0.963181
0.962807
0.96245
0.962108
0.961786
0.961486
0.961205
0.960945
0.960709
0.960492
0.960297
0.960121
0.959961
0.95981
0.959661
0.959506
0.959329
0.959112
0.958829
0.958457
0.957954
0.957276
0.956367
0.955163
0.953577
0.951518
0.948869
0.945497
0.941245
0.935931
0.929355
0.921284
0.911474
0.899683
0.885644
0.869042
0.849341
0.825389
0.794605
0.7518
0.688253
0.59308
0.460147
0.300545
0.149462
0.0481061
0.00711781
0.706795
0.883361
0.912151
0.924123
0.931195
0.937257
0.944011
0.952763
0.965203
0.980243
0.993026
0.997533
0.999063
0.999612
0.99826
0.994085
0.98705
0.977793
0.967244
0.956346
0.94591
0.936572
0.928768
0.922751
0.918609
0.916305
0.91569
0.916076
0.917563
0.919963
0.923082
0.926726
0.93072
0.934915
0.939178
0.943407
0.947517
0.95145
0.95516
0.958617
0.961807
0.964722
0.967361
0.969729
0.971835
0.973689
0.975308
0.976701
0.977888
0.978882
0.979699
0.980353
0.980859
0.98123
0.981479
0.981618
0.98166
0.981615
0.981495
0.981308
0.981062
0.980768
0.980431
0.980059
0.979659
0.979235
0.978793
0.978337
0.977872
0.977398
0.976922
0.976446
0.975968
0.975493
0.975022
0.974555
0.974093
0.973637
0.973187
0.972744
0.972309
0.971883
0.971464
0.971052
0.970647
0.970243
0.969842
0.969446
0.969049
0.968661
0.968272
0.967888
0.967508
0.967137
0.966767
0.966404
0.966046
0.965694
0.96535
0.965008
0.964673
0.964341
0.964008
0.963674
0.963335
0.962984
0.962615
0.962215
0.961776
0.961278
0.960705
0.960031
0.959226
0.958251
0.957061
0.955605
0.953817
0.951618
0.948916
0.945605
0.941557
0.936628
0.930654
0.923445
0.914799
0.904512
0.892364
0.878122
0.861485
0.841895
0.818154
0.78766
0.745356
0.682925
0.590065
0.460705
0.304585
0.154567
0.0512959
0.00793115
0.744037
0.892191
0.916449
0.925863
0.932021
0.93774
0.944567
0.953392
0.965976
0.981943
0.995271
0.99866
0.999569
0.999844
0.997566
0.991446
0.981644
0.969185
0.955356
0.941368
0.928212
0.916633
0.907129
0.89997
0.895228
0.892806
0.892176
0.89302
0.895268
0.898652
0.902903
0.907767
0.913018
0.918464
0.923947
0.929345
0.934563
0.939534
0.944213
0.94857
0.952592
0.956275
0.959621
0.962642
0.96535
0.967761
0.969894
0.971768
0.973398
0.974805
0.97601
0.977025
0.97787
0.97856
0.979111
0.979536
0.979848
0.98006
0.980184
0.980228
0.980203
0.980119
0.979983
0.9798
0.979581
0.97933
0.979051
0.97875
0.978432
0.978099
0.977754
0.977398
0.977038
0.976672
0.976303
0.975934
0.975563
0.97519
0.974819
0.97445
0.97408
0.973714
0.97335
0.972991
0.972631
0.972269
0.971906
0.971539
0.971172
0.970801
0.970428
0.970054
0.969674
0.969295
0.968912
0.968525
0.968132
0.967737
0.967335
0.966924
0.966506
0.96607
0.965622
0.965152
0.964652
0.96412
0.963545
0.962916
0.962218
0.961433
0.96054
0.959517
0.958329
0.956938
0.955306
0.953372
0.951076
0.948343
0.945086
0.9412
0.936572
0.931059
0.924516
0.91677
0.907641
0.896949
0.884506
0.870098
0.853419
0.833886
0.810232
0.779821
0.737675
0.675802
0.584439
0.457803
0.304879
0.156751
0.0531053
0.00846402
0.772139
0.898495
0.918904
0.926798
0.932154
0.937553
0.944501
0.953851
0.966301
0.983089
0.997074
0.999367
0.999832
0.999947
0.996495
0.987879
0.974641
0.958343
0.940697
0.923198
0.907017
0.893002
0.881712
0.873433
0.868207
0.865864
0.865356
0.866908
0.870188
0.874834
0.880489
0.886825
0.893557
0.90045
0.907318
0.914021
0.920457
0.926553
0.932267
0.937577
0.942471
0.946951
0.951027
0.954717
0.958039
0.961014
0.963666
0.966018
0.968092
0.969911
0.971494
0.972867
0.974045
0.975047
0.97589
0.976591
0.977159
0.977615
0.977967
0.978227
0.97841
0.978517
0.978564
0.978556
0.978499
0.978401
0.978267
0.978101
0.97791
0.977695
0.977462
0.97721
0.976947
0.976669
0.976385
0.97609
0.975787
0.975479
0.975167
0.97485
0.974528
0.974204
0.973877
0.973546
0.973213
0.972874
0.972528
0.972175
0.971815
0.971447
0.971071
0.970685
0.970293
0.969891
0.969479
0.969054
0.968616
0.968165
0.967696
0.967209
0.966698
0.966161
0.965592
0.964985
0.964335
0.963628
0.962862
0.962016
0.96108
0.960033
0.958852
0.957514
0.955983
0.954226
0.952195
0.94984
0.947098
0.943896
0.940153
0.935768
0.93063
0.924612
0.917574
0.909364
0.899821
0.888791
0.876105
0.861556
0.844834
0.825307
0.801642
0.771141
0.728879
0.667143
0.57669
0.452167
0.302228
0.15659
0.0537512
0.00874101
0.793634
0.902931
0.920204
0.926989
0.931588
0.936676
0.943751
0.953656
0.966599
0.98366
0.998447
0.999759
0.999949
0.999986
0.995015
0.983239
0.965835
0.945047
0.923071
0.901684
0.88221
0.865593
0.85246
0.843128
0.837602
0.835612
0.835678
0.838264
0.842916
0.849142
0.856487
0.864539
0.872949
0.881444
0.889814
0.897911
0.905623
0.912889
0.919664
0.925939
0.93171
0.936988
0.94179
0.946142
0.950068
0.953598
0.956757
0.959576
0.962081
0.9643
0.966254
0.967968
0.969465
0.970765
0.971886
0.972845
0.973662
0.974345
0.974914
0.975375
0.975747
0.976032
0.976245
0.976393
0.976484
0.976521
0.976515
0.976467
0.976386
0.976274
0.976134
0.975969
0.975785
0.975579
0.975359
0.975124
0.974875
0.974613
0.974341
0.974059
0.97377
0.973468
0.97316
0.972846
0.972523
0.972192
0.971847
0.971491
0.971123
0.970743
0.970348
0.969941
0.969518
0.969082
0.968628
0.968155
0.967662
0.967145
0.966604
0.96603
0.965425
0.964782
0.964092
0.963353
0.962554
0.961684
0.960732
0.959687
0.958529
0.957238
0.955796
0.954171
0.952332
0.95024
0.947856
0.945124
0.941985
0.938371
0.934194
0.929365
0.923778
0.917314
0.909846
0.901232
0.891342
0.880029
0.867141
0.852481
0.835713
0.816151
0.792382
0.761643
0.719042
0.65712
0.567151
0.444326
0.297246
0.154568
0.0534513
0.00879997
0.810158
0.905961
0.920652
0.926386
0.930321
0.935061
0.942262
0.952784
0.966736
0.983769
0.999398
0.999938
0.999989
0.999997
0.993075
0.977384
0.955039
0.929135
0.902373
0.876775
0.85378
0.834409
0.819389
0.809112
0.803563
0.801986
0.803071
0.807232
0.813801
0.822105
0.831542
0.841609
0.851907
0.862138
0.872085
0.881602
0.890594
0.899009
0.906818
0.914022
0.92063
0.926665
0.932154
0.93713
0.941623
0.945675
0.949312
0.952569
0.955477
0.958068
0.960369
0.962408
0.964202
0.965783
0.967164
0.968366
0.969408
0.970306
0.97107
0.971719
0.97226
0.972708
0.973072
0.97336
0.973578
0.973738
0.973841
0.973896
0.97391
0.973882
0.97382
0.973727
0.973607
0.973459
0.973287
0.973096
0.972885
0.972654
0.972408
0.972147
0.971873
0.971584
0.971281
0.970966
0.970639
0.970301
0.969943
0.969571
0.969183
0.968778
0.968355
0.967912
0.967451
0.966968
0.966462
0.965932
0.965373
0.964784
0.964162
0.963501
0.962797
0.962045
0.961237
0.960367
0.95942
0.958391
0.957267
0.956031
0.954667
0.953151
0.951466
0.949578
0.947458
0.945067
0.942363
0.93929
0.935795
0.931806
0.927243
0.922019
0.916033
0.909175
0.901328
0.892374
0.882186
0.870639
0.857595
0.842846
0.826026
0.806383
0.782428
0.751321
0.708195
0.64584
0.556061
0.434667
0.29041
0.151084
0.0524039
0.00868226
0.822812
0.907835
0.920271
0.924883
0.928329
0.932662
0.939962
0.951146
0.966196
0.983867
0.999917
0.999995
1
1
0.990614
0.970171
0.942107
0.91052
0.878603
0.848554
0.821842
0.799551
0.78257
0.771497
0.766317
0.764504
0.767379
0.774001
0.783335
0.794425
0.806486
0.818919
0.831304
0.843355
0.854884
0.865779
0.875972
0.885446
0.89419
0.902227
0.909582
0.91629
0.922386
0.927913
0.932909
0.937421
0.941482
0.945131
0.948401
0.951327
0.953938
0.956265
0.95833
0.96016
0.961775
0.963196
0.964442
0.965529
0.966472
0.967286
0.967983
0.968574
0.969069
0.96948
0.969811
0.970072
0.970271
0.970415
0.970505
0.970547
0.970549
0.97051
0.970438
0.970333
0.970196
0.970034
0.969847
0.969635
0.9694
0.969148
0.968875
0.968581
0.968272
0.967947
0.967603
0.967244
0.966864
0.966463
0.966041
0.9656
0.965135
0.964648
0.964138
0.963598
0.963034
0.962436
0.961807
0.961139
0.960432
0.959679
0.958874
0.958012
0.957084
0.956081
0.954994
0.953813
0.952522
0.951107
0.949548
0.947826
0.945914
0.943786
0.941408
0.938742
0.935745
0.932366
0.928549
0.92422
0.919306
0.913729
0.907386
0.90018
0.892005
0.882758
0.872325
0.860594
0.847431
0.832609
0.815726
0.795964
0.771736
0.740131
0.696326
0.63336
0.543581
0.423478
0.282088
0.146461
0.0507795
0.00842726
0.832341
0.908785
0.919253
0.922791
0.92558
0.929412
0.93677
0.948662
0.964966
0.983958
1
0.999999
0.999998
0.999999
0.987574
0.961481
0.92694
0.889211
0.851908
0.817278
0.786692
0.761231
0.742081
0.730371
0.726115
0.72582
0.731295
0.741126
0.753838
0.768143
0.783071
0.797963
0.812408
0.826168
0.839124
0.851211
0.862422
0.872766
0.882271
0.890977
0.898927
0.906171
0.912754
0.918725
0.92413
0.929018
0.933426
0.937395
0.940966
0.944175
0.947045
0.949615
0.95191
0.953953
0.955767
0.957376
0.958798
0.960048
0.961146
0.962101
0.962929
0.96364
0.964249
0.964763
0.965187
0.965536
0.965811
0.966023
0.966175
0.966271
0.966319
0.966319
0.966281
0.966202
0.966088
0.96594
0.96576
0.965555
0.965319
0.96506
0.964774
0.96447
0.96414
0.96379
0.963418
0.963027
0.96261
0.96217
0.961706
0.961219
0.960704
0.960161
0.959591
0.95899
0.958356
0.957687
0.956978
0.95623
0.955432
0.954581
0.953675
0.9527
0.951652
0.950525
0.949299
0.94797
0.946522
0.944934
0.943194
0.941275
0.939154
0.936803
0.934186
0.931268
0.928003
0.924342
0.920225
0.91559
0.910362
0.904461
0.897801
0.89029
0.881832
0.872339
0.861711
0.849841
0.836591
0.821715
0.804755
0.78482
0.760227
0.728015
0.683399
0.619694
0.529814
0.410972
0.27256
0.140956
0.0487194
0.00806974
0.839273
0.908971
0.917666
0.920051
0.922028
0.925249
0.932594
0.945233
0.962963
0.983651
1
1
0.999998
0.999997
0.983913
0.951203
0.909497
0.865335
0.822621
0.783454
0.748879
0.719834
0.69795
0.685719
0.680676
0.683839
0.694513
0.709802
0.727318
0.745479
0.763373
0.780523
0.796687
0.811775
0.825772
0.838698
0.850594
0.861518
0.871522
0.880666
0.88901
0.896607
0.903516
0.909787
0.915478
0.920628
0.925283
0.929491
0.933284
0.9367
0.939772
0.942529
0.945001
0.947212
0.949187
0.950942
0.952502
0.953883
0.955102
0.956169
0.957101
0.95791
0.958606
0.959199
0.959699
0.960112
0.960444
0.960705
0.960901
0.961034
0.961113
0.961137
0.961114
0.961046
0.960939
0.960792
0.960607
0.960391
0.960142
0.959864
0.959556
0.95922
0.958859
0.958472
0.958061
0.957628
0.957164
0.956675
0.956158
0.955612
0.955038
0.954432
0.953795
0.953123
0.952414
0.951665
0.950876
0.950036
0.949144
0.948196
0.947183
0.946099
0.944932
0.943677
0.942319
0.940848
0.939246
0.937497
0.935584
0.93348
0.931164
0.928603
0.925764
0.922612
0.919099
0.915176
0.910785
0.905868
0.900353
0.894163
0.887218
0.879444
0.870751
0.86106
0.850284
0.838318
0.825009
0.810081
0.793019
0.772852
0.74781
0.714879
0.669342
0.604819
0.514816
0.397294
0.262039
0.134768
0.0463368
0.00763856
0.843949
0.908503
0.915521
0.916469
0.917257
0.92011
0.927339
0.940744
0.960084
0.982868
0.999997
0.999997
0.999998
0.999996
0.979588
0.939237
0.889793
0.839178
0.791345
0.747994
0.709465
0.676198
0.650137
0.636898
0.632414
0.643225
0.662995
0.685809
0.708519
0.730001
0.749993
0.768489
0.785546
0.801242
0.815666
0.828904
0.841041
0.852158
0.862329
0.87162
0.880103
0.887842
0.894885
0.90129
0.907109
0.912396
0.917186
0.921521
0.925443
0.928985
0.93218
0.935058
0.937646
0.939969
0.94205
0.943908
0.945565
0.947036
0.948339
0.949487
0.950492
0.951365
0.952123
0.95277
0.953314
0.95377
0.954138
0.954426
0.954645
0.954794
0.954883
0.954914
0.95489
0.954817
0.954699
0.954538
0.954332
0.954091
0.953814
0.953501
0.953157
0.95278
0.952374
0.95194
0.951478
0.950988
0.950467
0.949917
0.949338
0.948725
0.94808
0.947404
0.94669
0.945941
0.945152
0.94432
0.943439
0.942509
0.941521
0.940471
0.939352
0.938155
0.936873
0.935495
0.934005
0.932396
0.930647
0.928743
0.926664
0.924386
0.921885
0.919126
0.916079
0.912705
0.908958
0.90479
0.900146
0.894967
0.889185
0.88274
0.875551
0.86755
0.858667
0.848828
0.83795
0.825925
0.812576
0.797594
0.780396
0.759926
0.734338
0.700585
0.654051
0.58868
0.498605
0.382547
0.250684
0.12805
0.0437204
0.00715668
0.846556
0.907498
0.912943
0.912192
0.911374
0.913953
0.920905
0.935057
0.95619
0.981589
1
1
0.999998
1
0.974557
0.925473
0.867917
0.811242
0.759111
0.712536
0.670644
0.632686
0.599257
0.573444
0.583869
0.619634
0.652436
0.678136
0.70192
0.724016
0.744598
0.762954
0.779756
0.795146
0.809259
0.822206
0.834078
0.84496
0.854931
0.864058
0.87241
0.88004
0.887011
0.89336
0.899149
0.904416
0.909208
0.913559
0.917504
0.921081
0.924311
0.927232
0.929865
0.932236
0.934365
0.936272
0.937974
0.939492
0.940835
0.942023
0.943064
0.94397
0.944753
0.945422
0.945988
0.946453
0.946831
0.947125
0.947341
0.947486
0.947565
0.947579
0.947536
0.947439
0.947293
0.947095
0.946855
0.946573
0.946251
0.94589
0.945495
0.945062
0.944599
0.944102
0.943576
0.943019
0.942431
0.941809
0.941156
0.940468
0.939746
0.938989
0.938195
0.93736
0.936484
0.93556
0.934588
0.93356
0.932475
0.931323
0.930096
0.928787
0.927388
0.925886
0.92427
0.922524
0.920635
0.918579
0.916341
0.913895
0.911213
0.908265
0.905017
0.901431
0.897462
0.89306
0.888181
0.882759
0.876741
0.870064
0.862666
0.854486
0.845459
0.835523
0.824586
0.812533
0.79916
0.784104
0.766715
0.745861
0.719626
0.684957
0.637375
0.571189
0.481163
0.366784
0.238606
0.120913
0.0409362
0.00664147
0.847116
0.906112
0.910267
0.907801
0.905246
0.906761
0.913229
0.928031
0.951086
0.979756
0.999998
1
1
0.999998
0.96876
0.909753
0.844048
0.782375
0.727678
0.680132
0.637351
0.597428
0.557038
0.580726
0.603253
0.632967
0.660506
0.683927
0.705758
0.726104
0.744992
0.76202
0.777682
0.792108
0.805661
0.818582
0.829727
0.839968
0.849384
0.858038
0.865983
0.873274
0.879952
0.886061
0.891647
0.896749
0.901401
0.905636
0.909495
0.912998
0.916174
0.919051
0.921652
0.923998
0.926107
0.928001
0.929694
0.931202
0.932541
0.933721
0.934753
0.935651
0.936426
0.937081
0.937631
0.938081
0.938436
0.938706
0.938894
0.939008
0.939049
0.939027
0.938942
0.938798
0.938601
0.938354
0.938057
0.937715
0.937332
0.936907
0.936442
0.935943
0.935405
0.934835
0.934232
0.933595
0.932925
0.932223
0.931485
0.930712
0.929902
0.929059
0.928174
0.927249
0.926279
0.925262
0.924192
0.923066
0.921878
0.92062
0.919284
0.917863
0.916346
0.914723
0.912978
0.911098
0.909067
0.906863
0.904466
0.901852
0.898992
0.895856
0.892408
0.888614
0.884427
0.879806
0.874698
0.869056
0.862827
0.855955
0.848391
0.840077
0.830957
0.820966
0.810011
0.797953
0.784548
0.769385
0.751736
0.730407
0.703429
0.667779
0.619134
0.552212
0.462432
0.350032
0.225872
0.113435
0.0380306
0.00610526
0.845429
0.904447
0.907881
0.90377
0.898779
0.898461
0.90433
0.919529
0.944503
0.977275
0.999998
1
1
0.999999
0.962109
0.891841
0.818531
0.754044
0.700143
0.656589
0.621077
0.608433
0.611555
0.620684
0.637522
0.658586
0.679379
0.698697
0.717112
0.73449
0.750725
0.76565
0.779539
0.792499
0.804755
0.816389
0.826572
0.836709
0.84553
0.853453
0.860756
0.86748
0.873667
0.879354
0.884571
0.889354
0.893729
0.897727
0.901373
0.904695
0.907721
0.910463
0.912947
0.915189
0.917208
0.919019
0.920639
0.922079
0.923355
0.924475
0.925453
0.926298
0.927016
0.927622
0.928115
0.928511
0.928811
0.929022
0.92915
0.929202
0.929181
0.929091
0.928939
0.928726
0.928459
0.928136
0.927763
0.927342
0.926878
0.926369
0.925822
0.925235
0.924612
0.923953
0.923257
0.92253
0.921768
0.92097
0.920138
0.919272
0.91837
0.917428
0.916449
0.915425
0.914357
0.91324
0.912068
0.910839
0.909544
0.908176
0.906728
0.905192
0.903552
0.901801
0.899925
0.897905
0.895723
0.893365
0.890802
0.888014
0.884969
0.881638
0.87799
0.873984
0.869584
0.864746
0.859431
0.853591
0.84718
0.840154
0.832469
0.824075
0.814913
0.804914
0.793968
0.781909
0.768447
0.753114
0.735129
0.713223
0.685418
0.648739
0.599085
0.531584
0.442328
0.332268
0.212516
0.105662
0.0350332
0.00555591
0.842472
0.901233
0.90584
0.901373
0.892658
0.887481
0.894483
0.909518
0.936059
0.973984
0.999997
0.999998
1
0.999998
0.954414
0.87137
0.792057
0.72887
0.682044
0.657351
0.646496
0.645873
0.651394
0.659667
0.672522
0.687626
0.703084
0.718198
0.73287
0.746908
0.760195
0.772673
0.784457
0.795607
0.806205
0.816204
0.825246
0.834139
0.841983
0.850034
0.856497
0.862471
0.867998
0.873096
0.877791
0.882109
0.886071
0.889707
0.893032
0.896065
0.898831
0.90134
0.903617
0.905672
0.90752
0.909176
0.910653
0.91196
0.91311
0.914113
0.914979
0.915718
0.916334
0.916837
0.917234
0.917531
0.917736
0.917851
0.917885
0.91784
0.917724
0.91754
0.917289
0.916979
0.916611
0.91619
0.915717
0.915196
0.914631
0.914021
0.913371
0.912681
0.911954
0.911191
0.910392
0.909559
0.908693
0.907791
0.906857
0.905887
0.904879
0.903834
0.902749
0.901622
0.900447
0.899222
0.897941
0.8966
0.895188
0.893702
0.892133
0.890465
0.888694
0.886801
0.884777
0.8826
0.880255
0.877722
0.874977
0.871994
0.868749
0.865212
0.86135
0.857132
0.852519
0.847479
0.841975
0.835965
0.829414
0.822286
0.814531
0.806107
0.796949
0.786973
0.776049
0.763969
0.750404
0.734833
0.716417
0.693852
0.665164
0.627474
0.576919
0.509085
0.420719
0.313444
0.19854
0.0976123
0.0319577
0.00499701
0.839376
0.895024
0.902745
0.899811
0.891917
0.880748
0.884745
0.898239
0.925218
0.969627
1
0.999999
1
0.999997
0.94535
0.847771
0.76616
0.711804
0.690482
0.681005
0.679528
0.683314
0.687697
0.695424
0.705378
0.716459
0.727891
0.739296
0.750498
0.761356
0.771791
0.781778
0.79134
0.800484
0.809212
0.817465
0.825155
0.832603
0.839397
0.846294
0.852505
0.857866
0.862605
0.866982
0.87102
0.874745
0.878176
0.881326
0.884209
0.886849
0.88925
0.891431
0.893403
0.895182
0.896773
0.898194
0.899448
0.900552
0.901508
0.902328
0.90302
0.90359
0.904046
0.904397
0.904643
0.904796
0.904859
0.904837
0.904733
0.904555
0.904306
0.903991
0.903611
0.903173
0.902678
0.902131
0.901534
0.900888
0.900201
0.899468
0.898698
0.897887
0.89704
0.896158
0.89524
0.894289
0.893306
0.89229
0.891238
0.890153
0.889031
0.887871
0.886667
0.885422
0.884127
0.882778
0.881369
0.879897
0.878349
0.876721
0.875002
0.87318
0.871244
0.869182
0.866975
0.864608
0.862065
0.859324
0.856362
0.853158
0.849689
0.845923
0.84184
0.837406
0.832592
0.827369
0.821707
0.815574
0.808932
0.801752
0.793987
0.785581
0.776461
0.766524
0.755611
0.743474
0.729747
0.713857
0.694928
0.671652
0.642089
0.603483
0.552251
0.484443
0.397442
0.293479
0.183911
0.0892793
0.0288047
0.00442828
0.835926
0.885535
0.897154
0.897364
0.892411
0.885254
0.879407
0.886782
0.911205
0.963827
1
1
1
1
0.934327
0.820238
0.744491
0.71978
0.711712
0.710514
0.713294
0.715929
0.720954
0.727578
0.735171
0.743264
0.751549
0.75985
0.76806
0.776107
0.783945
0.791549
0.798906
0.806001
0.812815
0.819317
0.825501
0.831454
0.837063
0.842641
0.847748
0.852858
0.856893
0.860452
0.863725
0.866743
0.869524
0.872075
0.874414
0.876542
0.878479
0.880229
0.881799
0.883206
0.884452
0.885544
0.886496
0.887311
0.887996
0.888559
0.889008
0.889345
0.889576
0.889712
0.889754
0.889707
0.889575
0.889365
0.88908
0.888726
0.888305
0.887822
0.887277
0.886679
0.886026
0.885325
0.884576
0.883784
0.882949
0.882074
0.881163
0.880212
0.879228
0.878209
0.877155
0.876068
0.874948
0.873796
0.872608
0.871384
0.870124
0.86882
0.867473
0.866076
0.864624
0.863113
0.861538
0.859888
0.858157
0.856333
0.854411
0.852377
0.850219
0.847926
0.845477
0.842865
0.840068
0.837069
0.833847
0.830389
0.826669
0.822664
0.818356
0.81372
0.808731
0.803364
0.797596
0.791394
0.784725
0.777552
0.769824
0.761475
0.752416
0.742511
0.731581
0.719346
0.705398
0.689139
0.669684
0.645731
0.615412
0.576133
0.524601
0.457326
0.37229
0.272256
0.168566
0.0806278
0.0255632
0.00384935
0.831714
0.872446
0.887096
0.891286
0.890304
0.886996
0.884287
0.879377
0.892835
0.955923
1
1
0.999999
1
0.920316
0.787782
0.744228
0.737998
0.737836
0.739963
0.741974
0.745596
0.750201
0.755383
0.76089
0.766558
0.77229
0.778022
0.783717
0.789337
0.794862
0.800272
0.805549
0.810677
0.815645
0.820435
0.825049
0.829506
0.833788
0.837973
0.841899
0.845858
0.849804
0.852431
0.854832
0.857038
0.859061
0.860908
0.862585
0.864099
0.865459
0.866671
0.867742
0.868671
0.869472
0.870148
0.870701
0.87114
0.871469
0.871694
0.871819
0.871848
0.871789
0.871642
0.871415
0.87111
0.87073
0.870281
0.869765
0.869186
0.868551
0.867857
0.86711
0.866315
0.865471
0.864581
0.86365
0.862677
0.861665
0.860614
0.859527
0.858406
0.857247
0.856053
0.854822
0.853557
0.852254
0.850913
0.849535
0.848113
0.846647
0.84513
0.84356
0.841929
0.840236
0.838473
0.836634
0.83471
0.832696
0.83058
0.828352
0.826008
0.823533
0.820918
0.818148
0.815215
0.812099
0.808793
0.805279
0.801543
0.797568
0.793339
0.788835
0.784038
0.778931
0.773489
0.767683
0.761486
0.754861
0.747759
0.740122
0.731871
0.722891
0.713038
0.702098
0.689777
0.675642
0.65909
0.639239
0.614832
0.584086
0.544597
0.493359
0.427324
0.345011
0.24962
0.152389
0.0715638
0.0221878
0.00326364
0.825717
0.854916
0.87006
0.877521
0.880483
0.880799
0.879723
0.877929
0.86989
0.944539
0.999999
1
1
1
0.901025
0.760155
0.758598
0.759899
0.761546
0.763489
0.766316
0.769579
0.773038
0.776586
0.780171
0.783773
0.787376
0.79097
0.794541
0.798082
0.801581
0.805023
0.808404
0.81171
0.814934
0.818064
0.821106
0.824055
0.826907
0.829676
0.832338
0.835043
0.838358
0.840183
0.841654
0.842959
0.844124
0.845157
0.846067
0.846855
0.847531
0.848091
0.84854
0.848887
0.849136
0.849282
0.849336
0.849302
0.849176
0.848969
0.848682
0.848318
0.84788
0.847371
0.846792
0.846152
0.845449
0.844687
0.843868
0.842994
0.84207
0.841094
0.84007
0.839002
0.837887
0.83673
0.83553
0.834289
0.833005
0.831681
0.830316
0.828908
0.827461
0.825968
0.824433
0.822851
0.821221
0.819544
0.817813
0.816029
0.814187
0.812281
0.810312
0.808274
0.806162
0.803972
0.801698
0.799336
0.796879
0.794323
0.791661
0.788886
0.78599
0.782969
0.77981
0.77651
0.773056
0.769441
0.765654
0.761685
0.757521
0.753147
0.74855
0.743713
0.738616
0.733235
0.727544
0.721506
0.715078
0.708207
0.700827
0.692839
0.684124
0.674522
0.663801
0.65166
0.63766
0.621206
0.601436
0.577152
0.546678
0.507791
0.457763
0.393936
0.315287
0.225344
0.135162
0.061858
0.018508
0.00264381
0.813072
0.830273
0.84165
0.849226
0.854189
0.857241
0.858693
0.857787
0.856571
0.922293
1
1
0.999998
1
0.867973
0.766996
0.768321
0.769583
0.771216
0.773047
0.774932
0.776804
0.778656
0.780493
0.782318
0.784135
0.785943
0.787736
0.789513
0.791265
0.792992
0.794684
0.796334
0.797946
0.799506
0.801013
0.802472
0.803874
0.805223
0.806529
0.807812
0.809165
0.811085
0.811879
0.812277
0.81253
0.812679
0.812725
0.812684
0.812559
0.812349
0.812056
0.811687
0.811239
0.810716
0.810118
0.809452
0.808714
0.807906
0.807032
0.806095
0.80509
0.804027
0.8029
0.801716
0.800472
0.799172
0.797817
0.796406
0.794941
0.793424
0.791854
0.790232
0.788557
0.786833
0.785058
0.783233
0.781354
0.779426
0.777446
0.775413
0.77333
0.771191
0.768998
0.766749
0.764443
0.762099
0.759719
0.757298
0.754841
0.752341
0.749799
0.747213
0.744582
0.741903
0.739177
0.736402
0.733575
0.730695
0.727761
0.724771
0.72172
0.718607
0.71543
0.712183
0.708863
0.705465
0.701984
0.698411
0.694738
0.690955
0.687052
0.683013
0.67882
0.674452
0.669883
0.665082
0.660008
0.654611
0.648829
0.642584
0.635771
0.628259
0.619873
0.610379
0.599462
0.586693
0.571476
0.552987
0.530088
0.501209
0.464289
0.416853
0.356576
0.282786
0.199217
0.116679
0.0512482
0.0142188
0.00173529
)
;

boundaryField
{
    walls
    {
        type            zeroGradient;
    }
    top
    {
        type            zeroGradient;
    }
    bottom
    {
        type            zeroGradient;
    }
    frontAndBack
    {
        type            empty;
    }
    inlet
    {
        type            uniformFixedValue;
        uniformValue    
        {
            type            constant;
            value           1;
        }
        value           uniform 1;
    }
    outlet
    {
        type            zeroGradient;
    }
}


// ************************************************************************* //
