/*--------------------------------*- C++ -*----------------------------------*\
  =========                 |
  \\      /  F ield         | OpenFOAM: The Open Source CFD Toolbox
   \\    /   O peration     | Website:  https://openfoam.org
    \\  /    A nd           | Version:  12
     \\/     M anipulation  |
\*---------------------------------------------------------------------------*/
FoamFile
{
    format      ascii;
    class       volScalarField;
    location    "125";
    object      T;
}
// * * * * * * * * * * * * * * * * * * * * * * * * * * * * * * * * * * * * * //

dimensions      [];

internalField   nonuniform List<scalar> 
4480
(
3.48219e-14
1.22825e-11
8.74697e-08
2.83715e-05
0.000934431
0.0068064
0.0223934
0.0484995
0.0826017
0.121169
0.161072
0.200024
0.236551
0.269806
0.299381
0.325154
0.347175
0.3656
0.380632
0.392497
0.401424
0.407631
0.411321
0.412678
0.41187
0.409048
0.404349
0.398597
0.392742
0.386745
0.380573
0.374185
0.367543
0.360605
0.353328
0.345666
0.337567
0.328978
0.319838
0.310086
0.299657
0.288477
0.276476
0.263587
0.249745
0.234901
0.219033
0.202157
0.184342
0.165733
0.146565
0.127168
0.107962
0.0894331
0.0720866
0.0563868
0.0426971
0.0312293
0.0220219
0.0149497
0.00975902
0.00612143
0.00368808
0.00213414
0.00118635
0.000633838
0.000325694
0.000161097
7.67779e-05
3.52977e-05
1.56722e-05
6.72883e-06
2.79729e-06
1.12748e-06
4.41202e-07
1.67852e-07
6.21704e-08
2.24501e-08
7.91511e-09
2.72859e-09
9.21134e-10
3.04996e-10
9.92132e-11
5.47052e-11
4.12036e-11
3.21938e-11
2.48019e-11
1.89237e-11
1.44102e-11
1.10102e-11
8.4764e-12
6.60097e-12
5.21914e-12
4.20437e-12
3.46202e-12
2.92288e-12
2.53753e-12
2.27154e-12
2.10227e-12
2.01644e-12
2.00919e-12
2.08414e-12
2.25502e-12
2.54944e-12
3.01622e-12
3.73877e-12
4.86013e-12
6.62943e-12
9.49118e-12
1.42599e-11
2.24708e-11
3.71017e-11
6.40939e-11
1.15628e-10
2.17323e-10
4.2437e-10
8.58281e-10
1.79206e-09
3.8523e-09
8.5274e-09
1.96026e-08
4.76418e-08
1.24022e-07
3.56329e-07
1.2757e-06
4.74105e-06
1.01372e-05
1.49281e-05
6.20832e-06
3.11292e-07
1.76919e-08
5.4153e-10
1.39615e-11
3.54795e-13
8.03134e-15
1.36608e-16
1.71766e-18
1.23118e-20
3.98781e-23
3.3762e-26
4.0248e-14
2.24166e-09
4.15121e-06
0.000557263
0.00915964
0.0407263
0.096909
0.167672
0.242268
0.313654
0.378364
0.43523
0.484288
0.526103
0.561422
0.591017
0.6156
0.635804
0.652178
0.665194
0.675247
0.682666
0.687728
0.690658
0.691644
0.690835
0.688354
0.684203
0.678716
0.672
0.66416
0.655293
0.645495
0.634849
0.623426
0.611292
0.598497
0.585078
0.571057
0.556446
0.54124
0.525421
0.508952
0.491791
0.473877
0.45514
0.435506
0.414899
0.393246
0.370497
0.346627
0.321658
0.295668
0.268811
0.24133
0.213555
0.185907
0.158882
0.133019
0.108865
0.086912
0.0675537
0.0510297
0.0374066
0.0265762
0.0182833
0.0121721
0.00783926
0.00488385
0.00294372
0.00171725
0.000970076
0.00053101
0.000281877
0.000145226
7.26863e-05
3.53751e-05
1.67571e-05
7.73375e-06
3.48093e-06
1.52947e-06
6.5669e-07
2.7578e-07
1.20564e-07
5.72044e-08
2.97419e-08
1.67839e-08
1.0089e-08
6.35078e-09
4.14066e-09
2.78051e-09
1.91856e-09
1.35947e-09
9.89568e-10
7.40597e-10
5.70565e-10
4.53168e-10
3.71665e-10
3.1531e-10
2.77198e-10
2.52967e-10
2.40042e-10
2.37218e-10
2.44488e-10
2.63123e-10
2.95994e-10
3.48297e-10
4.28886e-10
5.52716e-10
7.45251e-10
1.05062e-09
1.54684e-09
2.37493e-09
3.79502e-09
6.29714e-09
1.08222e-08
1.92115e-08
3.51373e-08
6.60831e-08
1.27727e-07
2.54101e-07
5.21391e-07
1.10028e-06
2.36186e-06
5.02732e-06
9.83122e-06
1.56346e-05
1.78642e-05
7.53338e-06
5.42846e-07
3.59248e-08
1.96908e-09
8.85241e-11
3.21003e-12
9.65987e-14
2.11002e-15
3.34608e-17
3.06702e-19
1.3238e-21
1.78087e-24
2.24616e-11
1.17961e-07
7.36611e-05
0.00447629
0.0398528
0.119661
0.222504
0.325584
0.417358
0.494824
0.558916
0.611722
0.655285
0.691295
0.721071
0.745655
0.765873
0.782392
0.795762
0.806434
0.81478
0.821103
0.825654
0.828635
0.830208
0.830501
0.829615
0.827438
0.823986
0.819329
0.813529
0.806644
0.798732
0.789842
0.780031
0.769345
0.757832
0.745534
0.732488
0.718722
0.70426
0.68911
0.673275
0.65674
0.639478
0.621452
0.602604
0.582867
0.562161
0.540399
0.517491
0.493351
0.467905
0.44111
0.412966
0.383525
0.352919
0.321366
0.289182
0.25678
0.224655
0.193367
0.163494
0.135591
0.110145
0.0875235
0.0679517
0.0514917
0.03805
0.0274002
0.0192181
0.0131246
0.00872596
0.00564807
0.00355968
0.00218513
0.00130698
0.000762064
0.000433408
0.000240576
0.000130421
6.91012e-05
3.58083e-05
1.84141e-05
9.53045e-06
5.00565e-06
2.68873e-06
1.48617e-06
8.48693e-07
5.01545e-07
3.06675e-07
1.93814e-07
1.26444e-07
8.50808e-08
5.90246e-08
4.22259e-08
3.11692e-08
2.37612e-08
1.87282e-08
1.52811e-08
1.29245e-08
1.13462e-08
1.03521e-08
9.82774e-09
9.7181e-09
1.00178e-08
1.07718e-08
1.20855e-08
1.41479e-08
1.72748e-08
2.19831e-08
2.91216e-08
4.00959e-08
5.72635e-08
8.46294e-08
1.29081e-07
2.02597e-07
3.26215e-07
5.3718e-07
9.01736e-07
1.53716e-06
2.64498e-06
4.54372e-06
7.64946e-06
1.2266e-05
1.79198e-05
2.22589e-05
2.08986e-05
9.24164e-06
9.01797e-07
7.35671e-08
5.18228e-09
3.03122e-10
1.40858e-11
5.36047e-13
1.46637e-14
2.90403e-16
3.36813e-18
1.90302e-20
3.57661e-23
1.9021e-09
2.76657e-06
0.000690759
0.0206249
0.108794
0.240496
0.370132
0.477943
0.562451
0.628388
0.680821
0.723434
0.758578
0.787731
0.811908
0.831877
0.848268
0.861612
0.87237
0.880931
0.887629
0.892737
0.896484
0.899056
0.900594
0.901212
0.900996
0.89989
0.897849
0.894909
0.891097
0.886427
0.880916
0.874572
0.867407
0.859435
0.850669
0.841121
0.830813
0.819755
0.807966
0.795456
0.782231
0.768293
0.753635
0.738238
0.722073
0.705098
0.687255
0.668476
0.648676
0.627759
0.605624
0.582166
0.557289
0.530911
0.502982
0.473495
0.442511
0.410157
0.376656
0.342318
0.30755
0.272835
0.238713
0.205754
0.174515
0.145502
0.119131
0.0956997
0.0753659
0.0581461
0.0439233
0.0324719
0.0234862
0.0166159
0.0114975
0.00778144
0.00515162
0.00333691
0.00211539
0.00131291
0.000798106
0.000477621
0.00028336
0.000167254
9.8604e-05
5.83025e-05
3.47194e-05
2.09081e-05
1.27803e-05
7.95566e-06
5.05716e-06
3.28998e-06
2.19439e-06
1.50284e-06
1.05822e-06
7.67087e-07
5.73162e-07
4.42009e-07
3.52266e-07
2.90501e-07
2.48197e-07
2.1994e-07
2.02349e-07
1.93431e-07
1.92235e-07
1.98672e-07
2.13514e-07
2.38524e-07
2.76765e-07
3.33156e-07
4.15369e-07
5.35277e-07
7.11218e-07
9.71506e-07
1.35979e-06
1.94293e-06
2.82187e-06
4.14476e-06
6.11693e-06
8.99031e-06
1.29927e-05
1.81339e-05
2.38465e-05
2.85298e-05
2.93991e-05
2.3662e-05
1.09633e-05
1.43846e-06
1.39971e-07
1.17293e-08
8.17321e-10
4.53049e-11
2.06294e-12
6.778e-14
1.6239e-15
2.31433e-17
1.65012e-19
4.07162e-22
6.53402e-08
3.62293e-05
0.00404722
0.0639564
0.218237
0.379711
0.506162
0.597318
0.663812
0.715039
0.756783
0.791892
0.821616
0.846605
0.86736
0.884379
0.898167
0.909205
0.917933
0.924744
0.929975
0.933906
0.936765
0.938734
0.939955
0.94053
0.940536
0.939957
0.938705
0.936807
0.934274
0.93111
0.927317
0.922886
0.917811
0.912084
0.905696
0.898643
0.89092
0.882528
0.873463
0.863731
0.853328
0.842257
0.830512
0.818086
0.804964
0.79112
0.776519
0.761116
0.744849
0.727643
0.709412
0.690054
0.669461
0.647517
0.624109
0.599133
0.572514
0.544202
0.514204
0.482585
0.449488
0.415135
0.379835
0.343984
0.308043
0.272531
0.237989
0.204954
0.173922
0.145315
0.119461
0.0965661
0.0767129
0.0598629
0.0458706
0.0345046
0.0254743
0.0184575
0.0131244
0.00915895
0.00627389
0.00422642
0.00281194
0.00185115
0.00120832
0.000783856
0.000506641
0.000327157
0.000211666
0.000137617
9.01826e-05
5.97437e-05
4.0126e-05
2.73971e-05
1.90649e-05
1.35531e-05
9.864e-06
7.3646e-06
5.65093e-06
4.46371e-06
3.6353e-06
3.0566e-06
2.65643e-06
2.38852e-06
2.22344e-06
2.14366e-06
2.14066e-06
2.21343e-06
2.36809e-06
2.61848e-06
2.98761e-06
3.51016e-06
4.23593e-06
5.23427e-06
6.59918e-06
8.45305e-06
1.09461e-05
1.42431e-05
1.84836e-05
2.3693e-05
2.96229e-05
3.55315e-05
3.99984e-05
4.09894e-05
3.64933e-05
2.60435e-05
1.24081e-05
2.20132e-06
2.48297e-07
2.39343e-08
1.915e-09
1.2204e-10
6.4203e-12
2.4531e-13
6.90215e-15
1.17374e-16
1.02184e-18
3.17395e-21
1.24349e-06
0.000304562
0.0164432
0.147162
0.351713
0.508123
0.610142
0.678171
0.728243
0.769325
0.805265
0.836885
0.864063
0.886771
0.905268
0.92003
0.931603
0.940525
0.947295
0.952338
0.956022
0.95865
0.960466
0.961655
0.962357
0.962673
0.962667
0.962349
0.961565
0.960334
0.958659
0.956535
0.953954
0.950902
0.947363
0.943319
0.938755
0.933652
0.927999
0.921783
0.914995
0.907624
0.899667
0.89112
0.881977
0.872229
0.86187
0.850885
0.839254
0.826947
0.813927
0.800141
0.785528
0.770008
0.753491
0.735874
0.717043
0.696876
0.675251
0.652055
0.627192
0.600584
0.572202
0.542061
0.51024
0.476893
0.442243
0.406599
0.370343
0.333915
0.297807
0.262529
0.22859
0.196464
0.166566
0.139226
0.114675
0.0930339
0.0743157
0.0584331
0.045215
0.0344263
0.0257899
0.0190178
0.0138427
0.00995599
0.0070839
0.00499322
0.00349205
0.00242729
0.00168009
0.00116042
0.000801558
0.000555039
0.000386242
0.000270802
0.000191791
0.000137564
0.000100181
7.42543e-05
5.61465e-05
4.34027e-05
3.43684e-05
2.79261e-05
2.33199e-05
2.00378e-05
1.77336e-05
1.61749e-05
1.52089e-05
1.47406e-05
1.47183e-05
1.51248e-05
1.59721e-05
1.72987e-05
1.91666e-05
2.16575e-05
2.4865e-05
2.88773e-05
3.37454e-05
3.94275e-05
4.57026e-05
5.20558e-05
5.75639e-05
6.08607e-05
6.03091e-05
5.45083e-05
4.31589e-05
2.80483e-05
1.33256e-05
3.2379e-06
4.15594e-07
4.52153e-08
4.07226e-09
2.92143e-10
1.7371e-11
7.54798e-13
2.4385e-14
4.83321e-16
5.00803e-18
1.90305e-20
1.55343e-05
0.0018079
0.0497339
0.268242
0.481679
0.606134
0.679029
0.728625
0.768744
0.805273
0.839444
0.870039
0.895923
0.916851
0.933218
0.945686
0.95494
0.961619
0.966275
0.969386
0.971352
0.9725
0.973092
0.973329
0.973352
0.973256
0.973091
0.97288
0.972407
0.971672
0.970667
0.969372
0.967768
0.96583
0.963533
0.960851
0.95776
0.954239
0.950265
0.945823
0.940896
0.935472
0.929543
0.923099
0.916138
0.908649
0.900629
0.892069
0.882961
0.873285
0.863021
0.852138
0.840594
0.828333
0.815296
0.8014
0.78655
0.770647
0.753573
0.735203
0.715413
0.694081
0.671096
0.646365
0.619833
0.591476
0.561325
0.529474
0.496082
0.461382
0.425674
0.389332
0.352776
0.316476
0.280914
0.24657
0.213896
0.183291
0.155081
0.129503
0.106698
0.0867091
0.0694889
0.0549049
0.0428467
0.0330425
0.0251987
0.0190192
0.014221
0.0105458
0.00776572
0.00568662
0.00414741
0.00301783
0.00219494
0.00159893
0.00116907
0.000859829
0.000637589
0.000477778
0.000362629
0.000279395
0.000218985
0.000174945
0.000142709
0.000119047
0.000101681
8.90037e-05
7.98834e-05
7.35263e-05
6.93792e-05
6.70619e-05
6.63164e-05
6.69684e-05
6.88935e-05
7.19841e-05
7.61109e-05
8.10749e-05
8.65468e-05
9.19999e-05
9.66453e-05
9.94052e-05
9.89779e-05
9.40614e-05
8.37799e-05
6.82601e-05
4.91474e-05
2.96858e-05
1.38494e-05
4.23043e-06
6.63547e-07
8.04784e-08
8.05646e-09
6.42001e-10
4.25314e-11
2.07005e-12
7.55668e-14
1.71613e-15
2.07826e-17
9.48667e-20
0.000142907
0.00811533
0.117663
0.405594
0.584228
0.670064
0.721088
0.760134
0.79602
0.831744
0.86633
0.896753
0.921398
0.940298
0.954251
0.964191
0.970943
0.975208
0.977581
0.978573
0.978624
0.978097
0.977285
0.976401
0.975596
0.974961
0.974539
0.974331
0.974079
0.973761
0.973348
0.972804
0.972091
0.971169
0.969997
0.96854
0.966761
0.964633
0.962129
0.959222
0.955898
0.952139
0.947933
0.943273
0.93815
0.932565
0.926511
0.919985
0.912982
0.905499
0.897521
0.889033
0.880013
0.870428
0.860235
0.84938
0.837798
0.825407
0.812117
0.797822
0.782408
0.765746
0.747716
0.728187
0.707038
0.68417
0.6595
0.632981
0.604605
0.574422
0.542535
0.509116
0.474398
0.43869
0.402351
0.365798
0.329477
0.293851
0.259379
0.226489
0.195563
0.166917
0.140781
0.117292
0.0966036
0.0786828
0.0633988
0.0505591
0.0399289
0.03125
0.0242573
0.0186933
0.0143169
0.0109109
0.00828547
0.00627866
0.0047557
0.00360677
0.00274397
0.00209816
0.00161566
0.0012554
0.000986244
0.000784844
0.000633787
0.000520178
0.00043451
0.000369784
0.000320862
0.00028396
0.00025629
0.000235776
0.00022085
0.000210292
0.000203106
0.00019841
0.000195354
0.000193037
0.000190455
0.000186476
0.000179867
0.000169422
0.00015419
0.000133821
0.000108945
8.14224e-05
5.42514e-05
3.0923e-05
1.42072e-05
4.8122e-06
1.02003e-06
1.36668e-07
1.50732e-08
1.32229e-09
9.66568e-11
5.21557e-12
2.12772e-13
5.47191e-15
7.65147e-17
4.15023e-19
0.00106107
0.028954
0.225151
0.527181
0.650769
0.708012
0.74695
0.781306
0.81629
0.853133
0.889015
0.919196
0.942118
0.958544
0.969808
0.977066
0.981194
0.982897
0.982796
0.981443
0.979336
0.976896
0.974455
0.972261
0.970478
0.969194
0.968438
0.968178
0.968102
0.968175
0.968342
0.968544
0.968717
0.968806
0.968748
0.968488
0.967982
0.967186
0.966063
0.964588
0.962732
0.960483
0.957823
0.954743
0.951237
0.947305
0.942943
0.938155
0.932941
0.9273
0.921231
0.914729
0.907785
0.900382
0.892494
0.884093
0.875131
0.865557
0.855301
0.844287
0.832421
0.819598
0.805701
0.790611
0.774199
0.756332
0.73689
0.715754
0.692831
0.668052
0.641382
0.61283
0.582461
0.550394
0.516817
0.481977
0.446185
0.409807
0.373253
0.336962
0.301381
0.266953
0.234085
0.203138
0.174449
0.148294
0.124799
0.103996
0.0858381
0.070206
0.0569282
0.0457941
0.0365717
0.0290202
0.0229036
0.0179982
0.0140994
0.0110254
0.00861849
0.00674485
0.00529314
0.00417221
0.00330867
0.00264417
0.00213284
0.00173899
0.00143505
0.00119986
0.00101727
0.000874945
0.000763469
0.00067562
0.000605817
0.000549666
0.000503635
0.000464796
0.000430642
0.00039896
0.000367788
0.000335432
0.000300577
0.000262471
0.00022115
0.000177644
0.000134028
9.3194e-05
5.82619e-05
3.16894e-05
1.43536e-05
5.10757e-06
1.32361e-06
2.23629e-07
2.69955e-08
2.59061e-09
2.07554e-10
1.23307e-11
5.58024e-13
1.61266e-14
2.58425e-16
1.65594e-18
0.00616676
0.0853219
0.355853
0.608965
0.688429
0.730863
0.764139
0.796798
0.832452
0.871325
0.908768
0.9382
0.958787
0.972394
0.980866
0.985406
0.986821
0.985775
0.982921
0.978896
0.974292
0.969617
0.965274
0.961551
0.958629
0.956592
0.955452
0.955096
0.955197
0.955685
0.956477
0.957484
0.958614
0.959779
0.960895
0.961891
0.962696
0.963257
0.963526
0.963465
0.963047
0.962246
0.961046
0.95944
0.957423
0.954994
0.952152
0.948903
0.945253
0.941209
0.936771
0.931948
0.92674
0.92114
0.915143
0.908732
0.901878
0.894553
0.886709
0.87829
0.869234
0.859457
0.848867
0.837361
0.824825
0.811135
0.796162
0.779775
0.76184
0.742238
0.720858
0.697619
0.67246
0.645368
0.61637
0.585551
0.553059
0.519096
0.483938
0.447907
0.411385
0.374785
0.338542
0.303096
0.268869
0.236335
0.205834
0.17763
0.151906
0.128759
0.108205
0.0901883
0.0745921
0.0612529
0.0499739
0.04054
0.0327286
0.0263212
0.0211098
0.0169032
0.01353
0.0108401
0.00870479
0.00701536
0.00568168
0.00462997
0.00380048
0.00314536
0.0026266
0.00221411
0.00188423
0.00161836
0.00140187
0.0012232
0.00107318
0.000944496
0.00083133
0.000729066
0.000634189
0.000544224
0.000457775
0.000374561
0.000295412
0.000222128
0.000157119
0.000102823
6.09703e-05
3.19029e-05
1.42504e-05
5.2166e-06
1.49125e-06
3.15646e-07
4.6729e-08
4.88359e-09
4.26836e-10
2.77915e-11
1.38855e-12
4.4882e-14
8.2073e-16
6.1974e-18
0.0212197
0.176971
0.482854
0.652863
0.710105
0.745969
0.776409
0.808662
0.845726
0.887109
0.926118
0.954123
0.971846
0.982515
0.988266
0.990109
0.988656
0.98454
0.978502
0.971335
0.963778
0.956467
0.949894
0.9444
0.940177
0.937307
0.935766
0.935313
0.935631
0.936612
0.938135
0.940069
0.942287
0.944663
0.947086
0.949453
0.951677
0.953685
0.955419
0.956825
0.957872
0.958531
0.958782
0.958616
0.958029
0.957022
0.955599
0.953768
0.951538
0.948922
0.945929
0.942571
0.938858
0.934792
0.930376
0.925607
0.920477
0.914968
0.909051
0.902696
0.895855
0.888471
0.880477
0.871793
0.862325
0.851969
0.840612
0.828126
0.814385
0.799248
0.782586
0.764264
0.744165
0.72219
0.698265
0.672357
0.644469
0.614661
0.583049
0.549812
0.515192
0.479493
0.443065
0.406309
0.369615
0.333505
0.298428
0.264795
0.232969
0.203241
0.175835
0.150887
0.128462
0.10855
0.0910769
0.0759175
0.0629069
0.0518542
0.042554
0.0347974
0.0283794
0.0231069
0.0188021
0.0153055
0.012477
0.0101959
0.00835947
0.0068818
0.00569181
0.00473127
0.00395289
0.00331851
0.0027975
0.00236545
0.00200295
0.0016947
0.00142882
0.00119624
0.000990381
0.000806767
0.000642789
0.000497392
0.000370685
0.000263423
0.000176377
0.00010966
6.21984e-05
3.14955e-05
1.38738e-05
5.15722e-06
1.56333e-06
3.72609e-07
6.73452e-08
8.94053e-09
8.49727e-10
6.04608e-11
3.32553e-12
1.19914e-13
2.49731e-15
2.22133e-17
0.0531918
0.282017
0.5692
0.682576
0.725693
0.756539
0.785347
0.817789
0.856644
0.900821
0.941329
0.967183
0.981704
0.989563
0.992781
0.991887
0.987244
0.97953
0.969688
0.958751
0.947684
0.937281
0.928135
0.920635
0.914982
0.911233
0.909325
0.908816
0.909444
0.911056
0.913475
0.916524
0.920023
0.923805
0.92772
0.931637
0.935442
0.93904
0.942355
0.945329
0.947916
0.950088
0.951825
0.95311
0.953948
0.954336
0.954284
0.953804
0.952909
0.951616
0.949942
0.947902
0.945513
0.942787
0.939735
0.936363
0.932674
0.928663
0.924319
0.919622
0.914546
0.909053
0.903095
0.896615
0.889545
0.881798
0.873283
0.863895
0.853516
0.84202
0.829273
0.815134
0.799462
0.782121
0.762984
0.741939
0.718903
0.693822
0.666691
0.637554
0.60651
0.573723
0.539418
0.503885
0.467417
0.430471
0.393489
0.356926
0.321227
0.286808
0.254041
0.223236
0.194634
0.168403
0.144633
0.123343
0.104488
0.0879703
0.0736476
0.0613482
0.0508813
0.0420478
0.0346483
0.0284911
0.0233969
0.0192019
0.0157599
0.0129429
0.0106404
0.00875841
0.00721807
0.00595402
0.0049125
0.00404982
0.00333081
0.00272754
0.00221809
0.0017856
0.00141744
0.00110439
0.000839944
0.000619541
0.000439802
0.000297773
0.000190238
0.000113227
6.1837e-05
3.04352e-05
1.32199e-05
4.94801e-06
1.55436e-06
3.98517e-07
8.10376e-08
1.27056e-08
1.4945e-09
1.28248e-10
7.75402e-12
3.11575e-13
7.38666e-15
7.74722e-17
0.107644
0.38053
0.623424
0.702626
0.738405
0.764627
0.791718
0.824622
0.865443
0.912606
0.954549
0.977575
0.988807
0.994193
0.995076
0.991237
0.982837
0.970757
0.956304
0.940862
0.925671
0.911708
0.899668
0.889973
0.882818
0.878216
0.876038
0.875568
0.876663
0.879103
0.882649
0.887053
0.892082
0.897514
0.903154
0.908835
0.914413
0.919772
0.924819
0.929486
0.933722
0.937489
0.940768
0.943548
0.945829
0.947614
0.948922
0.949761
0.950152
0.950119
0.949682
0.948865
0.947684
0.946164
0.944322
0.94217
0.939721
0.936978
0.933947
0.930612
0.926968
0.922989
0.918647
0.913901
0.9087
0.902987
0.896683
0.889708
0.881966
0.873345
0.863726
0.852978
0.840961
0.827526
0.812531
0.795826
0.777279
0.75677
0.734207
0.709532
0.682729
0.653836
0.622955
0.590241
0.555872
0.520175
0.483516
0.446307
0.408989
0.372012
0.335825
0.300843
0.267441
0.235936
0.206579
0.179545
0.154938
0.132791
0.113072
0.095696
0.0805356
0.0674295
0.0561961
0.0466434
0.0385772
0.0318087
0.0261593
0.0214648
0.0175771
0.0143654
0.0117158
0.00953103
0.00772888
0.00624089
0.00501066
0.00399241
0.00314933
0.00245219
0.00187793
0.00140841
0.00102919
0.000728447
0.000495896
0.000322045
0.000197608
0.000113282
5.98773e-05
2.87389e-05
1.2308e-05
4.61195e-06
1.4798e-06
3.97285e-07
8.70881e-08
1.51894e-08
2.04954e-09
2.07064e-10
1.50021e-11
7.29146e-13
2.10208e-14
2.66155e-16
0.178255
0.49149
0.657741
0.716931
0.747421
0.771423
0.796301
0.829398
0.872228
0.922508
0.965901
0.985533
0.993639
0.997033
0.995675
0.988427
0.97542
0.957985
0.937978
0.917237
0.897314
0.879372
0.86419
0.852203
0.843565
0.838219
0.835951
0.835689
0.837473
0.841002
0.845954
0.852003
0.858845
0.866197
0.873816
0.881491
0.889047
0.896347
0.903286
0.909777
0.915769
0.921221
0.926114
0.930438
0.934196
0.937398
0.940063
0.942209
0.943862
0.945049
0.945796
0.946132
0.946083
0.945675
0.944932
0.943873
0.94252
0.940882
0.93897
0.936787
0.934329
0.931589
0.928549
0.925185
0.921461
0.917337
0.912756
0.907655
0.901957
0.895573
0.888401
0.880325
0.871219
0.860947
0.849359
0.836298
0.821614
0.805148
0.786763
0.76633
0.743759
0.718986
0.692006
0.662859
0.631613
0.598448
0.563622
0.527458
0.490331
0.452663
0.4149
0.377502
0.340913
0.305551
0.271786
0.239933
0.210236
0.182869
0.157932
0.135456
0.11541
0.0977089
0.0822271
0.0688066
0.0572689
0.0474254
0.0390851
0.0320622
0.0261807
0.0212784
0.0172086
0.0138418
0.0110649
0.00878115
0.00690846
0.00537829
0.00413381
0.00312813
0.0023227
0.00168557
0.00118989
0.000812619
0.000533472
0.000334155
0.000197988
0.000109856
5.6427e-05
2.64764e-05
1.11794e-05
4.17716e-06
1.35587e-06
3.747e-07
8.62459e-08
1.61374e-08
2.38695e-09
2.69705e-10
2.22268e-11
1.24501e-12
4.17838e-14
6.21669e-16
0.241396
0.547945
0.680503
0.727
0.753347
0.775714
0.800448
0.832259
0.877035
0.930518
0.975485
0.99133
0.996706
0.998635
0.994939
0.983506
0.964763
0.940811
0.914243
0.88743
0.862242
0.840006
0.821549
0.807284
0.797293
0.791418
0.789324
0.789524
0.792299
0.797242
0.803932
0.811949
0.820906
0.830458
0.840305
0.850195
0.859924
0.869333
0.878298
0.88673
0.894572
0.901783
0.908346
0.914254
0.919517
0.92415
0.928177
0.931619
0.934514
0.936891
0.938784
0.940225
0.941246
0.94188
0.942155
0.942098
0.941732
0.941077
0.940148
0.938958
0.93751
0.935806
0.933839
0.931596
0.929056
0.926191
0.922961
0.91932
0.915209
0.910555
0.905278
0.899282
0.892455
0.884675
0.875803
0.865692
0.854181
0.841108
0.826304
0.80961
0.79088
0.769989
0.746844
0.721397
0.693641
0.663593
0.631413
0.597317
0.561587
0.524577
0.486685
0.448355
0.410049
0.372233
0.335351
0.299817
0.265992
0.234174
0.204591
0.177399
0.15268
0.13045
0.110662
0.093222
0.0779951
0.0648181
0.0535102
0.043882
0.035744
0.0289127
0.0232152
0.0184927
0.0146021
0.0114168
0.00882607
0.00673474
0.00506122
0.00373616
0.00270063
0.00190442
0.00130446
0.000863507
0.000549185
0.000333301
0.000191522
0.000103264
5.1707e-05
2.37643e-05
9.89301e-06
3.67565e-06
1.19898e-06
3.37172e-07
8.00976e-08
1.57043e-08
2.472e-09
3.01701e-10
2.72217e-11
1.68902e-12
6.34169e-14
1.06524e-15
0.298378
0.589716
0.697974
0.733607
0.756536
0.777614
0.80259
0.834622
0.879875
0.936595
0.9834
0.995292
0.998487
0.999451
0.993057
0.976342
0.950501
0.918777
0.884669
0.851109
0.820257
0.793552
0.771829
0.755436
0.74435
0.738272
0.736036
0.737086
0.741304
0.748137
0.757025
0.767436
0.778889
0.790964
0.803309
0.815636
0.827715
0.839372
0.850475
0.860933
0.870687
0.879703
0.887965
0.895476
0.902251
0.908311
0.913687
0.918413
0.922524
0.926059
0.929059
0.93156
0.933601
0.935218
0.936446
0.937315
0.937854
0.938088
0.938038
0.937722
0.93715
0.936332
0.935269
0.933955
0.932381
0.930532
0.928377
0.925886
0.923014
0.919705
0.915896
0.911505
0.906443
0.900601
0.893857
0.886076
0.877104
0.866777
0.854923
0.841366
0.825924
0.808437
0.788756
0.766765
0.742385
0.715531
0.686261
0.654685
0.620992
0.585443
0.548371
0.51017
0.471277
0.432165
0.393314
0.355196
0.318253
0.282885
0.24943
0.218158
0.189266
0.162873
0.139032
0.117725
0.0988792
0.0823791
0.0680717
0.0557814
0.0453193
0.0364915
0.0291072
0.0229835
0.0179495
0.0138491
0.0105417
0.0079025
0.00582202
0.00420483
0.00296825
0.00204089
0.00136127
0.000876671
0.000542178
0.00032
0.000178958
9.4058e-05
4.60291e-05
2.07526e-05
8.51801e-06
3.14067e-06
1.02472e-06
2.9091e-07
7.04873e-08
1.42521e-08
2.3398e-09
3.01141e-10
2.89502e-11
1.9318e-12
7.86497e-14
1.44324e-15
0.347581
0.618783
0.707474
0.737225
0.757164
0.77709
0.802479
0.836368
0.881094
0.94069
0.989737
0.997776
0.999411
0.999815
0.990075
0.966678
0.932213
0.891463
0.84895
0.808136
0.771397
0.740215
0.715383
0.697155
0.685361
0.679527
0.677463
0.679818
0.685924
0.695068
0.706543
0.719693
0.733937
0.748782
0.763823
0.778738
0.79328
0.807261
0.820551
0.833065
0.844743
0.85556
0.86551
0.874604
0.882864
0.890322
0.897014
0.902982
0.908269
0.91292
0.916979
0.920493
0.923502
0.926047
0.928168
0.9299
0.931272
0.932319
0.933063
0.933527
0.933731
0.933681
0.933393
0.932866
0.932097
0.931079
0.929794
0.928219
0.926326
0.924068
0.9214
0.918252
0.914554
0.910209
0.905116
0.899148
0.892165
0.884013
0.874521
0.863503
0.85077
0.836133
0.819407
0.800427
0.779058
0.755156
0.728683
0.699663
0.668191
0.634443
0.598675
0.561217
0.522469
0.482877
0.442927
0.40312
0.363952
0.325893
0.289369
0.25475
0.222334
0.192343
0.164922
0.14014
0.117997
0.0984316
0.0813321
0.0665478
0.0539009
0.0431964
0.0342317
0.0268049
0.0207201
0.015793
0.0118525
0.00874365
0.00632748
0.00448106
0.00309687
0.00208177
0.001356
0.000852126
0.000514019
0.000295923
0.000161525
8.29659e-05
3.97604e-05
1.7607e-05
7.12622e-06
2.60378e-06
8.46921e-07
2.41347e-07
5.91511e-08
1.21966e-08
2.05906e-09
2.74762e-10
2.7601e-11
1.93829e-12
8.35799e-14
1.63364e-15
0.388836
0.638948
0.712559
0.738107
0.755261
0.774045
0.799887
0.835753
0.882207
0.942741
0.994557
0.999153
0.999821
0.999952
0.985931
0.954189
0.9095
0.858574
0.806993
0.758644
0.715991
0.680483
0.65284
0.633196
0.621211
0.616176
0.615218
0.619427
0.627929
0.639815
0.654224
0.670377
0.687599
0.705336
0.723142
0.740677
0.757676
0.77396
0.789395
0.803905
0.817445
0.829996
0.841565
0.852172
0.861848
0.870636
0.878577
0.885722
0.892122
0.897828
0.902887
0.907352
0.911267
0.91468
0.917631
0.920158
0.922304
0.924091
0.925559
0.926725
0.927617
0.928246
0.92863
0.928777
0.928688
0.928361
0.927791
0.926958
0.925846
0.924421
0.922644
0.920463
0.917819
0.914628
0.910806
0.906238
0.900797
0.894335
0.886689
0.877676
0.867102
0.854758
0.840442
0.823957
0.805119
0.783749
0.759729
0.733017
0.703629
0.671668
0.637315
0.600841
0.562591
0.522988
0.4825
0.441642
0.400938
0.360909
0.322049
0.284805
0.249564
0.216637
0.186253
0.158564
0.133637
0.11147
0.0919936
0.0750869
0.0605868
0.0483012
0.0380201
0.0295248
0.0225968
0.0170247
0.0126087
0.00916406
0.00652346
0.00453773
0.00307611
0.00202592
0.00129165
0.00079393
0.000468268
0.000263599
0.000140757
7.08016e-05
3.32828e-05
1.4491e-05
5.7842e-06
2.09228e-06
6.76815e-07
1.92816e-07
4.75151e-08
9.91108e-09
1.70323e-09
2.32785e-10
2.4091e-11
1.75232e-12
7.86371e-14
1.6062e-15
0.422637
0.652686
0.714454
0.736077
0.750797
0.768326
0.794624
0.83271
0.882745
0.943143
0.99789
0.999781
0.999963
0.999992
0.980499
0.93854
0.882045
0.820004
0.758976
0.703065
0.654663
0.615108
0.585046
0.564522
0.553004
0.548849
0.549795
0.556727
0.568439
0.583749
0.601595
0.621076
0.641452
0.662137
0.682681
0.702746
0.722084
0.740524
0.757954
0.774309
0.789559
0.803701
0.816751
0.828741
0.839711
0.849716
0.858802
0.867027
0.874446
0.881117
0.887097
0.892438
0.897186
0.901396
0.905109
0.908367
0.911212
0.913678
0.915795
0.917594
0.919096
0.920326
0.921299
0.922028
0.922517
0.922775
0.922794
0.922571
0.92209
0.921327
0.920253
0.918828
0.917001
0.914702
0.911852
0.908355
0.904091
0.898923
0.892692
0.885221
0.876311
0.865747
0.853309
0.838778
0.821941
0.802589
0.780549
0.755723
0.728069
0.697628
0.664523
0.628971
0.591279
0.551831
0.511088
0.469564
0.427804
0.386364
0.34579
0.306589
0.269217
0.234059
0.201415
0.171505
0.144455
0.120311
0.0990425
0.0805528
0.0646919
0.0512689
0.0400659
0.0308483
0.0233764
0.0174136
0.0127335
0.00912515
0.00639628
0.00437566
0.00291387
0.00188332
0.00117742
0.000709261
0.000409848
0.000226042
0.000118305
5.83747e-05
2.6954e-05
1.15484e-05
4.54705e-06
1.62725e-06
5.22605e-07
1.48403e-07
3.66108e-08
7.68019e-09
1.33363e-09
1.85024e-10
1.95226e-11
1.45356e-12
6.70014e-14
1.40973e-15
0.449626
0.661389
0.713273
0.730762
0.743685
0.759744
0.786426
0.826916
0.88088
0.94351
0.999712
0.99998
0.999999
1
0.973623
0.919422
0.849664
0.775884
0.705374
0.64215
0.588321
0.545059
0.513006
0.492232
0.482006
0.477569
0.481674
0.492647
0.508748
0.528404
0.55032
0.573487
0.597151
0.620755
0.643895
0.666282
0.687708
0.708047
0.727207
0.745154
0.761874
0.777383
0.791705
0.804887
0.816976
0.828035
0.838119
0.84729
0.855608
0.863134
0.869927
0.876044
0.881536
0.886456
0.89085
0.894762
0.898234
0.901302
0.904001
0.90636
0.908406
0.910162
0.911647
0.912878
0.913864
0.914612
0.915127
0.915406
0.915437
0.915206
0.914691
0.913856
0.91266
0.911044
0.908934
0.906247
0.902867
0.898666
0.893487
0.887157
0.879472
0.870214
0.859151
0.846046
0.83066
0.812765
0.792152
0.768677
0.74226
0.712898
0.680673
0.645766
0.608455
0.569105
0.52817
0.486166
0.443657
0.401228
0.359464
0.318918
0.280097
0.243441
0.209302
0.177947
0.149545
0.124175
0.101829
0.0824238
0.0658143
0.0518056
0.0401677
0.0306497
0.0229913
0.016934
0.0122293
0.00864522
0.00597135
0.00402114
0.00263349
0.00167259
0.00102688
0.000607174
0.000344308
0.000186356
9.57485e-05
4.64111e-05
2.1074e-05
8.89214e-06
3.45458e-06
1.22265e-06
3.89379e-07
1.09979e-07
2.70763e-08
5.68817e-09
9.92626e-10
1.38877e-10
1.4825e-11
1.11996e-12
5.25084e-14
1.12582e-15
0.470427
0.666146
0.709724
0.723268
0.733811
0.748066
0.774999
0.818091
0.87657
0.943849
0.999999
0.999999
0.999998
0.999999
0.965153
0.896585
0.812333
0.72662
0.646998
0.576985
0.518155
0.471478
0.437768
0.417451
0.409514
0.40803
0.416296
0.432043
0.453016
0.477273
0.503313
0.53006
0.556779
0.58298
0.608344
0.632649
0.655764
0.6776
0.698115
0.717298
0.735161
0.751732
0.767053
0.781176
0.794159
0.806067
0.81696
0.826904
0.835965
0.844206
0.851682
0.858457
0.864583
0.870112
0.875091
0.879569
0.883585
0.887177
0.890381
0.893226
0.895742
0.89795
0.899877
0.901537
0.902942
0.904107
0.905031
0.905721
0.906169
0.906363
0.906287
0.905911
0.905201
0.904101
0.902546
0.900451
0.897709
0.894198
0.889755
0.884209
0.877349
0.868955
0.858776
0.846563
0.832062
0.815026
0.795221
0.77248
0.746698
0.717848
0.685995
0.651302
0.614041
0.574578
0.53337
0.490948
0.447895
0.404825
0.362348
0.321055
0.281485
0.244105
0.2093
0.177359
0.148468
0.122716
0.100099
0.0805323
0.0638621
0.0498803
0.0383417
0.0289774
0.0215094
0.0156618
0.0111709
0.00779232
0.00530619
0.00351983
0.00226905
0.00141763
0.000855716
0.000497291
0.000277113
0.000147396
7.44446e-05
3.54916e-05
1.58645e-05
6.59731e-06
2.52978e-06
8.85314e-07
2.79371e-07
7.83702e-08
1.92111e-08
4.02907e-09
7.0378e-10
9.88128e-11
1.06106e-11
8.07999e-13
3.82486e-14
8.28924e-16
0.485572
0.667702
0.704057
0.713375
0.720997
0.733051
0.759997
0.805876
0.869522
0.94279
1
1
0.999998
0.999997
0.954969
0.869825
0.770204
0.672912
0.585021
0.509033
0.445684
0.395701
0.360337
0.341215
0.332836
0.337166
0.353089
0.376429
0.403911
0.433364
0.463437
0.493313
0.522476
0.550618
0.577553
0.603161
0.627381
0.650185
0.671566
0.691539
0.710139
0.727404
0.743388
0.758148
0.771752
0.78426
0.795737
0.806255
0.815874
0.824658
0.832667
0.83996
0.846591
0.852611
0.85807
0.863007
0.867471
0.871497
0.87512
0.87837
0.881277
0.883866
0.886159
0.888175
0.88993
0.891434
0.892693
0.893714
0.894495
0.895024
0.89529
0.895264
0.894913
0.894187
0.893023
0.891333
0.889013
0.885932
0.88193
0.876823
0.870395
0.862408
0.852608
0.840725
0.826495
0.809664
0.789981
0.767274
0.741433
0.712432
0.680346
0.645349
0.607728
0.567871
0.52626
0.483451
0.440055
0.396704
0.354032
0.312645
0.27309
0.235842
0.201283
0.169695
0.141253
0.11603
0.0940038
0.0750684
0.0590489
0.0457172
0.034809
0.0260393
0.0191171
0.0137573
0.00969075
0.00667116
0.00448004
0.00292895
0.00185985
0.00114402
0.000679628
0.000388615
0.000213055
0.0001115
5.54239e-05
2.60178e-05
1.14593e-05
4.69996e-06
1.77958e-06
6.15816e-07
1.92468e-07
5.3571e-08
1.30547e-08
2.72718e-09
4.75445e-10
6.675e-11
7.17951e-12
5.48407e-13
2.60672e-14
5.67558e-16
0.495422
0.666567
0.696296
0.700385
0.703711
0.714455
0.741047
0.789843
0.859372
0.940067
0.999997
0.999997
0.999998
0.999996
0.942961
0.838971
0.723609
0.615806
0.521047
0.440274
0.373007
0.31957
0.281642
0.263902
0.257626
0.272593
0.300206
0.333067
0.367203
0.401029
0.433961
0.465737
0.496198
0.525249
0.552836
0.578934
0.603538
0.626662
0.64833
0.668573
0.68744
0.704983
0.721251
0.736307
0.750215
0.763045
0.774855
0.785711
0.795676
0.804812
0.813177
0.820827
0.827815
0.83419
0.84
0.845286
0.85009
0.854447
0.858395
0.861962
0.865176
0.868062
0.870647
0.872944
0.874969
0.876742
0.878263
0.879539
0.880573
0.881352
0.881865
0.882087
0.881979
0.881492
0.880558
0.879086
0.876958
0.874038
0.870156
0.865107
0.858668
0.850581
0.84058
0.828385
0.813724
0.796346
0.776005
0.752543
0.725872
0.695997
0.663031
0.627194
0.588815
0.54833
0.506259
0.463193
0.419766
0.376628
0.334414
0.293721
0.25508
0.218934
0.185632
0.155414
0.128412
0.104657
0.0840875
0.0665605
0.0518707
0.0397659
0.0299645
0.0221711
0.0160908
0.0114405
0.00795763
0.00540649
0.00358152
0.00230871
0.00144489
0.000875685
0.000512438
0.000288589
0.000155824
8.03251e-05
3.93384e-05
1.82019e-05
7.90657e-06
3.2007e-06
1.19728e-06
4.0977e-07
1.26824e-07
3.50041e-08
8.47093e-09
1.75993e-09
3.05583e-10
4.27877e-11
4.59534e-12
3.50823e-13
1.6676e-14
3.63128e-16
0.500129
0.663229
0.686919
0.684801
0.682292
0.692083
0.717767
0.769486
0.845626
0.93561
1
1
0.999998
1
0.929024
0.803839
0.67308
0.556762
0.457271
0.37359
0.3036
0.246793
0.203392
0.173984
0.187357
0.231359
0.275187
0.31222
0.34808
0.383028
0.417172
0.448974
0.479216
0.507912
0.535084
0.560753
0.584942
0.607683
0.629012
0.64897
0.667606
0.684967
0.701114
0.716093
0.729974
0.742814
0.754677
0.765619
0.775699
0.784977
0.7935
0.801329
0.808509
0.815086
0.821106
0.826607
0.831628
0.836208
0.840372
0.844157
0.847585
0.850681
0.853468
0.855965
0.858188
0.860147
0.861852
0.863308
0.864511
0.865452
0.866116
0.866469
0.866472
0.866065
0.865168
0.863674
0.861456
0.858354
0.854175
0.848699
0.841679
0.832843
0.821916
0.808613
0.792674
0.773868
0.751979
0.726892
0.698581
0.667116
0.632684
0.595581
0.556204
0.515051
0.472692
0.429748
0.386867
0.34469
0.303828
0.264833
0.228177
0.19424
0.163295
0.13551
0.110945
0.0895678
0.0712603
0.0558359
0.043057
0.032651
0.0243273
0.0177913
0.0127577
0.00895871
0.00615226
0.00412538
0.00269636
0.00171442
0.00105807
0.000632241
0.000364738
0.000202493
0.00010779
5.47871e-05
2.64632e-05
1.20812e-05
5.18051e-06
2.07155e-06
7.66022e-07
2.59392e-07
7.95069e-08
2.17549e-08
5.2248e-09
1.07845e-09
1.86229e-10
2.59572e-11
2.77728e-12
2.11346e-13
1.00162e-14
2.17409e-16
0.499538
0.658233
0.677113
0.668714
0.659837
0.665801
0.689859
0.744253
0.827596
0.929221
0.999998
1
1
0.999998
0.913004
0.764148
0.619398
0.497831
0.396862
0.31371
0.244612
0.188422
0.139676
0.168277
0.19966
0.238586
0.276941
0.311733
0.345575
0.378559
0.41055
0.440598
0.469249
0.496535
0.522975
0.548975
0.571998
0.593663
0.614032
0.633145
0.651043
0.667772
0.683374
0.697899
0.711403
0.723939
0.735557
0.746311
0.756259
0.765445
0.773919
0.781728
0.788917
0.795529
0.8016
0.807171
0.812276
0.816946
0.821212
0.825101
0.828636
0.831843
0.834743
0.837348
0.839677
0.841739
0.843537
0.845076
0.846346
0.847333
0.848008
0.848334
0.84825
0.84768
0.846523
0.844649
0.8419
0.838089
0.832999
0.826383
0.817976
0.807505
0.79469
0.779276
0.761031
0.73978
0.715383
0.68781
0.657133
0.623531
0.587293
0.548814
0.508572
0.467127
0.425084
0.383073
0.341719
0.30162
0.263313
0.227263
0.193841
0.163319
0.135866
0.111547
0.0903367
0.0721259
0.0567392
0.04395
0.0334973
0.0251012
0.018477
0.0133474
0.00945193
0.00655347
0.00444278
0.0029404
0.0018966
0.00118992
0.000724581
0.000427173
0.000243141
0.00013319
6.99657e-05
3.5101e-05
1.67396e-05
7.54806e-06
3.19828e-06
1.26442e-06
4.62545e-07
1.55053e-07
4.70816e-08
1.27719e-08
3.04328e-09
6.23683e-10
1.07003e-10
1.48268e-11
1.57778e-12
1.19446e-13
5.63145e-15
1.21546e-16
0.492969
0.65196
0.668302
0.653855
0.636008
0.635293
0.657305
0.713623
0.804315
0.920558
0.999997
1
1
0.999999
0.894651
0.719436
0.563738
0.442024
0.344786
0.269336
0.212709
0.193733
0.198035
0.212424
0.236603
0.266362
0.297121
0.327163
0.356934
0.386177
0.414575
0.441666
0.467714
0.492778
0.517173
0.540984
0.562362
0.584177
0.603579
0.621361
0.63805
0.653699
0.668351
0.682045
0.694822
0.706726
0.717801
0.72809
0.737638
0.746489
0.754689
0.762268
0.76927
0.775731
0.781685
0.787163
0.792199
0.796818
0.801051
0.804918
0.808444
0.811647
0.814542
0.817147
0.819466
0.821509
0.823271
0.824743
0.825907
0.826732
0.827173
0.827164
0.826623
0.825439
0.823479
0.820575
0.816538
0.811147
0.804164
0.795328
0.78438
0.77106
0.755134
0.736407
0.714729
0.690031
0.662297
0.631628
0.598235
0.562431
0.524621
0.485288
0.444982
0.404285
0.363798
0.324106
0.285759
0.249249
0.214992
0.183315
0.15445
0.128532
0.105604
0.0856248
0.0684777
0.0539878
0.0419357
0.0320729
0.0241349
0.0178554
0.0129756
0.00925335
0.00646866
0.00442736
0.00296281
0.00193566
0.00123248
0.000763348
0.000458899
0.000267119
0.000150137
8.12281e-05
4.2152e-05
2.08963e-05
9.8503e-06
4.39193e-06
1.8409e-06
7.20276e-07
2.60898e-07
8.66411e-08
2.60766e-08
7.01496e-09
1.65841e-09
3.37344e-10
5.74666e-11
7.90839e-12
8.35941e-13
6.28627e-14
2.94333e-15
6.30545e-17
0.482956
0.641149
0.660566
0.644862
0.613246
0.594584
0.62095
0.677365
0.774427
0.909065
0.999997
0.999998
1
0.999998
0.873465
0.668939
0.50805
0.394075
0.309587
0.264707
0.244679
0.242098
0.25021
0.262826
0.28208
0.305009
0.32938
0.354162
0.379073
0.40376
0.427931
0.451374
0.474171
0.496341
0.51797
0.538888
0.558265
0.577752
0.595301
0.613726
0.628794
0.64296
0.656281
0.668781
0.680488
0.691439
0.701665
0.711206
0.720091
0.728355
0.736034
0.743157
0.74976
0.75587
0.761514
0.766722
0.771517
0.775922
0.779959
0.783649
0.787005
0.790043
0.792768
0.795187
0.797296
0.799086
0.800541
0.801626
0.802299
0.8025
0.802149
0.801146
0.799362
0.796654
0.792842
0.787731
0.781103
0.772729
0.762375
0.749806
0.734812
0.717212
0.696872
0.673718
0.647748
0.619041
0.587754
0.554146
0.518577
0.481473
0.443324
0.404662
0.366031
0.327975
0.291008
0.2556
0.222158
0.191009
0.162401
0.136493
0.113359
0.0929941
0.0753233
0.0602118
0.0474792
0.0369116
0.0282755
0.021329
0.015832
0.0115549
0.00828487
0.00583012
0.00402227
0.00271734
0.00179519
0.00115803
0.000728165
0.000445469
0.000264576
0.000152188
8.455e-05
4.52281e-05
2.3213e-05
1.13851e-05
5.31161e-06
2.3448e-06
9.73476e-07
3.77409e-07
1.3551e-07
4.46245e-08
1.33227e-08
3.5561e-09
8.34316e-10
1.68441e-10
2.84791e-11
3.88951e-12
4.07948e-13
3.04317e-14
1.41283e-15
2.99917e-17
0.472456
0.6222
0.64924
0.638873
0.610153
0.56885
0.584457
0.636226
0.736012
0.893871
1
0.999999
1
0.999997
0.848554
0.611468
0.455985
0.362022
0.320371
0.299709
0.29421
0.298923
0.305181
0.317019
0.33268
0.350619
0.369763
0.389506
0.409513
0.429507
0.449297
0.468766
0.487892
0.506634
0.524941
0.542642
0.559506
0.576169
0.591678
0.607749
0.62254
0.635541
0.647237
0.658216
0.668532
0.678217
0.687297
0.695795
0.703732
0.711144
0.718044
0.724462
0.730418
0.735938
0.741035
0.745736
0.75005
0.753997
0.757582
0.760816
0.763701
0.766233
0.768404
0.770196
0.771581
0.772522
0.772967
0.772848
0.77208
0.770564
0.768174
0.764773
0.760195
0.75427
0.746804
0.737607
0.726481
0.713244
0.697737
0.679824
0.659423
0.636499
0.611084
0.583279
0.553258
0.521271
0.48764
0.452756
0.417058
0.381016
0.34511
0.309813
0.275569
0.242783
0.211804
0.182913
0.156322
0.132168
0.110516
0.0913649
0.0746502
0.0602587
0.0480367
0.0378011
0.0293499
0.0224727
0.0169592
0.0126061
0.00922319
0.00663699
0.0046933
0.00325824
0.00221832
0.00147939
0.000965102
0.000614963
0.0003821
0.000231066
0.000135706
7.7218e-05
4.24536e-05
2.24823e-05
1.1428e-05
5.55345e-06
2.56814e-06
1.12418e-06
4.62974e-07
1.78114e-07
6.34805e-08
2.07553e-08
6.15314e-09
1.63095e-09
3.79935e-10
7.61425e-11
1.27741e-11
1.73018e-12
1.79859e-13
1.32894e-14
6.1064e-16
1.28108e-17
0.460731
0.594197
0.630444
0.630197
0.611852
0.585299
0.563508
0.593944
0.68629
0.873615
1
1
1
1
0.8183
0.545372
0.415019
0.374846
0.356543
0.350945
0.35369
0.35661
0.364088
0.374659
0.387259
0.401137
0.415794
0.430915
0.446293
0.461767
0.477224
0.492583
0.507783
0.522762
0.537448
0.551751
0.565628
0.579242
0.592317
0.605562
0.617937
0.63058
0.640796
0.64997
0.658568
0.666649
0.674236
0.681342
0.687985
0.694173
0.699927
0.705252
0.710158
0.714658
0.718753
0.722444
0.725735
0.728617
0.731079
0.733104
0.734668
0.735737
0.736267
0.73621
0.735497
0.734052
0.731783
0.728588
0.724352
0.718946
0.712233
0.704071
0.694316
0.68283
0.669481
0.654164
0.636792
0.617319
0.595733
0.572077
0.546446
0.518984
0.4899
0.459447
0.427929
0.39569
0.36313
0.33065
0.298638
0.26747
0.237489
0.208993
0.182235
0.15741
0.134655
0.114048
0.0956126
0.0793202
0.0650982
0.0528367
0.0423978
0.0336232
0.0263424
0.0203803
0.0155635
0.0117253
0.00871009
0.00637576
0.00459572
0.00325957
0.00227289
0.00155668
0.00104607
0.000688888
0.000444003
0.000279656
0.000171846
0.000102827
5.97865e-05
3.36967e-05
1.83601e-05
9.64094e-06
4.86175e-06
2.34498e-06
1.07685e-06
4.68297e-07
1.91673e-07
7.33085e-08
2.59806e-08
8.44757e-09
2.49041e-09
6.56268e-10
1.51922e-10
3.02341e-11
5.03204e-12
6.75377e-13
6.94837e-14
5.07527e-15
2.30289e-16
4.75498e-18
0.446387
0.555989
0.598854
0.610594
0.605576
0.592754
0.582572
0.566074
0.621027
0.846036
1
1
0.999999
1
0.77991
0.468778
0.413916
0.40809
0.407045
0.409189
0.411275
0.416699
0.424225
0.43308
0.442793
0.453072
0.463736
0.474665
0.48577
0.496979
0.508231
0.519475
0.53066
0.541736
0.552658
0.563381
0.573893
0.584216
0.594297
0.604308
0.613856
0.623626
0.633362
0.640124
0.646397
0.652229
0.65763
0.662599
0.667135
0.671232
0.674888
0.67809
0.68083
0.683086
0.684844
0.686077
0.686756
0.686846
0.686306
0.685091
0.683144
0.680404
0.676805
0.67227
0.666723
0.660076
0.652245
0.643142
0.632682
0.620789
0.607395
0.592443
0.575899
0.557752
0.538015
0.516734
0.493992
0.469903
0.444618
0.418324
0.391239
0.363608
0.335693
0.307774
0.280133
0.253049
0.226841
0.201758
0.178008
0.155758
0.135136
0.116228
0.0990774
0.0836893
0.0700325
0.058045
0.0476389
0.0387061
0.0311245
0.0247632
0.0194875
0.0151638
0.0116628
0.00886261
0.00665112
0.00492709
0.0036009
0.00259475
0.00184227
0.00128783
0.000885619
0.000598569
0.000397196
0.00025847
0.000164724
0.00010266
6.24625e-05
3.70334e-05
2.13502e-05
1.19397e-05
6.45935e-06
3.37001e-06
1.68957e-06
8.10709e-07
3.70563e-07
1.60482e-07
6.54393e-08
2.49422e-08
8.81037e-09
2.85515e-09
8.38685e-10
2.20091e-10
5.06914e-11
1.00237e-11
1.65468e-12
2.19778e-13
2.23203e-14
1.60577e-15
7.17096e-17
1.45673e-18
0.425853
0.504561
0.547326
0.568355
0.575824
0.575121
0.570446
0.563705
0.539758
0.806326
0.999999
1
1
0.999999
0.727124
0.396886
0.431471
0.440343
0.443942
0.447795
0.453021
0.459063
0.465542
0.472274
0.479169
0.486184
0.493288
0.50046
0.507672
0.514901
0.522117
0.529291
0.536395
0.543395
0.550266
0.556977
0.563514
0.569858
0.575984
0.581894
0.587485
0.592985
0.598686
0.601715
0.604026
0.605837
0.60715
0.607954
0.60823
0.607954
0.607106
0.605655
0.603573
0.600835
0.597407
0.593249
0.588333
0.582621
0.576072
0.568652
0.560326
0.551058
0.540818
0.529579
0.51732
0.504033
0.489713
0.474368
0.458021
0.440709
0.422486
0.403419
0.383598
0.363128
0.34213
0.320742
0.299114
0.277406
0.255786
0.234425
0.213491
0.193147
0.173547
0.154827
0.13711
0.120494
0.105107
0.0909971
0.0781748
0.0666309
0.0563344
0.0472367
0.0392747
0.0323735
0.0264497
0.021415
0.0171784
0.0136494
0.01074
0.00836631
0.00645027
0.00492036
0.00371226
0.00276909
0.00204129
0.00148642
0.00106861
0.000758019
0.000530207
0.000365426
0.000247962
0.000165503
0.000108547
6.98744e-05
4.409e-05
2.723e-05
1.64331e-05
9.67255e-06
5.54101e-06
3.08186e-06
1.65967e-06
8.62681e-07
4.3126e-07
2.0649e-07
9.42467e-08
4.07808e-08
1.66223e-08
6.33486e-09
2.23759e-09
7.24955e-10
2.12785e-10
5.574e-11
1.27946e-11
2.51551e-12
4.11502e-13
5.3918e-14
5.37011e-15
3.76259e-16
1.62859e-17
3.26914e-19
0.382228
0.429233
0.461006
0.482266
0.495999
0.504106
0.507502
0.503931
0.499443
0.728706
0.999999
1
0.999998
1
0.635202
0.358275
0.364429
0.370203
0.37362
0.376254
0.379138
0.382416
0.386005
0.389786
0.393653
0.397533
0.401366
0.405108
0.408723
0.412177
0.415445
0.418499
0.421314
0.42387
0.426141
0.428105
0.429743
0.431026
0.431924
0.432398
0.432376
0.431746
0.429665
0.425691
0.422161
0.418263
0.413916
0.409088
0.403772
0.397961
0.391647
0.384827
0.377504
0.369675
0.361346
0.352522
0.343214
0.333434
0.323196
0.312522
0.301436
0.289966
0.278146
0.266012
0.253609
0.240982
0.228186
0.215276
0.202311
0.189356
0.176477
0.16374
0.151214
0.138965
0.127059
0.115557
0.104517
0.0939896
0.08402
0.0746447
0.0658923
0.0577823
0.0503248
0.043521
0.0373636
0.0318371
0.0269415
0.0226409
0.0188917
0.0156489
0.0128663
0.010498
0.00849892
0.00682564
0.00543706
0.00429478
0.00336343
0.00261091
0.00200849
0.00153075
0.00115551
0.00086368
0.000638991
0.000467784
0.00033871
0.000242466
0.000171514
0.000119821
8.26188e-05
5.61872e-05
3.76588e-05
2.48533e-05
1.61346e-05
1.02919e-05
6.44239e-06
3.95169e-06
2.37134e-06
1.38953e-06
7.93381e-07
4.4034e-07
2.3691e-07
1.23166e-07
6.16491e-08
2.95848e-08
1.35459e-08
5.88436e-09
2.40928e-09
9.22628e-10
3.27472e-10
1.06573e-10
3.1392e-11
8.23904e-12
1.88988e-12
3.69827e-13
5.98556e-14
7.68986e-15
7.40734e-16
4.91213e-17
1.93814e-18
3.26982e-20
)
;

boundaryField
{
    walls
    {
        type            zeroGradient;
    }
    top
    {
        type            zeroGradient;
    }
    bottom
    {
        type            zeroGradient;
    }
    frontAndBack
    {
        type            empty;
    }
    inlet
    {
        type            uniformFixedValue;
        uniformValue    
        {
            type            constant;
            value           1;
        }
        value           uniform 1;
    }
    outlet
    {
        type            zeroGradient;
    }
}


// ************************************************************************* //
