/*--------------------------------*- C++ -*----------------------------------*\
  =========                 |
  \\      /  F ield         | OpenFOAM: The Open Source CFD Toolbox
   \\    /   O peration     | Website:  https://openfoam.org
    \\  /    A nd           | Version:  12
     \\/     M anipulation  |
\*---------------------------------------------------------------------------*/
FoamFile
{
    format      ascii;
    class       volScalarField;
    location    "120";
    object      T;
}
// * * * * * * * * * * * * * * * * * * * * * * * * * * * * * * * * * * * * * //

dimensions      [];

internalField   nonuniform List<scalar> 
4480
(
1.67926e-14
6.25712e-12
4.88812e-08
1.79037e-05
0.00067067
0.0053722
0.0187356
0.0421219
0.0735873
0.109922
0.148092
0.18578
0.221429
0.254101
0.283304
0.308848
0.330731
0.34907
0.36404
0.375846
0.384703
0.390818
0.39439
0.395598
0.394607
0.391569
0.386617
0.380589
0.374445
0.368146
0.361655
0.35493
0.347929
0.340608
0.332921
0.324818
0.316247
0.30715
0.297466
0.287134
0.276088
0.264262
0.251595
0.238032
0.223533
0.208086
0.191712
0.174491
0.156569
0.138173
0.119625
0.101324
0.0837266
0.0673052
0.05249
0.0396128
0.0288625
0.0202634
0.0136858
0.00888129
0.00553297
0.00330757
0.00189697
0.00104395
0.000551501
0.000279863
0.000136531
6.40979e-05
2.89905e-05
1.26474e-05
5.32885e-06
2.17136e-06
8.56827e-07
3.2789e-07
1.21858e-07
4.4045e-08
1.55057e-08
5.32457e-09
1.78622e-09
5.86301e-10
1.88602e-10
5.95588e-11
1.84966e-11
1.09099e-11
8.68316e-12
6.94001e-12
5.40155e-12
4.13942e-12
3.15245e-12
2.4009e-12
1.83799e-12
1.42089e-12
1.11392e-12
8.88946e-13
7.2468e-13
6.05443e-13
5.19979e-13
4.60398e-13
4.21411e-13
3.99772e-13
3.93989e-13
4.04277e-13
4.32768e-13
4.84154e-13
5.66919e-13
6.95668e-13
8.95442e-13
1.20974e-12
1.71584e-12
2.55472e-12
3.99081e-12
6.53457e-12
1.11999e-11
2.00569e-11
3.7444e-11
7.26804e-11
1.46245e-10
3.04115e-10
6.51887e-10
1.44108e-09
3.31459e-09
8.07967e-09
2.11515e-08
6.13056e-08
2.22609e-07
8.40873e-07
1.80384e-06
2.60865e-06
1.03256e-06
4.546e-08
2.26398e-09
5.98834e-11
1.33442e-12
2.9356e-14
5.78814e-16
8.57398e-18
9.44754e-20
5.94244e-22
1.69574e-24
1.27307e-27
2.02924e-14
1.20362e-09
2.46435e-06
0.000376065
0.00704314
0.0341021
0.0852281
0.152059
0.224273
0.294584
0.359122
0.41636
0.466079
0.508675
0.544791
0.575139
0.600399
0.621187
0.638049
0.651454
0.661803
0.669427
0.674608
0.677575
0.67852
0.677594
0.674922
0.670518
0.664748
0.657719
0.649533
0.640289
0.630079
0.618984
0.607075
0.594414
0.581046
0.567004
0.552306
0.536958
0.52095
0.504257
0.486838
0.468647
0.449623
0.429698
0.408807
0.386889
0.363902
0.339832
0.314711
0.28863
0.261751
0.234323
0.206686
0.179267
0.152564
0.127117
0.103463
0.0820833
0.0633462
0.0474666
0.0344799
0.0242491
0.0164952
0.0108459
0.00689056
0.00422956
0.00250875
0.00143848
0.000797752
0.000428205
0.00022264
0.00011223
5.49008e-05
2.60882e-05
1.20544e-05
5.42166e-06
2.37604e-06
1.01567e-06
4.23907e-07
1.72922e-07
6.90103e-08
2.90981e-08
1.35974e-08
7.06387e-09
4.00069e-09
2.40874e-09
1.51317e-09
9.81599e-10
6.5448e-10
4.47762e-10
3.14269e-10
2.26417e-10
1.67621e-10
1.27693e-10
1.0026e-10
8.12775e-11
6.81547e-11
5.9225e-11
5.34294e-11
5.01268e-11
4.89864e-11
4.99369e-11
5.31688e-11
5.91857e-11
6.89326e-11
8.40368e-11
1.0725e-10
1.43246e-10
2.00098e-10
2.92017e-10
4.4457e-10
7.04731e-10
1.16063e-09
1.98096e-09
3.49497e-09
6.35838e-09
1.19071e-08
2.29436e-08
4.55702e-08
9.35086e-08
1.97663e-07
4.25613e-07
9.09259e-07
1.78037e-06
2.81179e-06
3.14196e-06
1.25897e-06
8.01527e-08
4.69144e-09
2.26034e-10
8.88837e-12
2.80889e-13
7.394e-15
1.41041e-16
1.96333e-18
1.58054e-20
6.01129e-23
7.16767e-26
1.17907e-11
6.69569e-08
4.6453e-05
0.00322417
0.0325746
0.105047
0.203199
0.304589
0.396638
0.475361
0.541077
0.595548
0.640664
0.678056
0.709027
0.734626
0.755692
0.772911
0.78685
0.797975
0.806675
0.813262
0.818
0.821097
0.822722
0.823009
0.822061
0.819762
0.816133
0.811243
0.805159
0.797938
0.789642
0.780319
0.770027
0.75881
0.746718
0.733789
0.720056
0.705543
0.690267
0.67423
0.657426
0.639831
0.621409
0.602115
0.581879
0.560632
0.538289
0.514768
0.489991
0.463896
0.436447
0.407656
0.377597
0.346415
0.314355
0.281754
0.249052
0.216768
0.185479
0.155775
0.128212
0.103264
0.0812745
0.0624314
0.0467545
0.0341051
0.0242146
0.0167253
0.0112347
0.00733819
0.00466083
0.00287918
0.00173038
0.00101222
0.000576628
0.000320086
0.000173252
9.15039e-05
4.71922e-05
2.37852e-05
1.17244e-05
5.75079e-06
2.85395e-06
1.44627e-06
7.5443e-07
4.0737e-07
2.28303e-07
1.32803e-07
8.00581e-08
4.99136e-08
3.21292e-08
2.13297e-08
1.45988e-08
1.03036e-08
7.50382e-09
5.64442e-09
4.39042e-09
3.53594e-09
2.95258e-09
2.55968e-09
2.30687e-09
2.16387e-09
2.11477e-09
2.15517e-09
2.29162e-09
2.54321e-09
2.94573e-09
3.55966e-09
4.48437e-09
5.88257e-09
8.0228e-09
1.13534e-08
1.66327e-08
2.5159e-08
3.91819e-08
6.26386e-08
1.02483e-07
1.71061e-07
2.90202e-07
4.97357e-07
8.51464e-07
1.42852e-06
2.28021e-06
3.30572e-06
4.04777e-06
3.69991e-06
1.55354e-06
1.34957e-07
9.78494e-09
6.10923e-10
3.15386e-11
1.28752e-12
4.31404e-14
1.03581e-15
1.80743e-17
1.84595e-19
9.20576e-22
1.53498e-24
1.05327e-09
1.66142e-06
0.000462343
0.015797
0.0935956
0.219046
0.347571
0.456951
0.543878
0.612251
0.666861
0.711339
0.748051
0.778511
0.80377
0.824627
0.841744
0.855676
0.866904
0.875839
0.882826
0.888156
0.892064
0.894744
0.896347
0.896989
0.896761
0.895603
0.893466
0.890388
0.886394
0.8815
0.875723
0.86907
0.861553
0.853183
0.843974
0.833934
0.823081
0.811424
0.798974
0.785737
0.771711
0.756889
0.741251
0.72477
0.707401
0.689089
0.669764
0.649344
0.627734
0.604834
0.580545
0.554772
0.527446
0.498528
0.468029
0.436025
0.402681
0.368245
0.333072
0.297604
0.262365
0.227934
0.194901
0.163838
0.135247
0.109522
0.0869211
0.0675521
0.051373
0.0382089
0.0277798
0.0197377
0.0137019
0.00929304
0.00615814
0.0039877
0.00252395
0.00156194
0.00094547
0.000560053
0.000324808
0.000185546
0.000105252
5.95277e-05
3.37141e-05
1.92068e-05
1.10552e-05
6.45539e-06
3.83777e-06
2.32979e-06
1.44756e-06
9.22154e-07
6.03145e-07
4.05505e-07
2.80549e-07
1.99959e-07
1.46996e-07
1.11591e-07
8.75916e-08
7.11775e-08
5.99506e-08
5.23951e-08
4.75613e-08
4.48758e-08
4.40355e-08
4.49509e-08
4.77297e-08
5.2696e-08
6.04443e-08
7.19447e-08
8.87159e-08
1.13103e-07
1.4871e-07
2.01073e-07
2.78673e-07
3.94409e-07
5.67621e-07
8.26449e-07
1.20943e-06
1.76285e-06
2.52605e-06
3.49286e-06
4.54231e-06
5.35612e-06
5.40741e-06
4.21867e-06
1.85555e-06
2.18822e-07
1.89894e-08
1.41778e-09
8.77348e-11
4.30014e-12
1.73454e-13
5.0297e-15
1.06667e-16
1.34368e-18
8.48051e-21
1.86038e-23
3.82271e-08
2.30195e-05
0.00287039
0.0518213
0.195646
0.355721
0.484901
0.579448
0.648897
0.702524
0.746222
0.782943
0.814003
0.840097
0.861758
0.879512
0.893891
0.905398
0.914496
0.921593
0.927044
0.931138
0.934116
0.936166
0.937437
0.938036
0.938042
0.937439
0.936134
0.934153
0.931509
0.928205
0.924242
0.919609
0.914301
0.908306
0.901614
0.894218
0.886111
0.877289
0.867745
0.85748
0.846482
0.834749
0.822263
0.809008
0.794954
0.780063
0.764284
0.747553
0.729792
0.710909
0.690801
0.669356
0.64646
0.622001
0.595881
0.568027
0.538413
0.507063
0.474073
0.439621
0.403978
0.367504
0.330643
0.293917
0.257885
0.223125
0.190193
0.159583
0.131696
0.106818
0.0850978
0.0665515
0.05107
0.0384403
0.0283733
0.0205335
0.0145684
0.0101337
0.00691142
0.00462259
0.00303268
0.0019561
0.00124665
0.000786702
0.000492724
0.000307074
0.000190958
0.000118839
7.4239e-05
4.66974e-05
2.96665e-05
1.90909e-05
1.24792e-05
8.30735e-06
5.64535e-06
3.92478e-06
2.79707e-06
2.04717e-06
1.54137e-06
1.19576e-06
9.57157e-07
7.91556e-07
6.77036e-07
5.99451e-07
5.49765e-07
5.22429e-07
5.14403e-07
5.24628e-07
5.53781e-07
6.04298e-07
6.80581e-07
7.89438e-07
9.40691e-07
1.14797e-06
1.42955e-06
1.80889e-06
2.31411e-06
2.97482e-06
3.81353e-06
4.82719e-06
5.95555e-06
7.03982e-06
7.79305e-06
7.82614e-06
6.79014e-06
4.67875e-06
2.11636e-06
3.41471e-07
3.44345e-08
2.96841e-09
2.11876e-10
1.2e-11
5.62125e-13
1.9052e-14
4.7673e-16
7.19557e-18
5.56477e-20
1.54112e-22
7.69133e-07
0.000204666
0.0123291
0.125367
0.325672
0.485953
0.592438
0.663863
0.716426
0.759459
0.797027
0.830034
0.858381
0.882054
0.90133
0.916711
0.928766
0.938058
0.945105
0.950353
0.954186
0.956918
0.958804
0.960039
0.960768
0.961097
0.96109
0.96076
0.959947
0.958667
0.956924
0.954712
0.952024
0.948843
0.945153
0.940933
0.936168
0.930836
0.924922
0.918412
0.911292
0.90355
0.895174
0.886156
0.876482
0.866135
0.855098
0.843342
0.830836
0.817531
0.803371
0.788287
0.772193
0.754993
0.736573
0.716818
0.6956
0.672796
0.64829
0.621993
0.593847
0.563834
0.532004
0.498473
0.463442
0.427196
0.390102
0.352607
0.315216
0.27847
0.24292
0.209094
0.177465
0.148423
0.122251
0.099119
0.0790715
0.0620432
0.0478693
0.0363098
0.0270733
0.0198422
0.0142949
0.01013
0.00708456
0.00489584
0.00334776
0.00226867
0.00152627
0.00102132
0.000681192
0.000453858
0.000302793
0.000202782
0.000136674
9.29506e-05
6.39525e-05
4.4629e-05
3.1667e-05
2.2901e-05
1.6917e-05
1.27909e-05
9.91734e-06
7.89809e-06
6.46983e-06
5.45768e-06
4.74504e-06
4.25428e-06
3.93408e-06
3.75148e-06
3.68669e-06
3.72971e-06
3.87835e-06
4.13676e-06
4.51435e-06
5.02434e-06
5.68168e-06
6.49876e-06
7.47843e-06
8.60204e-06
9.81208e-06
1.09903e-05
1.19384e-05
1.23794e-05
1.2003e-05
1.0578e-05
8.1244e-06
5.08053e-06
2.29189e-06
5.13854e-07
5.90676e-08
5.76293e-09
4.64626e-10
2.97429e-11
1.58148e-12
6.12278e-14
1.7668e-15
3.121e-17
2.88356e-19
9.8016e-22
1.01629e-05
0.00128424
0.0393176
0.238631
0.457135
0.58789
0.664799
0.716961
0.758979
0.797128
0.832764
0.864648
0.891614
0.913412
0.930459
0.943441
0.953075
0.960024
0.964865
0.968096
0.970132
0.971318
0.971925
0.972165
0.972183
0.97208
0.971909
0.971692
0.971202
0.970442
0.969401
0.968059
0.966395
0.964383
0.961997
0.959207
0.955991
0.952323
0.94818
0.943545
0.938397
0.93272
0.926506
0.919738
0.912408
0.9045
0.896001
0.886895
0.87716
0.866764
0.855669
0.843828
0.831178
0.817643
0.803139
0.787562
0.770794
0.752717
0.733196
0.712101
0.689309
0.664711
0.638228
0.609817
0.579489
0.547313
0.513429
0.478061
0.441505
0.404139
0.366402
0.328789
0.291817
0.256013
0.221872
0.189839
0.160284
0.133481
0.109597
0.0886932
0.0707246
0.0555596
0.042993
0.0327673
0.0246519
0.0183203
0.0134603
0.00978677
0.00704969
0.00503726
0.00357537
0.00252481
0.00177687
0.00124856
0.000877717
0.000618595
0.000438058
0.000312407
0.000224898
0.000163809
0.000120997
9.08337e-05
6.94478e-05
5.41793e-05
4.32021e-05
3.52607e-05
2.94909e-05
2.52954e-05
2.22608e-05
2.01001e-05
1.86138e-05
1.76631e-05
1.7151e-05
1.70089e-05
1.71846e-05
1.76335e-05
1.83078e-05
1.91456e-05
2.00578e-05
2.09154e-05
2.15387e-05
2.16974e-05
2.11321e-05
1.9609e-05
1.70124e-05
1.34556e-05
9.35971e-06
5.42393e-06
2.40231e-06
6.84177e-07
9.69201e-08
1.05629e-08
9.49111e-10
6.77067e-11
4.02521e-12
1.75224e-13
5.73552e-15
1.16537e-16
1.26304e-18
5.17462e-21
9.89462e-05
0.00609096
0.0977798
0.374075
0.564223
0.655444
0.709207
0.750092
0.787543
0.824774
0.8608
0.892485
0.918151
0.937832
0.952362
0.962708
0.969733
0.974163
0.976619
0.977636
0.977671
0.977104
0.976243
0.975309
0.974461
0.973793
0.973352
0.973137
0.97288
0.972556
0.972136
0.97158
0.970849
0.969902
0.968695
0.96719
0.96535
0.963146
0.960547
0.957526
0.954067
0.950149
0.945758
0.940884
0.935514
0.929645
0.923263
0.916359
0.908919
0.90093
0.892363
0.883189
0.87337
0.862854
0.851574
0.839456
0.82641
0.81233
0.7971
0.780594
0.762678
0.743214
0.722077
0.699145
0.674321
0.647546
0.618797
0.588108
0.555572
0.52136
0.485711
0.44894
0.411429
0.373622
0.335997
0.299057
0.263302
0.229199
0.197165
0.167543
0.140588
0.116456
0.0952062
0.0767945
0.0611818
0.0481694
0.0374961
0.0288752
0.0220139
0.016629
0.0124577
0.00926598
0.00685092
0.00504189
0.00369888
0.00270943
0.00198503
0.00145726
0.00107406
0.000796353
0.000595182
0.000449306
0.000343271
0.000265921
0.000209239
0.000167483
0.000136551
0.000113513
9.62716e-05
8.33219e-05
7.35781e-05
6.62483e-05
6.07475e-05
5.66321e-05
5.35518e-05
5.12138e-05
4.93547e-05
4.7719e-05
4.60459e-05
4.40659e-05
4.15107e-05
3.81455e-05
3.3821e-05
2.85439e-05
2.25422e-05
1.62903e-05
1.04495e-05
5.69987e-06
2.48515e-06
7.88938e-07
1.53554e-07
1.85149e-08
1.83665e-09
1.44608e-10
9.51357e-12
4.60628e-13
1.69069e-14
3.90371e-16
4.90225e-18
2.39443e-20
0.000778375
0.0229604
0.196023
0.500084
0.635241
0.695651
0.736408
0.772247
0.808692
0.84706
0.884425
0.915855
0.939725
0.95683
0.968558
0.97611
0.980396
0.98215
0.98202
0.980584
0.978361
0.975793
0.973227
0.970921
0.969048
0.9677
0.966907
0.966636
0.966562
0.966647
0.966833
0.967059
0.967258
0.96737
0.967331
0.967083
0.966578
0.96577
0.964621
0.963104
0.961188
0.958859
0.956097
0.952892
0.949236
0.945123
0.940548
0.935509
0.93
0.924013
0.917538
0.910557
0.903049
0.894981
0.886311
0.876988
0.866944
0.856104
0.844372
0.831645
0.817806
0.802725
0.786266
0.768292
0.74867
0.72727
0.703988
0.678741
0.651486
0.622229
0.591028
0.558008
0.523363
0.487358
0.450331
0.412676
0.374838
0.337294
0.30053
0.265024
0.231216
0.199493
0.170167
0.143464
0.119563
0.0985443
0.0803419
0.0648142
0.0517607
0.0409412
0.0320943
0.0249528
0.019258
0.0147679
0.0112645
0.00855691
0.00648185
0.00490316
0.00370946
0.00281124
0.00213778
0.00163396
0.00125741
0.000975864
0.000765012
0.000606653
0.000487253
0.000396782
0.000327828
0.000274914
0.000233989
0.000202035
0.000176796
0.000156558
0.000139999
0.000126079
0.00011396
0.000102955
9.25042e-05
8.21691e-05
7.16486e-05
6.0811e-05
4.97282e-05
3.86971e-05
2.82169e-05
1.89048e-05
1.13431e-05
5.89114e-06
2.53079e-06
8.46426e-07
2.03585e-07
3.13476e-08
3.4089e-09
2.94215e-10
2.12652e-11
1.13669e-12
4.64173e-14
1.20811e-15
1.74418e-17
1.00959e-19
0.00479105
0.0715313
0.323258
0.588794
0.675467
0.719655
0.754384
0.7884
0.82552
0.865998
0.90499
0.93564
0.95708
0.971251
0.98007
0.984787
0.986238
0.985117
0.982108
0.977877
0.973043
0.968137
0.96358
0.959673
0.956605
0.954466
0.953268
0.952893
0.953
0.953517
0.954356
0.955425
0.956626
0.957867
0.959061
0.960129
0.961001
0.961618
0.961931
0.961899
0.961493
0.960686
0.959461
0.957808
0.955722
0.953199
0.950236
0.946836
0.943001
0.938733
0.934026
0.92888
0.923285
0.917223
0.910674
0.903606
0.89597
0.887719
0.878782
0.869077
0.858516
0.84699
0.834378
0.820553
0.805377
0.78871
0.770412
0.750351
0.728408
0.704491
0.678534
0.650525
0.620493
0.588532
0.554802
0.519531
0.48302
0.445627
0.407772
0.369906
0.332508
0.296052
0.260991
0.227737
0.196652
0.168079
0.1422
0.119098
0.0987703
0.0811322
0.0660349
0.0532817
0.0426441
0.0338776
0.0267346
0.0209761
0.0163791
0.012742
0.00988719
0.00766186
0.00593737
0.00460725
0.00358492
0.00280096
0.00220039
0.0017402
0.00138704
0.00111524
0.000905174
0.000741908
0.000614095
0.00051313
0.000432479
0.000367173
0.000313419
0.000268316
0.000229652
0.000195756
0.000165408
0.000137775
0.00011238
8.90605e-05
6.79333e-05
4.9313e-05
3.35982e-05
2.11199e-05
1.19871e-05
5.97744e-06
2.53058e-06
8.71978e-07
2.32623e-07
4.54526e-08
6.12818e-09
5.7693e-10
4.55779e-11
2.67611e-12
1.20951e-13
3.53051e-15
5.83315e-17
3.9906e-19
0.0173013
0.155254
0.453873
0.63751
0.698101
0.735434
0.767182
0.800746
0.83933
0.882426
0.923053
0.95222
0.970678
0.98179
0.987773
0.989672
0.988124
0.983791
0.977452
0.969934
0.962015
0.954356
0.94747
0.94171
0.937279
0.934262
0.932637
0.932153
0.93248
0.933507
0.935108
0.937145
0.939483
0.941994
0.944556
0.947065
0.949427
0.951564
0.953416
0.954926
0.95606
0.956788
0.957089
0.956952
0.956372
0.955349
0.953885
0.951988
0.949663
0.94692
0.943765
0.940203
0.936237
0.931861
0.927068
0.921841
0.916159
0.909987
0.903276
0.895976
0.888015
0.879309
0.869766
0.859276
0.847718
0.834961
0.820867
0.805287
0.788084
0.769111
0.748249
0.725388
0.700453
0.67341
0.644272
0.613115
0.58007
0.545348
0.509221
0.472029
0.434172
0.396092
0.358252
0.321129
0.285166
0.250869
0.218618
0.188713
0.161367
0.136703
0.114757
0.0954869
0.0787823
0.0644812
0.0523826
0.0422635
0.0338902
0.0270305
0.0214628
0.0169817
0.0134021
0.0105612
0.00831907
0.00655736
0.00517765
0.00409943
0.00325753
0.0025999
0.00208531
0.00168138
0.00136285
0.00111012
0.000908029
0.000744935
0.000611896
0.000502094
0.000410377
0.000332903
0.000266877
0.000210338
0.000161984
0.00012101
8.69401e-05
5.94579e-05
3.82315e-05
2.27691e-05
1.23323e-05
5.9409e-06
2.47842e-06
8.67836e-07
2.4624e-07
5.45313e-08
9.08095e-09
1.10067e-09
9.47002e-11
6.08764e-12
3.03534e-13
9.90731e-15
1.86901e-16
1.51032e-18
0.045095
0.255953
0.546207
0.669397
0.714262
0.746484
0.776483
0.810232
0.850687
0.8967
0.938892
0.96582
0.980944
0.989129
0.99247
0.991507
0.986619
0.97852
0.968204
0.956754
0.945175
0.934295
0.924726
0.916873
0.910945
0.907002
0.904981
0.904424
0.905063
0.906739
0.909267
0.912462
0.916137
0.920116
0.924241
0.928375
0.932394
0.936202
0.939717
0.942875
0.94563
0.94795
0.949814
0.951205
0.952126
0.952573
0.952556
0.952086
0.951175
0.949838
0.948089
0.94594
0.943404
0.940486
0.937189
0.933512
0.929445
0.924969
0.920062
0.914682
0.908786
0.902314
0.895192
0.887336
0.878652
0.869021
0.858325
0.846426
0.833182
0.818443
0.802058
0.783882
0.76378
0.741637
0.71737
0.690933
0.662328
0.631615
0.598924
0.564449
0.528458
0.491284
0.453316
0.414995
0.376744
0.339118
0.302596
0.267622
0.234578
0.203777
0.175448
0.149733
0.126693
0.106309
0.088495
0.0731106
0.0599746
0.0488792
0.0396025
0.0319198
0.025613
0.0204769
0.0163237
0.0129861
0.0103179
0.00819383
0.00650807
0.00517288
0.00411623
0.0032797
0.00261642
0.00208911
0.0016683
0.00133092
0.00105901
0.00083869
0.000659311
0.000512781
0.000392995
0.00029538
0.000216499
0.000153714
0.000104889
6.81519e-05
4.17023e-05
2.3718e-05
1.23438e-05
5.77097e-06
2.37213e-06
8.36569e-07
2.4641e-07
5.89157e-08
1.1107e-08
1.60463e-09
1.72881e-10
1.35188e-11
7.42254e-13
2.70526e-14
5.82286e-16
5.56236e-18
0.094233
0.353904
0.60512
0.690337
0.727541
0.75492
0.783096
0.817328
0.85984
0.90897
0.952659
0.976643
0.988341
0.993952
0.994852
0.990805
0.981982
0.969319
0.954194
0.938054
0.922191
0.907615
0.895041
0.884906
0.877407
0.872561
0.87024
0.869702
0.870806
0.873327
0.877013
0.881611
0.886873
0.89257
0.898496
0.904474
0.910353
0.916008
0.921342
0.926281
0.930771
0.934771
0.93826
0.941226
0.943667
0.945589
0.947005
0.947929
0.948377
0.948374
0.94794
0.947095
0.945852
0.944234
0.942252
0.939911
0.937217
0.934162
0.930741
0.926924
0.922692
0.917998
0.912794
0.907017
0.900589
0.893426
0.885418
0.876454
0.866404
0.855125
0.842469
0.828278
0.812395
0.794664
0.774947
0.753121
0.729096
0.702823
0.674305
0.643603
0.610845
0.576234
0.540045
0.502617
0.464301
0.425599
0.387
0.349002
0.312083
0.276683
0.243184
0.211897
0.183053
0.156799
0.133201
0.112247
0.0938602
0.0779092
0.0642215
0.0525974
0.0428219
0.0346758
0.0279443
0.0224244
0.0179287
0.0142892
0.0113579
0.00900691
0.00712746
0.00562856
0.00443494
0.0034851
0.00272931
0.00212775
0.00164874
0.00126732
0.000963917
0.000723229
0.000533317
0.000384815
0.000270278
0.000183655
0.000119869
7.452e-05
4.36936e-05
2.38847e-05
1.20093e-05
5.46776e-06
2.21428e-06
7.81793e-07
2.35437e-07
5.90759e-08
1.20499e-08
1.94684e-09
2.42278e-10
2.2486e-11
1.49186e-12
6.62607e-14
1.74443e-15
2.01858e-17
0.160588
0.46634
0.64231
0.705192
0.736975
0.761983
0.787844
0.822287
0.866902
0.919284
0.964483
0.984932
0.993375
0.99691
0.995465
0.987843
0.974197
0.955945
0.935042
0.91341
0.892656
0.873971
0.858152
0.845642
0.836595
0.830956
0.82851
0.828156
0.829944
0.833565
0.838688
0.844976
0.852111
0.859799
0.867782
0.87584
0.883787
0.891476
0.898796
0.905653
0.91199
0.917765
0.922955
0.927549
0.931549
0.934966
0.937815
0.940119
0.941902
0.943189
0.94401
0.94439
0.944354
0.943927
0.943128
0.941973
0.940478
0.938645
0.936477
0.933965
0.931094
0.927842
0.924174
0.920047
0.915403
0.910176
0.904282
0.897628
0.890103
0.881583
0.871931
0.860995
0.848617
0.834633
0.818873
0.801174
0.781396
0.759406
0.735123
0.708496
0.679543
0.648336
0.615028
0.579839
0.543024
0.504972
0.466122
0.426953
0.387965
0.349657
0.312504
0.276939
0.243335
0.211988
0.183118
0.156859
0.133265
0.112317
0.093931
0.0779711
0.0642637
0.0526094
0.0427943
0.0346018
0.0278199
0.0222484
0.0177028
0.0140171
0.0110453
0.00866069
0.00675553
0.00523928
0.00403688
0.00308671
0.00233873
0.00175257
0.00129587
0.000942734
0.000672454
0.00046839
0.000317055
0.000207396
0.000130244
7.79282e-05
4.40316e-05
2.32546e-05
1.13447e-05
5.04349e-06
2.01225e-06
7.08338e-07
2.15914e-07
5.58437e-08
1.19878e-08
2.08459e-09
2.85594e-10
2.97963e-11
2.26137e-12
1.16421e-13
3.58708e-15
4.89939e-17
0.221691
0.526006
0.666721
0.715674
0.743161
0.766427
0.792142
0.825259
0.871907
0.927628
0.974465
0.990969
0.996569
0.998579
0.994682
0.982671
0.963027
0.93799
0.91029
0.882397
0.856234
0.833148
0.813971
0.799113
0.788655
0.782437
0.780125
0.780201
0.782966
0.788008
0.794893
0.803189
0.812495
0.822452
0.832743
0.843103
0.853316
0.86321
0.872653
0.881548
0.889832
0.897461
0.904411
0.910678
0.916268
0.921195
0.925484
0.929158
0.932254
0.934801
0.936834
0.938386
0.939488
0.940172
0.940463
0.940387
0.939962
0.939205
0.938123
0.936722
0.934995
0.932934
0.930518
0.927718
0.924495
0.920799
0.916567
0.911724
0.906181
0.89983
0.892554
0.884219
0.874671
0.863749
0.851281
0.837089
0.820996
0.802834
0.782453
0.759735
0.7346
0.707023
0.677041
0.644762
0.610359
0.574057
0.536226
0.497285
0.457697
0.417969
0.378609
0.340121
0.302973
0.267582
0.234296
0.203388
0.175046
0.149376
0.126405
0.106086
0.0883185
0.0729496
0.0597944
0.0486468
0.03929
0.0315072
0.0250885
0.0198373
0.0155736
0.0121366
0.00938498
0.00719666
0.00546793
0.00411166
0.00305549
0.00223988
0.00161612
0.00114461
0.00079318
0.00053576
0.000351171
0.000222212
0.000134929
7.80764e-05
4.271e-05
2.18848e-05
1.03942e-05
4.52149e-06
1.7774e-06
6.21995e-07
1.90584e-07
5.02026e-08
1.1139e-08
2.03401e-09
2.97371e-10
3.36232e-11
2.80433e-12
1.60561e-13
5.55643e-15
8.59901e-17
0.277911
0.570416
0.685299
0.722571
0.746475
0.76838
0.794357
0.827715
0.874865
0.933959
0.98271
0.995096
0.998424
0.999428
0.992699
0.975149
0.948094
0.914992
0.879522
0.844722
0.812791
0.785169
0.762675
0.745641
0.734037
0.727563
0.725037
0.725919
0.730102
0.737027
0.746125
0.75685
0.768703
0.781248
0.794115
0.806998
0.819654
0.831894
0.843575
0.854596
0.864891
0.874419
0.883164
0.891123
0.89831
0.904747
0.910464
0.915496
0.919878
0.923652
0.926858
0.929534
0.931718
0.933447
0.934755
0.93567
0.93622
0.936426
0.936307
0.935871
0.935125
0.934068
0.932692
0.930978
0.928904
0.926434
0.923518
0.920102
0.916113
0.911463
0.906052
0.899761
0.892456
0.883984
0.874179
0.862862
0.849842
0.83493
0.817941
0.798705
0.777076
0.752952
0.726281
0.697074
0.665413
0.6314
0.59531
0.557475
0.518305
0.478265
0.437862
0.397624
0.358071
0.319702
0.282967
0.248251
0.215864
0.186033
0.158899
0.134517
0.112871
0.0938778
0.0774005
0.0632627
0.0512612
0.0411783
0.0327913
0.0258824
0.0202445
0.0156859
0.0120336
0.00913416
0.00685382
0.00507794
0.00370944
0.002667
0.00188322
0.00130265
0.000880015
0.000578554
0.000368633
0.000226546
0.000133546
7.50329e-05
3.98887e-05
1.98979e-05
9.22575e-06
3.93345e-06
1.52363e-06
5.28985e-07
1.62143e-07
4.31399e-08
9.7724e-09
1.84287e-09
2.81521e-10
3.3642e-11
2.99723e-12
1.85057e-13
6.96349e-15
1.18037e-16
0.326997
0.601305
0.695271
0.726352
0.747112
0.767813
0.794231
0.829531
0.876135
0.938226
0.989311
0.997683
0.999386
0.999808
0.989561
0.965009
0.928971
0.886543
0.842472
0.800317
0.762462
0.730354
0.704743
0.685848
0.673488
0.667193
0.664752
0.666874
0.672896
0.682104
0.693782
0.707262
0.721944
0.737316
0.75295
0.768505
0.783715
0.798375
0.812342
0.825518
0.837835
0.849262
0.859788
0.86942
0.878179
0.886095
0.893206
0.899554
0.905184
0.91014
0.914468
0.918217
0.921429
0.924143
0.926401
0.928237
0.929679
0.93076
0.931501
0.931919
0.932029
0.931833
0.931337
0.930531
0.9294
0.927921
0.926062
0.923777
0.921012
0.917695
0.913745
0.909054
0.903509
0.896966
0.889276
0.880258
0.869726
0.857481
0.843316
0.827029
0.808433
0.787369
0.763713
0.737397
0.70842
0.676805
0.642719
0.606414
0.568225
0.528566
0.487914
0.446792
0.405747
0.365321
0.326036
0.288365
0.252719
0.219429
0.18874
0.160812
0.135714
0.113437
0.0939054
0.0769834
0.0624935
0.0502281
0.0399628
0.0314666
0.0245122
0.0188822
0.0143749
0.0108071
0.00801585
0.00585891
0.00421392
0.00297717
0.00206193
0.00139647
0.000922224
0.000591884
0.000367749
0.000220214
0.000126441
6.92045e-05
3.58644e-05
1.74648e-05
7.92257e-06
3.31521e-06
1.26559e-06
4.35314e-07
1.33021e-07
3.55375e-08
8.14809e-09
1.56845e-09
2.46698e-10
3.06127e-11
2.85486e-12
1.85856e-13
7.42143e-15
1.34243e-16
0.36845
0.622728
0.700603
0.727273
0.74511
0.764625
0.791524
0.828889
0.877295
0.940363
0.994331
0.999118
0.999813
0.99995
0.985204
0.951914
0.905254
0.852373
0.799108
0.749412
0.7057
0.669332
0.640947
0.620628
0.608022
0.602436
0.601001
0.604878
0.613212
0.625099
0.639678
0.656155
0.673837
0.692144
0.710607
0.728858
0.746613
0.763668
0.779876
0.795146
0.809421
0.822677
0.834913
0.846146
0.856405
0.865732
0.874168
0.881765
0.888574
0.894649
0.900039
0.904796
0.908968
0.912603
0.915742
0.918424
0.920691
0.922565
0.924083
0.925262
0.926125
0.926678
0.926936
0.926895
0.92655
0.925886
0.924882
0.923504
0.921711
0.919445
0.916635
0.913194
0.909021
0.903985
0.897947
0.890739
0.882176
0.872054
0.86016
0.846273
0.830177
0.811667
0.790574
0.76677
0.74018
0.71077
0.678615
0.643892
0.60687
0.567906
0.527441
0.48598
0.444071
0.402287
0.361193
0.321328
0.283179
0.247166
0.213624
0.182798
0.15484
0.129815
0.107701
0.0884092
0.0717914
0.0576557
0.0457806
0.0359286
0.0278564
0.0213256
0.0161093
0.0119977
0.00880103
0.00635124
0.00450251
0.00313026
0.00212994
0.00141514
0.00091556
0.000574995
0.000349259
0.000204327
0.000114582
6.12554e-05
3.10248e-05
1.47821e-05
6.57254e-06
2.70241e-06
1.01699e-06
3.46216e-07
1.05211e-07
2.81052e-08
6.482e-09
1.26306e-09
2.02405e-10
2.57523e-11
2.47721e-12
1.67262e-13
6.96038e-15
1.31743e-16
0.402577
0.637326
0.702598
0.725155
0.740441
0.758655
0.786036
0.825719
0.877857
0.940782
0.997802
0.999772
0.999962
0.999991
0.979494
0.935518
0.876634
0.812421
0.749701
0.69257
0.64328
0.603013
0.572289
0.551085
0.538863
0.534013
0.534334
0.540789
0.552206
0.567423
0.585381
0.605164
0.62601
0.647304
0.668563
0.689418
0.709593
0.728895
0.74719
0.764397
0.780474
0.79541
0.809213
0.821912
0.833544
0.844162
0.853814
0.862557
0.870449
0.877549
0.883914
0.8896
0.894654
0.899134
0.90308
0.906538
0.909547
0.912144
0.914356
0.916214
0.917738
0.918948
0.919856
0.920467
0.920781
0.920794
0.920488
0.919843
0.918826
0.917389
0.915474
0.913007
0.909897
0.906026
0.901263
0.89545
0.888406
0.879928
0.869797
0.857781
0.843641
0.827147
0.808088
0.786292
0.761636
0.734036
0.703499
0.670144
0.634182
0.595926
0.555782
0.514235
0.471833
0.429161
0.386818
0.345391
0.305424
0.267404
0.231737
0.198738
0.168627
0.141524
0.11746
0.0963817
0.0781664
0.0626369
0.0495752
0.0387376
0.0298684
0.0227109
0.0170171
0.0125542
0.00910946
0.00649341
0.00454055
0.00310936
0.00208122
0.00135852
0.000862544
0.000531082
0.000316016
0.000181014
9.93605e-05
5.19982e-05
2.57929e-05
1.20467e-05
5.25802e-06
2.12641e-06
7.89073e-07
2.65708e-07
8.01615e-08
2.1347e-08
4.9302e-09
9.66614e-10
1.56613e-10
2.02424e-11
1.98699e-12
1.37461e-13
5.88137e-15
1.1478e-16
0.429912
0.646594
0.701381
0.719609
0.733017
0.749705
0.777492
0.819683
0.875916
0.941166
0.9997
0.999979
0.999999
1
0.972266
0.915503
0.842949
0.766893
0.694848
0.630692
0.576271
0.53252
0.499908
0.478424
0.467352
0.461997
0.465254
0.475536
0.491166
0.510606
0.532564
0.556011
0.580162
0.604419
0.628336
0.651589
0.673936
0.695221
0.715333
0.734218
0.751849
0.768232
0.783385
0.797349
0.81017
0.821909
0.832622
0.84237
0.851215
0.859221
0.866449
0.872956
0.878797
0.884027
0.888693
0.892841
0.896513
0.899747
0.902576
0.905032
0.907138
0.908916
0.910382
0.911549
0.912419
0.912992
0.913262
0.913212
0.912815
0.912033
0.91082
0.909105
0.906809
0.903824
0.900022
0.895256
0.889345
0.882086
0.873253
0.862607
0.849891
0.834854
0.81726
0.796904
0.773621
0.747302
0.717907
0.685508
0.650284
0.61252
0.572598
0.530994
0.488259
0.444988
0.401809
0.35934
0.318171
0.278834
0.241787
0.207391
0.175912
0.147511
0.122248
0.100095
0.0809439
0.0646237
0.0509148
0.0395663
0.0303099
0.0228735
0.0169914
0.0124133
0.00890922
0.00627421
0.00432938
0.0029223
0.00192589
0.0012365
0.00077148
0.000466417
0.000272342
0.00015301
8.23641e-05
4.22725e-05
2.05723e-05
9.43374e-06
4.04728e-06
1.61133e-06
5.89814e-07
1.96387e-07
5.87497e-08
1.55626e-08
3.58763e-09
7.04627e-10
1.14783e-10
1.49692e-11
1.48751e-12
1.04485e-13
4.55023e-15
9.05536e-17
0.451017
0.651691
0.697691
0.711793
0.722719
0.737533
0.765584
0.810489
0.871428
0.941519
0.999999
0.999999
0.999998
0.999999
0.963366
0.891616
0.804207
0.716285
0.635503
0.565025
0.506011
0.45911
0.424929
0.4038
0.394772
0.392064
0.399147
0.413907
0.434195
0.458112
0.484146
0.511181
0.538432
0.565352
0.591572
0.616825
0.640943
0.663808
0.685353
0.70555
0.724394
0.741907
0.758123
0.773089
0.78686
0.799501
0.811073
0.82164
0.831273
0.840035
0.847983
0.855184
0.861693
0.867563
0.872843
0.877584
0.881827
0.885611
0.888973
0.891941
0.894546
0.896807
0.898749
0.900383
0.901714
0.902754
0.903491
0.903919
0.904015
0.903747
0.903072
0.901929
0.900242
0.897907
0.894803
0.890776
0.885648
0.879217
0.871243
0.861479
0.849653
0.835502
0.818762
0.79921
0.776662
0.750992
0.722132
0.690144
0.65519
0.617546
0.577596
0.535819
0.49278
0.449094
0.405407
0.362365
0.320586
0.28063
0.242977
0.208016
0.176031
0.147194
0.121579
0.099158
0.0798229
0.0633971
0.0496528
0.0383274
0.0291407
0.0218075
0.0160499
0.0116063
0.00823774
0.00573159
0.00390374
0.00259848
0.00168727
0.00106648
0.000654587
0.000389071
0.000223238
0.000123205
6.51386e-05
3.28386e-05
1.57029e-05
7.0797e-06
2.98899e-06
1.1725e-06
4.23532e-07
1.39426e-07
4.13275e-08
1.08736e-08
2.49628e-09
4.89575e-10
7.98545e-11
1.04551e-11
1.04556e-12
7.40665e-14
3.25842e-15
6.5578e-17
0.466386
0.653408
0.691792
0.701479
0.709361
0.721885
0.749953
0.797764
0.864087
0.940417
1
1
0.999998
0.999997
0.952666
0.863653
0.760613
0.661423
0.572996
0.497172
0.434096
0.384134
0.34831
0.328148
0.318284
0.320889
0.335168
0.357204
0.383843
0.41292
0.443031
0.473278
0.503072
0.532034
0.559918
0.586562
0.611864
0.635766
0.65824
0.679284
0.698918
0.717172
0.734095
0.749738
0.764168
0.777444
0.789631
0.800804
0.811022
0.820353
0.828859
0.836601
0.843635
0.850015
0.855793
0.861011
0.865719
0.869952
0.87375
0.87714
0.880154
0.882815
0.885145
0.88716
0.888871
0.890282
0.891392
0.892195
0.892673
0.892795
0.892522
0.891792
0.890527
0.888629
0.885971
0.882394
0.877713
0.871714
0.864151
0.854759
0.843256
0.82936
0.812805
0.79335
0.770811
0.745066
0.716047
0.683825
0.648579
0.610604
0.570309
0.528198
0.484858
0.44093
0.39708
0.353969
0.312224
0.272408
0.235003
0.200388
0.168835
0.140503
0.115446
0.0936209
0.0748987
0.0590856
0.0459375
0.0351786
0.0265174
0.0196609
0.0143263
0.0102495
0.00719189
0.0049433
0.00332362
0.00218238
0.00139695
0.000869887
0.000525718
0.000307528
0.000173595
9.42352e-05
4.90008e-05
2.42982e-05
1.14319e-05
5.07375e-06
2.11026e-06
8.16299e-07
2.91127e-07
9.47626e-08
2.78201e-08
7.26317e-09
1.65782e-09
3.23926e-10
5.27463e-11
6.90759e-12
6.92177e-13
4.92028e-14
2.17436e-15
4.39811e-17
0.476356
0.65229
0.683711
0.687943
0.691348
0.702508
0.730208
0.781061
0.853515
0.937582
0.999997
0.999997
0.999998
0.999996
0.940053
0.83145
0.712566
0.60349
0.509081
0.42918
0.362563
0.309255
0.270725
0.251527
0.243048
0.255553
0.281089
0.312535
0.345916
0.379536
0.41269
0.445007
0.476242
0.506229
0.53486
0.562066
0.587809
0.612077
0.634873
0.656215
0.676139
0.69469
0.711912
0.727865
0.742611
0.75622
0.768751
0.78027
0.790843
0.800533
0.809402
0.817507
0.824904
0.831644
0.837778
0.843349
0.848401
0.852971
0.857098
0.860812
0.86414
0.867108
0.86974
0.872048
0.874045
0.875742
0.877133
0.878212
0.878964
0.879354
0.879343
0.878865
0.877838
0.876151
0.873669
0.870222
0.865606
0.859594
0.851924
0.842314
0.830474
0.816112
0.798964
0.778799
0.755447
0.728819
0.698878
0.665739
0.629628
0.590889
0.54998
0.50745
0.463917
0.420047
0.376516
0.333982
0.293056
0.254277
0.218089
0.18483
0.154727
0.127894
0.10434
0.0839831
0.0666607
0.0521522
0.0401941
0.0304984
0.0227679
0.0167097
0.012046
0.00852166
0.00590936
0.00401193
0.0026629
0.00172526
0.00108913
0.000668557
0.00039814
0.000229424
0.000127545
6.8179e-05
3.49101e-05
1.70485e-05
7.90162e-06
3.45624e-06
1.41761e-06
5.41207e-07
1.90684e-07
6.13878e-08
1.78476e-08
4.62099e-09
1.04756e-09
2.03601e-10
3.30268e-11
4.31467e-12
4.3183e-13
3.06885e-14
1.35663e-15
2.74524e-17
0.48106
0.648848
0.673947
0.671712
0.669033
0.679198
0.705952
0.759852
0.839198
0.932942
1
1
0.999998
1
0.925416
0.794826
0.660686
0.544108
0.446053
0.363841
0.294563
0.237666
0.19322
0.161866
0.171752
0.212581
0.254484
0.290598
0.326103
0.361159
0.39579
0.428322
0.459471
0.489193
0.517467
0.544277
0.56962
0.593506
0.615956
0.636999
0.656677
0.675027
0.692108
0.707965
0.722665
0.736266
0.748832
0.76042
0.771092
0.780909
0.789922
0.798192
0.805768
0.812699
0.819032
0.824809
0.83007
0.834855
0.839192
0.843118
0.846657
0.849833
0.852666
0.855174
0.857368
0.85925
0.860822
0.86207
0.862973
0.863495
0.863583
0.86316
0.86213
0.860366
0.85771
0.853967
0.84892
0.842312
0.833864
0.823286
0.810282
0.79457
0.775909
0.754102
0.729031
0.700669
0.669054
0.634375
0.596944
0.557178
0.515602
0.472815
0.429467
0.386231
0.343772
0.302714
0.263618
0.226955
0.193096
0.162299
0.134714
0.110381
0.0892459
0.0711717
0.0559564
0.0433504
0.0330748
0.0248364
0.018343
0.0133138
0.00948886
0.00663402
0.00454484
0.0030472
0.00199673
0.00127671
0.000795158
0.000481428
0.000282713
0.000160617
8.80252e-05
4.63848e-05
2.34144e-05
1.12745e-05
5.15377e-06
2.22426e-06
9.0061e-07
3.39646e-07
1.18303e-07
3.7685e-08
1.08517e-08
2.78572e-09
6.26828e-10
1.21057e-10
1.95332e-11
2.54078e-12
2.53395e-13
1.79544e-14
7.91536e-16
1.597e-17
0.480325
0.643653
0.663739
0.654964
0.645647
0.651818
0.676875
0.733563
0.820417
0.926289
0.999998
1
1
0.999998
0.908596
0.753507
0.605861
0.48548
0.387055
0.305517
0.236499
0.179337
0.127987
0.153055
0.181972
0.218885
0.256066
0.290384
0.324203
0.35753
0.390148
0.421007
0.450601
0.478921
0.506469
0.53365
0.557782
0.580536
0.601966
0.622102
0.640976
0.658633
0.675109
0.690455
0.704723
0.717968
0.73024
0.741595
0.752093
0.761778
0.770704
0.778921
0.786475
0.793411
0.799769
0.805591
0.810912
0.815767
0.820188
0.824202
0.827831
0.831102
0.834032
0.836628
0.838905
0.840858
0.842478
0.843748
0.84463
0.845075
0.845008
0.844335
0.842928
0.84063
0.837256
0.832584
0.82636
0.818316
0.808162
0.795609
0.780383
0.762248
0.741011
0.71656
0.688867
0.65801
0.624145
0.587572
0.548704
0.508051
0.466197
0.423779
0.381451
0.339861
0.299616
0.261262
0.225261
0.191976
0.161662
0.134469
0.11044
0.0895285
0.0716063
0.0564819
0.0439167
0.0336427
0.0253773
0.0188373
0.0137501
0.00986221
0.00694447
0.00479597
0.00324497
0.00214836
0.00138984
0.000877222
0.000539234
0.000322191
0.000186704
0.000104665
5.66018e-05
2.94333e-05
1.46638e-05
6.97024e-06
3.14624e-06
1.3413e-06
5.36728e-07
2.00149e-07
6.89758e-08
2.17541e-08
6.20666e-09
1.57987e-09
3.5276e-10
6.76536e-11
1.08478e-11
1.40303e-12
1.39196e-13
9.814e-15
4.30511e-16
8.639e-18
0.473438
0.637093
0.654567
0.639508
0.620844
0.620041
0.64296
0.70165
0.796168
0.917268
0.999997
1
1
0.999999
0.889329
0.707035
0.549404
0.43073
0.336774
0.26213
0.203885
0.182358
0.18417
0.19657
0.219067
0.247627
0.277753
0.307634
0.337585
0.367279
0.396333
0.424215
0.451154
0.477178
0.50259
0.52746
0.549837
0.572706
0.593077
0.611767
0.629321
0.645791
0.661215
0.675633
0.689083
0.701611
0.713261
0.724077
0.734105
0.743392
0.751984
0.759916
0.767232
0.773971
0.780168
0.785857
0.791073
0.795842
0.800195
0.804152
0.807735
0.810961
0.813837
0.816374
0.818562
0.820393
0.82184
0.822861
0.823399
0.823374
0.822681
0.821183
0.81872
0.815097
0.810092
0.803455
0.794923
0.784222
0.771087
0.75527
0.736567
0.714826
0.689972
0.662022
0.631083
0.597377
0.561209
0.522999
0.483262
0.442573
0.401543
0.360795
0.320934
0.282519
0.246045
0.211923
0.180468
0.151895
0.126319
0.103761
0.0841555
0.0673687
0.0532091
0.0414459
0.031823
0.0240735
0.0179319
0.0131442
0.00947434
0.00671022
0.00466568
0.0031817
0.00212566
0.00138958
0.000887637
0.000553189
0.000335774
0.000198109
0.000113368
6.2767e-05
3.35278e-05
1.7224e-05
8.47915e-06
3.98363e-06
1.7778e-06
7.49608e-07
2.96793e-07
1.09557e-07
3.73924e-08
1.16855e-08
3.30526e-09
8.34499e-10
1.84906e-10
3.52052e-11
5.60605e-12
7.20262e-13
7.09952e-14
4.97317e-15
2.16702e-16
4.31716e-18
0.463005
0.625825
0.646487
0.630169
0.597184
0.577661
0.605092
0.663872
0.765035
0.9053
0.999997
0.999998
1
0.999998
0.867094
0.654641
0.493434
0.384554
0.30302
0.257104
0.235086
0.230599
0.237143
0.24839
0.266607
0.288882
0.312969
0.337776
0.362951
0.388087
0.412848
0.436981
0.46054
0.483526
0.506009
0.5278
0.548019
0.568374
0.586728
0.605998
0.621779
0.636619
0.650574
0.663667
0.675925
0.687386
0.698079
0.708047
0.71732
0.725932
0.733925
0.741325
0.748172
0.754493
0.760317
0.765673
0.770585
0.775075
0.779162
0.782861
0.78618
0.789126
0.79169
0.79386
0.795611
0.796901
0.797678
0.79786
0.797353
0.796031
0.793747
0.790326
0.785562
0.779242
0.771124
0.760967
0.748533
0.733602
0.715991
0.695557
0.67223
0.646013
0.616996
0.585362
0.551387
0.515434
0.477947
0.439434
0.400453
0.361575
0.323359
0.286337
0.250982
0.217696
0.186801
0.158528
0.133016
0.110319
0.0904097
0.0731912
0.0585111
0.0461738
0.0359554
0.0276158
0.0209111
0.0156025
0.0114648
0.00829119
0.00589714
0.00412191
0.00282885
0.00190436
0.00125616
0.000810894
0.000511577
0.000314933
0.000188859
0.00011011
6.2278e-05
3.40874e-05
1.8005e-05
9.14885e-06
4.45612e-06
2.07202e-06
9.155e-07
3.8232e-07
1.49977e-07
5.48731e-08
1.85701e-08
5.75626e-09
1.61547e-09
4.04792e-10
8.90318e-11
1.6828e-11
2.66018e-12
3.39261e-13
3.31885e-14
2.3067e-15
9.96869e-17
1.96838e-18
0.452062
0.606173
0.634625
0.623921
0.594008
0.550973
0.567097
0.621008
0.725021
0.889479
1
0.999999
1
0.999997
0.840954
0.595134
0.441808
0.354532
0.31393
0.29227
0.285513
0.289137
0.294361
0.305401
0.320517
0.338159
0.35723
0.377085
0.397351
0.417723
0.437979
0.457983
0.477693
0.497058
0.51601
0.534365
0.55187
0.569182
0.585304
0.602007
0.617382
0.630904
0.643071
0.654487
0.665206
0.67526
0.684675
0.693475
0.70168
0.709326
0.716426
0.723012
0.7291
0.734716
0.739872
0.74459
0.748873
0.752735
0.756172
0.759181
0.761748
0.763848
0.765447
0.766498
0.766933
0.766674
0.765619
0.763646
0.760612
0.756361
0.75071
0.743472
0.734444
0.723433
0.710249
0.694729
0.676739
0.656193
0.633067
0.607393
0.579289
0.548941
0.516617
0.482654
0.447449
0.411451
0.37516
0.339076
0.303688
0.269454
0.236783
0.206021
0.177442
0.151244
0.127547
0.106395
0.0877655
0.0715747
0.0576907
0.0459446
0.0361416
0.0280718
0.0215208
0.0162777
0.0121415
0.00892643
0.00646489
0.00460946
0.00323326
0.00222943
0.00150985
0.00100331
0.000653468
0.000416654
0.000259713
0.000158022
9.36908e-05
5.40251e-05
3.02319e-05
1.63774e-05
8.56502e-06
4.31069e-06
2.08042e-06
9.58896e-07
4.20133e-07
1.74048e-07
6.77545e-08
2.46084e-08
8.26929e-09
2.54577e-09
7.09667e-10
1.7663e-10
3.85834e-11
7.24089e-12
1.13604e-12
1.43716e-13
1.39375e-14
9.59711e-16
4.10588e-17
8.01442e-19
0.43984
0.577187
0.614995
0.614828
0.595756
0.568101
0.545347
0.576955
0.673228
0.868385
1
1
1
1
0.809216
0.526868
0.402161
0.36765
0.350357
0.344533
0.346735
0.349061
0.356064
0.3663
0.378702
0.392508
0.407205
0.42246
0.438047
0.453794
0.469573
0.485293
0.500883
0.516273
0.531382
0.546109
0.560406
0.574437
0.58791
0.601553
0.614291
0.62727
0.637763
0.647179
0.655986
0.664244
0.671973
0.679183
0.685891
0.692102
0.69783
0.70308
0.707852
0.712153
0.715975
0.719308
0.722141
0.724448
0.7262
0.727356
0.727866
0.727666
0.726679
0.724822
0.721987
0.718062
0.712917
0.706418
0.698423
0.688788
0.677372
0.664048
0.648704
0.631262
0.611671
0.589933
0.566091
0.54025
0.512568
0.483263
0.452609
0.42092
0.388558
0.355904
0.323354
0.291305
0.260178
0.230328
0.202056
0.175612
0.15118
0.128885
0.108788
0.0908963
0.0751618
0.0614948
0.0497702
0.0398364
0.0315252
0.0246592
0.0190593
0.0145512
0.0109696
0.00816223
0.00599172
0.00433714
0.00309401
0.00217389
0.0015033
0.00102239
0.000683236
0.000448217
0.000288338
0.00018167
0.000111955
6.73783e-05
3.95341e-05
2.25714e-05
1.25123e-05
6.71806e-06
3.48395e-06
1.73962e-06
8.33365e-07
3.81448e-07
1.66044e-07
6.83686e-08
2.64625e-08
9.55879e-09
3.19522e-09
9.78576e-10
2.71355e-10
6.71645e-11
1.45834e-11
2.7184e-12
4.23212e-13
5.30649e-14
5.09431e-15
3.46855e-16
1.46576e-17
2.81669e-19
0.424886
0.537668
0.582131
0.594365
0.58916
0.575807
0.565166
0.547924
0.605247
0.839668
1
1
0.999999
1
0.76895
0.448025
0.401052
0.399779
0.400076
0.402386
0.404522
0.409916
0.417417
0.426274
0.436024
0.446375
0.457143
0.468202
0.479461
0.490841
0.502279
0.513717
0.525101
0.536375
0.547491
0.558398
0.569081
0.579556
0.589766
0.599881
0.609491
0.619267
0.628816
0.635469
0.641587
0.647207
0.652336
0.656966
0.661087
0.664688
0.667755
0.670267
0.672203
0.673529
0.674217
0.674224
0.673503
0.672004
0.669666
0.666425
0.662207
0.656934
0.650527
0.642897
0.633963
0.623641
0.611855
0.598539
0.58364
0.567127
0.548992
0.529251
0.507956
0.485194
0.461086
0.435791
0.409504
0.382449
0.354882
0.327073
0.299309
0.271879
0.245063
0.219128
0.194318
0.170844
0.14893
0.128707
0.11025
0.0935903
0.0787199
0.065593
0.0541342
0.0442429
0.0358005
0.028676
0.0227319
0.0178296
0.0138333
0.0106138
0.00805091
0.00603543
0.00446996
0.00326932
0.00236036
0.00168133
0.00118097
0.000817485
0.000557279
0.000373843
0.00024658
0.000159758
0.000101564
6.32802e-05
3.85888e-05
2.29965e-05
1.33698e-05
7.56861e-06
4.16288e-06
2.21916e-06
1.14338e-06
5.67578e-07
2.70472e-07
1.23223e-07
5.34167e-08
2.19134e-08
8.45362e-09
3.04432e-09
1.01464e-09
3.09812e-10
8.56251e-11
2.11111e-11
4.56171e-12
8.45076e-13
1.30518e-13
1.61986e-14
1.53543e-15
1.02995e-16
4.28495e-18
8.10401e-20
0.403469
0.484465
0.528672
0.550456
0.558189
0.55743
0.552531
0.545476
0.520603
0.798318
0.999999
1
1
0.999999
0.713595
0.372825
0.413905
0.424738
0.429236
0.433752
0.439309
0.445568
0.452226
0.45912
0.466168
0.473326
0.480562
0.487848
0.495157
0.502462
0.50973
0.516928
0.524025
0.530987
0.53778
0.544374
0.550748
0.556879
0.562735
0.568308
0.573477
0.578424
0.583031
0.585237
0.586741
0.587672
0.588019
0.58776
0.586872
0.585325
0.583094
0.580143
0.576439
0.571954
0.56665
0.560488
0.553437
0.545464
0.536532
0.526616
0.515691
0.50374
0.49075
0.476722
0.461665
0.445606
0.428582
0.410647
0.391873
0.37235
0.352185
0.331502
0.31044
0.289153
0.267802
0.246558
0.225592
0.205074
0.185168
0.166025
0.147782
0.130558
0.114448
0.0995247
0.0858348
0.0734009
0.0622583
0.0523751
0.0436931
0.0361404
0.0296343
0.024085
0.0193987
0.015481
0.012239
0.00958352
0.00743102
0.00570452
0.00433443
0.00325892
0.00242393
0.00178293
0.00129648
0.000931632
0.000661283
0.000463434
0.00032049
0.000218579
0.000146921
9.72556e-05
6.3349e-05
4.0565e-05
2.55089e-05
1.57343e-05
9.5069e-06
5.61839e-06
3.24211e-06
1.82328e-06
9.97111e-07
5.28966e-07
2.7145e-07
1.34319e-07
6.38543e-08
2.90422e-08
1.25766e-08
5.15685e-09
1.98924e-09
7.16499e-10
2.38854e-10
7.29315e-11
2.01448e-11
4.95868e-12
1.068e-12
1.96743e-13
3.0115e-14
3.68757e-15
3.42846e-16
2.24028e-17
9.03671e-19
1.68964e-20
0.357991
0.406395
0.439186
0.461154
0.475346
0.483716
0.487202
0.483461
0.478768
0.717494
0.999999
1
0.999998
1
0.617056
0.326612
0.333401
0.339787
0.343327
0.345857
0.348626
0.351844
0.355424
0.359228
0.363132
0.367048
0.370907
0.374656
0.378254
0.381664
0.384856
0.387799
0.390467
0.392836
0.394879
0.396572
0.397893
0.398811
0.399293
0.399292
0.398722
0.397428
0.394267
0.389449
0.385206
0.380583
0.375487
0.369889
0.363785
0.357171
0.350047
0.342414
0.334283
0.325658
0.316554
0.306986
0.296975
0.286544
0.27572
0.264537
0.253033
0.241249
0.229233
0.217034
0.204712
0.192323
0.179932
0.167604
0.155405
0.143403
0.131665
0.120256
0.109237
0.0986645
0.0885909
0.07906
0.0701082
0.061763
0.0540436
0.0469594
0.0405107
0.0346893
0.0294786
0.0248548
0.020788
0.0172434
0.014196
0.0115992
0.00940472
0.00756567
0.00603756
0.00477878
0.00375096
0.00291919
0.00225214
0.00172212
0.00130491
0.000979598
0.0007284
0.000536337
0.000390959
0.000282048
0.000201311
0.000142105
9.91671e-05
6.83831e-05
4.65728e-05
3.13092e-05
2.07631e-05
1.35732e-05
8.73952e-06
5.53758e-06
3.44931e-06
2.1097e-06
1.26537e-06
7.43149e-07
4.26648e-07
2.38982e-07
1.30323e-07
6.90184e-08
3.53971e-08
1.75238e-08
8.34326e-09
3.80402e-09
1.65277e-09
6.8041e-10
2.63658e-10
9.54238e-11
3.19635e-11
9.80244e-12
2.71685e-12
6.69939e-13
1.44167e-13
2.64294e-14
4.00197e-15
4.80443e-16
4.32006e-17
2.67205e-18
9.82797e-20
1.54526e-21
)
;

boundaryField
{
    walls
    {
        type            zeroGradient;
    }
    top
    {
        type            zeroGradient;
    }
    bottom
    {
        type            zeroGradient;
    }
    frontAndBack
    {
        type            empty;
    }
    inlet
    {
        type            uniformFixedValue;
        uniformValue    
        {
            type            constant;
            value           1;
        }
        value           uniform 1;
    }
    outlet
    {
        type            zeroGradient;
    }
}


// ************************************************************************* //
