/*--------------------------------*- C++ -*----------------------------------*\
  =========                 |
  \\      /  F ield         | OpenFOAM: The Open Source CFD Toolbox
   \\    /   O peration     | Website:  https://openfoam.org
    \\  /    A nd           | Version:  12
     \\/     M anipulation  |
\*---------------------------------------------------------------------------*/
FoamFile
{
    format      ascii;
    class       volScalarField;
    location    "5";
    object      T;
}
// * * * * * * * * * * * * * * * * * * * * * * * * * * * * * * * * * * * * * //

dimensions      [];

internalField   nonuniform List<scalar> 
4480
(
8.75375e-52
1.18101e-47
7.02014e-42
4.13915e-37
4.87984e-33
1.72427e-29
2.30583e-26
1.33638e-23
3.55917e-21
4.36213e-19
2.2152e-17
2.23294e-16
8.07849e-16
1.51029e-15
1.75476e-15
1.42377e-15
8.68941e-16
4.18972e-16
1.65032e-16
5.43577e-17
1.52158e-17
3.65939e-18
7.61174e-19
1.37327e-19
2.14691e-20
2.89271e-21
3.32026e-22
3.41983e-23
3.44853e-24
3.3901e-25
3.23662e-26
2.99066e-27
2.66606e-28
2.28643e-29
1.88155e-30
1.48229e-31
1.11564e-32
8.0077e-34
5.47276e-35
3.55676e-36
2.19576e-37
1.28656e-38
7.15035e-40
3.76795e-41
1.8823e-42
8.91456e-44
4.0036e-45
1.70587e-46
6.90039e-48
2.65228e-49
9.69738e-51
3.37701e-52
1.12174e-53
3.56018e-55
1.08164e-56
3.15227e-58
8.83246e-60
2.38516e-61
6.22392e-63
1.57368e-64
3.86643e-66
9.25787e-68
2.16658e-69
4.96959e-71
1.12021e-72
2.48751e-74
5.4531e-76
1.18231e-77
2.53907e-79
5.40777e-81
1.14336e-82
2.40178e-84
5.0162e-86
1.04232e-87
2.1563e-89
4.44435e-91
9.13342e-93
1.87305e-94
3.83662e-96
7.85665e-98
1.61004e-99
3.30498e-101
6.80215e-103
7.59205e-102
5.21726e-102
1.49098e-102
2.82057e-103
4.19717e-104
5.35395e-105
6.15743e-106
6.59799e-107
6.74126e-108
6.68078e-109
6.50775e-110
6.29744e-111
6.10675e-112
5.97783e-113
5.94383e-114
6.03572e-115
6.28894e-116
6.75194e-117
7.49763e-118
8.64059e-119
1.03671e-119
1.29882e-120
1.70383e-121
2.34672e-122
3.40256e-123
5.20712e-124
8.43322e-125
1.44934e-125
2.65071e-126
5.17436e-127
1.08152e-127
2.42882e-128
5.88322e-129
1.54399e-129
4.41451e-130
1.38558e-130
4.83776e-131
1.92873e-131
9.14599e-132
5.35597e-132
4.15568e-132
5.36922e-132
1.04544e-131
1.09656e-131
3.24561e-132
1.41422e-133
4.58062e-137
1.06032e-140
1.21011e-144
1.55669e-148
2.32326e-152
4.37292e-156
6.18498e-160
8.66755e-164
7.11003e-168
3.0434e-172
4.24726e-177
3.09083e-50
7.82628e-44
1.47999e-38
4.26937e-34
2.99308e-30
7.03481e-27
6.74116e-24
2.95582e-21
6.21375e-19
6.22515e-17
2.66614e-15
2.38843e-14
8.01852e-14
1.4352e-13
1.63402e-13
1.3233e-13
8.18791e-14
4.05899e-14
1.66555e-14
5.78847e-15
1.7319e-15
4.51254e-16
1.03187e-16
2.08037e-17
3.7047e-18
5.82068e-19
8.03192e-20
1.0048e-20
1.23106e-21
1.47127e-22
1.70904e-23
1.92327e-24
2.09048e-25
2.18866e-26
2.20167e-27
2.1232e-28
1.95893e-29
1.72606e-30
1.45019e-31
1.16022e-32
8.82914e-34
6.38495e-35
4.38484e-36
2.8582e-37
1.76786e-38
1.03746e-39
5.77704e-41
3.05329e-42
1.53234e-43
7.30693e-45
3.31318e-46
1.42986e-47
5.87949e-49
2.30627e-50
8.64129e-52
3.0972e-53
1.06353e-54
3.50447e-56
1.11001e-57
3.3855e-59
9.961e-61
2.83253e-62
7.79933e-64
2.08346e-65
5.40996e-67
1.36813e-68
3.37615e-70
8.14558e-72
1.92515e-73
4.4656e-75
1.01856e-76
2.2888e-78
5.07624e-80
1.11323e-81
2.4183e-83
5.21287e-85
1.11691e-86
2.38249e-88
5.06736e-90
1.07617e-91
2.28507e-93
4.85672e-95
1.03432e-96
8.89304e-97
2.81887e-97
5.15814e-98
7.11705e-99
8.28802e-100
8.64241e-101
8.3644e-102
7.69632e-103
6.8499e-104
5.97486e-105
5.16073e-106
4.45147e-107
3.86166e-108
3.38955e-109
3.02605e-110
2.76042e-111
2.58351e-112
2.48985e-113
2.47918e-114
2.55827e-115
2.74353e-116
3.0659e-117
3.57919e-118
4.37566e-119
5.61532e-120
7.5822e-121
1.07979e-121
1.62573e-122
2.59427e-123
4.39936e-124
7.95072e-125
1.53619e-125
3.18489e-126
7.11678e-127
1.72378e-127
4.56099e-128
1.33319e-128
4.37518e-129
1.64359e-129
7.17815e-130
3.67937e-130
2.20012e-130
1.35952e-130
6.0525e-131
1.19707e-131
4.75822e-133
2.72238e-136
1.36495e-139
4.9027e-143
1.42839e-146
3.43581e-150
9.22835e-154
1.74732e-157
3.16537e-161
3.35805e-165
1.9176e-169
4.21208e-174
4.95106e-46
1.67393e-40
1.21406e-35
1.82655e-31
7.83224e-28
1.24304e-24
8.61464e-22
2.87581e-19
4.79403e-17
3.93964e-15
1.42677e-13
1.13847e-12
3.54987e-12
6.07737e-12
6.76074e-12
5.43868e-12
3.38912e-12
1.71271e-12
7.24498e-13
2.62366e-13
8.26674e-14
2.29301e-14
5.64599e-15
1.24103e-15
2.44324e-16
4.31317e-17
6.82023e-18
9.83716e-19
1.38963e-19
1.91552e-20
2.56796e-21
3.3379e-22
4.19485e-23
5.08387e-24
5.92765e-25
6.63511e-26
7.11622e-27
7.30022e-28
7.15227e-29
6.68342e-30
5.94994e-31
5.04178e-32
4.06346e-33
3.11326e-34
2.26671e-35
1.56808e-36
1.03072e-37
6.43881e-39
3.82406e-40
2.16039e-41
1.1618e-42
5.9523e-44
2.90817e-45
1.3565e-46
6.04807e-48
2.581e-49
1.05573e-50
4.14543e-52
1.56501e-53
5.68993e-55
1.99556e-56
6.76289e-58
2.21848e-59
7.05648e-61
2.18009e-62
6.55327e-64
1.91986e-65
5.49064e-67
1.53539e-68
4.2047e-70
1.12934e-71
2.97939e-73
7.7312e-75
1.97591e-76
4.9802e-78
1.23944e-79
3.04937e-81
7.42495e-83
1.79122e-84
4.28576e-86
1.01805e-87
2.40325e-89
5.64332e-91
5.12215e-92
6.88284e-93
7.79677e-94
7.70936e-95
6.9515e-96
5.88498e-97
4.7714e-98
3.75873e-99
2.90884e-100
2.231e-101
1.70818e-102
1.3137e-103
1.02021e-104
8.03796e-106
6.45163e-107
5.29526e-108
4.45933e-109
3.86512e-110
3.45789e-111
3.20159e-112
3.07541e-113
3.07216e-114
3.19858e-115
3.47838e-116
3.95932e-117
4.72694e-118
5.93137e-119
7.83874e-120
1.09342e-120
1.61339e-121
2.52429e-122
4.19873e-123
7.4465e-124
1.41298e-124
2.88045e-125
6.3403e-126
1.51595e-126
3.96208e-127
1.1366e-127
3.56723e-128
1.20466e-128
4.20371e-129
1.37777e-129
3.46274e-130
4.72778e-131
1.79896e-132
1.87926e-135
1.5351e-138
1.0162e-141
5.13034e-145
1.92988e-148
7.51896e-152
1.95745e-155
4.71983e-159
6.60332e-163
5.06147e-167
1.574e-171
1.65278e-42
1.69461e-37
5.40962e-33
4.45542e-29
1.19472e-25
1.29585e-22
6.54364e-20
1.67168e-17
2.21819e-15
1.49952e-13
4.60202e-12
3.27663e-11
9.49513e-11
1.5536e-10
1.68475e-10
1.34116e-10
8.37288e-11
4.28472e-11
1.85328e-11
6.9253e-12
2.27165e-12
6.61824e-13
1.72736e-13
4.06385e-14
8.65408e-15
1.67219e-15
2.93404e-16
4.71906e-17
7.43075e-18
1.14168e-18
1.70634e-19
2.4739e-20
3.47028e-21
4.69871e-22
6.12733e-23
7.68023e-24
9.23629e-25
1.06398e-25
1.17233e-26
1.23394e-27
1.23938e-28
1.1868e-29
1.08268e-30
9.40467e-32
7.77579e-33
6.11818e-34
4.58112e-35
3.26483e-36
2.21528e-37
1.43181e-38
8.82068e-40
5.18345e-41
2.90826e-42
1.55953e-43
8.00207e-45
3.93375e-46
1.85521e-47
8.40586e-49
3.66462e-50
1.5396e-51
6.24328e-53
2.44767e-54
9.29272e-56
3.42217e-57
1.22445e-58
4.26361e-60
1.44712e-61
4.79516e-63
1.55361e-64
4.92908e-66
1.53354e-67
4.68523e-69
1.40748e-70
4.1627e-72
1.21352e-73
3.49102e-75
9.92106e-77
2.78808e-78
7.75549e-80
2.13731e-81
5.84062e-83
1.58394e-84
4.26627e-86
1.60378e-87
9.61183e-89
6.64547e-90
4.67014e-91
3.24584e-92
2.22532e-93
1.50966e-94
1.01789e-95
6.85225e-97
4.62545e-98
3.14359e-99
2.15919e-100
1.50408e-101
1.06607e-102
7.71174e-104
5.7097e-105
4.33836e-106
3.39139e-107
2.73398e-108
2.27798e-109
1.96588e-110
1.76075e-111
1.63986e-112
1.5911e-113
1.61122e-114
1.70587e-115
1.8916e-116
2.20067e-117
2.69076e-118
3.46379e-119
4.70291e-120
6.74733e-121
1.02494e-121
1.65183e-122
2.83037e-123
5.16642e-124
1.00598e-124
2.08863e-125
4.60347e-126
1.06421e-126
2.51798e-127
5.83467e-128
1.22356e-128
2.00984e-129
2.00656e-130
7.40898e-132
1.49616e-134
1.71614e-137
1.70067e-140
1.2759e-143
6.90189e-147
3.7353e-150
1.31052e-153
4.17229e-157
7.6496e-161
7.75116e-165
3.26823e-169
2.41033e-39
1.00279e-34
1.53584e-30
7.16025e-27
1.21974e-23
9.11998e-21
3.37367e-18
6.6202e-16
7.01188e-14
3.90762e-12
1.01788e-10
6.47542e-10
1.74466e-09
2.7265e-09
2.87691e-09
2.25954e-09
1.40745e-09
7.25534e-10
3.18827e-10
1.21998e-10
4.12873e-11
1.25023e-11
3.41698e-12
8.48346e-13
1.92224e-13
3.98766e-14
7.5875e-15
1.32979e-15
2.27967e-16
3.8113e-17
6.19729e-18
9.77607e-19
1.49261e-19
2.20096e-20
3.12822e-21
4.27771e-22
5.61867e-23
7.07804e-24
8.54019e-25
9.85795e-26
1.0875e-26
1.14557e-27
1.15152e-28
1.10394e-29
1.00901e-30
8.79084e-32
7.30031e-33
5.7794e-34
4.36294e-35
3.1421e-36
2.16002e-37
1.41843e-38
8.90514e-40
5.35032e-41
3.07962e-42
1.70025e-43
9.01524e-45
4.59712e-46
2.25767e-47
1.06941e-48
4.89326e-50
2.16622e-51
9.29267e-53
3.869e-54
1.56589e-55
6.17042e-57
2.37095e-58
8.89696e-60
3.26523e-61
1.1737e-62
4.1378e-64
1.4326e-65
4.87727e-67
1.63473e-68
5.40046e-70
1.76037e-71
5.66783e-73
1.80422e-74
5.68357e-76
1.77335e-77
5.48489e-79
1.68298e-80
5.1269e-82
1.68091e-83
6.76603e-85
3.18754e-86
1.65011e-87
8.99247e-89
5.04598e-90
2.88617e-91
1.6757e-92
9.86345e-94
5.88745e-95
3.56742e-96
2.19771e-97
1.37895e-98
8.82891e-100
5.77964e-101
3.87599e-102
2.66809e-103
1.88879e-104
1.37766e-105
1.0372e-106
8.07414e-108
6.51003e-109
5.44537e-110
4.73275e-111
4.28058e-112
4.03488e-113
3.96933e-114
4.08089e-115
4.39057e-116
4.94951e-117
5.85329e-118
7.26964e-119
9.4911e-120
1.30354e-120
1.88389e-121
2.86346e-122
4.56857e-123
7.61686e-124
1.31538e-124
2.31609e-125
4.05028e-126
6.7452e-127
9.99738e-128
1.17781e-128
9.11823e-130
3.27368e-131
1.36482e-133
1.99644e-136
2.64885e-139
2.68655e-142
1.95014e-145
1.39718e-148
6.39608e-152
2.62995e-155
6.20891e-159
8.15709e-163
4.53338e-167
2.06151e-36
3.97587e-32
3.07288e-28
8.27699e-25
9.04352e-22
4.68529e-19
1.27373e-16
1.92426e-14
1.62972e-12
7.49745e-11
1.65936e-09
9.44088e-09
2.36568e-08
3.52951e-08
3.61885e-08
2.79789e-08
1.73333e-08
8.96389e-09
3.98173e-09
1.5507e-09
5.37579e-10
1.67789e-10
4.75598e-11
1.23231e-11
2.93325e-12
6.43707e-13
1.30559e-13
2.45147e-14
4.49643e-15
8.03531e-16
1.39571e-16
2.35117e-17
3.83339e-18
6.03763e-19
9.17012e-20
1.34094e-20
1.88508e-21
2.54423e-22
3.29284e-23
4.08239e-24
4.84386e-25
5.49626e-26
5.96035e-27
6.17446e-28
6.10813e-29
5.76929e-30
5.20273e-31
4.4801e-32
3.68476e-33
2.89583e-34
2.17579e-35
1.564e-36
1.07641e-37
7.09983e-39
4.49249e-40
2.73016e-41
1.59543e-42
8.97666e-44
4.86957e-45
2.55047e-46
1.29161e-47
6.33387e-49
3.01222e-50
1.39135e-51
6.25139e-53
2.73625e-54
1.16845e-55
4.87497e-57
1.98998e-58
7.95856e-60
3.12249e-61
1.20337e-62
4.56099e-64
1.70208e-65
6.26094e-67
2.27245e-68
8.14657e-70
2.88728e-71
1.01256e-72
3.51669e-74
1.21053e-75
4.13306e-77
1.40066e-78
4.80331e-80
1.78161e-81
7.15357e-83
3.08304e-84
1.40783e-85
6.72617e-87
3.32947e-88
1.69622e-89
8.85757e-91
4.7304e-92
2.58107e-93
1.43864e-94
8.19462e-96
4.77384e-97
2.8472e-98
1.7406e-99
1.09215e-100
7.04308e-102
4.67464e-103
3.1978e-104
2.25776e-105
1.64751e-106
1.24417e-107
9.73642e-109
7.90547e-110
6.66772e-111
5.84835e-112
5.34005e-113
5.08061e-114
5.04073e-115
5.2186e-116
5.63988e-117
6.36316e-118
7.49177e-119
9.19395e-120
1.17335e-120
1.55091e-121
2.10876e-122
2.91736e-123
4.03706e-124
5.44518e-125
6.88677e-126
7.70271e-127
6.95572e-128
4.39209e-129
1.52555e-130
1.4143e-132
2.47347e-135
4.0905e-138
5.25786e-141
4.85483e-144
4.41357e-147
2.55176e-150
1.32138e-153
3.93459e-157
6.57336e-161
4.71722e-165
1.22677e-33
1.16661e-29
4.66072e-26
7.31798e-23
5.14675e-20
1.85059e-17
3.70083e-15
4.30764e-13
2.9194e-11
1.10945e-09
2.08745e-08
1.06278e-07
2.47735e-07
3.52787e-07
3.51166e-07
2.66824e-07
1.64008e-07
8.48162e-08
3.79298e-08
1.49613e-08
5.2822e-09
1.68787e-09
4.92308e-10
1.31937e-10
3.26537e-11
7.49218e-12
1.59821e-12
3.17571e-13
6.14802e-14
1.15802e-14
2.11789e-15
3.75393e-16
6.43739e-17
1.06629e-17
1.70349e-18
2.62122e-19
3.87993e-20
5.51829e-21
7.53361e-22
9.86339e-23
1.23747e-23
1.48676e-24
1.7097e-25
1.88102e-26
1.97946e-27
1.99214e-28
1.91741e-29
1.7652e-30
1.55478e-31
1.31074e-32
1.0582e-33
8.18647e-35
6.07354e-36
4.32495e-37
2.95897e-38
1.94707e-39
1.23369e-40
7.53605e-42
4.44381e-43
2.53291e-44
1.39745e-45
7.47335e-47
3.8795e-48
1.95766e-49
9.61669e-51
4.60524e-52
2.15291e-53
9.83881e-55
4.40133e-56
1.9298e-57
8.30375e-59
3.51069e-60
1.46006e-61
5.97979e-63
2.41433e-64
9.61913e-66
3.78544e-67
1.47274e-68
5.6694e-70
2.16119e-71
8.16446e-73
3.05882e-74
1.13729e-75
4.21129e-77
1.60722e-78
6.34336e-80
2.59309e-81
1.09767e-82
4.804e-84
2.16876e-85
1.00749e-86
4.80563e-88
2.3497e-89
1.17637e-90
6.02679e-92
3.15921e-93
1.69479e-94
9.30922e-96
5.23941e-97
3.02413e-98
1.7918e-99
1.09097e-100
6.83341e-102
4.40812e-103
2.93186e-104
2.01271e-105
1.42767e-106
1.04742e-107
7.95541e-109
6.26071e-110
5.10883e-111
4.32523e-112
3.80066e-113
3.46686e-114
3.28214e-115
3.22286e-116
3.2782e-117
3.44654e-118
3.73222e-119
4.14057e-120
4.6684e-121
5.28631e-122
5.90966e-123
6.36393e-124
6.37407e-125
5.64593e-126
4.10803e-127
2.20191e-128
7.36592e-130
1.10413e-131
3.29946e-134
6.47047e-137
1.00545e-139
1.13272e-142
1.26125e-145
8.94404e-149
5.69386e-152
2.09559e-155
4.37426e-159
3.99269e-163
5.75377e-31
2.7454e-27
5.67807e-24
5.1857e-21
2.34193e-18
5.83294e-16
8.56943e-14
7.6795e-12
4.16367e-10
1.30712e-08
2.09097e-07
9.52925e-07
2.06682e-06
2.80946e-06
2.71373e-06
2.02421e-06
1.2323e-06
6.35692e-07
2.8528e-07
1.13515e-07
4.06196e-08
1.32131e-08
3.93987e-09
1.08394e-09
2.76567e-10
6.57081e-11
1.45816e-11
3.02943e-12
6.12115e-13
1.20119e-13
2.28553e-14
4.21019e-15
7.49804e-16
1.28932e-16
2.13807e-17
3.41547e-18
5.25056e-19
7.76054e-20
1.10192e-20
1.50197e-21
1.96409e-22
2.46273e-23
2.95972e-24
3.40826e-25
3.75992e-26
3.97338e-27
4.02251e-28
3.90177e-29
3.62727e-30
3.23315e-31
2.76456e-32
2.2691e-33
1.78908e-34
1.35618e-35
9.89282e-37
6.95152e-38
4.71055e-39
3.08175e-40
1.94888e-41
1.19285e-42
7.07558e-44
4.07277e-45
2.27801e-46
1.23977e-47
6.57414e-49
3.40115e-50
1.719e-51
8.49869e-53
4.11529e-54
1.95414e-55
9.1103e-57
4.17471e-58
1.88239e-59
8.36062e-61
3.66138e-62
1.58249e-63
6.75642e-65
2.85194e-66
1.19115e-67
4.92627e-69
2.01891e-70
8.20464e-72
3.30847e-73
1.32461e-74
5.35439e-76
2.19227e-77
9.10854e-79
3.84632e-80
1.65276e-81
7.2332e-83
3.22607e-84
1.46698e-85
6.80318e-87
3.21847e-88
1.55368e-89
7.65614e-91
3.85291e-92
1.98128e-93
1.04178e-94
5.60551e-96
3.08905e-97
1.74502e-98
1.01145e-99
6.02115e-101
3.68479e-102
2.32033e-103
1.50479e-104
1.00589e-105
6.9359e-107
4.9363e-108
3.62796e-109
2.75434e-110
2.16023e-111
1.74986e-112
1.46303e-113
1.26105e-114
1.11845e-115
1.01777e-116
9.46222e-118
8.93324e-119
8.49122e-120
8.02923e-121
7.4287e-122
6.5733e-123
5.3913e-124
3.92578e-125
2.39073e-126
1.12088e-127
3.60466e-129
6.63778e-131
4.75671e-133
1.06687e-135
1.9339e-138
2.57231e-141
3.4073e-144
2.88995e-147
2.2137e-150
9.88867e-154
2.54013e-157
2.91668e-161
2.3767e-28
5.57092e-25
5.83804e-22
3.05919e-19
8.79515e-17
1.50891e-14
1.62274e-12
1.11717e-10
4.83988e-09
1.25443e-07
1.70568e-06
6.95882e-06
1.40477e-05
1.82343e-05
1.70911e-05
1.25077e-05
7.53218e-06
3.86843e-06
1.73755e-06
6.95101e-07
2.51063e-07
8.27325e-08
2.50765e-08
7.0365e-09
1.83732e-09
4.48275e-10
1.02531e-10
2.20621e-11
4.60713e-12
9.32374e-13
1.82638e-13
3.45893e-14
6.32688e-15
1.11665e-15
1.89995e-16
3.11392e-17
4.91239e-18
7.45428e-19
1.08739e-19
1.52406e-20
2.05145e-21
2.65097e-22
3.28785e-23
3.91295e-24
4.46829e-25
4.89583e-26
5.14763e-27
5.19492e-28
5.0336e-29
4.68478e-30
4.19025e-31
3.60413e-32
2.98321e-33
2.37814e-34
1.82747e-35
1.35501e-36
9.70433e-38
6.72039e-39
4.50533e-40
2.9274e-41
1.84582e-42
1.13081e-43
6.73961e-45
3.91265e-46
2.21539e-47
1.22494e-48
6.62221e-50
3.50462e-51
1.81778e-52
9.25138e-54
4.62504e-55
2.2737e-56
1.10029e-57
5.24641e-59
2.46721e-60
1.14531e-61
5.25272e-63
2.38195e-64
1.06881e-65
4.749e-67
2.09088e-68
9.12785e-70
3.95351e-71
1.69993e-72
7.31e-74
3.1536e-75
1.36664e-76
5.95665e-78
2.61454e-79
1.15708e-80
5.16925e-82
2.33396e-83
1.06624e-84
4.93393e-86
2.31511e-87
1.10267e-88
5.33658e-90
2.62703e-91
1.31672e-92
6.7263e-94
3.50553e-95
1.86576e-96
1.01509e-97
5.65101e-99
3.22194e-100
1.88307e-101
1.12909e-102
6.95064e-104
4.39577e-105
2.85743e-106
1.90982e-107
1.3126e-108
9.27528e-110
6.73531e-111
5.02118e-112
3.83708e-113
2.99877e-114
2.38886e-115
1.9308e-116
1.57328e-117
1.28126e-118
1.03074e-119
8.06395e-121
6.00882e-122
4.14839e-123
2.55814e-124
1.34252e-125
5.62821e-127
1.73651e-128
3.53236e-130
4.02035e-132
1.85081e-134
3.80784e-137
5.82577e-140
8.96339e-143
8.90189e-146
8.05446e-149
4.29884e-152
1.34185e-155
1.92273e-159
8.21381e-26
1.04951e-22
5.30233e-20
1.55199e-17
2.79715e-15
3.27461e-13
2.5628e-11
1.35058e-09
4.66571e-08
9.97327e-07
1.15207e-05
4.20755e-05
7.90898e-05
9.8107e-05
8.92709e-05
6.40897e-05
3.81482e-05
1.94774e-05
8.73689e-06
3.5037e-06
1.27269e-06
4.22992e-07
1.29659e-07
3.68897e-08
9.79209e-09
2.43521e-09
5.69338e-10
1.25838e-10
2.69126e-11
5.5643e-12
1.11129e-12
2.14237e-13
3.98403e-14
7.14256e-15
1.23382e-15
2.05258e-16
3.28702e-17
5.06501e-18
7.50725e-19
1.06997e-19
1.46601e-20
1.93064e-21
2.44347e-22
2.97187e-23
3.47361e-24
3.90216e-25
4.21387e-26
4.37552e-27
4.37025e-28
4.20057e-29
3.88746e-30
3.46619e-31
2.9797e-32
2.47154e-33
1.97975e-34
1.53285e-35
1.14833e-36
8.33212e-38
5.86192e-39
4.00317e-40
2.65673e-41
1.71543e-42
1.07893e-43
6.61796e-45
3.96344e-46
2.32031e-47
1.32937e-48
7.46209e-50
4.10833e-51
2.22089e-52
1.18003e-53
6.16869e-55
3.17573e-56
1.61154e-57
8.06795e-59
3.98814e-60
1.94807e-61
9.41001e-63
4.49817e-64
2.12928e-65
9.98754e-67
4.64489e-68
2.14305e-69
9.81459e-71
4.47677e-72
2.03896e-73
9.28065e-75
4.22536e-76
1.92604e-77
8.79826e-79
4.03172e-80
1.85522e-81
8.58178e-83
3.99503e-84
1.87379e-85
8.86525e-87
4.23596e-88
2.04659e-89
1.00104e-90
4.96304e-92
2.49708e-93
1.27648e-94
6.63724e-96
3.51415e-97
1.89651e-98
1.04426e-99
5.87155e-101
3.37377e-102
1.9823e-103
1.19155e-104
7.32923e-106
4.61335e-107
2.97074e-108
1.95574e-109
1.3148e-110
9.01059e-112
6.27906e-113
4.43364e-114
3.15703e-115
2.25253e-116
1.59683e-117
1.11227e-118
7.50303e-120
4.81042e-121
2.86124e-122
1.53077e-123
7.08283e-125
2.69888e-126
7.97822e-128
1.7016e-129
2.39257e-131
1.96465e-133
7.7606e-136
1.33754e-138
2.34411e-141
2.67818e-144
2.81808e-147
1.77349e-150
6.65802e-154
1.18363e-157
1.47672e-23
1.21623e-20
4.04949e-18
6.97396e-16
7.69765e-14
6.06718e-12
3.42738e-10
1.37583e-08
3.77943e-07
6.65311e-06
6.52455e-05
0.000213295
0.000373584
0.000443397
0.000392042
0.0002762
0.000162439
8.23561e-05
3.68234e-05
1.47638e-05
5.37497e-06
1.7943e-06
5.53513e-07
1.58784e-07
4.25765e-08
1.0717e-08
2.54125e-09
5.71954e-10
1.24164e-10
2.59874e-11
5.24224e-12
1.0189e-12
1.90765e-13
3.43982e-14
5.97255e-15
9.98402e-16
1.60661e-16
2.48843e-17
3.70943e-18
5.32136e-19
7.34607e-20
9.75893e-21
1.24761e-21
1.53506e-22
1.81804e-23
2.07301e-24
2.27632e-25
2.40795e-26
2.45484e-27
2.41307e-28
2.28837e-29
2.09492e-30
1.85266e-31
1.58395e-32
1.31027e-33
1.04964e-34
8.15048e-36
6.14065e-37
4.49338e-38
3.19679e-39
2.21361e-40
1.4935e-41
9.82872e-43
6.31618e-44
3.96779e-45
2.4392e-46
1.46896e-47
8.67537e-49
5.02948e-50
2.86509e-51
1.60528e-52
8.85429e-54
4.81205e-55
2.57897e-56
1.36411e-57
7.12646e-59
3.67987e-60
1.87943e-61
9.50035e-63
4.756e-64
2.35934e-65
1.16046e-66
5.66221e-68
2.74212e-69
1.32017e-70
6.33048e-72
3.02541e-73
1.44197e-74
6.85883e-76
3.25811e-77
1.54676e-78
7.3444e-80
3.49076e-81
1.66222e-82
7.93694e-84
3.80395e-85
1.83175e-86
8.87168e-88
4.32641e-89
2.12676e-90
1.05505e-91
5.28799e-93
2.6808e-94
1.3762e-95
7.16145e-97
3.7815e-98
2.02799e-99
1.10549e-100
6.12936e-102
3.45828e-103
1.98612e-104
1.16105e-105
6.90651e-107
4.17754e-108
2.56631e-109
1.59822e-110
1.00643e-111
6.38573e-113
4.06328e-114
2.57681e-115
1.61557e-116
9.91056e-118
5.87021e-119
3.30155e-120
1.72647e-121
8.1776e-123
3.39794e-124
1.19191e-125
3.37485e-127
7.32906e-129
1.15252e-130
1.22937e-132
8.23391e-135
3.14876e-137
6.18653e-140
8.01362e-143
9.68009e-146
7.1052e-149
3.18184e-152
6.9886e-156
1.58808e-21
8.63627e-19
2.02795e-16
2.5236e-14
1.86941e-12
9.73489e-11
3.92788e-09
1.19364e-07
2.5984e-06
3.7604e-05
0.000312831
0.000915404
0.00149547
0.00170124
0.00146374
0.00101274
0.000588479
0.00029601
0.0001317
5.26566e-05
1.91492e-05
6.39412e-06
1.97537e-06
5.68147e-07
1.52921e-07
3.86864e-08
9.23251e-09
2.09716e-09
4.57904e-10
9.61141e-11
1.9397e-11
3.76443e-12
7.02708e-13
1.26199e-13
2.18092e-14
3.62758e-15
5.8086e-16
8.95542e-17
1.32965e-17
1.90151e-18
2.61969e-19
3.47754e-20
4.4489e-21
5.48647e-22
6.52391e-23
7.48221e-24
8.27964e-25
8.84358e-26
9.12174e-27
9.09041e-28
8.75781e-29
8.16181e-30
7.36301e-31
6.43463e-32
5.45175e-33
4.48183e-34
3.57821e-35
2.77693e-36
2.09683e-37
1.54199e-38
1.10547e-39
7.73393e-41
5.28532e-42
3.53181e-43
2.31001e-44
1.48028e-45
9.30274e-47
5.73887e-48
3.47849e-49
2.07345e-50
1.21649e-51
7.03074e-53
4.00605e-54
2.25211e-55
1.25007e-56
6.85581e-58
3.71747e-59
1.99422e-60
1.05901e-61
5.57018e-63
2.90348e-64
1.50062e-65
7.69369e-67
3.91485e-68
1.97865e-69
9.94664e-71
4.9757e-72
2.47815e-73
1.22948e-74
6.07944e-76
2.99773e-77
1.47488e-78
7.24454e-80
3.55492e-81
1.74381e-82
8.55705e-84
4.20361e-85
2.06888e-86
1.02098e-87
5.05643e-89
2.51537e-90
1.25803e-91
6.33168e-93
3.20989e-94
1.64063e-95
8.4618e-97
4.4077e-98
2.3205e-99
1.2355e-100
6.65569e-102
3.6287e-103
2.00225e-104
1.11778e-105
6.30894e-107
3.59586e-108
2.06595e-109
1.19346e-110
6.90855e-112
3.98921e-113
2.28433e-114
1.28746e-115
7.07403e-117
3.74431e-118
1.88107e-119
8.80751e-121
3.75942e-122
1.42486e-123
4.65049e-125
1.26254e-126
2.74471e-128
4.5876e-130
5.64811e-132
4.89605e-134
2.84937e-136
1.06051e-138
2.41827e-141
3.31799e-144
2.81539e-147
1.4941e-150
4.04248e-154
1.11726e-19
4.03204e-17
6.98473e-15
6.55546e-13
3.72362e-11
1.37082e-09
3.89357e-08
8.89149e-07
1.52781e-05
0.000181435
0.00127947
0.00335182
0.0051149
0.00559042
0.00469
0.0031906
0.00183222
0.000913704
0.000403833
0.000160592
5.81314e-05
1.9331e-05
5.94988e-06
1.70557e-06
4.57736e-07
1.15527e-07
2.75248e-08
6.24969e-09
1.35909e-09
2.83256e-10
5.66182e-11
1.08616e-11
2.00125e-12
3.54389e-13
6.03549e-14
9.89149e-15
1.56088e-15
2.37277e-16
3.47633e-17
4.91079e-18
6.69143e-19
8.79806e-20
1.11665e-20
1.36856e-21
1.62031e-22
1.85392e-23
2.05082e-24
2.19435e-25
2.27217e-26
2.27808e-27
2.21279e-28
2.08366e-29
1.90336e-30
1.68784e-31
1.45408e-32
1.21796e-33
9.92718e-35
7.88015e-36
6.09736e-37
4.60292e-38
3.39317e-39
2.44486e-40
1.72336e-41
1.18952e-42
8.04686e-44
5.33992e-45
3.47915e-46
2.22749e-47
1.40257e-48
8.69255e-50
5.30671e-51
3.19363e-52
1.896e-53
1.11118e-54
6.433e-56
3.68125e-57
2.08348e-58
1.16693e-59
6.47133e-61
3.55517e-62
1.93577e-63
1.04515e-64
5.59788e-66
2.97558e-67
1.57048e-68
8.23734e-70
4.29557e-71
2.228e-72
1.14987e-73
5.90748e-75
3.02246e-76
1.54067e-77
7.82782e-79
3.96601e-80
2.00473e-81
1.01149e-82
5.09679e-84
2.56626e-85
1.29187e-86
6.50595e-88
3.27981e-89
1.65619e-90
8.38261e-92
4.25545e-93
2.16817e-94
1.10943e-95
5.70459e-97
2.94919e-98
1.53364e-99
8.02465e-101
4.22539e-102
2.23877e-103
1.19314e-104
6.39133e-106
3.43713e-107
1.85245e-108
9.98147e-110
5.35953e-111
2.85559e-112
1.5015e-113
7.73763e-115
3.87424e-116
1.86472e-117
8.51558e-119
3.63199e-120
1.41993e-121
4.97838e-123
1.52684e-124
3.98475e-126
8.59075e-128
1.4832e-129
1.9864e-131
1.99765e-133
1.45932e-135
7.48401e-138
2.60005e-140
5.88509e-143
8.25926e-146
6.58631e-149
2.33016e-152
5.50035e-18
1.41394e-15
1.71643e-13
1.25049e-11
5.60659e-10
1.64995e-08
3.36697e-07
5.72169e-06
7.72708e-05
0.000751625
0.00449072
0.0105373
0.0150508
0.015854
0.0130028
0.00871174
0.00494643
0.00244387
0.00107105
0.00042241
0.000151607
4.99648e-05
1.52334e-05
4.32347e-06
1.1484e-06
2.86806e-07
6.76155e-08
1.51826e-08
3.25283e-09
6.65826e-10
1.30384e-10
2.44586e-11
4.40084e-12
7.60436e-13
1.26329e-13
2.0198e-14
3.11085e-15
4.61937e-16
6.6183e-17
9.15507e-18
1.22347e-18
1.58044e-19
1.97442e-20
2.38667e-21
2.7928e-22
3.16508e-23
3.47565e-24
3.70004e-25
3.8205e-26
3.82837e-27
3.72508e-28
3.52167e-29
3.23692e-30
2.89454e-31
2.51998e-32
2.13748e-33
1.76779e-34
1.42665e-35
1.12438e-36
8.66105e-38
6.52601e-39
4.81398e-40
3.47936e-41
2.46598e-42
1.71525e-43
1.17182e-44
7.86924e-46
5.19843e-47
3.38068e-48
2.16592e-49
1.36801e-50
8.52379e-52
5.2427e-53
3.18511e-54
1.91246e-55
1.13554e-56
6.67101e-58
3.87948e-59
2.2344e-60
1.27511e-61
7.21323e-63
4.04651e-64
2.25202e-65
1.24385e-66
6.82049e-68
3.71491e-69
2.01058e-70
1.08165e-71
5.78615e-73
3.07878e-74
1.63004e-75
8.59005e-77
4.50727e-78
2.3556e-79
1.22662e-80
6.36633e-82
3.29459e-83
1.70062e-84
8.75939e-86
4.5037e-87
2.31244e-88
1.18618e-89
6.08121e-91
3.11717e-92
1.59821e-93
8.19907e-95
4.21012e-96
2.1644e-97
1.11421e-98
5.74404e-100
2.96513e-101
1.53221e-102
7.92158e-104
4.09395e-105
2.11233e-106
1.08618e-107
5.55308e-109
2.81387e-110
1.40758e-111
6.91577e-113
3.31628e-114
1.53997e-115
6.85926e-117
2.8971e-118
1.14456e-119
4.16267e-121
1.36834e-122
3.98253e-124
1.0034e-125
2.13645e-127
3.74904e-129
5.28395e-131
5.82553e-133
4.88799e-135
3.03084e-137
1.34307e-139
4.07867e-142
7.98623e-145
9.03835e-148
4.48773e-151
1.79299e-16
3.44941e-14
3.0979e-12
1.79023e-10
6.4592e-09
1.54681e-07
2.56695e-06
3.19493e-05
0.0003376
0.00268552
0.0135918
0.0285955
0.038336
0.0390736
0.031432
0.0207816
0.011674
0.00570997
0.0024762
0.000965283
0.000341946
0.000111056
3.33146e-05
9.28962e-06
2.4212e-06
5.92697e-07
1.36851e-07
3.0017e-08
6.25795e-09
1.24265e-09
2.35518e-10
4.26915e-11
7.41547e-12
1.23651e-12
1.98263e-13
3.06133e-14
4.55811e-15
6.552e-16
9.10171e-17
1.22299e-17
1.5908e-18
2.00448e-19
2.44822e-20
2.90007e-21
3.33349e-22
3.72001e-23
4.03231e-24
4.24757e-25
4.35035e-26
4.33437e-27
4.20322e-28
3.96949e-29
3.65293e-30
3.27771e-31
2.86946e-32
2.45256e-33
2.048e-34
1.672e-35
1.33552e-36
1.04447e-37
8.0036e-39
6.01375e-40
4.43399e-41
3.21034e-42
2.28418e-43
1.59824e-44
1.10049e-45
7.46208e-47
4.98596e-48
3.28496e-49
2.13536e-50
1.37035e-51
8.68664e-53
5.44217e-54
3.37146e-55
2.06634e-56
1.25352e-57
7.53e-59
4.48107e-60
2.64281e-61
1.5453e-62
8.96152e-64
5.15608e-65
2.94422e-66
1.66904e-67
9.39564e-69
5.25394e-70
2.91923e-71
1.61213e-72
8.85107e-74
4.8325e-75
2.62449e-76
1.41815e-77
7.62637e-79
4.08262e-80
2.17618e-81
1.15529e-82
6.10999e-84
3.21993e-85
1.69128e-86
8.85621e-88
4.62429e-89
2.40824e-90
1.25111e-91
6.48499e-93
3.35423e-94
1.73134e-95
8.91833e-97
4.58417e-98
2.35088e-99
1.20239e-100
6.13016e-102
3.11301e-103
1.57293e-104
7.89669e-106
3.93164e-107
1.93665e-108
9.40917e-110
4.49164e-111
2.09674e-112
9.51549e-114
4.16849e-115
1.74775e-116
6.94273e-118
2.58205e-119
8.86789e-121
2.769e-122
7.72566e-124
1.88995e-125
3.97289e-127
7.02601e-129
1.02253e-130
1.19669e-132
1.09869e-134
7.69721e-137
3.9808e-139
1.45485e-141
3.5193e-144
5.01236e-147
3.15633e-150
4.20847e-15
6.29682e-13
4.36266e-11
1.96105e-09
5.79083e-08
1.14608e-06
1.58089e-05
0.000156376
0.0012781
0.00830493
0.0356215
0.0673183
0.0850194
0.0842598
0.0667432
0.043649
0.0242741
0.0117419
0.00502544
0.00192837
0.0006705
0.000213121
6.23928e-05
1.69344e-05
4.28584e-06
1.01663e-06
2.27275e-07
4.79962e-08
9.59767e-09
1.82286e-09
3.29821e-10
5.70149e-11
9.4419e-12
1.50164e-12
2.29867e-13
3.39349e-14
4.83978e-15
6.67815e-16
8.92658e-17
1.15712e-17
1.45587e-18
1.77932e-19
2.11374e-20
2.44211e-21
2.74545e-22
3.00466e-23
3.2026e-24
3.32602e-25
3.36703e-26
3.32404e-27
3.20172e-28
3.01029e-29
2.76417e-30
2.48019e-31
2.17577e-32
1.86724e-33
1.56861e-34
1.29069e-35
1.04088e-36
8.2325e-38
6.38993e-39
4.87056e-40
3.64808e-41
2.68678e-42
1.94698e-43
1.38907e-44
9.76309e-46
6.76413e-47
4.62221e-48
3.11706e-49
2.07554e-50
1.36533e-51
8.87728e-53
5.70774e-54
3.63069e-55
2.28582e-56
1.42496e-57
8.7991e-59
5.38411e-60
3.26574e-61
1.96419e-62
1.17182e-63
6.93651e-65
4.0752e-66
2.37684e-67
1.37647e-68
7.91694e-70
4.52345e-71
2.56807e-72
1.44897e-73
8.12686e-75
4.53192e-76
2.51317e-77
1.38619e-78
7.60605e-80
4.15249e-81
2.256e-82
1.21988e-83
6.56608e-85
3.51851e-86
1.87727e-87
9.9735e-89
5.27659e-90
2.78009e-91
1.45869e-92
7.62158e-94
3.9651e-95
2.05356e-96
1.05847e-97
5.42738e-99
2.76693e-100
1.40146e-101
7.04553e-103
3.5112e-104
1.73189e-105
8.43804e-107
4.05084e-108
1.91032e-109
8.81658e-111
3.96419e-112
1.72701e-113
7.24245e-115
2.90112e-116
1.10003e-117
3.907e-119
1.28435e-120
3.85541e-122
1.04117e-123
2.48875e-125
5.17474e-127
9.18762e-129
1.36584e-130
1.6646e-132
1.62483e-134
1.23646e-136
7.0946e-139
2.93416e-141
8.17031e-144
1.35668e-146
1.00285e-149
7.09654e-14
8.53382e-12
4.72271e-10
1.66788e-08
4.09308e-07
6.78997e-06
7.90703e-05
0.000663603
0.00420977
0.0222937
0.0811494
0.138167
0.16517
0.160106
0.125449
0.0813589
0.0448138
0.0214051
0.00901006
0.00338523
0.00114721
0.000353778
0.000100045
2.61216e-05
6.33572e-06
1.43543e-06
3.05287e-07
6.10049e-08
1.15035e-08
2.05578e-09
3.49641e-10
5.68163e-11
8.85324e-12
1.32715e-12
1.91938e-13
2.68464e-14
3.63904e-15
4.78852e-16
6.12534e-17
7.62525e-18
9.246e-19
1.09278e-19
1.25958e-20
1.41656e-21
1.55495e-22
1.66655e-23
1.7445e-24
1.78404e-25
1.78301e-26
1.74206e-27
1.66449e-28
1.55587e-29
1.42337e-30
1.27498e-31
1.11875e-32
9.621e-34
8.11315e-35
6.71234e-36
5.45146e-37
4.34861e-38
3.40907e-39
2.62794e-40
1.99316e-41
1.4882e-42
1.09451e-43
7.9333e-45
5.67026e-46
3.99848e-47
2.78325e-48
1.91334e-49
1.29962e-50
8.7263e-52
5.79457e-53
3.80689e-54
2.47545e-55
1.5938e-56
1.01641e-57
6.42252e-59
4.02241e-60
2.49772e-61
1.53816e-62
9.39684e-64
5.69631e-65
3.42724e-66
2.04707e-67
1.21404e-68
7.15027e-70
4.18292e-71
2.43099e-72
1.4038e-73
8.05595e-75
4.59495e-76
2.6053e-77
1.46859e-78
8.23118e-80
4.58759e-81
2.54278e-82
1.40173e-83
7.68566e-85
4.19152e-86
2.27375e-87
1.22684e-88
6.58399e-90
3.51404e-91
1.86502e-92
9.84085e-94
5.16109e-95
2.68941e-96
1.39181e-97
7.14919e-99
3.64225e-100
1.83874e-101
9.18782e-103
4.53772e-104
2.2113e-105
1.06105e-106
5.00029e-108
2.30728e-109
1.03863e-110
4.54129e-112
1.91871e-113
7.78598e-115
3.01307e-116
1.1029e-117
3.78284e-119
1.20293e-120
3.50461e-122
9.23257e-124
2.16808e-125
4.46871e-127
7.95087e-129
1.19934e-130
1.5037e-132
1.53213e-134
1.2352e-136
7.61776e-139
3.43166e-141
1.05272e-143
1.94212e-146
1.60233e-149
8.51873e-13
8.48893e-11
3.87294e-09
1.11387e-07
2.30375e-06
3.24518e-05
0.000322665
0.00231677
0.0121932
0.0520847
0.161339
0.248638
0.283033
0.270158
0.210435
0.135688
0.0740299
0.0348319
0.0143514
0.0052426
0.00171571
0.00050754
0.000136797
3.38361e-05
7.73097e-06
1.64158e-06
3.248e-07
6.01159e-08
1.04726e-08
1.72757e-09
2.71418e-10
4.08284e-11
5.90816e-12
8.25806e-13
1.11872e-13
1.47293e-14
1.88891e-15
2.36336e-16
2.88849e-17
3.45155e-18
4.03478e-19
4.61596e-20
5.16951e-21
5.66829e-22
6.08579e-23
6.39857e-24
6.5885e-25
6.6447e-26
6.56458e-27
6.35414e-28
6.02721e-29
5.604e-30
5.10893e-31
4.56835e-32
4.00818e-33
3.45199e-34
2.91955e-35
2.42597e-36
1.98145e-37
1.59155e-38
1.25782e-39
9.78577e-41
7.49842e-42
5.6619e-43
4.21492e-44
3.09502e-45
2.24282e-46
1.60467e-47
1.13406e-48
7.9202e-50
5.46849e-51
3.73429e-52
2.52305e-53
1.68726e-54
1.1172e-55
7.32681e-57
4.76072e-58
3.06574e-59
1.95715e-60
1.23896e-61
7.77932e-63
4.84594e-64
2.99547e-65
1.83777e-66
1.11928e-67
6.76877e-69
4.06502e-70
2.42473e-71
1.4367e-72
8.45717e-74
4.94638e-75
2.87473e-76
1.66031e-77
9.53014e-79
5.43688e-80
3.08292e-81
1.73759e-82
9.73438e-84
5.42052e-85
3.00004e-86
1.65021e-87
9.02051e-89
4.89938e-90
2.64356e-91
1.41666e-92
7.53774e-94
3.98056e-95
2.08529e-96
1.08306e-97
5.57304e-99
2.8386e-100
1.42965e-101
7.1108e-103
3.48745e-104
1.68348e-105
7.98126e-107
3.70665e-108
1.68117e-109
7.41995e-111
3.17336e-112
1.30867e-113
5.17438e-115
1.9487e-116
6.93786e-118
2.31525e-119
7.17293e-121
2.0412e-122
5.27292e-124
1.22065e-125
2.49689e-127
4.44436e-129
6.76828e-131
8.65274e-133
9.08386e-135
7.62517e-137
4.94599e-139
2.36498e-141
7.76031e-144
1.54003e-146
1.37069e-149
7.51302e-12
6.39672e-10
2.48128e-08
5.99734e-07
1.04154e-05
0.000126283
0.00108551
0.00675479
0.0308088
0.106471
0.281304
0.395096
0.431378
0.40844
0.317918
0.204266
0.1103
0.0509306
0.0204036
0.00717803
0.00224052
0.000626144
0.000157961
3.62468e-05
7.61956e-06
1.47643e-06
2.64268e-07
4.41061e-08
6.9255e-09
1.03191e-09
1.47069e-10
2.01896e-11
2.68542e-12
3.47709e-13
4.39837e-14
5.44941e-15
6.62423e-16
7.90866e-17
9.27875e-18
1.06999e-18
1.21271e-19
1.35066e-20
1.47788e-21
1.58827e-22
1.67609e-23
1.73645e-24
1.76584e-25
1.76249e-26
1.7265e-27
1.65994e-28
1.56653e-29
1.45135e-30
1.32033e-31
1.17972e-32
1.03561e-33
8.93473e-35
7.57863e-36
6.32265e-37
5.19024e-38
4.19416e-39
3.33783e-40
2.61724e-41
2.02291e-42
1.54193e-43
1.15957e-44
8.60736e-46
6.30914e-47
4.56858e-48
3.26949e-49
2.31333e-50
1.61889e-51
1.12094e-52
7.68204e-54
5.21251e-55
3.50291e-56
2.33213e-57
1.53865e-58
1.00624e-59
6.52457e-61
4.19554e-62
2.67611e-63
1.69351e-64
1.06346e-65
6.62794e-67
4.10044e-68
2.51886e-69
1.53667e-70
9.31124e-72
5.60424e-73
3.35075e-74
1.99026e-75
1.17448e-76
6.88595e-78
4.01122e-79
2.3216e-80
1.33503e-81
7.62746e-83
4.3294e-84
2.44119e-85
1.36728e-86
7.60563e-88
4.20103e-89
2.30369e-90
1.25377e-91
6.77007e-93
3.62556e-94
1.92464e-95
1.01219e-96
5.27004e-98
2.71418e-99
1.38138e-100
6.93954e-102
3.43633e-103
1.67458e-104
8.01561e-106
3.76029e-107
1.72438e-108
7.70636e-110
3.3446e-111
1.40393e-112
5.67303e-114
2.19486e-115
8.08083e-117
2.81144e-118
9.17103e-120
2.7804e-121
7.75814e-123
1.97099e-124
4.50547e-126
9.14642e-128
1.62539e-129
2.48795e-131
3.22027e-133
3.44877e-135
2.97555e-137
1.99805e-139
9.95427e-142
3.42131e-144
7.13856e-147
6.69188e-150
4.82226e-11
3.62376e-09
1.23396e-07
2.5872e-06
3.80529e-05
0.000403027
0.00303457
0.0165504
0.0659688
0.193059
0.432932
0.559639
0.590966
0.559129
0.436999
0.28018
0.149415
0.0673156
0.0259737
0.00868352
0.00254084
0.000656602
0.000151112
3.12194e-05
5.83491e-06
9.89687e-07
1.54462e-07
2.24868e-08
3.09514e-09
4.07863e-10
5.20127e-11
6.47407e-12
7.91424e-13
9.54015e-14
1.13658e-14
1.33955e-15
1.56197e-16
1.80119e-17
2.05258e-18
2.30959e-19
2.56383e-20
2.80548e-21
3.02391e-22
3.20843e-23
3.34922e-24
3.43823e-25
3.46992e-26
3.44188e-27
3.35508e-28
3.21379e-29
3.02515e-30
2.79854e-31
2.54471e-32
2.27487e-33
1.99986e-34
1.72941e-35
1.4716e-36
1.23264e-37
1.01672e-38
8.26138e-40
6.61562e-41
5.22317e-42
4.06746e-43
3.1255e-44
2.37082e-45
1.77598e-46
1.31435e-47
9.61346e-49
6.952e-50
4.97228e-51
3.51858e-52
2.46427e-53
1.70865e-54
1.17326e-55
7.98049e-57
5.37873e-58
3.59295e-59
2.37929e-60
1.56229e-61
1.01738e-62
6.57191e-64
4.21177e-65
2.67838e-66
1.69034e-67
1.05883e-68
6.58533e-70
4.06794e-71
2.49594e-72
1.52116e-73
9.209e-75
5.53798e-76
3.30824e-77
1.96312e-78
1.15715e-79
6.77503e-81
3.93991e-82
2.27552e-83
1.30512e-84
7.4325e-86
4.20208e-87
2.35803e-88
1.31307e-89
7.25348e-91
3.97354e-92
2.15774e-93
1.16092e-94
6.18493e-96
3.26065e-97
1.69968e-98
8.75237e-100
4.44746e-101
2.22733e-102
1.09777e-103
5.31574e-105
2.524e-106
1.17248e-107
5.31477e-109
2.34378e-110
1.00208e-111
4.13745e-113
1.64226e-114
6.23458e-116
2.25065e-117
7.67556e-119
2.45489e-120
7.30347e-122
2.00293e-123
5.01282e-125
1.13229e-126
2.28004e-128
4.03699e-130
6.18754e-132
8.06259e-134
8.74087e-136
7.6761e-138
5.2735e-140
2.70025e-142
9.57422e-145
2.06603e-147
2.00516e-150
2.1714e-10
1.49435e-08
4.62891e-07
8.71246e-06
0.000112815
0.00106174
0.0071103
0.0344489
0.121534
0.312199
0.593653
0.715631
0.737396
0.701681
0.552765
0.353635
0.185453
0.0808072
0.0296213
0.0092329
0.00246995
0.000571877
0.000115519
2.05207e-05
3.23228e-06
4.5442e-07
5.88574e-08
7.18905e-09
8.4632e-10
9.77387e-11
1.12073e-11
1.28429e-12
1.47409e-13
1.69407e-14
1.94609e-15
2.22996e-16
2.54329e-17
2.88121e-18
3.23622e-19
3.59816e-20
3.95451e-21
4.29093e-22
4.59218e-23
4.8432e-24
5.03036e-25
5.14267e-26
5.17283e-27
5.11795e-28
4.97987e-29
4.76493e-30
4.48346e-31
4.14879e-32
3.77608e-33
3.38108e-34
2.97899e-35
2.58348e-36
2.20596e-37
1.85522e-38
1.53727e-39
1.25553e-40
1.01109e-41
8.03166e-43
6.29574e-44
4.87168e-45
3.72279e-46
2.81048e-47
2.09686e-48
1.54666e-49
1.12825e-50
8.14222e-52
5.81496e-53
4.11099e-54
2.87786e-55
1.99541e-56
1.37072e-57
9.3308e-59
6.29571e-60
4.21131e-61
2.79331e-62
1.83752e-63
1.199e-64
7.76165e-66
4.98526e-67
3.1774e-68
2.00979e-69
1.26208e-70
7.87255e-72
4.87796e-73
3.00229e-74
1.8355e-75
1.11463e-76
6.72311e-78
4.02764e-79
2.39632e-80
1.41585e-81
8.30658e-83
4.83846e-84
2.79772e-85
1.60559e-86
9.14332e-88
5.16534e-89
2.89392e-90
1.60737e-91
8.84716e-93
4.82326e-94
2.60307e-95
1.38981e-96
7.33541e-98
3.82401e-99
1.967e-100
9.97205e-102
4.97605e-103
2.44032e-104
1.17413e-105
5.53128e-107
2.54557e-108
1.14147e-109
4.97244e-111
2.09717e-112
8.53076e-114
3.33231e-115
1.24388e-116
4.41257e-118
1.47844e-119
4.64638e-121
1.35923e-122
3.66971e-124
9.05765e-126
2.02241e-127
4.03717e-129
7.1099e-131
1.08797e-132
1.42097e-134
1.55041e-136
1.37578e-138
9.58628e-141
4.99487e-143
1.80688e-145
3.98499e-148
3.9552e-151
6.71922e-10
4.43126e-08
1.30355e-06
2.29351e-05
0.000271586
0.00231907
0.0140718
0.0615457
0.194911
0.446454
0.740916
0.839792
0.851678
0.818798
0.6514
0.414862
0.212373
0.0883161
0.0301397
0.00851248
0.0020035
0.000395315
6.57677e-05
9.28367e-06
1.11356e-06
1.19678e-07
1.21755e-08
1.22541e-09
1.25669e-10
1.32753e-11
1.4416e-12
1.59855e-13
1.79783e-14
2.03923e-15
2.32217e-16
2.64482e-17
3.00339e-18
3.39152e-19
3.79999e-20
4.21667e-21
4.62679e-22
5.01367e-23
5.35972e-24
5.64768e-25
5.8621e-26
5.99055e-27
6.02487e-28
5.96195e-29
5.80391e-30
5.55804e-31
5.236e-32
4.85282e-33
4.42558e-34
3.97207e-35
3.50945e-36
3.05322e-37
2.61643e-38
2.2092e-39
1.83859e-40
1.50876e-41
1.22122e-42
9.75372e-44
7.68972e-45
5.9865e-46
4.60379e-47
3.49857e-48
2.62814e-49
1.95226e-50
1.43448e-51
1.04292e-52
7.50487e-54
5.34671e-55
3.77224e-56
2.63627e-57
1.82542e-58
1.2526e-59
8.51976e-61
5.74502e-62
3.84131e-63
2.54718e-64
1.67531e-65
1.09305e-66
7.07521e-68
4.54398e-69
2.89576e-70
1.83178e-71
1.15115e-72
7.18663e-74
4.45688e-75
2.74553e-76
1.67991e-77
1.02088e-78
6.16105e-80
3.69218e-81
2.19688e-82
1.29767e-83
7.60815e-85
4.42658e-86
2.55524e-87
1.46303e-88
8.30617e-90
4.67431e-91
2.6063e-92
1.43919e-93
7.8662e-95
4.25297e-96
2.27296e-97
1.19981e-98
6.24953e-100
3.20877e-101
1.62205e-102
8.06159e-104
3.93309e-105
1.8803e-106
8.7907e-108
4.00983e-109
1.77994e-110
7.66635e-112
3.19324e-113
1.28147e-114
4.93397e-116
1.81403e-117
6.33523e-119
2.08924e-120
6.46357e-122
1.86226e-123
4.95637e-125
1.20756e-126
2.66617e-128
5.27417e-130
9.22751e-132
1.40663e-133
1.83558e-135
2.00707e-137
1.79008e-139
1.25709e-141
6.6171e-144
2.4228e-146
5.41482e-149
5.44813e-152
1.36784e-09
9.16775e-08
2.70681e-06
4.68521e-05
0.000531542
0.0042042
0.0236748
0.0953964
0.276
0.573201
0.856119
0.922122
0.927262
0.90229
0.724379
0.456704
0.225523
0.0877203
0.0270184
0.00660729
0.00128271
0.000197187
2.39085e-05
2.27827e-06
1.74694e-07
1.31189e-08
1.08802e-09
1.02009e-10
1.03796e-11
1.10778e-12
1.21902e-13
1.36922e-14
1.5582e-15
1.78628e-16
2.05337e-17
2.35808e-18
2.69712e-19
3.06471e-20
3.45231e-21
3.84853e-22
4.2395e-23
4.60954e-24
4.94207e-25
5.2209e-26
5.43152e-27
5.56229e-28
5.60548e-29
5.55801e-30
5.42169e-31
5.20303e-32
4.91261e-33
4.56415e-34
4.17326e-35
3.75626e-36
3.329e-37
2.90587e-38
2.49908e-39
2.11821e-40
1.77009e-41
1.45884e-42
1.18622e-43
9.51973e-45
7.54294e-46
5.90291e-47
4.56406e-48
3.48776e-49
2.63506e-50
1.9689e-51
1.45538e-52
1.06458e-53
7.7081e-55
5.52587e-56
3.92325e-57
2.75921e-58
1.92271e-59
1.32776e-60
9.08835e-62
6.16718e-63
4.14945e-64
2.76859e-65
1.83208e-66
1.20253e-67
7.82974e-69
5.05748e-70
3.24099e-71
2.06112e-72
1.3024e-73
8.17646e-75
5.0995e-76
3.15931e-77
1.94408e-78
1.18809e-79
7.21006e-81
4.34435e-82
2.59859e-83
1.54276e-84
9.089e-86
5.31239e-87
3.07965e-88
1.77018e-89
1.00852e-90
5.69277e-92
3.1823e-93
1.76079e-94
9.63757e-96
5.21466e-97
2.78709e-98
1.47017e-99
7.64627e-101
3.91663e-102
1.97338e-103
9.76621e-105
4.73983e-106
2.25182e-107
1.04508e-108
4.72734e-110
2.07877e-111
8.86051e-113
3.64885e-114
1.44648e-115
5.4973e-117
1.99383e-118
6.86619e-120
2.2324e-121
6.80956e-123
1.93512e-124
5.08327e-126
1.22359e-127
2.67257e-129
5.23849e-131
9.09812e-133
1.3796e-134
1.79472e-136
1.96064e-138
1.75089e-140
1.23361e-142
6.52625e-145
2.40487e-147
5.41389e-150
5.48806e-153
1.64035e-09
1.2106e-07
3.86933e-06
7.06235e-05
0.000816711
0.00629025
0.0339734
0.129571
0.350363
0.674089
0.931954
0.967345
0.969435
0.953795
0.769704
0.475663
0.222433
0.0784154
0.0207151
0.00404644
0.000570655
5.58282e-05
3.55831e-06
1.32744e-07
5.82528e-09
5.19772e-10
5.15925e-11
5.47357e-12
5.99324e-13
6.68237e-14
7.5751e-15
8.78658e-16
1.02674e-16
1.20332e-17
1.40932e-18
1.64438e-19
1.9065e-20
2.19165e-21
2.49351e-22
2.80346e-23
3.11087e-24
3.4036e-25
3.66886e-26
3.89404e-27
4.06786e-28
4.18115e-29
4.2278e-30
4.20514e-31
4.11426e-32
3.95982e-33
3.74958e-34
3.49374e-35
3.20402e-36
2.89269e-37
2.57181e-38
2.25235e-39
1.94372e-40
1.65342e-41
1.38686e-42
1.14745e-43
9.36799e-45
7.54951e-46
6.00765e-47
4.7223e-48
3.66786e-49
2.81592e-50
2.13755e-51
1.60485e-52
1.19206e-53
8.76251e-55
6.37592e-56
4.59356e-57
3.27756e-58
2.31655e-59
1.62224e-60
1.12577e-61
7.74331e-63
5.27972e-64
3.56916e-65
2.39247e-66
1.59037e-67
1.04848e-68
6.85595e-70
4.44671e-71
2.86082e-72
1.82601e-73
1.15824e-74
7.30001e-76
4.57116e-77
2.84348e-78
1.75686e-79
1.07801e-80
6.56816e-82
3.973e-83
2.38543e-84
1.42132e-85
8.40221e-87
4.92664e-88
2.86438e-89
1.65075e-90
9.42615e-92
5.33085e-93
2.98436e-94
1.65293e-95
9.05162e-97
4.89729e-98
2.61573e-99
1.37797e-100
7.15238e-102
3.65362e-103
1.83441e-104
9.03926e-106
4.36441e-107
2.06099e-108
9.49928e-110
4.26353e-111
1.85864e-112
7.84725e-114
3.19845e-115
1.25403e-116
4.71074e-118
1.68792e-119
5.74057e-121
1.84294e-122
5.551e-124
1.55805e-125
4.04439e-127
9.62711e-129
2.0814e-130
4.04303e-132
6.96812e-134
1.0501e-135
1.35981e-137
1.48111e-139
1.32083e-141
9.30688e-144
4.93055e-146
1.82127e-148
4.1127e-151
4.18253e-154
9.5296e-10
8.65488e-08
3.34927e-06
7.17246e-05
0.000929924
0.00761167
0.0414245
0.155323
0.404584
0.740654
0.972841
0.988421
0.989166
0.981115
0.790283
0.471291
0.20279
0.0614878
0.0126754
0.00165872
0.000119363
2.90354e-06
3.197e-11
1.05954e-09
1.61387e-10
2.01829e-11
2.36899e-12
2.75727e-13
3.19171e-14
3.682e-15
4.25858e-16
4.99092e-17
5.84875e-18
6.83366e-19
7.93024e-20
9.19043e-21
1.08316e-21
1.26319e-22
1.4551e-23
1.65352e-24
1.85174e-25
2.04203e-26
2.21617e-27
2.36609e-28
2.48448e-29
2.56538e-30
2.60468e-31
2.60049e-32
2.55322e-33
2.46554e-34
2.3421e-35
2.18912e-36
2.01378e-37
1.82373e-38
1.62647e-39
1.42894e-40
1.23711e-41
1.0558e-42
8.88559e-44
7.37696e-45
6.04377e-46
4.888e-47
3.90387e-48
3.07998e-49
2.40121e-50
1.85046e-51
1.41004e-52
1.06271e-53
7.92403e-55
5.84719e-56
4.27097e-57
3.0888e-58
2.21225e-59
1.56946e-60
1.10313e-61
7.68314e-63
5.30345e-64
3.6287e-65
2.46135e-66
1.65529e-67
1.10381e-68
7.29907e-70
4.78652e-71
3.11291e-72
2.00776e-73
1.28434e-74
8.16587e-76
5.15953e-77
3.23917e-78
2.02025e-79
1.25155e-80
7.70005e-82
4.70386e-83
2.85261e-84
1.71697e-85
1.02544e-86
6.0752e-88
3.56934e-89
2.07894e-90
1.19994e-91
6.8605e-93
3.88349e-94
2.17534e-95
1.20506e-96
6.59743e-98
3.56694e-99
1.90285e-100
1.00066e-101
5.18181e-103
2.6392e-104
1.32032e-105
6.47827e-107
3.11236e-108
1.46139e-109
6.69252e-111
2.98238e-112
1.28994e-113
5.39977e-115
2.18072e-116
8.46669e-118
3.14787e-119
1.1159e-120
3.75355e-122
1.19164e-123
3.54935e-125
9.85317e-127
2.53052e-128
5.96263e-130
1.27696e-131
2.45907e-133
4.20573e-135
6.29624e-137
8.10854e-139
8.79366e-141
7.817e-143
5.49644e-145
2.90857e-147
1.07403e-149
2.42586e-152
2.46805e-155
2.06908e-10
2.507e-08
1.34607e-06
4.03544e-05
0.000698626
0.00702954
0.0420405
0.164358
0.430074
0.774365
0.990972
0.996604
0.996811
0.993455
0.791073
0.444682
0.168019
0.0397029
0.00510357
0.000228451
3.44844e-10
2.40324e-12
1.44164e-12
1.99327e-11
5.07425e-12
7.79575e-13
1.02652e-13
1.27609e-14
1.53773e-15
1.81825e-16
2.13302e-17
2.5163e-18
2.95032e-19
3.43172e-20
3.94759e-21
4.51818e-22
5.24089e-23
5.97317e-24
6.90451e-25
7.93626e-26
8.97797e-27
9.98724e-28
1.09206e-28
1.17352e-29
1.23922e-30
1.28598e-31
1.31152e-32
1.31472e-33
1.29562e-34
1.25547e-35
1.19654e-36
1.12189e-37
1.03518e-38
9.40278e-40
8.41042e-41
7.41056e-42
6.43442e-43
5.50743e-44
4.64864e-45
3.87075e-46
3.18061e-47
2.58002e-48
2.06671e-49
1.63542e-50
1.27881e-51
9.88439e-53
7.55419e-54
5.71012e-55
4.27014e-56
3.16003e-57
2.31472e-58
1.67868e-59
1.20556e-60
8.57546e-62
6.04295e-63
4.2193e-64
2.91944e-65
2.0021e-66
1.36099e-67
9.17173e-69
6.1279e-70
4.05942e-71
2.66642e-72
1.73666e-73
1.12156e-74
7.18192e-76
4.57139e-77
2.89198e-78
1.81804e-79
1.1355e-80
7.04473e-82
4.34055e-83
2.65544e-84
1.61264e-85
9.71948e-87
5.8121e-88
3.44729e-89
2.02738e-90
1.1818e-91
6.8254e-93
3.90384e-94
2.21011e-95
1.23779e-96
6.85364e-98
3.7491e-99
2.02452e-100
1.07826e-101
5.65861e-103
2.92282e-104
1.48413e-105
7.39827e-107
3.61511e-108
1.72869e-109
8.07431e-111
3.6761e-112
1.62765e-113
6.99072e-115
2.90427e-116
1.16345e-117
4.47856e-119
1.65022e-120
5.79567e-122
1.93094e-123
6.07095e-125
1.79074e-126
4.92348e-128
1.25259e-129
2.92477e-131
6.20984e-133
1.18623e-134
2.01378e-136
2.99456e-138
3.83357e-140
4.13595e-142
3.6604e-144
2.56438e-146
1.35303e-148
4.98491e-151
1.12396e-153
1.14189e-156
2.76467e-11
3.9093e-09
2.2343e-07
7.25559e-06
0.00022795
0.00400245
0.033254
0.151066
0.42315
0.781596
0.997552
0.999186
0.999234
0.998123
0.776568
0.396932
0.121097
0.0175717
0.000406878
7.04774e-10
1.46996e-15
6.33436e-15
6.65547e-14
5.01067e-13
1.65198e-13
2.86682e-14
4.06838e-15
5.28313e-16
6.53915e-17
7.85877e-18
9.30085e-19
1.10061e-19
1.28828e-20
1.48981e-21
1.69758e-22
1.91831e-23
2.18993e-24
2.44876e-25
2.76892e-26
3.08828e-27
3.52814e-28
3.96054e-29
4.36451e-30
4.72153e-31
5.01488e-32
5.23067e-33
5.3588e-34
5.39382e-35
5.3353e-36
5.18774e-37
4.96006e-38
4.66471e-39
4.31659e-40
3.93173e-41
3.52622e-42
3.11514e-43
2.71173e-44
2.3269e-45
1.96892e-46
1.64345e-47
1.35369e-48
1.10068e-49
8.83762e-51
7.00943e-52
5.49339e-53
4.25543e-54
3.25926e-55
2.46882e-56
1.84999e-57
1.37175e-58
1.00671e-59
7.31411e-61
5.26181e-62
3.74899e-63
2.64591e-64
1.85009e-65
1.28183e-66
8.80134e-68
5.98959e-69
4.04032e-70
2.70172e-71
1.791e-72
1.17705e-73
7.66917e-75
4.95388e-76
3.17228e-77
2.01925e-78
1.27763e-79
8.03388e-81
5.01942e-82
3.11528e-83
1.92025e-84
1.17525e-85
7.14016e-87
4.30498e-88
2.57509e-89
1.52768e-90
8.9854e-92
5.23769e-93
3.02449e-94
1.72929e-95
9.78482e-97
5.4759e-98
3.02893e-99
1.65476e-100
8.92159e-102
4.7426e-103
2.48326e-104
1.27931e-105
6.4764e-107
3.21738e-108
1.5661e-109
7.45666e-111
3.4663e-112
1.56993e-113
6.91183e-115
2.9505e-116
1.21777e-117
4.84457e-119
1.85127e-120
6.76945e-122
2.35874e-123
7.79516e-125
2.43074e-126
7.11081e-128
1.939e-129
4.89315e-131
1.13352e-132
2.38834e-134
4.52899e-136
7.63527e-138
1.12797e-139
1.43516e-141
1.53954e-143
1.35533e-145
9.44932e-148
4.96407e-150
1.8219e-152
4.0943e-155
4.14787e-158
3.43003e-12
5.63349e-10
3.43479e-08
1.0924e-06
2.94759e-05
0.000330133
0.0162426
0.113712
0.382349
0.768419
0.999477
0.999843
0.999853
0.999568
0.749388
0.328034
0.0673267
0.00156156
2.58128e-09
3.60421e-15
4.40613e-17
3.90127e-16
2.94433e-15
1.38918e-14
5.17823e-15
9.57523e-16
1.41919e-16
1.88994e-17
2.37527e-18
2.88015e-19
3.42253e-20
4.05011e-21
4.72353e-22
5.4244e-23
6.11867e-24
6.82473e-25
7.66756e-26
8.41347e-27
9.30889e-28
1.01304e-28
1.12194e-29
1.25414e-30
1.39232e-31
1.51621e-32
1.61963e-33
1.69777e-34
1.74707e-35
1.76545e-36
1.75255e-37
1.70967e-38
1.63957e-39
1.54628e-40
1.43465e-41
1.31e-42
1.17767e-43
1.04273e-44
9.09663e-46
7.82193e-47
6.63181e-48
5.54621e-49
4.57678e-50
3.728e-51
2.9984e-52
2.38202e-53
1.86972e-54
1.4505e-55
1.11249e-56
8.43782e-58
6.33047e-59
4.69919e-60
3.45219e-61
2.51043e-62
1.80748e-63
1.28871e-64
9.10067e-66
6.36645e-67
4.41256e-68
3.03047e-69
2.06256e-70
1.39129e-71
9.30197e-73
6.16455e-74
4.04957e-75
2.63694e-76
1.70203e-77
1.08889e-78
6.92465e-80
4.37787e-81
2.75091e-82
1.71765e-83
1.06546e-84
6.56404e-86
4.01541e-87
2.43834e-88
1.46939e-89
8.78469e-91
5.2085e-92
3.06151e-93
1.78327e-94
1.02888e-95
5.8771e-97
3.32179e-98
1.85664e-99
1.0255e-100
5.59333e-102
3.01004e-103
1.59676e-104
8.34116e-106
4.2859e-107
2.16342e-108
1.07131e-109
5.19638e-111
2.46465e-112
1.14094e-113
5.14418e-115
2.25383e-116
9.5714e-118
3.92883e-119
1.55396e-120
5.90237e-122
2.14478e-123
7.42496e-125
2.43757e-126
7.54996e-128
2.1937e-129
5.94132e-131
1.48922e-132
3.42688e-134
7.17312e-136
1.35149e-137
2.26405e-139
3.32395e-141
4.2033e-143
4.48164e-145
3.9217e-147
2.71798e-149
1.41964e-151
5.182e-154
1.15862e-156
1.16778e-159
3.75394e-13
7.13621e-11
4.66184e-09
1.48035e-07
3.64957e-06
2.42517e-05
2.35226e-06
0.0560981
0.304972
0.737775
0.999916
0.999978
0.999979
0.999927
0.709628
0.236283
0.0171933
2.96343e-08
4.27845e-14
4.45059e-19
3.06962e-18
2.16336e-17
1.14853e-16
3.74487e-16
1.45138e-16
2.74097e-17
4.13929e-18
5.56815e-19
7.0379e-20
8.55727e-21
1.01695e-21
1.20035e-22
1.39261e-23
1.58657e-24
1.7707e-25
1.94909e-26
2.15509e-27
2.32091e-28
2.51334e-29
2.66965e-30
2.87813e-31
3.1102e-32
3.43986e-33
3.76864e-34
4.0477e-35
4.26316e-36
4.40529e-37
4.46821e-38
4.45039e-39
4.35461e-40
4.1876e-41
3.95932e-42
3.68205e-43
3.36937e-44
3.03507e-45
2.69231e-46
2.3528e-47
2.02637e-48
1.72063e-49
1.44097e-50
1.19063e-51
9.70958e-53
7.81768e-54
6.21657e-55
4.88376e-56
3.79156e-57
2.90985e-58
2.20815e-59
1.65734e-60
1.23062e-61
9.0421e-63
6.57574e-64
4.73413e-65
3.37474e-66
2.38244e-67
1.66593e-68
1.154e-69
7.92009e-71
5.38607e-72
3.62972e-73
2.42418e-74
1.60459e-75
1.05265e-76
6.84426e-78
4.41038e-79
2.81649e-80
1.78791e-81
1.12846e-82
7.07977e-84
4.41404e-85
2.73417e-86
1.68218e-87
1.02768e-88
6.23251e-90
3.75104e-91
2.23967e-92
1.3262e-93
7.78495e-95
4.5284e-96
2.609e-97
1.48807e-98
8.39747e-100
4.68574e-101
2.58352e-102
1.40644e-103
7.55327e-105
3.99806e-106
2.0836e-107
1.0679e-108
5.37585e-110
2.65434e-111
1.28347e-112
6.06725e-114
2.7987e-115
1.25711e-116
5.48592e-118
2.31997e-119
9.48113e-121
3.73289e-122
1.41112e-123
5.10255e-125
1.75757e-126
5.74038e-128
1.76871e-129
5.11206e-131
1.37719e-132
3.4336e-134
7.85882e-136
1.63615e-137
3.06584e-139
5.10737e-141
7.45518e-143
9.37058e-145
9.92726e-147
8.62775e-149
5.93631e-151
3.07733e-153
1.11491e-155
2.4749e-158
2.47239e-161
3.35409e-14
7.35673e-12
5.19247e-10
1.68417e-08
4.01208e-07
2.12262e-06
3.75891e-07
5.87415e-07
0.18354
0.688519
0.99999
0.999997
0.999997
0.999991
0.654461
0.118088
2.46758e-07
4.25669e-13
5.98504e-19
2.79083e-20
1.79035e-19
9.2565e-19
3.61983e-18
8.68676e-18
3.31405e-18
6.19684e-19
9.35575e-20
1.25641e-20
1.58514e-21
1.92336e-22
2.27891e-23
2.67776e-24
3.0867e-25
3.48639e-26
3.84856e-27
4.18023e-28
4.54904e-29
4.80912e-30
5.09844e-31
5.28752e-32
5.55084e-33
5.82274e-34
6.22043e-35
6.85673e-36
7.40239e-37
7.83088e-38
8.12315e-39
8.26719e-40
8.25915e-41
8.10331e-42
7.81149e-43
7.40182e-44
6.89705e-45
6.32254e-46
5.70432e-47
5.06732e-48
4.43393e-49
3.82302e-50
3.24936e-51
2.7235e-52
2.2519e-53
1.83745e-54
1.48006e-55
1.17727e-56
9.25007e-58
7.18153e-59
5.51084e-60
4.18088e-61
3.13676e-62
2.32792e-63
1.70934e-64
1.24212e-65
8.93426e-67
6.36213e-68
4.48613e-69
3.13284e-70
2.16703e-71
1.48493e-72
1.00813e-73
6.78152e-75
4.52037e-76
2.98591e-77
1.95453e-78
1.26786e-79
8.14984e-81
5.19099e-82
3.28681e-83
2.06944e-84
1.29529e-85
8.05755e-87
4.98017e-88
3.05754e-89
1.86408e-90
1.12822e-91
6.77678e-93
4.03839e-94
2.38667e-95
1.39831e-96
8.11814e-98
4.66816e-99
2.65734e-100
1.49663e-101
8.33433e-103
4.58579e-104
2.4912e-105
1.33501e-106
7.05068e-108
3.66603e-109
1.87447e-110
9.41291e-112
4.63576e-113
2.23561e-114
1.05391e-115
4.84759e-117
2.17099e-118
9.44499e-120
3.98162e-121
1.62189e-122
6.36438e-124
2.39767e-125
8.63961e-127
2.96534e-128
9.65016e-130
2.96254e-131
8.53084e-133
2.28958e-134
5.68645e-136
1.29638e-137
2.68785e-139
5.01455e-141
8.31415e-143
1.20725e-144
1.5084e-146
1.58705e-148
1.36827e-150
9.32691e-153
4.784e-155
1.71383e-157
3.76584e-160
3.7302e-163
2.13143e-15
5.38699e-13
4.17654e-11
1.42221e-09
3.46077e-08
1.74331e-07
5.34642e-08
4.78217e-08
0.0173718
0.61274
0.999998
1
1
0.999999
0.574899
1.53759e-06
3.00971e-12
4.64229e-18
5.02931e-21
1.46197e-21
6.89442e-21
2.67654e-20
7.96303e-20
1.46911e-19
5.32686e-20
9.65331e-21
1.43787e-21
1.91208e-22
2.39568e-23
2.89161e-24
3.40919e-25
3.98309e-26
4.55886e-27
5.10322e-28
5.57134e-29
5.97172e-30
6.39679e-31
6.6397e-32
6.89293e-33
6.9815e-34
7.13886e-35
7.27431e-36
7.49879e-37
8.18613e-38
8.87551e-39
9.42671e-40
9.81247e-41
1.00168e-41
1.00338e-42
9.86769e-44
9.53204e-45
9.04854e-46
8.44478e-47
7.75189e-48
7.00201e-49
6.22607e-50
5.45208e-51
4.70371e-52
3.99961e-53
3.35318e-54
2.77281e-55
2.26233e-56
1.82187e-57
1.44858e-58
1.13755e-59
8.82547e-61
6.7665e-62
5.1283e-63
3.84308e-64
2.84835e-65
2.08842e-66
1.51514e-67
1.0879e-68
7.73242e-70
5.44135e-71
3.79174e-72
2.61683e-73
1.78885e-74
1.21139e-75
8.12737e-77
5.40254e-78
3.55837e-79
2.32231e-80
1.50177e-81
9.62243e-83
6.10858e-84
3.85526e-85
2.41973e-86
1.50994e-87
9.36507e-89
5.77171e-90
3.5336e-91
2.14846e-92
1.29689e-93
7.76969e-95
4.61833e-96
2.72263e-97
1.59125e-98
9.21622e-100
5.28715e-101
3.00275e-102
1.68731e-103
9.37511e-105
5.14704e-106
2.78999e-107
1.4919e-108
7.86243e-110
4.07946e-111
2.08148e-112
1.04307e-113
5.12645e-115
2.46719e-116
1.16073e-117
5.32819e-119
2.38148e-120
1.03403e-121
4.35055e-123
1.76876e-124
6.92743e-126
2.60486e-127
9.36867e-129
3.2096e-130
1.04257e-131
3.19466e-133
9.18169e-135
2.45936e-136
6.09518e-138
1.38631e-139
2.86667e-141
5.33138e-143
8.80567e-145
1.27249e-146
1.58013e-148
1.64917e-150
1.4068e-152
9.45574e-155
4.76173e-157
1.66669e-159
3.57093e-162
3.5264e-165
6.80595e-17
2.08963e-14
1.80503e-12
6.63308e-11
1.74447e-09
9.5562e-09
4.77991e-09
1.91961e-09
8.04189e-07
0.459673
0.999999
1
0.999998
1
0.434236
6.83486e-07
9.71399e-13
1.37008e-18
1.2623e-22
3.68923e-23
1.28057e-22
3.78821e-22
8.80525e-22
1.29457e-21
4.38056e-22
7.60626e-23
1.11023e-23
1.45633e-24
1.80798e-25
2.16812e-26
2.54194e-27
2.95215e-28
3.3548e-29
3.72221e-30
4.01961e-31
4.25256e-32
4.48493e-33
4.57177e-34
4.6486e-35
4.59934e-36
4.5818e-37
4.53556e-38
4.51742e-39
4.84423e-40
5.27135e-41
5.61862e-42
5.86653e-43
6.00467e-44
6.02879e-45
5.94079e-46
5.74849e-47
5.46473e-48
5.10614e-49
4.69159e-50
4.24076e-51
3.77268e-52
3.30462e-53
2.85124e-54
2.42413e-55
2.03169e-56
1.67918e-57
1.36909e-58
1.10156e-59
8.74924e-61
6.86214e-62
5.31627e-63
4.0695e-64
3.07881e-65
2.30277e-66
1.70317e-67
1.24597e-68
9.01777e-70
6.45847e-71
4.57811e-72
3.21257e-73
2.23204e-74
1.53569e-75
1.04644e-76
7.06301e-78
4.72249e-79
3.12819e-80
2.05294e-81
1.33486e-82
8.59943e-84
5.48866e-85
3.47057e-86
2.18198e-87
1.36439e-88
8.48296e-90
5.2427e-91
3.2199e-92
1.96466e-93
1.1906e-94
7.1639e-96
4.27856e-97
2.53552e-98
1.49037e-99
8.68588e-101
5.01689e-102
2.87047e-103
1.62609e-104
9.11507e-106
5.05272e-107
2.76783e-108
1.49715e-109
7.98981e-111
4.20282e-112
2.17685e-113
1.10891e-114
5.54877e-116
2.72343e-117
1.30913e-118
6.15257e-120
2.82172e-121
1.26024e-122
5.46867e-124
2.29984e-125
9.34735e-127
3.66032e-128
1.3763e-129
4.95036e-131
1.69621e-132
5.51098e-134
1.68907e-135
4.85542e-137
1.30064e-138
3.22298e-140
7.32678e-142
1.51348e-143
2.80961e-145
4.62679e-147
6.6553e-149
8.20684e-151
8.47667e-153
7.11974e-155
4.67609e-157
2.27394e-159
7.54101e-162
1.47945e-164
1.23942e-167
)
;

boundaryField
{
    walls
    {
        type            zeroGradient;
    }
    top
    {
        type            zeroGradient;
    }
    bottom
    {
        type            zeroGradient;
    }
    frontAndBack
    {
        type            empty;
    }
    inlet
    {
        type            uniformFixedValue;
        uniformValue    
        {
            type            constant;
            value           1;
        }
        value           uniform 1;
    }
    outlet
    {
        type            zeroGradient;
    }
}


// ************************************************************************* //
