/*--------------------------------*- C++ -*----------------------------------*\
  =========                 |
  \\      /  F ield         | OpenFOAM: The Open Source CFD Toolbox
   \\    /   O peration     | Website:  https://openfoam.org
    \\  /    A nd           | Version:  12
     \\/     M anipulation  |
\*---------------------------------------------------------------------------*/
FoamFile
{
    format      ascii;
    class       volScalarField;
    location    "255";
    object      T;
}
// * * * * * * * * * * * * * * * * * * * * * * * * * * * * * * * * * * * * * //

dimensions      [];

internalField   nonuniform List<scalar> 
4480
(
2.30658e-09
3.04834e-07
0.000303709
0.0093802
0.047398
0.112789
0.190691
0.269189
0.341825
0.405997
0.461233
0.508066
0.547412
0.58027
0.607572
0.630141
0.648676
0.663764
0.675886
0.685441
0.69276
0.698111
0.701717
0.703759
0.704389
0.703734
0.701897
0.699417
0.696906
0.69435
0.691738
0.689054
0.686284
0.683415
0.680433
0.677324
0.674071
0.670661
0.667073
0.663296
0.65931
0.655093
0.650626
0.645891
0.640864
0.63552
0.629836
0.623789
0.617348
0.610482
0.603169
0.595378
0.587067
0.578209
0.568765
0.558695
0.547962
0.53652
0.524313
0.511293
0.49739
0.482536
0.466644
0.449626
0.431375
0.411797
0.390793
0.368312
0.344337
0.318946
0.292304
0.264701
0.236538
0.208317
0.180601
0.153973
0.12898
0.106084
0.085623
0.0677927
0.0526415
0.0400855
0.0299346
0.0219959
0.015947
0.0114431
0.00816076
0.00581416
0.00416356
0.00301684
0.00222628
0.00168239
0.00130677
0.00104496
0.000860137
0.00072796
0.000632613
0.000563947
0.000515531
0.000483355
0.000465057
0.000459482
0.000466471
0.000486859
0.000522568
0.000576906
0.000655045
0.000764757
0.000917576
0.00113056
0.00142892
0.00185001
0.00244923
0.00330871
0.00454969
0.00635009
0.0089679
0.0127722
0.0182846
0.0262568
0.0378852
0.0553235
0.0824622
0.127908
0.221774
0.405949
0.585695
0.774529
0.737474
0.43792
0.250731
0.1042
0.038783
0.014153
0.00461603
0.0012618
0.000265558
3.6322e-05
2.42818e-06
4.15327e-08
1.32742e-09
2.14534e-05
0.00466271
0.0558293
0.167461
0.298763
0.4201
0.520956
0.600919
0.663169
0.711473
0.749119
0.778689
0.802101
0.820759
0.835704
0.847692
0.85729
0.864927
0.870931
0.875559
0.879001
0.881416
0.882923
0.883622
0.883584
0.882874
0.88136
0.879026
0.875947
0.872197
0.867849
0.862973
0.857634
0.851887
0.845792
0.839395
0.832739
0.825855
0.818778
0.811532
0.804134
0.796595
0.788927
0.781135
0.773214
0.765165
0.756977
0.748641
0.740143
0.731468
0.722601
0.713519
0.7042
0.694624
0.684764
0.6746
0.664099
0.653235
0.64198
0.630295
0.618152
0.605503
0.59231
0.578524
0.564094
0.548957
0.533055
0.516332
0.498734
0.480208
0.460722
0.440257
0.41882
0.396435
0.373168
0.349111
0.324395
0.299198
0.273725
0.248225
0.222981
0.198287
0.17457
0.152178
0.131367
0.112341
0.0952309
0.0800964
0.066927
0.0556487
0.046137
0.0382317
0.0317512
0.0265063
0.0223117
0.0189955
0.0164043
0.0144066
0.0128941
0.0117807
0.0110012
0.0105097
0.0102775
0.0102924
0.0105577
0.0110936
0.0119388
0.0131546
0.01483
0.0170907
0.0201094
0.0241215
0.0294427
0.0364931
0.0458241
0.0581507
0.0743918
0.0957263
0.123701
0.16044
0.208947
0.273223
0.358118
0.468007
0.59823
0.727721
0.834421
0.797773
0.560659
0.354445
0.199135
0.0998556
0.0444997
0.0171857
0.00550547
0.00136268
0.000226626
1.97425e-05
5.43411e-07
3.96644e-07
0.000414252
0.0274657
0.156925
0.332544
0.489377
0.608804
0.694485
0.755159
0.798615
0.830476
0.854492
0.873053
0.887693
0.899396
0.908831
0.91646
0.922619
0.927564
0.931492
0.934558
0.936882
0.938564
0.939684
0.940301
0.940465
0.940215
0.939492
0.938253
0.93652
0.934312
0.931637
0.928512
0.924945
0.920956
0.916559
0.911775
0.906626
0.901134
0.895323
0.889217
0.882839
0.876213
0.869358
0.862292
0.855037
0.847601
0.84
0.83224
0.82433
0.816275
0.808074
0.799726
0.791229
0.782581
0.773771
0.764796
0.755643
0.746301
0.736761
0.727007
0.717027
0.7068
0.696313
0.685543
0.674466
0.663058
0.65129
0.639129
0.626547
0.613498
0.599954
0.585869
0.571205
0.555917
0.53997
0.523328
0.505952
0.487819
0.468916
0.449229
0.428777
0.407585
0.385743
0.363398
0.340701
0.317831
0.294989
0.272397
0.25029
0.2289
0.208447
0.189129
0.171113
0.154532
0.139474
0.125991
0.114095
0.103767
0.094962
0.0876179
0.0816656
0.0770374
0.0736738
0.0715343
0.0706026
0.070894
0.072464
0.0754145
0.0799008
0.0861427
0.0944328
0.105147
0.118752
0.135815
0.157003
0.183085
0.214918
0.253434
0.299619
0.354458
0.41875
0.492666
0.575002
0.662324
0.748072
0.822691
0.87465
0.84826
0.671981
0.479651
0.308072
0.176507
0.0889656
0.0385759
0.0138295
0.00385391
0.000738208
7.80613e-05
2.85917e-06
1.31552e-05
0.00356291
0.0909216
0.302887
0.503749
0.646857
0.739795
0.79944
0.838873
0.866351
0.88666
0.902442
0.915127
0.925498
0.934032
0.94105
0.9468
0.951475
0.955243
0.95824
0.960585
0.962374
0.963687
0.964594
0.965141
0.965368
0.965308
0.96494
0.964244
0.963231
0.961905
0.960267
0.958315
0.956045
0.953452
0.950536
0.947297
0.943731
0.939846
0.935646
0.931141
0.926342
0.921259
0.915911
0.910309
0.904473
0.898414
0.892152
0.885697
0.879069
0.872276
0.86533
0.858243
0.85102
0.843672
0.836203
0.828616
0.820912
0.813097
0.805167
0.797125
0.788963
0.780683
0.77228
0.763743
0.755069
0.746249
0.737269
0.728121
0.718785
0.709247
0.699491
0.689492
0.679231
0.668679
0.657808
0.646591
0.634998
0.622989
0.610529
0.597584
0.58412
0.570101
0.555462
0.540216
0.524353
0.507877
0.490815
0.473211
0.455133
0.436675
0.417956
0.39912
0.380328
0.361765
0.34362
0.326097
0.309394
0.293707
0.279223
0.266116
0.254543
0.24465
0.236569
0.23043
0.226353
0.224474
0.224937
0.227909
0.233588
0.242208
0.25404
0.269394
0.288609
0.312045
0.340056
0.372966
0.411019
0.454331
0.502814
0.556073
0.613244
0.672794
0.732338
0.788626
0.837692
0.875002
0.895389
0.877366
0.756671
0.59335
0.419956
0.264729
0.146237
0.0692458
0.0270363
0.00822822
0.00174117
0.000209375
9.20953e-06
0.00017291
0.0174712
0.20571
0.46693
0.650413
0.758189
0.82013
0.857569
0.882329
0.900504
0.915027
0.927183
0.937483
0.946167
0.953398
0.959338
0.964159
0.968021
0.971072
0.973451
0.975275
0.976643
0.977636
0.978318
0.978742
0.978944
0.978951
0.978756
0.97833
0.977681
0.976813
0.975727
0.97442
0.972888
0.971127
0.969128
0.966883
0.96439
0.96164
0.958635
0.955368
0.951846
0.948065
0.944038
0.939766
0.935262
0.930537
0.9256
0.920466
0.915147
0.909658
0.90401
0.898219
0.892295
0.886251
0.880101
0.873851
0.867508
0.861086
0.854587
0.84802
0.841388
0.834698
0.827951
0.821144
0.814285
0.807369
0.800392
0.793356
0.786253
0.779079
0.771822
0.764481
0.757041
0.749494
0.741823
0.734019
0.726061
0.717931
0.709617
0.701093
0.69234
0.683337
0.674026
0.664401
0.654437
0.644111
0.633403
0.622306
0.610815
0.598937
0.586692
0.574119
0.56127
0.548219
0.535062
0.521917
0.508926
0.496246
0.484062
0.472566
0.461974
0.45251
0.444405
0.437896
0.433225
0.430632
0.430358
0.432642
0.437718
0.445807
0.457122
0.471846
0.490132
0.512075
0.537692
0.566905
0.599497
0.635086
0.673082
0.712649
0.752669
0.791706
0.82803
0.859673
0.884516
0.900231
0.903994
0.888849
0.81152
0.682292
0.521717
0.355889
0.212355
0.108337
0.0454137
0.0148339
0.00338202
0.000444455
2.20743e-05
0.00125941
0.0569665
0.35901
0.617787
0.756921
0.827071
0.865008
0.888453
0.905382
0.919339
0.931679
0.942631
0.952103
0.960055
0.966548
0.971738
0.975806
0.978936
0.981302
0.983051
0.984318
0.98521
0.98582
0.986212
0.986441
0.986543
0.986539
0.986436
0.986171
0.985753
0.985183
0.984458
0.983576
0.982531
0.981318
0.979927
0.978354
0.976588
0.974625
0.97246
0.970085
0.967497
0.964695
0.96168
0.958454
0.955019
0.951383
0.947551
0.943536
0.939344
0.934989
0.930482
0.925837
0.921064
0.916176
0.911189
0.906113
0.900958
0.895734
0.890454
0.885131
0.879764
0.874369
0.868947
0.863504
0.858049
0.852579
0.8471
0.841616
0.83612
0.830616
0.8251
0.819572
0.814028
0.808459
0.802866
0.797236
0.791571
0.785858
0.780088
0.774255
0.768353
0.76237
0.756274
0.750054
0.743707
0.73722
0.730582
0.723783
0.716817
0.709686
0.702388
0.694935
0.687341
0.679637
0.671863
0.664071
0.656333
0.648732
0.641373
0.634385
0.627905
0.622101
0.61715
0.613243
0.610586
0.609388
0.609866
0.612222
0.616652
0.623333
0.6324
0.643955
0.658039
0.674627
0.693602
0.714756
0.737764
0.762179
0.787417
0.812761
0.837351
0.860202
0.880217
0.896212
0.906905
0.910835
0.90611
0.889677
0.841458
0.743479
0.604581
0.441038
0.281572
0.153511
0.0685177
0.0237853
0.00576239
0.000809994
4.39517e-05
0.00607309
0.137049
0.521452
0.73289
0.823353
0.865509
0.889105
0.905404
0.918928
0.931476
0.943356
0.954071
0.963174
0.970554
0.976334
0.980736
0.983991
0.98632
0.987916
0.988952
0.989573
0.989904
0.990042
0.990068
0.990033
0.989975
0.98991
0.989846
0.989696
0.98946
0.989134
0.98871
0.988179
0.987535
0.986767
0.985863
0.984817
0.98362
0.982264
0.980743
0.97905
0.977178
0.975129
0.972897
0.970485
0.96789
0.965117
0.962171
0.95906
0.955788
0.952365
0.948805
0.945113
0.941302
0.937387
0.933379
0.929286
0.925126
0.920908
0.916642
0.91234
0.90801
0.903663
0.899305
0.894947
0.890592
0.886244
0.88191
0.877592
0.873294
0.869014
0.864757
0.860516
0.8563
0.852101
0.847916
0.843745
0.839585
0.835436
0.831293
0.827148
0.823005
0.818863
0.814687
0.81049
0.806264
0.802008
0.797717
0.793394
0.789039
0.78465
0.780237
0.775808
0.77137
0.766947
0.762556
0.758233
0.754013
0.749943
0.746087
0.742511
0.739302
0.736555
0.734375
0.732884
0.732208
0.732481
0.73384
0.736412
0.740326
0.745679
0.75255
0.760981
0.770969
0.78245
0.7953
0.809324
0.82425
0.839719
0.855295
0.870455
0.8846
0.897058
0.907091
0.913884
0.916533
0.913977
0.904803
0.886725
0.852925
0.780477
0.665254
0.51333
0.347781
0.201352
0.0951668
0.0349109
0.00892391
0.00132827
7.76111e-05
0.0217837
0.261368
0.661377
0.806313
0.860154
0.886182
0.902624
0.915758
0.928101
0.940539
0.952675
0.963398
0.972111
0.978804
0.983746
0.987255
0.98961
0.99105
0.991787
0.992008
0.99188
0.991544
0.991121
0.990694
0.990325
0.990051
0.989886
0.989828
0.98977
0.9897
0.989606
0.989471
0.989282
0.989022
0.988675
0.988228
0.987667
0.986982
0.986164
0.9852
0.98409
0.982823
0.981398
0.979812
0.978062
0.976154
0.974086
0.971861
0.969485
0.966966
0.964308
0.961521
0.958615
0.955601
0.952488
0.949287
0.946012
0.942672
0.93928
0.935847
0.932384
0.928896
0.9254
0.921899
0.918401
0.914916
0.911448
0.908003
0.904582
0.901191
0.897833
0.89451
0.891218
0.887965
0.884742
0.881555
0.878402
0.87528
0.872192
0.869133
0.8661
0.8631
0.860125
0.857169
0.854218
0.851282
0.848358
0.845449
0.842559
0.839693
0.83685
0.834043
0.83128
0.828568
0.825923
0.823367
0.820915
0.818598
0.816442
0.814489
0.812775
0.811357
0.810281
0.809619
0.809434
0.809796
0.810786
0.812472
0.814933
0.818226
0.822407
0.827503
0.833522
0.840441
0.848193
0.856672
0.865721
0.87513
0.884632
0.89391
0.902578
0.910205
0.916295
0.920299
0.921601
0.919509
0.913195
0.901554
0.882741
0.852946
0.79972
0.705093
0.569251
0.405944
0.248134
0.123663
0.0477758
0.0128468
0.0020184
0.000126523
0.0633081
0.414658
0.757578
0.846464
0.879792
0.897959
0.911068
0.922886
0.93505
0.947958
0.960609
0.97129
0.97942
0.985254
0.989247
0.991792
0.993178
0.993644
0.993412
0.992689
0.991675
0.990544
0.989435
0.988456
0.987676
0.987133
0.986837
0.98677
0.986796
0.986897
0.987048
0.987224
0.987397
0.987547
0.987645
0.98767
0.987605
0.987432
0.987138
0.986716
0.986152
0.985446
0.984589
0.983579
0.982417
0.981103
0.979638
0.978028
0.976276
0.974388
0.972372
0.970233
0.967983
0.965631
0.963184
0.960657
0.958056
0.955396
0.952686
0.949936
0.947159
0.944362
0.941553
0.938743
0.935941
0.933149
0.930378
0.92763
0.924909
0.922223
0.91957
0.916954
0.914376
0.911834
0.909335
0.906875
0.904454
0.902073
0.899729
0.897424
0.895154
0.892925
0.890732
0.888577
0.886435
0.884321
0.882238
0.880184
0.878165
0.876182
0.874246
0.872356
0.87053
0.868768
0.867089
0.865503
0.864027
0.862675
0.861477
0.860449
0.859626
0.859031
0.858703
0.858676
0.858991
0.859685
0.860804
0.862381
0.864454
0.86705
0.870193
0.87388
0.878104
0.882827
0.887989
0.893493
0.899218
0.904992
0.91061
0.915823
0.920335
0.92381
0.925854
0.926034
0.923865
0.918793
0.910159
0.897048
0.877874
0.849345
0.80466
0.728145
0.608569
0.45301
0.29061
0.152146
0.0617718
0.0174627
0.00289851
0.00019533
0.150136
0.568334
0.807043
0.867094
0.891082
0.905438
0.916878
0.928199
0.940641
0.954305
0.967554
0.978
0.98532
0.990163
0.993163
0.994712
0.995065
0.994442
0.993081
0.991233
0.989145
0.987038
0.985091
0.983437
0.982159
0.981293
0.980844
0.980757
0.98088
0.981179
0.981617
0.982154
0.982748
0.983361
0.983958
0.98451
0.984986
0.985365
0.98563
0.985767
0.985765
0.985616
0.985314
0.984859
0.984251
0.983492
0.982581
0.981523
0.980326
0.978995
0.977534
0.975956
0.974268
0.972478
0.970598
0.96864
0.966607
0.964518
0.962377
0.960195
0.957986
0.955755
0.953513
0.951267
0.949026
0.946795
0.944581
0.942389
0.940222
0.938086
0.935979
0.933911
0.931877
0.929883
0.927925
0.926006
0.924126
0.922283
0.920481
0.918713
0.916986
0.915296
0.913642
0.91203
0.910435
0.908872
0.907338
0.905836
0.904369
0.902943
0.901559
0.900225
0.898945
0.897733
0.896591
0.895532
0.894565
0.893709
0.892977
0.89238
0.891945
0.891684
0.891622
0.891783
0.892184
0.892851
0.893804
0.89506
0.896639
0.898545
0.900781
0.903336
0.906188
0.909297
0.912601
0.916017
0.919435
0.922714
0.925686
0.92814
0.92984
0.9305
0.929805
0.927398
0.922889
0.915824
0.905666
0.891611
0.872214
0.844472
0.802442
0.736287
0.633292
0.488049
0.326546
0.178946
0.0762345
0.0226749
0.0039882
0.000290369
0.25893
0.678598
0.838771
0.879253
0.898304
0.910569
0.921082
0.932287
0.945246
0.959832
0.973674
0.983639
0.989955
0.99376
0.995779
0.996313
0.995532
0.99364
0.990915
0.987684
0.984268
0.980957
0.977985
0.975516
0.973643
0.972408
0.971799
0.971698
0.971951
0.972504
0.973301
0.97428
0.975382
0.976551
0.977737
0.978897
0.979993
0.980994
0.98188
0.982628
0.983227
0.983669
0.983946
0.984056
0.984
0.983782
0.983403
0.982871
0.982192
0.981372
0.98042
0.979345
0.978159
0.976867
0.975481
0.974011
0.97247
0.970867
0.969208
0.96751
0.965778
0.964021
0.96225
0.960471
0.958691
0.956917
0.955157
0.95341
0.951688
0.949988
0.948318
0.946678
0.945068
0.943493
0.941948
0.940443
0.938968
0.937529
0.936124
0.934751
0.933413
0.932113
0.930842
0.929609
0.928399
0.927211
0.926049
0.924917
0.923819
0.92275
0.921722
0.920732
0.919789
0.918899
0.918064
0.9173
0.916609
0.916001
0.915485
0.915078
0.914788
0.914627
0.914606
0.914745
0.915048
0.915535
0.916208
0.917078
0.91815
0.919418
0.920876
0.922503
0.924269
0.926134
0.928039
0.929901
0.931626
0.933086
0.934136
0.934599
0.934267
0.932901
0.930235
0.925975
0.919798
0.911333
0.900114
0.885407
0.865818
0.838506
0.798072
0.735892
0.641985
0.511767
0.354886
0.202825
0.0905538
0.0283796
0.00531109
0.000420349
0.382254
0.748621
0.858783
0.888845
0.903617
0.914178
0.924146
0.935431
0.949039
0.964645
0.979059
0.988278
0.993463
0.99627
0.997361
0.996832
0.994737
0.991295
0.986874
0.981914
0.976854
0.972073
0.967865
0.964431
0.961877
0.960239
0.959484
0.959398
0.959839
0.960734
0.961994
0.963534
0.965268
0.967117
0.969014
0.9709
0.972724
0.974447
0.976038
0.977472
0.978734
0.979817
0.980714
0.981418
0.981938
0.982273
0.982429
0.982416
0.98224
0.981911
0.981439
0.980833
0.980106
0.979267
0.978327
0.977297
0.976189
0.975011
0.973777
0.972492
0.97117
0.969818
0.968444
0.967056
0.965664
0.96427
0.962881
0.961503
0.960139
0.958794
0.957471
0.956171
0.954895
0.953647
0.952427
0.951236
0.950074
0.948938
0.947832
0.946754
0.945707
0.944688
0.943695
0.942734
0.94179
0.940869
0.939966
0.939087
0.938234
0.937403
0.936603
0.935834
0.9351
0.934403
0.933752
0.933149
0.9326
0.932111
0.931691
0.931343
0.931076
0.930901
0.930823
0.930848
0.930982
0.93123
0.931593
0.932075
0.93267
0.933367
0.934151
0.935001
0.935883
0.93675
0.937544
0.938194
0.938607
0.938672
0.938252
0.937194
0.935315
0.932412
0.928257
0.922609
0.915197
0.905705
0.893715
0.878517
0.858719
0.831562
0.792
0.732253
0.643409
0.520854
0.372542
0.223068
0.104246
0.0344839
0.00689705
0.000597262
0.504935
0.793468
0.872308
0.895681
0.907935
0.916945
0.926326
0.937781
0.952096
0.96879
0.983751
0.991978
0.995996
0.997922
0.998138
0.99642
0.99272
0.987331
0.980781
0.973678
0.966609
0.96006
0.954397
0.949856
0.946552
0.944507
0.943655
0.943637
0.944363
0.945721
0.947589
0.949843
0.952368
0.955056
0.957815
0.960568
0.963251
0.96581
0.968211
0.970423
0.972431
0.974221
0.975788
0.977133
0.978259
0.97917
0.97988
0.980392
0.980719
0.980875
0.980869
0.980717
0.980424
0.98001
0.979483
0.978856
0.978141
0.977346
0.976489
0.97557
0.974608
0.973607
0.972577
0.971527
0.97046
0.969388
0.96831
0.967237
0.966171
0.965116
0.964074
0.96305
0.962043
0.961054
0.960089
0.959142
0.958219
0.957318
0.95644
0.955585
0.95475
0.953937
0.95315
0.952382
0.951632
0.950895
0.950175
0.949469
0.948781
0.948109
0.947458
0.94683
0.946223
0.945641
0.945092
0.944573
0.944088
0.943646
0.943245
0.942891
0.94259
0.942346
0.942157
0.942032
0.941969
0.941967
0.942023
0.942137
0.942294
0.942484
0.942685
0.942872
0.943007
0.94305
0.942937
0.9426
0.941952
0.940893
0.939299
0.93703
0.933926
0.929816
0.924501
0.917778
0.909426
0.89916
0.886585
0.870981
0.850934
0.823705
0.784488
0.726122
0.640554
0.523429
0.381141
0.23504
0.114751
0.0403247
0.00874271
0.000837619
0.588621
0.836334
0.881827
0.900571
0.910996
0.919268
0.927887
0.939416
0.954454
0.972281
0.987793
0.994819
0.997723
0.998938
0.998287
0.995145
0.989418
0.981569
0.972369
0.962653
0.953181
0.944562
0.937238
0.931475
0.927388
0.924969
0.924113
0.924259
0.925404
0.927388
0.930044
0.933202
0.936706
0.940415
0.944209
0.947989
0.951671
0.955196
0.958522
0.96161
0.964445
0.967015
0.969316
0.971349
0.973122
0.974642
0.975923
0.976977
0.977817
0.978458
0.978916
0.979204
0.979337
0.979328
0.979193
0.978941
0.978592
0.978151
0.977633
0.977048
0.976405
0.975716
0.974988
0.974231
0.973449
0.972651
0.971841
0.971026
0.970208
0.969394
0.968585
0.967784
0.966992
0.966215
0.96545
0.964696
0.963963
0.96324
0.962536
0.961845
0.961173
0.960514
0.959873
0.959247
0.958636
0.958029
0.957433
0.956847
0.956268
0.955701
0.955142
0.954597
0.954065
0.953548
0.953046
0.952561
0.952095
0.951651
0.951231
0.950835
0.950463
0.95012
0.949801
0.949508
0.949239
0.948991
0.948755
0.948523
0.948285
0.948021
0.947709
0.947317
0.946815
0.946152
0.945273
0.944109
0.942582
0.94059
0.938027
0.934765
0.930666
0.925577
0.919335
0.911771
0.902683
0.891819
0.878783
0.862821
0.842467
0.814973
0.775697
0.717955
0.634427
0.521162
0.383733
0.241259
0.12134
0.0444753
0.0102072
0.00105455
0.646034
0.851507
0.888688
0.903992
0.913008
0.92072
0.929293
0.940385
0.956122
0.975109
0.991214
0.996892
0.99882
0.999511
0.997926
0.992993
0.984681
0.973756
0.96132
0.948487
0.936213
0.925239
0.916075
0.909013
0.904154
0.901451
0.900732
0.901189
0.902939
0.905763
0.909431
0.913717
0.918414
0.923346
0.928359
0.93333
0.938162
0.942783
0.947141
0.951201
0.954945
0.958362
0.961452
0.964219
0.966676
0.968833
0.97071
0.972318
0.97368
0.974813
0.975732
0.976458
0.977005
0.977391
0.977632
0.977741
0.977733
0.977623
0.977421
0.977141
0.97679
0.976382
0.975924
0.975425
0.974892
0.974333
0.973753
0.973158
0.972553
0.971938
0.971322
0.970708
0.970094
0.969485
0.968881
0.968283
0.967693
0.967112
0.966538
0.965974
0.96542
0.964878
0.964343
0.963818
0.963301
0.962786
0.962272
0.961764
0.961254
0.960751
0.960248
0.959748
0.959252
0.958762
0.958273
0.957791
0.957312
0.956838
0.95637
0.955904
0.955443
0.954985
0.954523
0.954059
0.953587
0.953099
0.952586
0.952035
0.951432
0.950757
0.949986
0.949089
0.948026
0.94675
0.945207
0.943334
0.941051
0.93827
0.93489
0.930798
0.925874
0.919984
0.912995
0.904755
0.895089
0.883759
0.870342
0.854036
0.833308
0.805374
0.765712
0.708038
0.625675
0.515167
0.38173
0.242938
0.124619
0.0470178
0.0112299
0.00122406
0.688757
0.862932
0.894193
0.906219
0.91407
0.92134
0.930003
0.941185
0.957103
0.977256
0.994044
0.998312
0.999457
0.999803
0.997112
0.989875
0.978295
0.963598
0.947309
0.930855
0.9154
0.901813
0.890672
0.882284
0.87673
0.873894
0.873159
0.874153
0.876795
0.880772
0.885766
0.891481
0.89765
0.904048
0.91049
0.916831
0.922961
0.928801
0.934296
0.939412
0.944132
0.948452
0.952375
0.955912
0.959079
0.961895
0.96438
0.966558
0.968446
0.97007
0.971452
0.972609
0.973563
0.974332
0.974935
0.975389
0.975707
0.975907
0.976001
0.976001
0.975919
0.975766
0.975553
0.975285
0.974974
0.974627
0.974247
0.973843
0.973419
0.972978
0.972525
0.972062
0.971594
0.971122
0.970647
0.970172
0.969698
0.969223
0.968751
0.968283
0.967815
0.967352
0.966893
0.966439
0.965985
0.965527
0.965068
0.964604
0.964137
0.963664
0.963188
0.962707
0.962219
0.961727
0.961228
0.960722
0.960206
0.959682
0.959147
0.958599
0.958036
0.95745
0.956844
0.956207
0.955531
0.954812
0.954034
0.953187
0.952249
0.9512
0.950013
0.948659
0.947096
0.945277
0.943155
0.94066
0.937722
0.934259
0.93018
0.925383
0.919767
0.913215
0.905616
0.89684
0.886722
0.875015
0.861269
0.844614
0.823431
0.794896
0.754576
0.696544
0.614722
0.506208
0.376152
0.241058
0.125202
0.048154
0.01182
0.00133738
0.721353
0.871077
0.897339
0.907421
0.914247
0.921112
0.929926
0.94177
0.957516
0.978703
0.996315
0.999202
0.999788
0.999934
0.995847
0.985656
0.970024
0.95081
0.930045
0.909489
0.890511
0.874096
0.860887
0.851207
0.845098
0.842361
0.841769
0.843592
0.847441
0.852892
0.859527
0.866961
0.87486
0.882949
0.89101
0.898877
0.906431
0.913586
0.920292
0.926524
0.932265
0.937519
0.942299
0.946622
0.95051
0.95399
0.957087
0.959829
0.962242
0.964353
0.966185
0.967766
0.969116
0.970257
0.971209
0.971993
0.972619
0.973111
0.973481
0.973742
0.97391
0.973989
0.973997
0.973941
0.973828
0.973667
0.973464
0.973224
0.972957
0.972662
0.972347
0.972012
0.971664
0.971302
0.970932
0.970553
0.970166
0.969774
0.969378
0.968978
0.968574
0.968168
0.967758
0.967346
0.96693
0.966508
0.966076
0.965635
0.965185
0.964722
0.964248
0.963761
0.963263
0.962749
0.96222
0.961671
0.961103
0.960515
0.959899
0.959256
0.95858
0.957866
0.957106
0.956296
0.955425
0.95448
0.953453
0.952322
0.951072
0.949677
0.94811
0.946339
0.944323
0.942021
0.939376
0.936331
0.932817
0.928759
0.924077
0.918682
0.912484
0.905387
0.897295
0.888091
0.877613
0.8656
0.851552
0.834518
0.812792
0.783496
0.74229
0.683574
0.60185
0.494817
0.367752
0.236392
0.123642
0.0481257
0.0120261
0.00139534
0.746491
0.876804
0.899011
0.907677
0.913539
0.920007
0.928981
0.941526
0.957894
0.979425
0.998045
0.999697
0.999936
0.999983
0.994095
0.98017
0.959627
0.93514
0.909308
0.884224
0.86143
0.842012
0.826686
0.815801
0.809357
0.807035
0.807116
0.810147
0.815594
0.822886
0.831489
0.840921
0.850776
0.860732
0.870543
0.880034
0.889076
0.897595
0.90554
0.912897
0.919663
0.925849
0.931477
0.936574
0.94117
0.9453
0.948993
0.952283
0.955203
0.957785
0.960054
0.962039
0.963767
0.965262
0.966544
0.967635
0.968557
0.96932
0.969948
0.97045
0.970845
0.971138
0.971346
0.971478
0.971543
0.971546
0.971498
0.971402
0.971268
0.971098
0.970898
0.970669
0.97042
0.970147
0.969858
0.969554
0.969235
0.968903
0.96856
0.968206
0.967846
0.967472
0.967092
0.966705
0.966307
0.9659
0.965476
0.965038
0.964584
0.964113
0.963623
0.963115
0.962584
0.962035
0.961459
0.960855
0.960222
0.959555
0.95885
0.958101
0.957306
0.956457
0.955544
0.954561
0.953496
0.952335
0.951064
0.949668
0.948121
0.946402
0.944483
0.942328
0.9399
0.937153
0.93404
0.930503
0.926479
0.921903
0.916697
0.91079
0.904104
0.896561
0.888077
0.878536
0.86778
0.855508
0.841159
0.823702
0.80133
0.771119
0.728823
0.669172
0.587248
0.481379
0.357088
0.229554
0.12041
0.0471702
0.0119144
0.00140449
0.765933
0.880719
0.899596
0.906923
0.911941
0.917967
0.927101
0.940428
0.958069
0.979563
0.999242
0.999922
0.999986
0.999997
0.991798
0.973247
0.946886
0.9164
0.884986
0.855022
0.828173
0.805605
0.78813
0.776181
0.769725
0.767884
0.769154
0.774015
0.78169
0.791394
0.802427
0.814199
0.826245
0.838216
0.849858
0.860999
0.871528
0.881382
0.890528
0.898965
0.906705
0.913772
0.920199
0.926023
0.931281
0.93602
0.94027
0.944074
0.947466
0.950483
0.95316
0.955526
0.957604
0.959429
0.961018
0.962396
0.963584
0.964602
0.965463
0.966187
0.966784
0.967271
0.967659
0.967958
0.968176
0.968326
0.968409
0.968438
0.968417
0.968351
0.968245
0.968104
0.967933
0.967731
0.967504
0.967255
0.966984
0.966693
0.966384
0.966061
0.965723
0.965369
0.964999
0.964616
0.96422
0.96381
0.963377
0.962925
0.962452
0.961957
0.961438
0.960892
0.960321
0.959718
0.959083
0.958412
0.957701
0.956946
0.956142
0.955283
0.954362
0.953373
0.952305
0.95115
0.94989
0.948516
0.947012
0.945358
0.943532
0.941505
0.939255
0.936743
0.933934
0.930783
0.927245
0.923263
0.918787
0.913753
0.908098
0.90176
0.894675
0.886775
0.877983
0.868191
0.857212
0.844703
0.830042
0.812093
0.788958
0.757672
0.71411
0.653342
0.571034
0.46617
0.344588
0.221019
0.115897
0.0455025
0.0115533
0.00137394
0.780883
0.883148
0.899127
0.905027
0.909422
0.914932
0.924194
0.93836
0.95739
0.979688
0.999896
0.999993
1
1
0.988883
0.964721
0.931633
0.894498
0.857098
0.822008
0.790918
0.765043
0.745365
0.732536
0.726523
0.724414
0.72776
0.735469
0.746344
0.75927
0.773335
0.787842
0.802301
0.816375
0.829845
0.842579
0.854496
0.865574
0.875801
0.885202
0.893805
0.901651
0.908781
0.915244
0.921085
0.926357
0.931101
0.935359
0.939173
0.942581
0.945619
0.948321
0.950716
0.952832
0.954696
0.956331
0.957759
0.958999
0.96007
0.960989
0.961769
0.962425
0.962969
0.963413
0.963765
0.964035
0.964233
0.964366
0.964438
0.964455
0.964426
0.964352
0.964239
0.96409
0.963906
0.963695
0.963456
0.96319
0.962899
0.962589
0.962257
0.961903
0.96153
0.961141
0.96073
0.9603
0.959846
0.959365
0.958858
0.958325
0.95776
0.957166
0.956539
0.955872
0.955168
0.954418
0.95362
0.952768
0.951858
0.950881
0.94983
0.948696
0.94747
0.946137
0.944686
0.943104
0.941371
0.939468
0.937371
0.935056
0.93249
0.929645
0.926481
0.922957
0.919031
0.914654
0.909778
0.904346
0.898308
0.891616
0.884211
0.876038
0.867019
0.857038
0.845876
0.833141
0.818124
0.799589
0.775554
0.743043
0.698059
0.636043
0.553273
0.44939
0.330575
0.211165
0.110421
0.0433053
0.0110061
0.00131322
0.792165
0.88439
0.897846
0.902381
0.905942
0.910818
0.920157
0.935223
0.95584
0.979803
1
0.999999
0.999998
0.999999
0.985283
0.954451
0.913755
0.869455
0.825835
0.785518
0.750062
0.720649
0.69857
0.68506
0.680119
0.679773
0.686118
0.697526
0.712287
0.728911
0.746274
0.763606
0.780431
0.796467
0.811574
0.825674
0.838758
0.850833
0.861932
0.8721
0.881386
0.889847
0.897537
0.90451
0.910821
0.916526
0.921669
0.926297
0.930458
0.934192
0.937531
0.940515
0.943175
0.94554
0.947635
0.949488
0.95112
0.952551
0.953802
0.954885
0.955819
0.956615
0.957291
0.957857
0.958317
0.958691
0.958978
0.959192
0.959336
0.959418
0.959444
0.959417
0.959346
0.95923
0.959075
0.958883
0.958655
0.958401
0.958112
0.957799
0.957457
0.957093
0.956702
0.956288
0.955849
0.955388
0.954895
0.954373
0.953822
0.953238
0.952619
0.951962
0.951267
0.950528
0.949741
0.948904
0.948009
0.947054
0.946029
0.944925
0.943739
0.942454
0.941064
0.939558
0.937914
0.936123
0.934166
0.932016
0.929659
0.927062
0.924199
0.921038
0.917542
0.913677
0.909399
0.904669
0.899442
0.893674
0.887324
0.880349
0.872704
0.864335
0.855157
0.845036
0.833714
0.820729
0.805286
0.786053
0.760968
0.72707
0.680532
0.617209
0.533988
0.431177
0.315294
0.200286
0.104233
0.0407297
0.0103274
0.00123112
0.800373
0.88465
0.89584
0.89891
0.901443
0.905545
0.914872
0.93089
0.953316
0.979417
1
1
0.999998
0.999997
0.980948
0.942309
0.893209
0.841434
0.791616
0.746194
0.70632
0.67297
0.647906
0.63386
0.628027
0.631667
0.64398
0.661638
0.681891
0.702918
0.72366
0.743561
0.762337
0.779879
0.796163
0.81121
0.825067
0.837795
0.849456
0.860116
0.869846
0.878706
0.886763
0.894076
0.90071
0.906713
0.912137
0.917036
0.921449
0.925421
0.928988
0.932187
0.93505
0.937607
0.939886
0.941907
0.943698
0.945279
0.946669
0.947882
0.948935
0.949844
0.950621
0.951277
0.951825
0.952272
0.952626
0.952897
0.953093
0.953218
0.953281
0.953284
0.953232
0.953131
0.952986
0.952797
0.952568
0.952305
0.952005
0.951674
0.95131
0.950916
0.950494
0.950042
0.949563
0.949057
0.948515
0.947941
0.947331
0.946683
0.945998
0.945269
0.944495
0.943671
0.942794
0.941857
0.940859
0.939788
0.938637
0.937403
0.93607
0.934633
0.933073
0.931384
0.929546
0.927546
0.925362
0.922972
0.920359
0.91749
0.914343
0.910883
0.90708
0.902903
0.898312
0.893272
0.887748
0.881707
0.875114
0.867933
0.860122
0.851629
0.842352
0.832122
0.820632
0.807346
0.791373
0.771291
0.744989
0.70955
0.661369
0.596732
0.513163
0.411622
0.298929
0.188609
0.0975347
0.037896
0.0095616
0.00113506
0.805888
0.884072
0.893121
0.894368
0.895395
0.899032
0.908216
0.925216
0.949685
0.978432
0.999997
0.999997
0.999998
0.999996
0.975827
0.928177
0.870018
0.810786
0.755182
0.705155
0.661016
0.623105
0.593517
0.578395
0.573285
0.585675
0.608327
0.634504
0.660618
0.685377
0.708466
0.729863
0.749621
0.767823
0.784566
0.799943
0.814049
0.826977
0.838809
0.849622
0.859496
0.868503
0.876702
0.884158
0.89093
0.89708
0.90265
0.90769
0.912245
0.916356
0.920061
0.923393
0.926386
0.929067
0.931465
0.933602
0.935502
0.937183
0.938667
0.93997
0.941106
0.942088
0.942934
0.943651
0.944249
0.944744
0.945138
0.945441
0.945665
0.945808
0.945884
0.945895
0.945845
0.945741
0.945587
0.945386
0.945136
0.944848
0.944521
0.944155
0.943756
0.943319
0.942852
0.942351
0.941818
0.941253
0.940649
0.940009
0.93933
0.938607
0.937841
0.937028
0.936163
0.935245
0.934267
0.933223
0.932105
0.93091
0.929627
0.928247
0.926762
0.925158
0.923424
0.921548
0.919508
0.917295
0.914882
0.912254
0.909387
0.906256
0.902837
0.899097
0.895014
0.890555
0.885689
0.880391
0.874631
0.868383
0.861617
0.854308
0.846407
0.837847
0.828507
0.818173
0.806475
0.792794
0.776146
0.755043
0.727344
0.690224
0.640342
0.574462
0.49075
0.390777
0.281617
0.176307
0.090479
0.0348974
0.00874355
0.00103094
0.808917
0.882805
0.88985
0.88894
0.88793
0.891223
0.900062
0.918026
0.944774
0.976823
1
1
0.999998
1
0.969869
0.911927
0.844296
0.778122
0.717776
0.664372
0.616784
0.573921
0.536419
0.507394
0.519428
0.559704
0.596871
0.626201
0.653442
0.678824
0.702524
0.723703
0.743118
0.760924
0.777269
0.792275
0.806044
0.818673
0.830249
0.840849
0.850551
0.859414
0.867512
0.874889
0.881612
0.887728
0.893289
0.898334
0.902907
0.907048
0.910785
0.914159
0.917197
0.919927
0.922374
0.924561
0.926507
0.928239
0.929765
0.931109
0.932282
0.933299
0.934172
0.934912
0.935533
0.936039
0.936443
0.936752
0.936974
0.937114
0.93718
0.937175
0.937106
0.936978
0.936795
0.936558
0.936275
0.935946
0.935573
0.93516
0.934708
0.934215
0.933688
0.933122
0.932522
0.931884
0.931207
0.930487
0.929725
0.928915
0.928056
0.927147
0.92618
0.925152
0.924057
0.922889
0.921642
0.920307
0.918879
0.917343
0.915692
0.913911
0.91199
0.909913
0.907666
0.905229
0.902589
0.899719
0.896604
0.893219
0.88954
0.885544
0.881209
0.876508
0.87142
0.865919
0.859992
0.85361
0.846753
0.839386
0.831456
0.822873
0.813479
0.803007
0.791012
0.776796
0.759294
0.736961
0.707676
0.668758
0.617177
0.550207
0.466654
0.36866
0.263454
0.163512
0.0831826
0.0318045
0.00789956
0.000923219
0.809474
0.881044
0.88645
0.883361
0.880144
0.88209
0.890325
0.909135
0.938337
0.974516
0.999998
1
1
0.999998
0.963006
0.893374
0.816262
0.744459
0.681495
0.627431
0.579359
0.534775
0.490333
0.516893
0.542037
0.575435
0.606596
0.633261
0.658208
0.681526
0.703225
0.722826
0.740883
0.757537
0.773197
0.78814
0.80104
0.8129
0.823811
0.83384
0.843049
0.851501
0.859242
0.866323
0.872795
0.878704
0.884089
0.888989
0.893449
0.897494
0.901158
0.904471
0.907462
0.910155
0.912571
0.914735
0.916665
0.918378
0.919893
0.921225
0.922383
0.923387
0.924247
0.92497
0.925572
0.926059
0.926438
0.92672
0.926911
0.927019
0.927047
0.927004
0.926893
0.926717
0.926485
0.926198
0.925858
0.92547
0.925037
0.924559
0.924036
0.923475
0.92287
0.922227
0.921543
0.920818
0.920049
0.919237
0.918374
0.917462
0.916493
0.91547
0.914382
0.913229
0.912001
0.910693
0.909296
0.907806
0.90621
0.9045
0.902664
0.90069
0.898565
0.896277
0.893807
0.891143
0.888267
0.885157
0.881798
0.878172
0.874257
0.870034
0.865484
0.860593
0.85534
0.849713
0.84369
0.837255
0.830381
0.823022
0.815108
0.806509
0.797024
0.786321
0.773883
0.758935
0.740347
0.716558
0.68551
0.644723
0.591527
0.523734
0.44076
0.345251
0.244498
0.15032
0.0757306
0.0286688
0.00704854
0.000815065
0.807311
0.878921
0.883412
0.878232
0.871917
0.871538
0.879023
0.898372
0.930032
0.971393
0.999998
1
1
0.999999
0.955131
0.872243
0.786335
0.711537
0.649964
0.60101
0.561725
0.548054
0.551858
0.56218
0.581109
0.604868
0.628433
0.650423
0.67145
0.691342
0.709965
0.727117
0.7431
0.758031
0.772166
0.785594
0.797356
0.80907
0.819268
0.828432
0.836877
0.844655
0.85181
0.858384
0.864414
0.869937
0.874988
0.879599
0.8838
0.887624
0.891102
0.894248
0.897093
0.899657
0.90196
0.904021
0.905859
0.907488
0.908927
0.910184
0.911278
0.912218
0.913012
0.913677
0.914216
0.914642
0.914962
0.915182
0.915311
0.915354
0.915319
0.915208
0.91503
0.914786
0.914484
0.914122
0.913707
0.91324
0.912726
0.912163
0.911556
0.910903
0.910206
0.909467
0.90868
0.907849
0.906972
0.906042
0.90506
0.904023
0.902926
0.901764
0.900534
0.899228
0.897841
0.896368
0.894797
0.893124
0.891336
0.889424
0.887379
0.88519
0.88284
0.880321
0.877619
0.874717
0.871599
0.868256
0.864668
0.860823
0.856704
0.852298
0.847596
0.842579
0.83724
0.831562
0.825532
0.819121
0.812291
0.804977
0.797074
0.788416
0.778734
0.767637
0.754534
0.738591
0.718646
0.693165
0.660218
0.617564
0.562955
0.494732
0.412903
0.320509
0.224786
0.136795
0.0681846
0.0255263
0.00620339
0.00070858
0.803606
0.874901
0.880804
0.87517
0.864114
0.857551
0.866491
0.885686
0.919377
0.967251
0.999997
0.999998
1
0.999998
0.946021
0.848103
0.755339
0.68244
0.629563
0.602367
0.59069
0.590363
0.596801
0.606249
0.620823
0.637953
0.65553
0.67276
0.689521
0.705588
0.720821
0.735146
0.748691
0.761518
0.773721
0.785242
0.795668
0.805925
0.814976
0.824264
0.831723
0.838616
0.844991
0.850868
0.856278
0.86125
0.865809
0.869989
0.873806
0.877284
0.88045
0.883318
0.885915
0.888255
0.890353
0.89223
0.893898
0.895371
0.896662
0.897785
0.89875
0.89957
0.900251
0.900804
0.901238
0.901561
0.901781
0.901903
0.901935
0.901882
0.901751
0.901548
0.901271
0.900933
0.900532
0.900073
0.899558
0.898989
0.898372
0.897702
0.896985
0.896218
0.895403
0.89454
0.893627
0.892663
0.891647
0.890574
0.889444
0.888249
0.886986
0.885653
0.884243
0.882751
0.881168
0.879489
0.877706
0.875812
0.873796
0.87165
0.869367
0.86693
0.864336
0.861569
0.858622
0.85548
0.852134
0.848575
0.84479
0.840769
0.836503
0.831985
0.827205
0.822152
0.816813
0.811173
0.805207
0.798871
0.792106
0.784816
0.776847
0.767984
0.757902
0.746145
0.732073
0.714816
0.693227
0.665857
0.630951
0.586577
0.530916
0.462843
0.382876
0.294355
0.204325
0.122983
0.0605863
0.0224009
0.00537229
0.000604974
0.799726
0.867245
0.876886
0.873169
0.863144
0.848905
0.854059
0.871372
0.905697
0.961768
1
0.999999
1
0.999997
0.935291
0.820286
0.725093
0.662921
0.63936
0.629196
0.627938
0.632493
0.637657
0.646538
0.657909
0.670553
0.683606
0.696642
0.709462
0.721901
0.733869
0.745333
0.756318
0.766831
0.776871
0.786369
0.795222
0.8038
0.811625
0.819568
0.826722
0.832892
0.838345
0.843376
0.848017
0.852293
0.856227
0.859836
0.863134
0.86615
0.868889
0.871373
0.873615
0.875634
0.877435
0.879042
0.880456
0.881698
0.882772
0.883692
0.884467
0.885105
0.885615
0.886007
0.886285
0.886459
0.886535
0.886519
0.886414
0.886229
0.885966
0.885634
0.885229
0.884762
0.884232
0.883643
0.882997
0.882293
0.881538
0.880727
0.879865
0.878948
0.877977
0.876951
0.875868
0.874728
0.873527
0.872264
0.870932
0.869529
0.868051
0.866493
0.864847
0.863112
0.86128
0.859343
0.857296
0.855134
0.852845
0.850427
0.847872
0.845168
0.842312
0.839298
0.836115
0.832756
0.829219
0.825493
0.821573
0.817454
0.813131
0.808591
0.80383
0.79883
0.79357
0.788023
0.782143
0.775864
0.769084
0.761674
0.753434
0.744092
0.733276
0.720489
0.705073
0.686165
0.66269
0.633333
0.596573
0.550827
0.494716
0.427602
0.350428
0.266693
0.183108
0.108912
0.0529638
0.0193081
0.00456015
0.000504783
0.795402
0.855595
0.869907
0.870087
0.863769
0.854637
0.847173
0.8568
0.888007
0.954467
1
1
1
1
0.922242
0.78785
0.699889
0.672063
0.663371
0.662384
0.665808
0.669029
0.674905
0.682554
0.691282
0.700568
0.710072
0.719594
0.729017
0.738255
0.747258
0.755997
0.764454
0.772613
0.780451
0.787932
0.795048
0.801899
0.808354
0.814773
0.820648
0.826523
0.831159
0.835243
0.838996
0.842453
0.845636
0.848554
0.851225
0.853654
0.855861
0.857854
0.859641
0.861241
0.862657
0.863898
0.86498
0.865907
0.866689
0.867334
0.867851
0.868245
0.868521
0.868693
0.868762
0.868733
0.868612
0.868404
0.868115
0.867749
0.867308
0.866796
0.866215
0.86557
0.864859
0.864088
0.863255
0.862363
0.86141
0.860398
0.859328
0.858193
0.856999
0.85574
0.854414
0.853021
0.851558
0.850022
0.848409
0.846716
0.844942
0.843077
0.841122
0.839072
0.83692
0.834665
0.832303
0.829828
0.827237
0.824525
0.82169
0.818728
0.815636
0.812411
0.809046
0.805544
0.801895
0.798099
0.794145
0.790033
0.785749
0.781276
0.776598
0.771688
0.766503
0.760991
0.75508
0.748668
0.741619
0.73376
0.724854
0.714595
0.702593
0.688335
0.671197
0.650383
0.624934
0.593731
0.555531
0.509102
0.453481
0.388453
0.315257
0.237402
0.161116
0.0946
0.0453369
0.0162574
0.00377025
0.000408587
0.790124
0.83955
0.857471
0.862549
0.861198
0.85694
0.853478
0.847346
0.864814
0.94452
1
1
0.999999
1
0.905656
0.749639
0.699455
0.692668
0.692731
0.695358
0.697838
0.702109
0.70747
0.71347
0.719829
0.726366
0.732971
0.739577
0.746137
0.752612
0.758977
0.76521
0.771291
0.7772
0.782923
0.788443
0.793759
0.798895
0.803829
0.808651
0.813174
0.817736
0.822287
0.825306
0.828066
0.830599
0.832923
0.835044
0.83697
0.83871
0.840275
0.84167
0.842905
0.843981
0.844911
0.8457
0.846352
0.846875
0.847276
0.84756
0.847733
0.847799
0.847765
0.847633
0.84741
0.847097
0.846699
0.846219
0.84566
0.845024
0.844317
0.843535
0.842682
0.841762
0.840772
0.839713
0.838588
0.837394
0.836133
0.834801
0.833401
0.831932
0.830389
0.828773
0.827081
0.825315
0.82347
0.821546
0.819544
0.81746
0.815294
0.813043
0.810707
0.808283
0.805773
0.803176
0.80049
0.797714
0.794848
0.791891
0.78884
0.785699
0.782461
0.779127
0.77569
0.772148
0.768489
0.764707
0.76079
0.756717
0.752466
0.748008
0.743303
0.738301
0.732941
0.727142
0.720801
0.713792
0.705957
0.697098
0.686971
0.675272
0.661622
0.645568
0.626547
0.603892
0.576803
0.544389
0.505686
0.459795
0.406104
0.344712
0.277008
0.206341
0.138325
0.08006
0.0377139
0.0132477
0.0030015
0.000317667
0.782605
0.818047
0.836508
0.845589
0.849133
0.849411
0.847997
0.845709
0.835859
0.930194
0.999999
1
1
1
0.882821
0.716957
0.715756
0.717427
0.719414
0.721733
0.725044
0.728841
0.732855
0.736967
0.741121
0.745292
0.749464
0.753624
0.757758
0.761856
0.765906
0.76989
0.773803
0.777629
0.78136
0.784984
0.788505
0.79192
0.795223
0.79843
0.801516
0.804654
0.808511
0.810628
0.812336
0.813851
0.815205
0.816408
0.81747
0.818392
0.819185
0.819846
0.820379
0.820796
0.821098
0.821282
0.821359
0.821332
0.821199
0.820968
0.820642
0.820222
0.819711
0.819111
0.818424
0.817654
0.816802
0.81587
0.814857
0.813766
0.8126
0.811356
0.810037
0.808646
0.807178
0.805639
0.804027
0.802341
0.800583
0.798754
0.796852
0.794879
0.792836
0.790722
0.788539
0.786286
0.783966
0.781581
0.77913
0.776617
0.774042
0.771403
0.768704
0.765946
0.763127
0.760249
0.75731
0.754309
0.751244
0.748113
0.74491
0.741632
0.738267
0.734811
0.731249
0.727569
0.72375
0.719773
0.715612
0.711236
0.706606
0.701678
0.696401
0.690711
0.684533
0.677779
0.670345
0.662101
0.652899
0.642559
0.630867
0.61756
0.602326
0.584794
0.564507
0.540941
0.513473
0.481421
0.444064
0.400769
0.351173
0.295544
0.235261
0.173354
0.114703
0.0652955
0.0300876
0.0102575
0.00223673
0.0002303
0.766747
0.787662
0.80152
0.810749
0.816779
0.820466
0.822191
0.821029
0.819487
0.902197
1
1
0.999998
1
0.843674
0.724136
0.725735
0.727257
0.729165
0.731281
0.73346
0.735629
0.73778
0.739917
0.742042
0.744159
0.746264
0.748352
0.75042
0.752459
0.754466
0.75643
0.758346
0.760214
0.762021
0.763765
0.765449
0.767067
0.76862
0.770121
0.771592
0.773137
0.775325
0.776188
0.776606
0.776855
0.77698
0.776983
0.776881
0.776676
0.776369
0.775959
0.775455
0.774853
0.774157
0.773366
0.772488
0.771517
0.770457
0.76931
0.768079
0.76676
0.765361
0.763876
0.762314
0.760669
0.758947
0.757148
0.755271
0.75332
0.751295
0.749197
0.747028
0.744786
0.742476
0.740098
0.737653
0.73514
0.732563
0.72992
0.727214
0.724447
0.721616
0.718723
0.715768
0.712751
0.709698
0.706611
0.703488
0.700331
0.697135
0.693901
0.690625
0.687306
0.68394
0.680524
0.677055
0.673526
0.669932
0.666267
0.662523
0.658689
0.654756
0.650712
0.646543
0.642232
0.63776
0.633108
0.628249
0.623156
0.617794
0.612128
0.606111
0.599693
0.592812
0.585397
0.577366
0.568615
0.559028
0.54846
0.536743
0.523671
0.508996
0.492422
0.473594
0.452092
0.427432
0.399076
0.366473
0.32915
0.28687
0.239927
0.189543
0.138299
0.090273
0.0503717
0.0225026
0.00729499
0.0014583
0.00012661
)
;

boundaryField
{
    walls
    {
        type            zeroGradient;
    }
    top
    {
        type            zeroGradient;
    }
    bottom
    {
        type            zeroGradient;
    }
    frontAndBack
    {
        type            empty;
    }
    inlet
    {
        type            uniformFixedValue;
        uniformValue    
        {
            type            constant;
            value           1;
        }
        value           uniform 1;
    }
    outlet
    {
        type            zeroGradient;
    }
}


// ************************************************************************* //
