/*--------------------------------*- C++ -*----------------------------------*\
  =========                 |
  \\      /  F ield         | OpenFOAM: The Open Source CFD Toolbox
   \\    /   O peration     | Website:  https://openfoam.org
    \\  /    A nd           | Version:  12
     \\/     M anipulation  |
\*---------------------------------------------------------------------------*/
FoamFile
{
    format      ascii;
    class       volScalarField;
    location    "550";
    object      T;
}
// * * * * * * * * * * * * * * * * * * * * * * * * * * * * * * * * * * * * * //

dimensions      [];

internalField   nonuniform List<scalar> 
4480
(
1.36389e-05
0.000578723
0.0387099
0.170129
0.322651
0.455742
0.561735
0.64345
0.705868
0.753586
0.790265
0.818665
0.840818
0.858226
0.871984
0.882907
0.891595
0.898506
0.903978
0.908269
0.911585
0.914077
0.915869
0.917051
0.917697
0.917867
0.917608
0.917121
0.916626
0.916122
0.91561
0.915085
0.914542
0.913981
0.913399
0.912793
0.912159
0.911497
0.910798
0.910065
0.909296
0.908481
0.907617
0.906706
0.905741
0.904715
0.903625
0.902473
0.901245
0.899936
0.898549
0.89708
0.895512
0.893847
0.892079
0.890198
0.888206
0.886098
0.883858
0.88149
0.87898
0.876329
0.873526
0.870572
0.867449
0.864169
0.860707
0.857078
0.853253
0.849251
0.845047
0.840645
0.836036
0.831216
0.826178
0.820917
0.815427
0.809701
0.803733
0.797519
0.791049
0.78432
0.777324
0.770099
0.762651
0.754979
0.747084
0.738967
0.730631
0.722081
0.713322
0.704367
0.695226
0.685914
0.676454
0.666864
0.657177
0.647425
0.637654
0.627913
0.618263
0.608777
0.599526
0.590625
0.582171
0.574293
0.567137
0.560858
0.555624
0.551622
0.549043
0.548085
0.548941
0.551811
0.556863
0.564261
0.574115
0.586496
0.601422
0.618904
0.639155
0.662906
0.691422
0.727835
0.784562
0.867094
0.924495
0.967328
0.958684
0.897254
0.837044
0.745072
0.660892
0.591217
0.525222
0.459548
0.392045
0.320332
0.242536
0.153159
5.55873e-06
0.0126618
0.164926
0.393398
0.581185
0.712012
0.798693
0.855638
0.893385
0.918837
0.936352
0.948665
0.957512
0.963994
0.968821
0.972474
0.975267
0.977416
0.979074
0.980351
0.981326
0.982051
0.98257
0.982914
0.983108
0.983168
0.983109
0.982838
0.982277
0.981454
0.980399
0.97914
0.977706
0.976122
0.974409
0.972593
0.970693
0.968725
0.966702
0.96464
0.962551
0.960444
0.958321
0.956195
0.954068
0.95194
0.949817
0.947697
0.945579
0.943464
0.941347
0.939233
0.937112
0.93498
0.93284
0.93068
0.928505
0.926305
0.924075
0.921819
0.91952
0.917189
0.914808
0.91238
0.909903
0.907376
0.904787
0.902134
0.899421
0.896646
0.893799
0.890883
0.887893
0.884832
0.881689
0.878471
0.875173
0.871788
0.868332
0.864789
0.861158
0.857453
0.853658
0.849793
0.84587
0.84188
0.837828
0.833729
0.829576
0.825387
0.821168
0.816927
0.812679
0.808442
0.804236
0.800074
0.795995
0.792015
0.788171
0.784507
0.781066
0.777891
0.775042
0.772571
0.770555
0.769054
0.768154
0.767925
0.76846
0.769841
0.772157
0.775479
0.779892
0.78546
0.792231
0.800244
0.809507
0.820024
0.831777
0.844768
0.859056
0.874789
0.892152
0.911278
0.931988
0.952572
0.96964
0.980828
0.970912
0.936411
0.900381
0.85971
0.814901
0.766055
0.712166
0.651922
0.583621
0.505331
0.415512
0.314979
0.000889678
0.0752195
0.349082
0.599619
0.761042
0.854742
0.907994
0.938653
0.956826
0.968015
0.975193
0.980011
0.983375
0.985815
0.987634
0.989023
0.9901
0.990939
0.991597
0.99211
0.992506
0.992802
0.993018
0.993163
0.993247
0.993275
0.993254
0.993168
0.992988
0.992713
0.992342
0.991868
0.991289
0.990597
0.989797
0.988881
0.987857
0.986726
0.985493
0.984164
0.982747
0.981249
0.97968
0.978046
0.976354
0.974619
0.972839
0.971027
0.969186
0.967323
0.965445
0.963554
0.96165
0.959737
0.957823
0.9559
0.953977
0.952051
0.95012
0.948187
0.946251
0.944312
0.942364
0.940415
0.938458
0.936491
0.934518
0.932534
0.930536
0.928531
0.926504
0.924469
0.922416
0.920349
0.918257
0.916152
0.91403
0.911885
0.909722
0.907545
0.905343
0.903127
0.900887
0.898638
0.896369
0.894095
0.89182
0.889542
0.887263
0.884997
0.882746
0.880519
0.878331
0.876183
0.874097
0.872088
0.87017
0.868363
0.866693
0.865187
0.863865
0.862761
0.861917
0.861356
0.861129
0.861275
0.861829
0.862841
0.864361
0.86642
0.869063
0.872323
0.876232
0.880807
0.886058
0.891977
0.898555
0.905755
0.913539
0.921863
0.93067
0.939883
0.94937
0.958872
0.967967
0.975996
0.982062
0.985015
0.977858
0.955669
0.932502
0.906855
0.87745
0.842936
0.801675
0.75156
0.689879
0.613344
0.518619
0.40373
0.0103543
0.217003
0.548311
0.763911
0.875541
0.930223
0.95734
0.971397
0.979166
0.983812
0.986833
0.988959
0.990554
0.991796
0.992785
0.99358
0.994224
0.99474
0.995154
0.99548
0.995733
0.995925
0.996064
0.996161
0.99622
0.996244
0.996239
0.9962
0.996121
0.996004
0.995844
0.995638
0.995384
0.995074
0.994701
0.994265
0.993759
0.993174
0.992515
0.991775
0.990955
0.990056
0.989079
0.988028
0.986907
0.985721
0.984473
0.983172
0.981821
0.980428
0.978999
0.977536
0.97605
0.97454
0.973016
0.97148
0.969936
0.968384
0.966834
0.96528
0.963733
0.962185
0.960646
0.959116
0.957589
0.956071
0.954566
0.953065
0.951576
0.950092
0.948616
0.947151
0.945691
0.94424
0.942793
0.941352
0.939917
0.938493
0.937071
0.935651
0.934238
0.932833
0.93144
0.930041
0.928653
0.927274
0.925904
0.924553
0.92322
0.921908
0.92062
0.919367
0.918156
0.916989
0.915884
0.914842
0.913885
0.913018
0.912258
0.911625
0.911138
0.91081
0.910669
0.910733
0.911033
0.911581
0.912416
0.913554
0.915021
0.916837
0.919025
0.921595
0.924559
0.927921
0.93167
0.935791
0.940263
0.945049
0.950102
0.955361
0.960753
0.966168
0.971464
0.976438
0.98082
0.984256
0.986276
0.986202
0.981083
0.965734
0.949098
0.930826
0.909809
0.884623
0.853302
0.812992
0.759606
0.687315
0.588402
0.453774
0.0483043
0.410329
0.724174
0.875522
0.939023
0.965698
0.977651
0.983589
0.986956
0.989179
0.990834
0.992171
0.993284
0.994218
0.994993
0.995627
0.996141
0.996552
0.996872
0.997118
0.997304
0.997439
0.997535
0.997598
0.997637
0.997654
0.997654
0.997633
0.997589
0.997522
0.99743
0.997313
0.99717
0.996998
0.996794
0.996554
0.996272
0.995948
0.995574
0.995151
0.99467
0.994135
0.993537
0.992882
0.992166
0.991391
0.990561
0.989676
0.98874
0.987758
0.986733
0.985669
0.984573
0.983447
0.982299
0.981134
0.979954
0.97876
0.977563
0.976361
0.97516
0.973962
0.972772
0.971591
0.970415
0.969256
0.968107
0.96697
0.965851
0.964745
0.963655
0.962577
0.961518
0.960473
0.959444
0.958429
0.957432
0.956446
0.955471
0.954516
0.953571
0.95264
0.951725
0.95082
0.949929
0.949053
0.948191
0.947345
0.946521
0.94572
0.944946
0.9442
0.943493
0.942826
0.942205
0.941637
0.941134
0.940705
0.940354
0.940102
0.93995
0.939916
0.940016
0.940263
0.940668
0.941253
0.942027
0.943004
0.9442
0.94563
0.947291
0.949199
0.951348
0.953739
0.95636
0.959189
0.962207
0.965378
0.968659
0.971992
0.975307
0.978519
0.981509
0.984132
0.9862
0.987478
0.98764
0.986213
0.98213
0.971228
0.958202
0.943963
0.927771
0.908526
0.884463
0.852607
0.808054
0.7425
0.642331
0.48615
0.131961
0.604917
0.851025
0.938715
0.968892
0.980286
0.985333
0.98807
0.989914
0.991391
0.992691
0.993846
0.994849
0.9957
0.996394
0.996948
0.997378
0.997702
0.997941
0.998108
0.99822
0.998292
0.998334
0.998356
0.998364
0.998364
0.998358
0.998348
0.99832
0.99828
0.998224
0.998152
0.998065
0.99796
0.997836
0.997689
0.99752
0.997322
0.997095
0.996836
0.996541
0.996207
0.995831
0.995414
0.994953
0.994446
0.993893
0.993295
0.992657
0.991974
0.991254
0.990497
0.989708
0.98889
0.988045
0.987181
0.9863
0.985404
0.984497
0.983585
0.982675
0.98176
0.980852
0.979948
0.979052
0.978169
0.977295
0.976435
0.975594
0.974763
0.973949
0.97315
0.97237
0.971608
0.970859
0.970129
0.969411
0.968714
0.968032
0.967362
0.966708
0.966072
0.965452
0.964847
0.96425
0.963668
0.963103
0.962554
0.962022
0.961509
0.961021
0.960559
0.960124
0.959721
0.959356
0.959033
0.958758
0.958541
0.958381
0.958287
0.958274
0.958341
0.958505
0.958773
0.959151
0.959652
0.960281
0.961052
0.961969
0.963035
0.964261
0.96564
0.967171
0.96885
0.970666
0.972597
0.974627
0.97672
0.978845
0.980947
0.982972
0.984846
0.986476
0.987751
0.988529
0.988628
0.987801
0.98571
0.981875
0.974182
0.963431
0.951609
0.938261
0.922633
0.903415
0.877992
0.841511
0.784151
0.686372
0.509633
0.257818
0.765231
0.926229
0.968312
0.98094
0.985805
0.988293
0.989963
0.991356
0.992659
0.993907
0.995046
0.99602
0.996813
0.997435
0.997905
0.998242
0.998469
0.998606
0.998675
0.998694
0.998681
0.998648
0.998612
0.998576
0.998549
0.99853
0.998523
0.998509
0.998491
0.998467
0.998434
0.998392
0.99834
0.998275
0.998194
0.998098
0.997984
0.997848
0.997691
0.997508
0.997297
0.997059
0.99679
0.99649
0.996154
0.995784
0.995379
0.994942
0.994468
0.993962
0.993428
0.992863
0.99227
0.991656
0.991022
0.990368
0.989703
0.989027
0.988343
0.987654
0.986963
0.986274
0.985587
0.984909
0.984239
0.983576
0.982926
0.982286
0.981662
0.981051
0.980456
0.979871
0.979307
0.978756
0.978219
0.977696
0.977188
0.976697
0.976223
0.975757
0.975309
0.974879
0.974454
0.974044
0.973646
0.973261
0.972889
0.972534
0.972196
0.971873
0.971572
0.971296
0.971041
0.970818
0.970623
0.970467
0.97035
0.970276
0.970253
0.970282
0.970376
0.970536
0.970767
0.971079
0.971474
0.97196
0.97254
0.973217
0.973999
0.974879
0.975859
0.976937
0.978105
0.979349
0.980652
0.981999
0.983365
0.984713
0.986005
0.98719
0.988205
0.988976
0.989413
0.989396
0.98878
0.987376
0.984927
0.981111
0.975306
0.96643
0.956223
0.944675
0.93125
0.915078
0.89406
0.864017
0.814902
0.722577
0.528173
0.407479
0.875535
0.962391
0.979953
0.985473
0.988047
0.989682
0.991014
0.99229
0.993594
0.994884
0.996032
0.996972
0.997697
0.998229
0.998597
0.998824
0.998932
0.998946
0.99889
0.998788
0.998661
0.998534
0.998417
0.998322
0.998254
0.998216
0.998207
0.998207
0.998213
0.998222
0.998231
0.998239
0.998242
0.998237
0.998223
0.998194
0.998153
0.998096
0.998018
0.997924
0.997806
0.997666
0.997502
0.99731
0.997096
0.996853
0.996582
0.996282
0.995958
0.995606
0.995227
0.994824
0.9944
0.993954
0.993489
0.99301
0.992516
0.992012
0.991501
0.990986
0.990464
0.989945
0.989427
0.988909
0.988401
0.987899
0.987407
0.986922
0.986448
0.985987
0.985539
0.9851
0.984678
0.984264
0.983865
0.98348
0.983106
0.982747
0.982399
0.982061
0.981742
0.98143
0.981131
0.980839
0.980559
0.980288
0.980027
0.97978
0.979549
0.979327
0.979123
0.978939
0.978769
0.978621
0.978499
0.978402
0.978336
0.978301
0.978304
0.978342
0.97843
0.978558
0.978742
0.978981
0.979276
0.979636
0.980056
0.980546
0.9811
0.981724
0.982407
0.983149
0.983943
0.984778
0.985639
0.986508
0.987363
0.988172
0.988905
0.989512
0.989946
0.990138
0.990014
0.989471
0.988391
0.98662
0.983968
0.980206
0.975088
0.968012
0.958973
0.948675
0.936678
0.922416
0.904216
0.878784
0.836857
0.751809
0.543754
0.563493
0.934903
0.976154
0.984247
0.987421
0.989203
0.990522
0.991729
0.993001
0.994367
0.995722
0.996877
0.997758
0.998394
0.99882
0.999072
0.999169
0.999133
0.998991
0.998773
0.998512
0.998241
0.997984
0.997762
0.997587
0.997467
0.997403
0.997391
0.997404
0.997439
0.99749
0.997552
0.997619
0.99769
0.997758
0.997819
0.99787
0.997907
0.997928
0.997935
0.99792
0.997889
0.997835
0.997758
0.997659
0.997538
0.997391
0.997222
0.99703
0.996813
0.996575
0.996313
0.996032
0.995731
0.995411
0.995076
0.994724
0.994362
0.993989
0.993608
0.993222
0.992832
0.992439
0.992047
0.991658
0.991271
0.990891
0.990516
0.990148
0.989791
0.989441
0.9891
0.98877
0.988447
0.988137
0.987837
0.987548
0.98727
0.987001
0.986744
0.986493
0.986258
0.98603
0.985812
0.985598
0.985394
0.9852
0.985013
0.984837
0.984668
0.984513
0.984365
0.984236
0.984117
0.984016
0.983932
0.983868
0.983821
0.983802
0.983806
0.983842
0.983905
0.984002
0.984135
0.984307
0.984518
0.984773
0.985069
0.985408
0.985789
0.986215
0.986674
0.987168
0.987686
0.98822
0.988754
0.989277
0.989761
0.990184
0.990512
0.990707
0.990726
0.990506
0.989981
0.98907
0.987669
0.985655
0.982878
0.979172
0.974358
0.96827
0.960479
0.951111
0.940113
0.927124
0.910707
0.888339
0.852006
0.774699
0.557486
0.70679
0.957209
0.980647
0.986178
0.988512
0.989939
0.991102
0.992271
0.993579
0.995034
0.996466
0.997599
0.998396
0.998925
0.99924
0.999362
0.999306
0.999087
0.998743
0.998316
0.997848
0.997385
0.996962
0.996604
0.996329
0.996144
0.996049
0.996033
0.996064
0.996136
0.996241
0.99637
0.996516
0.996671
0.996828
0.996982
0.997127
0.997259
0.997375
0.997473
0.997552
0.997608
0.99764
0.99765
0.997638
0.997604
0.997545
0.997463
0.997359
0.997234
0.997084
0.996916
0.996729
0.996522
0.996301
0.996066
0.995814
0.995553
0.995281
0.994999
0.994714
0.994423
0.99413
0.993835
0.993541
0.993249
0.992961
0.992678
0.992398
0.992126
0.991857
0.991599
0.991347
0.991104
0.990868
0.99064
0.990421
0.990208
0.990007
0.98981
0.989624
0.989447
0.989274
0.989112
0.988953
0.988803
0.988658
0.988518
0.988385
0.988262
0.988145
0.988037
0.987937
0.987852
0.987775
0.987712
0.98766
0.987626
0.987609
0.987606
0.987628
0.987667
0.98773
0.98782
0.987934
0.988075
0.988243
0.988436
0.988659
0.988906
0.989175
0.989463
0.989766
0.990076
0.990382
0.990671
0.990929
0.991134
0.991266
0.991291
0.991179
0.990883
0.990355
0.989534
0.988353
0.986717
0.984533
0.981675
0.978017
0.973416
0.967731
0.960828
0.952455
0.942207
0.93012
0.914877
0.894483
0.862136
0.791909
0.570033
0.801788
0.968968
0.983522
0.987353
0.98922
0.99045
0.991525
0.99269
0.994057
0.995622
0.997123
0.998209
0.9989
0.999316
0.999513
0.99949
0.999244
0.998796
0.998189
0.997488
0.996752
0.996042
0.995406
0.994881
0.994481
0.99422
0.994091
0.994072
0.99413
0.994253
0.99443
0.994647
0.994893
0.995157
0.995428
0.995698
0.995959
0.996206
0.996437
0.996643
0.996827
0.996987
0.997118
0.997223
0.997301
0.997353
0.99738
0.997382
0.99736
0.997315
0.997248
0.99716
0.997055
0.99693
0.996788
0.99663
0.99646
0.99628
0.996086
0.995886
0.995679
0.995466
0.99525
0.995032
0.994813
0.994594
0.994378
0.994161
0.993951
0.993742
0.993541
0.993344
0.993151
0.992966
0.992783
0.992612
0.992443
0.992282
0.992127
0.991975
0.991831
0.991697
0.991563
0.991439
0.99132
0.991203
0.99109
0.990983
0.990884
0.990785
0.990697
0.990612
0.990533
0.990463
0.990398
0.990346
0.990302
0.990267
0.990243
0.990234
0.990238
0.990255
0.990285
0.990335
0.990396
0.990478
0.990573
0.990684
0.990811
0.99095
0.991099
0.991253
0.991404
0.991549
0.991677
0.991772
0.991824
0.99181
0.99171
0.991501
0.991147
0.990609
0.989843
0.988795
0.987405
0.985595
0.983283
0.98037
0.976748
0.972298
0.966895
0.960403
0.952642
0.943339
0.931928
0.917516
0.898407
0.868706
0.804199
0.581814
0.872907
0.975518
0.985399
0.988287
0.989745
0.99081
0.991833
0.993013
0.994456
0.996136
0.997707
0.998714
0.999283
0.99959
0.999667
0.999473
0.998987
0.998236
0.997288
0.996229
0.995151
0.994133
0.993237
0.992506
0.991963
0.991616
0.991457
0.991442
0.99154
0.991735
0.992007
0.992341
0.992717
0.993119
0.993534
0.99395
0.994356
0.994747
0.995113
0.995451
0.995758
0.996035
0.99628
0.99649
0.99667
0.996817
0.996934
0.997022
0.997082
0.997116
0.997127
0.997114
0.997081
0.997028
0.996957
0.99687
0.996769
0.996654
0.99653
0.996395
0.996253
0.996104
0.99595
0.995792
0.995634
0.995473
0.995312
0.995151
0.994992
0.994836
0.994683
0.994533
0.994386
0.994243
0.994105
0.993972
0.993844
0.993718
0.993596
0.99348
0.99337
0.993264
0.99316
0.993062
0.992966
0.992876
0.992785
0.9927
0.992619
0.992539
0.992464
0.992394
0.992328
0.992265
0.99221
0.99216
0.992115
0.992077
0.992047
0.992023
0.992007
0.992001
0.992005
0.992016
0.992036
0.992064
0.992097
0.992141
0.992188
0.992238
0.992284
0.992327
0.992357
0.992367
0.992346
0.992286
0.99217
0.991983
0.991701
0.991299
0.99075
0.990017
0.989058
0.98783
0.986277
0.984329
0.98192
0.978965
0.975367
0.971027
0.965828
0.959631
0.952249
0.943405
0.932637
0.919072
0.900836
0.872808
0.812364
0.593127
0.9167
0.979554
0.986688
0.988956
0.990175
0.991086
0.992053
0.993255
0.994776
0.996579
0.998215
0.999117
0.999561
0.999771
0.999723
0.999317
0.998516
0.997368
0.995978
0.994468
0.992964
0.991568
0.99036
0.989391
0.988685
0.988251
0.988072
0.988072
0.988231
0.988525
0.988929
0.989414
0.989958
0.990537
0.991133
0.991729
0.992313
0.992873
0.993402
0.993896
0.994352
0.994765
0.995137
0.995468
0.995758
0.996009
0.996226
0.996405
0.996551
0.996667
0.996755
0.996819
0.996854
0.996869
0.996865
0.996841
0.996802
0.996747
0.996683
0.996603
0.996518
0.996422
0.996321
0.996216
0.996104
0.995992
0.995876
0.99576
0.995644
0.995529
0.995414
0.995302
0.995192
0.995082
0.994978
0.994874
0.994773
0.994676
0.994582
0.994492
0.994402
0.994315
0.994234
0.994154
0.994076
0.994
0.993927
0.993855
0.993786
0.993717
0.993652
0.993591
0.99353
0.993469
0.993416
0.993365
0.993314
0.993271
0.993229
0.993189
0.993156
0.993128
0.9931
0.99308
0.993061
0.993043
0.993024
0.993008
0.992985
0.992959
0.992922
0.99287
0.992795
0.992694
0.992553
0.992361
0.992104
0.99177
0.991334
0.990774
0.990062
0.989171
0.988056
0.986679
0.984995
0.982938
0.98045
0.977457
0.973878
0.969618
0.964568
0.958588
0.95149
0.942998
0.932645
0.919582
0.902003
0.874998
0.81712
0.604171
0.936022
0.983385
0.987604
0.989436
0.990475
0.991318
0.992214
0.993423
0.995024
0.996954
0.998658
0.99943
0.99975
0.999883
0.999695
0.999014
0.997801
0.996139
0.994189
0.992122
0.990101
0.988257
0.986687
0.985453
0.984577
0.984062
0.983882
0.983918
0.984168
0.984597
0.985171
0.985852
0.986606
0.987404
0.988221
0.989036
0.989829
0.99059
0.991314
0.991986
0.99261
0.993181
0.9937
0.994165
0.994581
0.994948
0.99527
0.995549
0.995788
0.99599
0.996158
0.996296
0.996404
0.996487
0.996546
0.996581
0.996602
0.996604
0.996591
0.996565
0.996526
0.996479
0.996423
0.996362
0.996293
0.996221
0.996144
0.996065
0.995984
0.995903
0.99582
0.995737
0.995654
0.995574
0.995494
0.995412
0.995336
0.995257
0.995184
0.995108
0.995038
0.994966
0.994899
0.994831
0.994768
0.994702
0.994638
0.994576
0.994513
0.994451
0.994389
0.994328
0.994269
0.994211
0.994153
0.994096
0.994039
0.993984
0.993932
0.993879
0.993826
0.993775
0.993721
0.993667
0.993611
0.993552
0.993487
0.993415
0.993335
0.993241
0.99313
0.992994
0.992831
0.992632
0.992386
0.992082
0.99171
0.991248
0.990681
0.989987
0.98914
0.98811
0.986865
0.985369
0.983572
0.981424
0.978873
0.97585
0.972283
0.968081
0.963143
0.957326
0.950445
0.942222
0.932195
0.919536
0.90248
0.876273
0.820218
0.612153
0.948036
0.984782
0.988269
0.989772
0.990676
0.991461
0.992354
0.99352
0.995199
0.997259
0.999032
0.999657
0.999871
0.999946
0.99959
0.998547
0.996796
0.994484
0.991842
0.989103
0.986473
0.984114
0.98214
0.980617
0.979569
0.978991
0.978841
0.978946
0.979329
0.979942
0.980738
0.981665
0.982678
0.983742
0.984822
0.985893
0.986934
0.987931
0.988871
0.989748
0.990562
0.991308
0.991987
0.992602
0.993154
0.993646
0.994085
0.994468
0.994805
0.995098
0.99535
0.995565
0.995747
0.995897
0.99602
0.996117
0.996192
0.996248
0.996286
0.996308
0.996316
0.996312
0.996297
0.996274
0.996243
0.996205
0.996161
0.996113
0.996063
0.996007
0.99595
0.995894
0.995834
0.995774
0.995714
0.995653
0.995591
0.99553
0.995469
0.995408
0.995348
0.99529
0.995232
0.995174
0.995116
0.995057
0.994997
0.994941
0.994879
0.994821
0.994759
0.994698
0.994636
0.994576
0.994511
0.994449
0.994383
0.994316
0.99425
0.994178
0.994107
0.994033
0.993952
0.993868
0.993778
0.993681
0.993573
0.993452
0.993317
0.993162
0.992983
0.992777
0.992536
0.992249
0.991909
0.991508
0.99103
0.99046
0.98978
0.98897
0.988007
0.986862
0.985509
0.983907
0.982016
0.979796
0.977192
0.974142
0.970581
0.966424
0.961569
0.955878
0.949167
0.941158
0.931395
0.919058
0.902424
0.876847
0.822164
0.617737
0.956312
0.985841
0.988799
0.989986
0.990773
0.991521
0.992425
0.993603
0.995301
0.99749
0.999342
0.999814
0.99994
0.999978
0.999407
0.997887
0.995447
0.992333
0.988861
0.985334
0.982005
0.979066
0.97665
0.974828
0.973624
0.973014
0.972862
0.973085
0.973666
0.974534
0.975621
0.976862
0.978199
0.979584
0.980977
0.982346
0.983669
0.984929
0.986115
0.987219
0.988239
0.989175
0.990029
0.990803
0.9915
0.992126
0.992685
0.993184
0.993622
0.994009
0.994349
0.994643
0.994898
0.995116
0.995303
0.99546
0.99559
0.995698
0.995784
0.995852
0.995902
0.995939
0.995963
0.995974
0.995976
0.995971
0.995956
0.995936
0.995911
0.995881
0.995847
0.995808
0.995768
0.995725
0.99568
0.995635
0.995587
0.995537
0.995487
0.995438
0.995385
0.995332
0.99528
0.995229
0.995175
0.995118
0.995063
0.995004
0.994946
0.994884
0.994822
0.994758
0.99469
0.994623
0.994552
0.99448
0.994402
0.994322
0.99424
0.994152
0.994062
0.993961
0.993857
0.993744
0.993618
0.993484
0.993334
0.993169
0.992984
0.992774
0.992534
0.992262
0.991948
0.991583
0.991166
0.990676
0.990105
0.989439
0.98866
0.987747
0.986684
0.985439
0.983991
0.982302
0.980336
0.978052
0.975403
0.972332
0.968774
0.964653
0.959861
0.95427
0.947697
0.939861
0.930312
0.918244
0.901954
0.876885
0.823248
0.621494
0.962269
0.986602
0.989103
0.9901
0.990787
0.991489
0.992412
0.993662
0.995344
0.997647
0.999593
0.999913
0.999976
0.999993
0.999137
0.997002
0.993702
0.989619
0.985176
0.980746
0.976631
0.973055
0.970168
0.968049
0.966716
0.966125
0.966005
0.966413
0.967263
0.968459
0.969912
0.971535
0.973257
0.975016
0.976766
0.978472
0.980108
0.981654
0.983102
0.98445
0.98569
0.986827
0.987862
0.988801
0.98965
0.990413
0.991097
0.991709
0.992253
0.992735
0.99316
0.993537
0.993866
0.994154
0.994404
0.994622
0.994805
0.994963
0.995096
0.995206
0.9953
0.995373
0.995432
0.995478
0.995511
0.995534
0.995547
0.99555
0.995548
0.995538
0.995524
0.995502
0.995479
0.995448
0.995418
0.995383
0.995344
0.995304
0.995263
0.995219
0.995172
0.995125
0.995076
0.995024
0.994971
0.994917
0.99486
0.994801
0.99474
0.994675
0.994608
0.994536
0.994464
0.994387
0.994308
0.994223
0.994133
0.99404
0.99394
0.993835
0.993721
0.993599
0.993467
0.993325
0.99317
0.992997
0.99281
0.9926
0.992368
0.992106
0.991811
0.991478
0.991098
0.990667
0.990171
0.989604
0.988951
0.988198
0.987333
0.986334
0.985183
0.983854
0.982323
0.980559
0.978524
0.976188
0.973503
0.970412
0.966857
0.962761
0.958024
0.952516
0.946055
0.938365
0.929002
0.917158
0.901166
0.876515
0.823662
0.623837
0.966667
0.987136
0.989259
0.990115
0.990703
0.991367
0.992306
0.993633
0.995384
0.997724
0.999784
0.999968
0.999993
0.999998
0.998771
0.99585
0.991506
0.986285
0.98073
0.975291
0.970312
0.966044
0.962663
0.960257
0.958838
0.958338
0.958368
0.959047
0.960259
0.96187
0.963766
0.965841
0.968001
0.970178
0.972318
0.974386
0.976351
0.978201
0.97992
0.981514
0.982978
0.984317
0.985536
0.986641
0.98764
0.988541
0.989349
0.990073
0.99072
0.991299
0.991812
0.992266
0.992669
0.993024
0.993336
0.993607
0.993848
0.994052
0.994233
0.994384
0.994517
0.994625
0.994717
0.994793
0.994856
0.994903
0.99494
0.994966
0.994983
0.994992
0.994994
0.994987
0.994977
0.994958
0.994937
0.994911
0.994881
0.994847
0.994809
0.994768
0.994727
0.994679
0.99463
0.994581
0.994526
0.994472
0.99441
0.994348
0.994282
0.994212
0.994137
0.994059
0.993975
0.99389
0.993798
0.993701
0.993598
0.993488
0.993371
0.993244
0.993109
0.992965
0.992806
0.992635
0.992449
0.992243
0.992016
0.991767
0.991489
0.991178
0.990832
0.990443
0.990003
0.989505
0.988943
0.988304
0.987578
0.986754
0.98581
0.984733
0.983504
0.982101
0.980501
0.978669
0.976583
0.974203
0.971484
0.968378
0.964828
0.960756
0.956065
0.950626
0.944262
0.936698
0.927493
0.915855
0.900116
0.875815
0.823559
0.625086
0.969959
0.987503
0.989305
0.990027
0.99053
0.991145
0.992102
0.993512
0.995401
0.997739
0.999916
0.999992
0.999998
0.999999
0.998292
0.994396
0.988809
0.982284
0.975492
0.968947
0.963029
0.958015
0.954115
0.951443
0.95001
0.949617
0.949915
0.951011
0.952729
0.954893
0.957344
0.95995
0.962609
0.965244
0.967798
0.970237
0.972536
0.974683
0.976672
0.978505
0.980184
0.981716
0.983109
0.984372
0.985512
0.986545
0.987471
0.988303
0.989047
0.989714
0.99031
0.990844
0.991314
0.991735
0.992106
0.992433
0.992722
0.992977
0.993197
0.99339
0.993555
0.993698
0.993821
0.993926
0.994012
0.994085
0.994141
0.994186
0.994221
0.994245
0.99426
0.994266
0.994267
0.994259
0.994244
0.994225
0.9942
0.994169
0.994134
0.994096
0.994055
0.994008
0.993957
0.993903
0.993845
0.993787
0.99372
0.993652
0.993578
0.993501
0.993419
0.993331
0.993239
0.99314
0.993035
0.992924
0.992804
0.992677
0.992541
0.992395
0.992238
0.992069
0.991885
0.991686
0.991466
0.991227
0.990965
0.990675
0.990356
0.989998
0.989603
0.989161
0.988666
0.988111
0.987489
0.986784
0.985993
0.985099
0.984087
0.982943
0.981648
0.980181
0.978519
0.976637
0.974504
0.972083
0.969343
0.966227
0.962683
0.958629
0.953983
0.94861
0.942332
0.934881
0.92582
0.914363
0.898859
0.874858
0.823058
0.625477
0.972439
0.987718
0.989245
0.989819
0.99026
0.990823
0.99179
0.993288
0.995325
0.997752
0.999988
1
1
1
0.997684
0.992603
0.985573
0.97759
0.96945
0.96172
0.954791
0.94897
0.944518
0.941611
0.940265
0.93981
0.940585
0.942337
0.944795
0.947703
0.950857
0.954094
0.957308
0.960425
0.963398
0.966202
0.968815
0.971241
0.973473
0.975522
0.977394
0.979101
0.980649
0.982052
0.983319
0.984466
0.985499
0.986429
0.987263
0.988011
0.988682
0.989283
0.989819
0.990297
0.990723
0.991101
0.991435
0.991731
0.991992
0.992221
0.99242
0.992594
0.992743
0.992873
0.992982
0.993073
0.993149
0.993213
0.993262
0.993297
0.993325
0.99334
0.993349
0.993348
0.993338
0.993323
0.993302
0.993273
0.993237
0.9932
0.993155
0.993105
0.993051
0.992995
0.992931
0.992865
0.992794
0.992716
0.992633
0.992547
0.992452
0.992354
0.99225
0.992136
0.992018
0.99189
0.991755
0.991609
0.991454
0.991288
0.991107
0.990914
0.990703
0.990474
0.990223
0.989952
0.989655
0.989328
0.988966
0.988569
0.988126
0.987637
0.987091
0.986482
0.985802
0.985043
0.984194
0.983238
0.982164
0.980963
0.97961
0.978088
0.976375
0.97445
0.972279
0.969831
0.967073
0.963948
0.960411
0.956384
0.951778
0.946461
0.940268
0.932926
0.924002
0.912716
0.89743
0.873691
0.822242
0.625183
0.974281
0.987822
0.989101
0.989535
0.98989
0.990387
0.991358
0.992949
0.995154
0.997764
1
0.999999
0.999998
0.999999
0.996931
0.990442
0.98177
0.972199
0.962633
0.953659
0.945656
0.938937
0.933856
0.930748
0.92964
0.929586
0.931063
0.933684
0.937057
0.940835
0.944761
0.948661
0.952429
0.956002
0.959359
0.962477
0.965363
0.968018
0.97045
0.972674
0.974702
0.976547
0.978222
0.97974
0.981112
0.982355
0.983474
0.984482
0.985392
0.986212
0.986944
0.987603
0.988194
0.988723
0.989193
0.989615
0.98999
0.990323
0.99062
0.99088
0.991108
0.991306
0.991481
0.991633
0.99176
0.991871
0.991962
0.992038
0.992099
0.992145
0.99218
0.992201
0.992216
0.992219
0.992213
0.992198
0.992175
0.992148
0.99211
0.99207
0.99202
0.991968
0.991908
0.991844
0.991774
0.991699
0.991617
0.99153
0.991437
0.99134
0.991235
0.991121
0.991003
0.990876
0.99074
0.990596
0.990442
0.990279
0.990103
0.989913
0.989712
0.989491
0.989254
0.988999
0.988718
0.988414
0.988084
0.987718
0.987321
0.986881
0.986396
0.985862
0.985268
0.984611
0.983881
0.98307
0.982166
0.981159
0.980035
0.978781
0.977378
0.975812
0.974056
0.972094
0.969896
0.967426
0.964656
0.961535
0.958008
0.954007
0.949439
0.944187
0.938075
0.93084
0.922053
0.910938
0.895851
0.87236
0.821172
0.624341
0.975623
0.987833
0.988885
0.989171
0.989414
0.98983
0.990795
0.99248
0.994878
0.997721
1
1
0.999998
0.999997
0.996027
0.987882
0.977386
0.966134
0.955111
0.94488
0.935742
0.927982
0.922092
0.918804
0.917477
0.918358
0.921252
0.925367
0.930053
0.934884
0.939615
0.944132
0.948365
0.952298
0.955934
0.959278
0.962346
0.965157
0.967723
0.970064
0.972197
0.974134
0.975894
0.977488
0.978936
0.980245
0.981426
0.982498
0.983462
0.984332
0.985115
0.98582
0.986453
0.987022
0.987533
0.987986
0.988393
0.988756
0.989079
0.989364
0.989615
0.989836
0.990029
0.990196
0.990342
0.990465
0.990567
0.990652
0.990722
0.990775
0.990817
0.990843
0.990858
0.990861
0.990857
0.990841
0.990816
0.990785
0.990745
0.990698
0.990643
0.990582
0.990515
0.990441
0.990362
0.990278
0.990185
0.990087
0.989982
0.989869
0.989751
0.989624
0.989489
0.989345
0.989193
0.989029
0.988859
0.988673
0.988474
0.988264
0.988037
0.987794
0.987528
0.987245
0.986935
0.986601
0.986236
0.985836
0.985402
0.984923
0.9844
0.983822
0.983186
0.982486
0.981712
0.980855
0.979904
0.978851
0.977685
0.976387
0.974942
0.97334
0.971554
0.969563
0.967343
0.964862
0.962086
0.958969
0.955458
0.951488
0.946969
0.941781
0.935751
0.928626
0.919978
0.909034
0.894149
0.870892
0.81989
0.623048
0.976545
0.987764
0.988602
0.988696
0.988777
0.989143
0.990092
0.991871
0.99448
0.997611
0.999997
0.999997
0.999998
0.999996
0.994959
0.9849
0.972421
0.95946
0.947028
0.935601
0.925303
0.916298
0.909168
0.905553
0.904368
0.907356
0.912768
0.918965
0.925086
0.930828
0.936135
0.941017
0.945495
0.949596
0.953349
0.956781
0.959915
0.96278
0.965393
0.967773
0.969944
0.971924
0.973719
0.97535
0.976829
0.978177
0.979395
0.980497
0.981494
0.982395
0.983209
0.983943
0.984605
0.9852
0.985735
0.986215
0.986644
0.987026
0.987368
0.987672
0.987939
0.988173
0.988381
0.98856
0.988712
0.988846
0.988955
0.989045
0.98912
0.989175
0.989217
0.989244
0.989258
0.989261
0.989253
0.989235
0.989203
0.989165
0.989119
0.989063
0.989002
0.988929
0.988852
0.988768
0.988678
0.98858
0.988473
0.988361
0.988243
0.988115
0.987979
0.987837
0.987684
0.987523
0.987353
0.987172
0.986977
0.986772
0.986552
0.986317
0.986066
0.985796
0.985506
0.985195
0.984855
0.984491
0.984093
0.983661
0.983191
0.982679
0.982119
0.981503
0.98083
0.98009
0.979275
0.978378
0.977388
0.976297
0.975089
0.97376
0.972284
0.970651
0.96884
0.966831
0.964597
0.96211
0.959333
0.95623
0.952745
0.948812
0.944346
0.93923
0.933295
0.926283
0.917783
0.907017
0.892341
0.869306
0.818437
0.621368
0.977094
0.987625
0.98826
0.98813
0.987997
0.988325
0.989234
0.991101
0.993944
0.997432
1
1
0.999998
1
0.993716
0.981469
0.966893
0.952297
0.938637
0.926236
0.914907
0.904493
0.895183
0.887981
0.890929
0.900955
0.910001
0.916984
0.923394
0.92931
0.934772
0.939615
0.944031
0.948051
0.951725
0.955085
0.958155
0.96096
0.963525
0.965865
0.968006
0.969955
0.971738
0.973354
0.974828
0.976168
0.977389
0.978497
0.979501
0.980414
0.981234
0.981979
0.982652
0.983259
0.983805
0.984296
0.984734
0.98513
0.985479
0.985792
0.986067
0.986309
0.98652
0.986703
0.986862
0.986995
0.987107
0.987198
0.987271
0.987326
0.987366
0.987389
0.987398
0.987395
0.987381
0.987351
0.987314
0.987267
0.98721
0.987144
0.987071
0.986986
0.986896
0.986797
0.986693
0.98658
0.98646
0.986331
0.986196
0.986051
0.985897
0.985737
0.985566
0.985385
0.985194
0.984991
0.984776
0.984547
0.984306
0.984047
0.983771
0.983475
0.983159
0.982818
0.982453
0.982056
0.981631
0.981167
0.980665
0.980121
0.979526
0.978877
0.978169
0.977395
0.976547
0.975614
0.974594
0.97347
0.972234
0.970874
0.969374
0.967719
0.965892
0.963874
0.961634
0.959149
0.956385
0.953303
0.949848
0.945961
0.941556
0.936517
0.930687
0.923812
0.915471
0.904887
0.890435
0.867615
0.816831
0.619333
0.977277
0.987446
0.987911
0.987555
0.987198
0.987381
0.988216
0.990154
0.993241
0.997174
0.999998
1
1
0.999998
0.992281
0.977542
0.96084
0.94485
0.930386
0.917592
0.905894
0.894808
0.883396
0.890157
0.896455
0.904722
0.91228
0.918625
0.924496
0.929927
0.934937
0.939426
0.943539
0.947305
0.950836
0.954186
0.957069
0.95971
0.962132
0.964353
0.966388
0.968256
0.969963
0.971521
0.972944
0.974246
0.97543
0.976507
0.977493
0.978386
0.979195
0.979929
0.980594
0.981194
0.981735
0.982222
0.98266
0.98305
0.9834
0.983711
0.983982
0.984222
0.984432
0.984611
0.984766
0.984896
0.985001
0.985088
0.985154
0.985202
0.985232
0.985249
0.985249
0.985234
0.985208
0.98517
0.985119
0.985059
0.984989
0.984909
0.984819
0.984722
0.984613
0.9845
0.984378
0.984247
0.984108
0.983962
0.983807
0.983643
0.983468
0.983287
0.983095
0.982894
0.98268
0.982456
0.982217
0.981966
0.9817
0.981417
0.981115
0.980794
0.98045
0.980084
0.979689
0.979266
0.978812
0.97832
0.977788
0.977213
0.976589
0.97591
0.97517
0.974367
0.973488
0.972531
0.971481
0.970332
0.969075
0.967693
0.966179
0.964511
0.962674
0.96065
0.958414
0.955942
0.953199
0.95015
0.946735
0.942909
0.938578
0.933641
0.927925
0.921196
0.91303
0.90266
0.888427
0.865827
0.815077
0.616944
0.977071
0.987231
0.987601
0.987029
0.986357
0.986299
0.987047
0.989011
0.992336
0.99683
0.999998
1
1
0.999999
0.99064
0.97306
0.954344
0.937492
0.923091
0.911245
0.901441
0.897939
0.898814
0.90133
0.905988
0.911781
0.91744
0.922646
0.927579
0.932201
0.936499
0.940426
0.944068
0.947451
0.950641
0.953659
0.956289
0.958903
0.961176
0.963207
0.965081
0.966802
0.968384
0.969838
0.971169
0.97239
0.973506
0.974525
0.975454
0.976301
0.977077
0.977778
0.978415
0.97899
0.979509
0.979976
0.980395
0.980769
0.981104
0.981399
0.981659
0.981887
0.982082
0.982252
0.982392
0.98251
0.982605
0.982677
0.982728
0.982763
0.98278
0.98278
0.982766
0.982737
0.982697
0.982642
0.982575
0.982497
0.98241
0.98231
0.982204
0.982086
0.98196
0.981827
0.981683
0.981532
0.981373
0.981203
0.981025
0.98084
0.980646
0.98044
0.980227
0.98
0.979763
0.979515
0.979252
0.978977
0.978685
0.978376
0.978049
0.977703
0.977332
0.976938
0.976519
0.976069
0.975584
0.975066
0.974506
0.973905
0.973253
0.972547
0.971784
0.970954
0.970053
0.96907
0.968002
0.966836
0.965561
0.964167
0.962642
0.960973
0.959136
0.95712
0.954897
0.952448
0.949735
0.946725
0.943373
0.939615
0.935381
0.930556
0.924992
0.918433
0.910466
0.900317
0.886325
0.863942
0.81317
0.614157
0.976649
0.986764
0.987343
0.98673
0.985576
0.984885
0.985771
0.987677
0.991175
0.996373
0.999998
0.999998
1
0.999998
0.988735
0.967933
0.947573
0.930896
0.918241
0.911464
0.908484
0.908311
0.909814
0.912072
0.915581
0.919687
0.923856
0.927902
0.931811
0.935531
0.939037
0.94231
0.945393
0.9483
0.951054
0.953646
0.955983
0.958275
0.960295
0.962366
0.964021
0.965551
0.96697
0.968275
0.969473
0.970577
0.971587
0.972518
0.973369
0.974144
0.974854
0.975496
0.976083
0.976613
0.977091
0.977521
0.977906
0.978249
0.978552
0.97882
0.979053
0.979257
0.97943
0.979575
0.979694
0.979789
0.979863
0.979914
0.979945
0.979958
0.979955
0.979936
0.979898
0.97985
0.979786
0.97971
0.979621
0.979521
0.979413
0.979291
0.97916
0.979019
0.97887
0.978712
0.978545
0.978368
0.978185
0.97799
0.97779
0.977579
0.977357
0.977127
0.976886
0.976636
0.976373
0.976098
0.975809
0.975508
0.975188
0.974853
0.974501
0.974125
0.973731
0.973309
0.972864
0.972386
0.971876
0.971333
0.970749
0.97012
0.969444
0.968717
0.967931
0.967082
0.96616
0.965162
0.96408
0.962901
0.961617
0.960222
0.958695
0.957028
0.955203
0.953202
0.951008
0.948591
0.945924
0.942978
0.939705
0.936047
0.931934
0.927257
0.921861
0.9155
0.90776
0.897859
0.884125
0.861955
0.811083
0.610873
0.976206
0.985783
0.986927
0.986537
0.985499
0.98407
0.984538
0.986184
0.989688
0.99576
1
0.999999
1
0.999997
0.986493
0.962013
0.94091
0.926372
0.920529
0.917931
0.917517
0.918531
0.91971
0.921796
0.92448
0.927457
0.930513
0.933546
0.936514
0.939376
0.942117
0.944732
0.947228
0.949609
0.951875
0.954014
0.955999
0.957921
0.959673
0.961446
0.963039
0.964416
0.96563
0.966754
0.967788
0.968741
0.969622
0.970431
0.971168
0.97185
0.972468
0.973032
0.973542
0.974006
0.974419
0.974795
0.975125
0.975422
0.97568
0.975905
0.976099
0.976262
0.976398
0.976509
0.976594
0.976657
0.976698
0.97672
0.97672
0.976705
0.976671
0.976624
0.976558
0.976481
0.976388
0.976285
0.976169
0.976039
0.975903
0.975752
0.975595
0.975425
0.975247
0.97506
0.974863
0.974659
0.974445
0.974224
0.973993
0.973752
0.973504
0.973245
0.972974
0.972695
0.972404
0.9721
0.971782
0.971451
0.971103
0.970739
0.970359
0.969956
0.969532
0.969086
0.968612
0.968108
0.967575
0.967005
0.966397
0.965745
0.96505
0.9643
0.963497
0.962631
0.961696
0.960686
0.959594
0.958412
0.957125
0.955732
0.954217
0.952565
0.950761
0.948793
0.946645
0.944284
0.941691
0.938834
0.935665
0.93214
0.928186
0.923688
0.918503
0.91238
0.904901
0.895279
0.881814
0.859849
0.808764
0.606894
0.975712
0.984246
0.986101
0.986195
0.985565
0.984655
0.983913
0.984694
0.987768
0.994954
1
1
1
1
0.983766
0.955097
0.935288
0.928525
0.926283
0.925928
0.926658
0.927351
0.928691
0.930459
0.932483
0.934636
0.936832
0.939024
0.941185
0.943297
0.94535
0.947336
0.949252
0.951095
0.952863
0.954547
0.956145
0.95768
0.959128
0.960564
0.961878
0.963195
0.964233
0.96515
0.965992
0.966769
0.967488
0.968147
0.968754
0.969305
0.969811
0.970271
0.970682
0.971056
0.97139
0.971683
0.971944
0.972171
0.972365
0.97253
0.972668
0.972779
0.972861
0.972924
0.972963
0.972981
0.972977
0.972955
0.972915
0.97286
0.972788
0.972701
0.972598
0.972484
0.972354
0.972215
0.972061
0.971899
0.971725
0.97154
0.971348
0.971143
0.970932
0.970709
0.970478
0.970239
0.96999
0.969734
0.969468
0.969193
0.968911
0.968618
0.968315
0.968002
0.967677
0.967339
0.96699
0.966627
0.966248
0.965852
0.965439
0.965006
0.964553
0.964078
0.963574
0.963045
0.962484
0.961891
0.961256
0.960586
0.95987
0.959102
0.958282
0.957404
0.956459
0.955442
0.954349
0.953169
0.951892
0.950514
0.94902
0.947401
0.945647
0.943733
0.941655
0.939387
0.936902
0.934172
0.931162
0.927818
0.92407
0.919809
0.914886
0.90905
0.901874
0.892559
0.879381
0.857593
0.806114
0.601899
0.975107
0.982114
0.984534
0.98526
0.985209
0.984818
0.984476
0.983755
0.985255
0.993849
1
1
0.999999
1
0.980299
0.946927
0.93528
0.933456
0.933354
0.933895
0.934409
0.935361
0.936575
0.937943
0.939396
0.94089
0.942397
0.943901
0.945393
0.946861
0.948303
0.949712
0.951084
0.952414
0.953705
0.954946
0.956139
0.957292
0.958401
0.959482
0.960497
0.961523
0.962546
0.963229
0.963854
0.96443
0.964961
0.965446
0.965888
0.966289
0.966654
0.966981
0.967276
0.967532
0.96776
0.967956
0.968121
0.968258
0.968368
0.968454
0.968516
0.968553
0.96857
0.968565
0.968542
0.968499
0.968437
0.968359
0.968264
0.968153
0.968031
0.967892
0.96774
0.967577
0.967401
0.967213
0.967015
0.966806
0.966587
0.966357
0.966118
0.965873
0.965616
0.96535
0.965075
0.964794
0.964503
0.964202
0.963895
0.963579
0.963255
0.962921
0.962577
0.962221
0.961856
0.96148
0.961092
0.960689
0.960273
0.959841
0.959389
0.958921
0.958432
0.957923
0.957387
0.956827
0.956235
0.955612
0.954955
0.95426
0.953523
0.95274
0.951907
0.951018
0.95007
0.949059
0.947975
0.946812
0.945567
0.944227
0.942788
0.941239
0.939565
0.93776
0.935804
0.933686
0.931372
0.928846
0.926063
0.922976
0.919506
0.915557
0.910966
0.905479
0.898658
0.889688
0.876798
0.855126
0.802926
0.595294
0.974254
0.979266
0.981813
0.983077
0.983623
0.983754
0.983648
0.983419
0.982105
0.992254
0.999999
1
1
1
0.97553
0.940071
0.939255
0.939503
0.939904
0.940392
0.941124
0.941976
0.94288
0.943808
0.944744
0.945684
0.946623
0.94756
0.948489
0.949411
0.950322
0.951215
0.952094
0.952953
0.953792
0.954604
0.955397
0.956166
0.956908
0.957629
0.958324
0.959035
0.959905
0.960392
0.960785
0.961138
0.961455
0.96174
0.961995
0.962218
0.962417
0.962586
0.962724
0.96284
0.962935
0.963
0.963045
0.963069
0.963069
0.963049
0.963011
0.962955
0.96288
0.962787
0.962676
0.962551
0.962411
0.962257
0.962088
0.961905
0.961712
0.961504
0.961284
0.961056
0.960813
0.960563
0.960303
0.960032
0.959751
0.959462
0.959164
0.958856
0.958542
0.958217
0.957885
0.957545
0.957195
0.95684
0.956474
0.956102
0.955722
0.95533
0.95493
0.954521
0.954101
0.953672
0.953229
0.952773
0.952303
0.951821
0.951322
0.950807
0.950271
0.949718
0.949141
0.948543
0.947918
0.947266
0.946584
0.945871
0.945122
0.944334
0.943505
0.942633
0.941712
0.94074
0.939712
0.938621
0.937463
0.936232
0.934926
0.933528
0.932033
0.930436
0.928711
0.926853
0.924828
0.922621
0.920181
0.917462
0.914387
0.910854
0.906689
0.90163
0.895229
0.886635
0.87402
0.852309
0.798649
0.584912
0.972455
0.975378
0.977298
0.978575
0.979423
0.97996
0.980236
0.980126
0.979965
0.989149
1
1
0.999998
1
0.967363
0.942383
0.942688
0.942978
0.943398
0.943882
0.94438
0.944869
0.945349
0.945825
0.946294
0.946762
0.947227
0.947689
0.948148
0.9486
0.949049
0.949488
0.949916
0.95034
0.95075
0.951146
0.951535
0.951909
0.95227
0.952622
0.952971
0.953343
0.953871
0.954115
0.954249
0.954344
0.954419
0.954462
0.954487
0.954494
0.95448
0.954444
0.954394
0.954323
0.954235
0.954127
0.954008
0.953871
0.953716
0.953547
0.953366
0.953166
0.952957
0.95273
0.952494
0.952243
0.95198
0.951707
0.951421
0.951124
0.950817
0.9505
0.950172
0.949833
0.949486
0.94913
0.948766
0.948391
0.948009
0.947616
0.947217
0.94681
0.946394
0.945968
0.945534
0.945093
0.944647
0.944198
0.943743
0.943286
0.942823
0.942356
0.941884
0.941407
0.940922
0.940434
0.939939
0.939437
0.938928
0.938413
0.937891
0.93736
0.936819
0.93627
0.935711
0.93514
0.934557
0.933964
0.933355
0.932732
0.93209
0.931432
0.930755
0.930054
0.929329
0.928576
0.927793
0.926975
0.926116
0.925211
0.924255
0.923239
0.922154
0.920988
0.919727
0.918351
0.916837
0.91515
0.913248
0.911083
0.908569
0.905598
0.901988
0.897466
0.89156
0.88338
0.870984
0.848922
0.791993
0.558468
)
;

boundaryField
{
    walls
    {
        type            zeroGradient;
    }
    top
    {
        type            zeroGradient;
    }
    bottom
    {
        type            zeroGradient;
    }
    frontAndBack
    {
        type            empty;
    }
    inlet
    {
        type            uniformFixedValue;
        uniformValue    
        {
            type            constant;
            value           1;
        }
        value           uniform 1;
    }
    outlet
    {
        type            zeroGradient;
    }
}


// ************************************************************************* //
