/*--------------------------------*- C++ -*----------------------------------*\
  =========                 |
  \\      /  F ield         | OpenFOAM: The Open Source CFD Toolbox
   \\    /   O peration     | Website:  https://openfoam.org
    \\  /    A nd           | Version:  12
     \\/     M anipulation  |
\*---------------------------------------------------------------------------*/
FoamFile
{
    format      ascii;
    class       volScalarField;
    location    "75";
    object      T;
}
// * * * * * * * * * * * * * * * * * * * * * * * * * * * * * * * * * * * * * //

dimensions      [];

internalField   nonuniform List<scalar> 
4480
(
1.75544e-18
1.21805e-15
2.4561e-11
3.10301e-08
4.79423e-06
0.000138338
0.00117644
0.00474461
0.0123492
0.0245035
0.0406818
0.0597263
0.080278
0.101065
0.121037
0.139407
0.15563
0.169363
0.180418
0.188722
0.194283
0.197164
0.197468
0.19532
0.190867
0.184273
0.175715
0.166095
0.156411
0.146638
0.136763
0.126784
0.116707
0.106558
0.096374
0.0862154
0.0761604
0.066309
0.0567798
0.047707
0.0392313
0.0314894
0.0245999
0.0186494
0.0136795
0.00967999
0.00658969
0.00430427
0.00269115
0.00160718
0.000915181
0.000496171
0.000255832
0.000125358
5.83494e-05
2.57966e-05
1.08347e-05
4.32515e-06
1.64218e-06
5.93588e-07
2.04493e-07
6.72299e-08
2.11232e-08
6.35254e-09
1.83165e-09
5.07233e-10
1.35154e-10
3.4716e-11
8.61293e-12
2.06811e-12
4.81605e-13
1.09003e-13
2.4031e-14
5.17241e-15
1.08951e-15
2.25137e-16
4.57543e-17
9.16807e-18
1.8158e-18
3.56319e-19
6.94295e-20
1.34592e-20
2.59986e-21
4.82367e-21
5.96223e-21
5.58174e-21
4.48974e-21
3.29735e-21
2.28777e-21
1.53196e-21
1.00476e-21
6.52548e-22
4.23274e-22
2.76146e-22
1.8228e-22
1.22362e-22
8.39128e-23
5.90229e-23
4.27362e-23
3.19563e-23
2.47494e-23
1.9905e-23
1.66631e-23
1.45495e-23
1.32748e-23
1.26754e-23
1.26831e-23
1.33132e-23
1.4672e-23
1.69865e-23
2.06667e-23
2.64263e-23
3.55092e-23
5.01217e-23
7.42739e-23
1.15463e-22
1.88141e-22
3.21118e-22
5.74212e-22
1.07997e-21
2.16571e-21
4.74446e-21
1.15593e-20
3.25475e-20
1.22981e-19
5.11394e-19
1.09378e-18
1.26368e-18
3.10135e-19
3.73012e-21
4.72368e-23
2.8143e-25
1.45821e-27
7.70011e-30
3.96099e-32
1.54206e-34
4.82316e-37
8.76778e-40
7.559e-43
1.83323e-46
3.60454e-18
4.25803e-13
2.42039e-09
1.35697e-06
0.000110507
0.00186005
0.0103609
0.0307307
0.0637768
0.106557
0.154781
0.204498
0.25274
0.29757
0.337882
0.373175
0.40333
0.428463
0.448815
0.464678
0.476353
0.484117
0.488222
0.488875
0.486249
0.480475
0.471654
0.460095
0.446807
0.431909
0.415517
0.397747
0.378713
0.35853
0.337314
0.315187
0.29228
0.268742
0.244743
0.220484
0.1962
0.172168
0.148698
0.126138
0.10485
0.08519
0.0674783
0.0519661
0.0388038
0.0280201
0.0195166
0.0130817
0.00842052
0.00519579
0.0030688
0.001733
0.000934994
0.000481727
0.000236985
0.000111336
4.99723e-05
2.1443e-05
8.80374e-06
3.46195e-06
1.3054e-06
4.72595e-07
1.64487e-07
5.51174e-08
1.78068e-08
5.55466e-09
1.6755e-09
4.89418e-10
1.38642e-10
3.81427e-11
1.02054e-11
2.65914e-12
6.75654e-13
1.67625e-13
4.06567e-14
9.65236e-15
2.24578e-15
5.12679e-16
1.14967e-16
4.29513e-17
2.32639e-17
1.34919e-17
7.79651e-18
4.45887e-18
2.53217e-18
1.43449e-18
8.14374e-19
4.65314e-19
2.68665e-19
1.5734e-19
9.37878e-20
5.70896e-20
3.55969e-20
2.28016e-20
1.50452e-20
1.02521e-20
7.23126e-21
5.29102e-21
4.02378e-21
3.186e-21
2.63052e-21
2.26767e-21
2.04326e-21
1.92593e-21
1.90015e-21
1.96299e-21
2.12363e-21
2.40554e-21
2.85212e-21
3.53752e-21
4.58669e-21
6.21207e-21
8.78281e-21
1.29596e-20
1.99719e-20
3.22284e-20
5.47419e-20
9.84457e-20
1.87357e-19
3.73403e-19
7.56239e-19
1.40023e-18
1.95775e-18
1.67695e-18
4.0718e-19
7.50306e-21
1.26386e-22
1.63919e-24
1.66634e-26
1.33549e-28
9.48465e-31
4.85558e-33
1.9431e-35
4.55077e-38
5.2381e-41
2.01151e-44
3.42951e-15
4.44387e-11
8.95086e-08
2.40035e-05
0.00107495
0.0110235
0.0425433
0.0976283
0.168222
0.244505
0.319239
0.388285
0.449754
0.503139
0.548675
0.586967
0.618751
0.64478
0.665757
0.682304
0.694952
0.704137
0.710214
0.713454
0.714056
0.712152
0.707816
0.700812
0.691294
0.679333
0.665008
0.648394
0.62958
0.608645
0.585686
0.56079
0.53406
0.505603
0.475541
0.44402
0.411216
0.377348
0.342686
0.307566
0.272392
0.237636
0.20383
0.171544
0.141347
0.113767
0.0892419
0.0680668
0.0503661
0.0360786
0.0249696
0.0166669
0.0107133
0.00662336
0.00393469
0.0022446
0.00122916
0.000646073
0.000326012
0.000157994
7.35799e-05
3.29553e-05
1.4208e-05
5.9024e-06
2.36533e-06
9.15447e-07
3.42594e-07
1.2413e-07
4.35975e-08
1.48622e-08
4.92349e-09
1.58696e-09
4.98284e-10
1.52583e-10
4.56192e-11
1.33313e-11
3.81186e-12
1.06755e-12
2.93126e-13
8.7036e-14
2.99247e-14
1.17017e-14
5.0088e-15
2.27128e-15
1.06982e-15
5.18245e-16
2.57019e-16
1.30271e-16
6.74657e-17
3.57229e-17
1.93621e-17
1.07585e-17
6.13888e-18
3.60366e-18
2.18031e-18
1.3621e-18
8.80188e-19
5.8932e-19
4.09461e-19
2.95642e-19
2.22102e-19
1.73789e-19
1.41756e-19
1.20609e-19
1.07078e-19
9.9213e-20
9.59247e-20
9.67457e-20
1.0172e-19
1.11404e-19
1.2696e-19
1.50383e-19
1.84916e-19
2.35764e-19
3.11334e-19
4.25331e-19
6.00002e-19
8.69737e-19
1.28029e-18
1.87094e-18
2.61211e-18
3.2627e-18
3.26901e-18
2.18861e-18
5.48083e-19
1.49027e-20
3.29903e-22
6.09943e-24
8.9445e-26
9.99449e-28
9.56924e-30
6.43154e-32
3.32384e-34
1.00789e-36
1.54097e-39
8.33738e-43
5.65284e-13
2.09166e-09
1.74239e-06
0.000237634
0.00610051
0.0399658
0.112769
0.20894
0.309193
0.402202
0.483787
0.553427
0.611997
0.660769
0.701061
0.734109
0.761022
0.78276
0.800147
0.81387
0.824499
0.832495
0.838221
0.841966
0.843936
0.844279
0.84309
0.840163
0.835212
0.82822
0.819148
0.80795
0.794581
0.778991
0.761137
0.740985
0.718509
0.693688
0.666525
0.637032
0.60525
0.571252
0.535153
0.497131
0.457432
0.416395
0.374455
0.332155
0.290134
0.249114
0.209854
0.173106
0.139548
0.109724
0.0839891
0.0624749
0.0450842
0.0315158
0.0213136
0.0139295
0.00879024
0.0053528
0.00314424
0.00178129
0.000973342
0.000513117
0.000261079
0.000128286
6.09184e-05
2.79784e-05
1.24392e-05
5.3588e-06
2.23915e-06
9.08418e-07
3.58201e-07
1.37424e-07
5.13509e-08
1.87082e-08
6.65205e-09
2.31074e-09
7.84961e-10
2.6101e-10
8.50321e-11
2.78638e-11
9.48866e-12
3.38789e-12
1.27311e-12
5.02893e-13
2.07862e-13
8.93992e-14
3.9809e-14
1.82858e-14
8.64402e-15
4.2001e-15
2.09696e-15
1.07599e-15
5.6781e-16
3.08451e-16
1.72683e-16
9.97555e-17
5.95391e-17
3.6762e-17
2.35102e-17
1.55904e-17
1.07309e-17
7.67261e-18
5.70249e-18
4.40741e-18
3.5431e-18
2.96241e-18
2.57532e-18
2.32642e-18
2.18192e-18
2.12222e-18
2.13757e-18
2.22581e-18
2.39121e-18
2.644e-18
2.99999e-18
3.47898e-18
4.09918e-18
4.86161e-18
5.71677e-18
6.51207e-18
6.94421e-18
6.58444e-18
5.10725e-18
2.79442e-18
7.24659e-19
2.95602e-20
8.14456e-22
1.91351e-23
3.59989e-25
5.15816e-27
6.29934e-29
5.36773e-31
3.50485e-33
1.35082e-35
2.67324e-38
1.93392e-41
3.8521e-11
5.52164e-08
2.09799e-05
0.00152741
0.0233841
0.102687
0.222178
0.344839
0.451984
0.540653
0.613564
0.673773
0.7235
0.764369
0.797704
0.824665
0.846288
0.863478
0.877012
0.88755
0.895641
0.901729
0.90617
0.90924
0.911148
0.912043
0.912026
0.911034
0.908762
0.905176
0.900207
0.89376
0.885723
0.875965
0.86435
0.850736
0.834982
0.816954
0.796519
0.77356
0.74797
0.719666
0.68859
0.654728
0.618117
0.578868
0.537186
0.493383
0.447903
0.401328
0.35437
0.307857
0.262688
0.219778
0.179983
0.144031
0.11245
0.0855228
0.0632754
0.0454869
0.0317383
0.0214761
0.0140836
0.00894644
0.00550351
0.00327823
0.00189092
0.00105641
0.000571832
0.000300045
0.000152698
7.5421e-05
3.6181e-05
1.68707e-05
7.65257e-06
3.37962e-06
1.45444e-06
6.10468e-07
2.50124e-07
1.00128e-07
3.91953e-08
1.50165e-08
5.63544e-09
2.09081e-09
7.80631e-10
2.94883e-10
1.13254e-10
4.44048e-11
1.78269e-11
7.34165e-12
3.10439e-12
1.34811e-12
6.01176e-13
2.75261e-13
1.29406e-13
6.24779e-14
3.09928e-14
1.5807e-14
8.29575e-15
4.48431e-15
2.49926e-15
1.43765e-15
8.5439e-16
5.25079e-16
3.33976e-16
2.19999e-16
1.50161e-16
1.06231e-16
7.78977e-17
5.91967e-17
4.6597e-17
3.79641e-17
3.1979e-17
2.78107e-17
2.49247e-17
2.29693e-17
2.17061e-17
2.09628e-17
2.06005e-17
2.04827e-17
2.04449e-17
2.0263e-17
1.96329e-17
1.81948e-17
1.56443e-17
1.19416e-17
7.55134e-18
3.5117e-18
9.30092e-19
5.86916e-20
1.92937e-21
5.46046e-23
1.24589e-24
2.1752e-26
3.24538e-28
3.38667e-30
2.71735e-32
1.29881e-34
3.23962e-37
3.02548e-40
1.46902e-09
9.36877e-07
0.000172638
0.0069667
0.0660186
0.203601
0.352347
0.474305
0.56768
0.641261
0.702059
0.753205
0.79589
0.830895
0.859081
0.881415
0.898857
0.91229
0.922496
0.930134
0.935761
0.939828
0.942698
0.944641
0.945864
0.946509
0.946666
0.946346
0.945272
0.943431
0.940777
0.93723
0.932689
0.927023
0.920084
0.911704
0.901704
0.889892
0.876072
0.860044
0.841605
0.820559
0.796719
0.769921
0.740022
0.706929
0.670609
0.631115
0.588612
0.543394
0.495917
0.446796
0.396811
0.346876
0.297996
0.251203
0.207472
0.167644
0.132347
0.101954
0.076554
0.0559742
0.0398212
0.0275464
0.0185195
0.0120968
0.00767557
0.00473085
0.0028327
0.00164812
0.00093207
0.000512577
0.000274244
0.000142832
7.24587e-05
3.58276e-05
1.72785e-05
8.13329e-06
3.73951e-06
1.68064e-06
7.38873e-07
3.18001e-07
1.34084e-07
5.55838e-08
2.29191e-08
9.42905e-09
3.88265e-09
1.60524e-09
6.68375e-10
2.81061e-10
1.19675e-10
5.17151e-11
2.27247e-11
1.01715e-11
4.64433e-12
2.16612e-12
1.03323e-12
5.0463e-13
2.52644e-13
1.29806e-13
6.85188e-14
3.71979e-14
2.079e-14
1.19732e-14
7.11106e-15
4.35809e-15
2.75734e-15
1.80145e-15
1.2153e-15
8.46358e-16
6.08114e-16
4.50383e-16
3.43397e-16
2.69098e-16
2.16277e-16
1.7781e-16
1.49052e-16
1.2688e-16
1.0912e-16
9.4192e-17
8.09096e-17
6.83797e-17
5.60033e-17
4.35564e-17
3.1297e-17
1.99865e-17
1.07006e-17
4.37022e-18
1.15101e-18
1.17057e-19
4.45985e-21
1.47222e-22
3.94026e-24
8.11064e-26
1.43337e-27
1.78138e-29
1.71328e-31
9.92449e-34
3.04897e-36
3.58578e-39
3.71039e-08
1.12333e-05
0.00103954
0.0239236
0.145341
0.329263
0.474486
0.573925
0.646594
0.7068
0.760147
0.806691
0.845595
0.876859
0.901237
0.919789
0.933578
0.943572
0.9506
0.955372
0.958476
0.960394
0.961504
0.962095
0.962366
0.96245
0.96242
0.962302
0.961786
0.960864
0.959503
0.957645
0.955213
0.952107
0.948206
0.943364
0.937419
0.930188
0.921469
0.911047
0.898689
0.884153
0.867193
0.847555
0.824995
0.799276
0.7702
0.737611
0.701432
0.661675
0.618492
0.572189
0.523248
0.472343
0.420328
0.368202
0.317057
0.268006
0.222093
0.180204
0.143002
0.110872
0.0839119
0.0619465
0.0445803
0.0312608
0.0213524
0.0142038
0.00920114
0.00580473
0.00356689
0.00213536
0.00124585
0.00070867
0.000393191
0.000212893
0.000112551
5.81332e-05
2.93522e-05
1.44968e-05
7.0079e-06
3.318e-06
1.53964e-06
7.01006e-07
3.15847e-07
1.41107e-07
6.26383e-08
2.7688e-08
1.22143e-08
5.38959e-09
2.38423e-09
1.05984e-09
4.74463e-10
2.14382e-10
9.79743e-11
4.53777e-11
2.13406e-11
1.02089e-11
4.97613e-12
2.47527e-12
1.25836e-12
6.54672e-13
3.4898e-13
1.9081e-13
1.07108e-13
6.17689e-14
3.66163e-14
2.23179e-14
1.39866e-14
9.01011e-15
5.96277e-15
4.04997e-15
2.81939e-15
2.0081e-15
1.46e-15
1.08047e-15
8.11002e-16
6.14711e-16
4.67916e-16
3.55233e-16
2.66626e-16
1.95645e-16
1.3834e-16
9.25088e-17
5.70661e-17
3.1386e-17
1.46542e-17
5.39402e-18
1.39115e-18
1.97721e-19
1.01938e-20
3.83826e-22
1.17776e-23
2.79334e-25
5.71707e-27
8.28226e-29
9.35754e-31
6.44504e-33
2.39438e-35
3.48642e-38
6.97935e-07
0.000102178
0.00480955
0.0644252
0.259686
0.45231
0.566167
0.638009
0.695476
0.749698
0.801391
0.846681
0.883324
0.911413
0.93216
0.946968
0.957085
0.96356
0.96728
0.969003
0.969371
0.968913
0.968049
0.967083
0.966224
0.965596
0.96525
0.965182
0.965032
0.964765
0.964336
0.963685
0.962741
0.961418
0.959616
0.95722
0.954099
0.950102
0.945059
0.938775
0.931041
0.92162
0.91026
0.896689
0.880621
0.861766
0.839829
0.81453
0.785625
0.752928
0.716333
0.675856
0.631668
0.58412
0.533761
0.481352
0.427837
0.374304
0.321917
0.271836
0.225121
0.182648
0.145043
0.112643
0.0854952
0.0633822
0.0458769
0.0324109
0.0223447
0.0150319
0.00986774
0.00632175
0.00395326
0.00241374
0.00143939
0.000838672
0.000477651
0.000266033
0.000144971
7.73343e-05
4.04056e-05
2.06888e-05
1.03871e-05
5.11608e-06
2.48617e-06
1.19418e-06
5.67808e-07
2.67667e-07
1.25302e-07
5.8348e-08
2.70749e-08
1.25424e-08
5.81156e-09
2.69865e-09
1.25836e-09
5.9038e-10
2.79248e-10
1.33422e-10
6.45163e-11
3.16305e-11
1.575e-11
7.97801e-12
4.11691e-12
2.1671e-12
1.16491e-12
6.40029e-13
3.5966e-13
2.06796e-13
1.21675e-13
7.32464e-14
4.50881e-14
2.83548e-14
1.81929e-14
1.18877e-14
7.89236e-15
5.30813e-15
3.6034e-15
2.45782e-15
1.67503e-15
1.13271e-15
7.53526e-16
4.87846e-16
3.03234e-16
1.77861e-16
9.6267e-17
4.66707e-17
1.94552e-17
6.58267e-18
1.66327e-18
2.75612e-19
2.32678e-20
9.82681e-22
3.39902e-23
9.13259e-25
2.12845e-26
3.5358e-28
4.61941e-30
3.72667e-32
1.65113e-34
2.94349e-37
1.07863e-05
0.00074603
0.0176916
0.139878
0.388137
0.54673
0.622025
0.675029
0.72665
0.781225
0.834607
0.879584
0.913761
0.938254
0.95507
0.96596
0.972256
0.975019
0.97517
0.973531
0.970829
0.967673
0.964541
0.961781
0.959616
0.958162
0.957442
0.957398
0.957589
0.957956
0.958421
0.958898
0.959294
0.959519
0.959471
0.959043
0.958128
0.9566
0.954322
0.951143
0.946883
0.941348
0.934313
0.925529
0.914722
0.901595
0.885829
0.867099
0.845077
0.81945
0.789952
0.756385
0.71866
0.676832
0.631132
0.582003
0.530102
0.476306
0.421663
0.367349
0.314579
0.264516
0.218184
0.176388
0.139657
0.108225
0.082044
0.0608199
0.0440762
0.0312211
0.0216145
0.0146252
0.00967297
0.00625448
0.00395456
0.00244571
0.00147997
0.000876612
0.000508443
0.0002889
0.000160888
8.78577e-05
4.70685e-05
2.47514e-05
1.2817e-05
6.54872e-06
3.30522e-06
1.64978e-06
8.15385e-07
3.99551e-07
1.94378e-07
9.40169e-08
4.52798e-08
2.17482e-08
1.04347e-08
5.00966e-09
2.41085e-09
1.16502e-09
5.66337e-10
2.77432e-10
1.37191e-10
6.85952e-11
3.47322e-11
1.78339e-11
9.29772e-12
4.92684e-12
2.65567e-12
1.4569e-12
8.13668e-13
4.62588e-13
2.67601e-13
1.57387e-13
9.39925e-14
5.68986e-14
3.48338e-14
2.15042e-14
1.33381e-14
8.27484e-15
5.10659e-15
3.1137e-15
1.86037e-15
1.07815e-15
5.98446e-16
3.13178e-16
1.51459e-16
6.59692e-17
2.50158e-17
7.89515e-18
1.95317e-18
3.49186e-19
4.02715e-20
2.49803e-21
9.6131e-23
2.88826e-24
7.56668e-26
1.42333e-27
2.12427e-29
1.9845e-31
1.03806e-33
2.2497e-36
0.000131085
0.00459523
0.0528537
0.249266
0.498553
0.602702
0.651265
0.697242
0.749513
0.807526
0.863574
0.907631
0.938432
0.95878
0.97148
0.978382
0.980718
0.97949
0.975669
0.970196
0.963936
0.957631
0.951856
0.947015
0.943352
0.940967
0.939853
0.93983
0.940419
0.941513
0.942986
0.94471
0.946551
0.948384
0.950087
0.951549
0.952656
0.953298
0.953361
0.952722
0.951243
0.948767
0.945112
0.940075
0.933422
0.924885
0.914164
0.900934
0.884847
0.865547
0.842674
0.815907
0.784979
0.749717
0.710089
0.666234
0.618497
0.567459
0.513925
0.458904
0.40356
0.349132
0.296846
0.247822
0.202987
0.16301
0.128271
0.0988567
0.0745925
0.055092
0.0398215
0.0281681
0.0194991
0.0132109
0.00876133
0.00568886
0.00361751
0.00225348
0.00137565
0.000823238
0.000483152
0.000278204
0.000157237
8.7268e-05
4.76507e-05
2.56462e-05
1.36175e-05
7.13984e-06
3.70012e-06
1.89722e-06
9.63509e-07
4.85194e-07
2.42555e-07
1.20527e-07
5.96085e-08
2.93817e-08
1.44549e-08
7.10828e-09
3.49932e-09
1.72718e-09
8.56037e-10
4.26672e-10
2.14176e-10
1.08419e-10
5.54148e-11
2.86283e-11
1.49619e-11
7.91531e-12
4.2403e-12
2.30032e-12
1.26331e-12
7.01863e-13
3.94027e-13
2.23164e-13
1.27234e-13
7.28203e-14
4.16919e-14
2.37751e-14
1.34329e-14
7.4714e-15
4.05899e-15
2.13345e-15
1.07238e-15
5.0816e-16
2.23018e-16
8.86568e-17
3.10402e-17
9.23792e-18
2.23576e-18
4.16597e-19
5.5916e-20
4.99222e-21
2.69374e-22
8.95889e-24
2.6118e-25
5.50929e-27
9.30618e-29
9.98206e-31
6.12064e-33
1.60584e-35
0.000864591
0.0180986
0.127283
0.371725
0.567497
0.628685
0.666973
0.713025
0.768413
0.830738
0.889345
0.931345
0.957893
0.973865
0.98253
0.985469
0.983621
0.977933
0.969502
0.959499
0.94902
0.938991
0.930118
0.922876
0.917519
0.914132
0.912653
0.912707
0.913817
0.915814
0.918511
0.921715
0.925239
0.928906
0.932557
0.936051
0.939258
0.942066
0.94437
0.94606
0.947031
0.947161
0.946312
0.944324
0.941011
0.936153
0.929494
0.920741
0.909568
0.895616
0.878505
0.85785
0.833287
0.804493
0.771241
0.733429
0.691129
0.644625
0.59443
0.541307
0.486233
0.43036
0.37494
0.321238
0.270432
0.223529
0.181292
0.144199
0.112437
0.0859163
0.0643238
0.0471782
0.0338972
0.0238591
0.0164532
0.0111178
0.00736291
0.0047802
0.00304321
0.00190039
0.00116448
0.000700419
0.000413701
0.000240048
0.000136975
7.69919e-05
4.26598e-05
2.33177e-05
1.25828e-05
6.70883e-06
3.53721e-06
1.84589e-06
9.54319e-07
4.89273e-07
2.49019e-07
1.25955e-07
6.33866e-08
3.17757e-08
1.5887e-08
7.93214e-09
3.95991e-09
1.97914e-09
9.91516e-10
4.98501e-10
2.51793e-10
1.27895e-10
6.53801e-11
3.36575e-11
1.74551e-11
9.12021e-12
4.79985e-12
2.54289e-12
1.35475e-12
7.24734e-13
3.88512e-13
2.0816e-13
1.11104e-13
5.88328e-14
3.07545e-14
1.57751e-14
7.882e-15
3.80259e-15
1.75261e-15
7.61836e-16
3.07472e-16
1.13034e-16
3.69761e-17
1.04626e-17
2.47578e-18
4.7107e-19
6.89477e-20
7.39733e-21
5.53326e-22
2.75464e-23
8.86606e-25
2.08158e-26
3.95169e-28
4.83646e-30
3.45932e-32
1.09631e-34
0.00375533
0.0484756
0.227746
0.47807
0.600865
0.640145
0.677599
0.725646
0.784471
0.851235
0.912112
0.950881
0.972631
0.984394
0.989309
0.988238
0.981736
0.970796
0.956824
0.941363
0.925843
0.911434
0.898986
0.889035
0.881841
0.877441
0.875699
0.875949
0.877781
0.880946
0.885173
0.890191
0.895738
0.901571
0.907481
0.913283
0.91882
0.923963
0.928599
0.93263
0.935965
0.938513
0.940173
0.940822
0.940328
0.938514
0.93518
0.930079
0.922928
0.913397
0.90112
0.885703
0.866737
0.843825
0.81661
0.784819
0.748309
0.707108
0.661461
0.611853
0.559023
0.50394
0.447758
0.391743
0.337188
0.285305
0.237147
0.19353
0.154987
0.121758
0.0938074
0.0708659
0.0524874
0.0381136
0.0271351
0.0189433
0.0129693
0.00870972
0.00573878
0.00371092
0.00235571
0.00146853
0.000899312
0.000541214
0.000320258
0.000186603
0.00010712
6.06219e-05
3.38426e-05
1.86491e-05
1.01511e-05
5.46189e-06
2.90718e-06
1.53196e-06
7.99884e-07
4.14182e-07
2.1288e-07
1.0871e-07
5.52097e-08
2.79132e-08
1.40635e-08
7.06812e-09
3.54712e-09
1.77919e-09
8.92747e-10
4.4848e-10
2.25712e-10
1.13864e-10
5.75931e-11
2.921e-11
1.48516e-11
7.56577e-12
3.85799e-12
1.96651e-12
1.0001e-12
5.06226e-13
2.54248e-13
1.2622e-13
6.1651e-14
2.94612e-14
1.36813e-14
6.12445e-15
2.61741e-15
1.05568e-15
3.96321e-16
1.36225e-16
4.20386e-17
1.13817e-17
2.63274e-18
5.05021e-19
7.7776e-20
9.29471e-21
8.32673e-22
5.40815e-23
2.47207e-24
7.76953e-26
1.64895e-27
2.2925e-29
1.9066e-31
7.29225e-34
0.0120903
0.0981608
0.331005
0.544541
0.617748
0.64821
0.685879
0.735631
0.7977
0.868981
0.931945
0.966446
0.983258
0.991318
0.99279
0.987416
0.975409
0.958057
0.937323
0.915295
0.893836
0.874385
0.857933
0.845055
0.835976
0.830657
0.828855
0.829502
0.832346
0.837032
0.843186
0.850433
0.85842
0.866827
0.875376
0.883832
0.892003
0.899732
0.906897
0.913399
0.919159
0.924101
0.928155
0.931238
0.933253
0.934077
0.933559
0.931503
0.927674
0.921791
0.913523
0.902496
0.888293
0.870492
0.848666
0.822432
0.791491
0.755673
0.714995
0.66969
0.620251
0.567425
0.5122
0.455754
0.399375
0.344378
0.291995
0.243295
0.199105
0.159972
0.126148
0.0976097
0.0741006
0.0551871
0.0403221
0.0289046
0.0203309
0.0140342
0.00950918
0.00632599
0.00413293
0.00265252
0.00167289
0.00103711
0.000632221
0.000379386
0.00022422
0.000130577
7.49698e-05
4.24588e-05
2.37332e-05
1.31011e-05
7.14642e-06
3.85454e-06
2.05708e-06
1.08699e-06
5.69117e-07
2.95466e-07
1.52221e-07
7.78817e-08
3.96038e-08
2.00317e-08
1.00858e-08
5.05864e-09
2.5292e-09
1.26131e-09
6.27716e-10
3.11868e-10
1.54711e-10
7.66326e-11
3.78902e-11
1.86903e-11
9.18935e-12
4.49747e-12
2.18724e-12
1.05458e-12
5.02657e-13
2.36011e-13
1.0869e-13
4.88411e-14
2.12829e-14
8.92734e-15
3.57323e-15
1.35071e-15
4.76368e-16
1.54522e-16
4.53399e-17
1.18061e-17
2.66996e-18
5.12117e-19
8.12176e-20
1.03701e-20
1.03727e-21
7.90481e-23
4.46072e-24
1.80791e-25
5.07139e-27
9.31101e-29
1.00443e-30
4.79578e-33
0.0304949
0.177388
0.418274
0.580332
0.626449
0.656031
0.692425
0.742864
0.808
0.883917
0.948968
0.97836
0.990489
0.995565
0.993756
0.983393
0.96459
0.939306
0.910367
0.88059
0.852325
0.827278
0.80654
0.790672
0.779815
0.773806
0.772264
0.773616
0.777859
0.784506
0.793054
0.803003
0.813893
0.825313
0.836908
0.848388
0.859514
0.870107
0.88003
0.889176
0.897476
0.904869
0.911306
0.916737
0.921099
0.924312
0.926271
0.926833
0.925811
0.922974
0.918036
0.910658
0.900449
0.886979
0.869797
0.848453
0.822552
0.791777
0.755963
0.715135
0.66956
0.619771
0.566565
0.51098
0.454238
0.397665
0.342589
0.290245
0.241685
0.197712
0.158841
0.125292
0.0970151
0.0737344
0.0550049
0.0402762
0.0289501
0.0204297
0.0141567
0.00963469
0.00644162
0.004232
0.00273285
0.00173514
0.00108339
0.000665776
0.000402847
0.000240108
0.000141032
8.16713e-05
4.66514e-05
2.62975e-05
1.46364e-05
8.04729e-06
4.37309e-06
2.35012e-06
1.24968e-06
6.57912e-07
3.43123e-07
1.77379e-07
9.09463e-08
4.62754e-08
2.33799e-08
1.17353e-08
5.85485e-09
2.9046e-09
1.43333e-09
7.03696e-10
3.43736e-10
1.67037e-10
8.07228e-11
3.87713e-11
1.84909e-11
8.74552e-12
4.09507e-12
1.89431e-12
8.63342e-13
3.86389e-13
1.69138e-13
7.20697e-14
2.97227e-14
1.17849e-14
4.45695e-15
1.59296e-15
5.32283e-16
1.64224e-16
4.61185e-17
1.15989e-17
2.56584e-18
4.89498e-19
7.88513e-20
1.04882e-20
1.12515e-21
9.49416e-23
6.12975e-24
2.93116e-25
9.94748e-27
2.24588e-28
2.99871e-30
1.77118e-32
0.0569569
0.252195
0.483006
0.598126
0.63158
0.66143
0.698681
0.747304
0.815321
0.895993
0.963327
0.987035
0.995075
0.99796
0.992744
0.976231
0.948892
0.913871
0.875192
0.836547
0.80078
0.769809
0.744738
0.726034
0.713693
0.707382
0.706535
0.709018
0.715147
0.724274
0.735737
0.748893
0.763158
0.778022
0.79305
0.807892
0.82227
0.835976
0.848857
0.860807
0.87176
0.881671
0.890509
0.898251
0.904866
0.910311
0.914523
0.917398
0.918805
0.918557
0.916415
0.912079
0.905194
0.895344
0.882075
0.864908
0.843378
0.817077
0.7857
0.74911
0.707385
0.660865
0.610166
0.556177
0.500022
0.442986
0.386432
0.331696
0.279986
0.232302
0.189376
0.151645
0.119254
0.0920896
0.0698258
0.051987
0.038008
0.0272901
0.0192464
0.0133349
0.00907862
0.00607495
0.00399642
0.00258539
0.00164519
0.00103017
0.000635028
0.000385501
0.000230551
0.00013589
7.89673e-05
4.52614e-05
2.55978e-05
1.42908e-05
7.87892e-06
4.29169e-06
2.31062e-06
1.23016e-06
6.47913e-07
3.37745e-07
1.74327e-07
8.91307e-08
4.5159e-08
2.26815e-08
1.12965e-08
5.58044e-09
2.7347e-09
1.32951e-09
6.41175e-10
3.06662e-10
1.45395e-10
6.82888e-11
3.17432e-11
1.45848e-11
6.61288e-12
2.95274e-12
1.29509e-12
5.56252e-13
2.33091e-13
9.48727e-14
3.73118e-14
1.40921e-14
5.07482e-15
1.72809e-15
5.51124e-16
1.62815e-16
4.40025e-17
1.07279e-17
2.32309e-18
4.39307e-19
7.12321e-20
9.7105e-21
1.08949e-21
9.82659e-23
6.93419e-24
3.70251e-25
1.42999e-26
3.73062e-28
5.81696e-30
4.03697e-32
0.090467
0.323123
0.532856
0.606392
0.634062
0.663929
0.702069
0.751014
0.819654
0.905143
0.975176
0.99296
0.997739
0.999179
0.990043
0.965711
0.927706
0.880982
0.831096
0.782695
0.739051
0.70216
0.673018
0.651899
0.638584
0.632516
0.63198
0.636192
0.644884
0.657186
0.672232
0.689206
0.707386
0.726151
0.744992
0.763504
0.781378
0.798387
0.814372
0.829232
0.842908
0.85537
0.866609
0.876625
0.885415
0.892971
0.899261
0.904229
0.907776
0.909761
0.909992
0.908206
0.904081
0.897229
0.887202
0.873509
0.855649
0.833143
0.805594
0.772737
0.734505
0.691081
0.642928
0.590797
0.535712
0.478903
0.421729
0.36558
0.311769
0.261437
0.215482
0.174515
0.138849
0.108512
0.0832934
0.0627969
0.0465032
0.0338287
0.0241772
0.0169792
0.0117193
0.00795168
0.00530508
0.00348107
0.00224717
0.00142735
0.000892411
0.000549379
0.000333113
0.000199004
0.000117173
6.80191e-05
3.89419e-05
2.19955e-05
1.22611e-05
6.74754e-06
3.66718e-06
1.96896e-06
1.04471e-06
5.4796e-07
2.84201e-07
1.45796e-07
7.39981e-08
3.71653e-08
1.84741e-08
9.08956e-09
4.42667e-09
2.13368e-09
1.01767e-09
4.80122e-10
2.2394e-10
1.03186e-10
4.69232e-11
2.10317e-11
9.27656e-12
4.01841e-12
1.7054e-12
7.07025e-13
2.85344e-13
1.11646e-13
4.21465e-14
1.52645e-14
5.26952e-15
1.72094e-15
5.27134e-16
1.49963e-16
3.91878e-17
9.2908e-18
1.97129e-18
3.68744e-19
5.98214e-20
8.26723e-21
9.54119e-22
8.99003e-23
6.73236e-24
3.87343e-25
1.63455e-26
4.71473e-28
8.20291e-30
6.39239e-32
0.126259
0.378726
0.557503
0.609287
0.633743
0.663114
0.702105
0.753789
0.821523
0.9113
0.984654
0.996674
0.999119
0.999724
0.985718
0.951415
0.900324
0.839928
0.777623
0.718988
0.667553
0.625184
0.592599
0.569767
0.556185
0.55104
0.551312
0.557899
0.569761
0.585795
0.604921
0.626146
0.648601
0.67156
0.694438
0.716785
0.738268
0.758648
0.77777
0.795546
0.811926
0.8269
0.840481
0.852691
0.863557
0.873095
0.881306
0.888165
0.893612
0.897542
0.899794
0.900148
0.898309
0.893912
0.88652
0.875642
0.860745
0.841313
0.816875
0.787079
0.751754
0.710959
0.665046
0.614663
0.560746
0.504479
0.447208
0.390351
0.335284
0.283246
0.235252
0.192037
0.154037
0.121392
0.093983
0.071482
0.0534135
0.0392148
0.028291
0.0200591
0.0139804
0.00958002
0.00645571
0.00427914
0.00279069
0.00179083
0.0011311
0.000703354
0.000430716
0.000259819
0.000154431
9.04696e-05
5.2251e-05
2.97597e-05
1.67193e-05
9.26786e-06
5.07016e-06
2.7381e-06
1.46003e-06
7.68872e-07
3.99949e-07
2.05535e-07
1.04364e-07
5.23647e-08
2.59633e-08
1.27204e-08
6.15761e-09
2.94442e-09
1.39034e-09
6.48002e-10
2.97914e-10
1.34992e-10
6.02248e-11
2.64197e-11
1.13781e-11
4.80128e-12
1.98051e-12
7.96381e-13
3.11149e-13
1.17665e-13
4.2876e-14
1.49766e-14
4.98479e-15
1.57014e-15
4.64405e-16
1.27844e-16
3.2432e-17
7.49803e-18
1.56045e-18
2.88384e-19
4.66198e-20
6.483e-21
7.60961e-22
7.37487e-23
5.74571e-24
3.47736e-25
1.55939e-26
4.82228e-28
9.05902e-30
7.66098e-32
0.16079
0.419524
0.5686
0.6084
0.630259
0.658647
0.698401
0.75298
0.823229
0.914375
0.991861
0.998733
0.999732
0.999928
0.979674
0.932809
0.866051
0.790204
0.714732
0.645992
0.587455
0.54056
0.50554
0.481954
0.46897
0.465492
0.467862
0.477517
0.493142
0.513375
0.536925
0.562627
0.589483
0.616681
0.643578
0.669699
0.694691
0.718326
0.740453
0.761
0.779938
0.797279
0.813054
0.827309
0.840094
0.851451
0.861403
0.869955
0.877073
0.882684
0.886652
0.888783
0.888807
0.886374
0.881055
0.872352
0.859723
0.842606
0.820494
0.792966
0.759787
0.720941
0.676709
0.627678
0.574738
0.519042
0.461934
0.404848
0.349202
0.296289
0.247193
0.202725
0.163394
0.129408
0.100705
0.0770023
0.057854
0.0427147
0.0309946
0.0221068
0.0155015
0.0106883
0.00724816
0.0048353
0.00317391
0.00205014
0.00130336
0.000815731
0.000502727
0.000305158
0.000182484
0.000107532
6.24532e-05
3.57581e-05
2.01877e-05
1.12402e-05
6.17336e-06
3.34501e-06
1.78841e-06
9.43593e-07
4.91354e-07
2.52536e-07
1.2811e-07
6.41453e-08
3.16982e-08
1.54572e-08
7.43629e-09
3.52837e-09
1.65043e-09
7.60649e-10
3.45166e-10
1.54079e-10
6.75856e-11
2.90928e-11
1.227e-11
5.06056e-12
2.03642e-12
7.97434e-13
3.02919e-13
1.11222e-13
3.93069e-14
1.33064e-14
4.29109e-15
1.30992e-15
3.7583e-16
1.00529e-16
2.4843e-17
5.61457e-18
1.1474e-18
2.09377e-19
3.36382e-20
4.68292e-21
5.54664e-22
5.46963e-23
4.37242e-24
2.73731e-25
1.27931e-26
4.15009e-28
8.22152e-30
7.35918e-32
0.191977
0.448446
0.572403
0.603579
0.623278
0.65021
0.690658
0.748494
0.824066
0.914966
0.996845
0.999672
0.999945
0.999987
0.971713
0.909332
0.824307
0.731639
0.642959
0.565043
0.500819
0.450897
0.4148
0.391604
0.380164
0.37835
0.383791
0.397492
0.417735
0.44282
0.471205
0.501566
0.53282
0.564112
0.594793
0.62439
0.652573
0.679131
0.703941
0.726949
0.748153
0.767585
0.785298
0.801358
0.815831
0.828785
0.840258
0.850275
0.858821
0.865843
0.871227
0.874792
0.876272
0.87533
0.871529
0.864362
0.853266
0.837662
0.816999
0.790838
0.758901
0.721159
0.677867
0.629602
0.577253
0.52198
0.465136
0.408174
0.35253
0.299519
0.250245
0.20554
0.165932
0.131647
0.102639
0.0786384
0.05921
0.0438158
0.0318708
0.02279
0.0160235
0.0110793
0.00753522
0.00504192
0.00331976
0.00215117
0.00137198
0.000861424
0.00053257
0.000324277
0.000194501
0.000114942
6.69367e-05
3.84198e-05
2.1738e-05
1.21261e-05
6.66977e-06
3.61773e-06
1.93523e-06
1.02099e-06
5.31268e-07
2.72647e-07
1.37994e-07
6.88721e-08
3.38904e-08
1.64385e-08
7.85706e-09
3.69911e-09
1.71455e-09
7.81879e-10
3.50536e-10
1.54353e-10
6.66798e-11
2.82218e-11
1.16839e-11
4.72265e-12
1.85961e-12
7.11504e-13
2.6373e-13
9.43785e-14
3.2479e-14
1.06999e-14
3.35711e-15
9.97265e-16
2.78633e-16
7.26743e-17
1.75471e-17
3.88516e-18
7.80564e-19
1.40621e-19
2.2414e-20
3.11283e-21
3.69997e-22
3.68419e-23
2.9924e-24
1.91485e-25
9.198e-27
3.08147e-28
6.32831e-30
5.88735e-32
0.218563
0.467697
0.570578
0.59442
0.612501
0.637475
0.678485
0.73985
0.821282
0.915508
0.99957
0.99997
0.999998
1
0.961592
0.880453
0.774716
0.664509
0.563548
0.478392
0.410723
0.359805
0.324229
0.302618
0.293622
0.292082
0.301893
0.320887
0.34677
0.377404
0.410978
0.446041
0.481489
0.5165
0.55048
0.58302
0.61384
0.642783
0.669758
0.694749
0.717778
0.738898
0.75818
0.775707
0.791559
0.805817
0.818535
0.829745
0.839446
0.847587
0.854059
0.858682
0.861188
0.861221
0.858333
0.851994
0.841621
0.826614
0.806418
0.78059
0.748871
0.711257
0.668048
0.619869
0.567655
0.512609
0.456113
0.399632
0.344597
0.292304
0.243826
0.199956
0.161185
0.127704
0.0994384
0.0760988
0.0572398
0.0423207
0.0307605
0.0219829
0.0154488
0.0106783
0.00726082
0.0048577
0.00319831
0.00207263
0.00132208
0.000830258
0.000513418
0.000312687
0.000187588
0.000110873
6.45705e-05
3.70587e-05
2.09626e-05
1.16879e-05
6.42399e-06
3.48069e-06
1.85922e-06
9.79038e-07
5.08218e-07
2.60045e-07
1.31141e-07
6.51691e-08
3.19045e-08
1.53829e-08
7.30176e-09
3.41047e-09
1.56655e-09
7.07149e-10
3.13437e-10
1.3628e-10
5.80556e-11
2.41986e-11
9.85306e-12
3.9118e-12
1.51101e-12
5.66443e-13
2.05493e-13
7.19058e-14
2.4178e-14
7.77866e-15
2.3829e-15
6.91243e-16
1.88701e-16
4.81384e-17
1.13856e-17
2.47463e-18
4.89349e-19
8.70495e-20
1.37517e-20
1.90069e-21
2.25844e-22
2.25846e-23
1.85077e-24
1.20018e-25
5.86598e-27
2.00652e-28
4.21863e-30
4.02473e-32
0.239868
0.479303
0.564938
0.582536
0.597662
0.620087
0.661448
0.726636
0.814818
0.916008
0.999999
0.999999
0.999998
0.999999
0.949076
0.845708
0.71715
0.589642
0.478601
0.389359
0.321372
0.271903
0.238461
0.219441
0.213517
0.216018
0.230831
0.255315
0.286717
0.322539
0.360752
0.39983
0.438686
0.476576
0.513004
0.547643
0.580302
0.610873
0.63932
0.665657
0.689932
0.712217
0.732597
0.751165
0.76801
0.783215
0.796836
0.808907
0.819426
0.828334
0.835502
0.840734
0.843737
0.844123
0.841409
0.835041
0.824415
0.808931
0.788055
0.761389
0.728752
0.690233
0.646243
0.597511
0.545066
0.490181
0.434269
0.37879
0.325132
0.274519
0.227934
0.186068
0.149314
0.117777
0.0913145
0.0695909
0.0521344
0.0383971
0.0278052
0.0198002
0.0138675
0.00955396
0.00647593
0.00431951
0.00283567
0.00183251
0.00116581
0.000730264
0.000450477
0.000273701
0.000163815
9.65968e-05
5.61249e-05
3.21347e-05
1.81323e-05
1.00836e-05
5.5269e-06
2.98572e-06
1.58967e-06
8.34124e-07
4.31301e-07
2.19731e-07
1.10277e-07
5.45077e-08
2.65261e-08
1.2705e-08
5.98633e-09
2.7733e-09
1.26243e-09
5.64236e-10
2.47383e-10
1.06288e-10
4.46971e-11
1.83717e-11
7.36873e-12
2.87875e-12
1.09309e-12
4.02434e-13
1.43254e-13
4.91487e-14
1.61938e-14
5.10316e-15
1.53099e-15
4.34988e-16
1.16356e-16
2.91087e-17
6.75962e-18
1.44482e-18
2.8154e-19
4.94731e-20
7.7421e-21
1.06334e-21
1.25971e-22
1.26028e-23
1.03676e-24
6.77106e-26
3.34275e-27
1.15778e-28
2.46927e-30
2.39209e-32
0.255535
0.484763
0.556088
0.567274
0.578441
0.597684
0.639046
0.708319
0.804237
0.914418
1
1
0.999998
0.999997
0.933966
0.804703
0.651779
0.508522
0.391235
0.302462
0.238139
0.192737
0.162669
0.146682
0.140818
0.149719
0.17225
0.204145
0.241784
0.282499
0.324425
0.366292
0.407242
0.446719
0.484372
0.519986
0.553448
0.584716
0.613791
0.640715
0.665554
0.688389
0.709313
0.728417
0.745794
0.761512
0.775621
0.788146
0.799051
0.808254
0.815592
0.82082
0.823598
0.823489
0.819973
0.812462
0.800361
0.783102
0.760227
0.731455
0.696751
0.656376
0.61091
0.56124
0.508515
0.454071
0.399334
0.345711
0.29449
0.246753
0.203322
0.164723
0.131199
0.102729
0.0790753
0.0598398
0.044522
0.0325716
0.0234335
0.0165817
0.0115421
0.00790437
0.00532665
0.00353277
0.00230634
0.0014824
0.000938164
0.000584705
0.000358925
0.00021704
0.0001293
7.58977e-05
4.39001e-05
2.50231e-05
1.40565e-05
7.78181e-06
4.24574e-06
2.28285e-06
1.20956e-06
6.31478e-07
3.24793e-07
1.64548e-07
8.20938e-08
4.03215e-08
1.94901e-08
9.26746e-09
4.33266e-09
1.99039e-09
8.97869e-10
3.97399e-10
1.72416e-10
7.32477e-11
3.0433e-11
1.23485e-11
4.88534e-12
1.881e-12
7.03364e-13
2.54818e-13
8.91988e-14
3.00766e-14
9.73478e-15
3.01262e-15
8.8746e-16
2.47609e-16
6.50637e-17
1.59993e-17
3.65535e-18
7.69629e-19
1.47959e-19
2.56983e-20
3.98334e-21
5.43149e-22
6.40399e-23
6.39265e-24
5.26032e-25
3.44453e-26
1.70854e-27
5.9557e-29
1.27986e-30
1.24987e-32
0.265316
0.485139
0.544178
0.547484
0.552497
0.569914
0.610739
0.684255
0.788991
0.910338
0.999997
0.999997
0.999998
0.999996
0.916082
0.757083
0.579089
0.423433
0.30576
0.223527
0.167547
0.128579
0.102165
0.0882254
0.085767
0.10398
0.135963
0.175293
0.217915
0.261636
0.305216
0.34787
0.389072
0.428479
0.46588
0.501157
0.534259
0.565183
0.593957
0.620634
0.645287
0.667999
0.688847
0.707916
0.725276
0.740983
0.755052
0.767464
0.778147
0.786957
0.793671
0.797975
0.799465
0.797652
0.791985
0.781888
0.766812
0.746296
0.720042
0.68797
0.650272
0.607446
0.560288
0.509851
0.457385
0.404255
0.351824
0.301371
0.254
0.210572
0.17168
0.137638
0.108498
0.0840939
0.0640877
0.0480261
0.0353921
0.0256515
0.0182872
0.0128255
0.00885016
0.00600962
0.00401632
0.00264216
0.00171122
0.00109133
0.000685467
0.000424097
0.000258493
0.000155234
9.18598e-05
5.35674e-05
3.07851e-05
1.74367e-05
9.73371e-06
5.35526e-06
2.90372e-06
1.55158e-06
8.1694e-07
4.23785e-07
2.16552e-07
1.08978e-07
5.39951e-08
2.63309e-08
1.26327e-08
5.96001e-09
2.7636e-09
1.25866e-09
5.62631e-10
2.46637e-10
1.05924e-10
4.45189e-11
1.82881e-11
7.33235e-12
2.86459e-12
1.0885e-12
4.01448e-13
1.43366e-13
4.94448e-14
1.64191e-14
5.23185e-15
1.59361e-15
4.62023e-16
1.2688e-16
3.28243e-17
7.95055e-18
1.79047e-18
3.7194e-19
7.063e-20
1.21341e-20
1.86329e-21
2.52133e-22
2.95542e-23
2.93836e-24
2.41253e-25
1.57889e-26
7.8385e-28
2.73789e-29
5.89941e-31
5.77713e-33
0.268922
0.481354
0.53002
0.523892
0.520333
0.536501
0.575997
0.653692
0.768339
0.903665
1
1
0.999998
1
0.895244
0.702462
0.499944
0.337661
0.22789
0.159673
0.117006
0.0861516
0.0624302
0.0421429
0.0557506
0.0917723
0.134468
0.17535
0.217644
0.260722
0.304037
0.345109
0.384547
0.422146
0.457787
0.491406
0.522978
0.552513
0.580046
0.605624
0.629308
0.651156
0.671235
0.689586
0.706249
0.721227
0.734488
0.745944
0.755446
0.762772
0.767612
0.769585
0.768232
0.763042
0.75349
0.739083
0.719417
0.69424
0.663503
0.627417
0.586461
0.54139
0.493199
0.443063
0.392255
0.342057
0.293675
0.248151
0.206312
0.168735
0.135736
0.107388
0.0835554
0.0639365
0.0481169
0.0356164
0.0259326
0.0185752
0.0130908
0.00907819
0.00619575
0.00416207
0.00275238
0.00179204
0.0011489
0.000725433
0.000451265
0.000276594
0.000167063
9.94457e-05
5.83441e-05
3.37396e-05
1.92324e-05
1.08064e-05
5.98527e-06
3.26757e-06
1.75823e-06
9.32389e-07
4.87226e-07
2.50841e-07
1.27207e-07
6.35266e-08
3.12316e-08
1.51101e-08
7.1909e-09
3.36454e-09
1.54682e-09
6.98291e-10
3.09301e-10
1.34305e-10
5.71139e-11
2.37594e-11
9.65652e-12
3.82886e-12
1.47867e-12
5.55175e-13
2.0223e-13
7.13023e-14
2.42697e-14
7.95147e-15
2.49925e-15
7.50814e-16
2.1468e-16
5.81484e-17
1.48408e-17
3.54761e-18
7.88897e-19
1.61935e-19
3.04122e-20
5.1724e-21
7.87197e-22
1.05701e-22
1.23105e-23
1.21767e-24
9.95865e-26
6.49944e-27
3.22085e-28
1.12373e-29
2.41937e-31
2.36682e-33
0.265819
0.474266
0.515516
0.499641
0.486575
0.497268
0.534438
0.615803
0.741243
0.894102
0.999998
1
1
0.999998
0.871209
0.640305
0.415684
0.255818
0.16488
0.118865
0.0939988
0.0729586
0.0556687
0.0731017
0.0923584
0.12427
0.161228
0.198538
0.237184
0.276459
0.315611
0.353014
0.389039
0.42353
0.456986
0.489795
0.518806
0.545969
0.571336
0.594933
0.616786
0.636921
0.655348
0.67206
0.687029
0.700187
0.711413
0.720533
0.727316
0.731448
0.73256
0.730233
0.724018
0.713473
0.698203
0.677917
0.65247
0.621915
0.586535
0.546851
0.503618
0.457791
0.410464
0.362798
0.31595
0.270986
0.228823
0.190176
0.155533
0.125152
0.0990719
0.0771517
0.0591037
0.0445418
0.033024
0.0240897
0.0172907
0.0122129
0.00848996
0.00580928
0.00391313
0.00259519
0.00169475
0.00108991
0.000690341
0.000430711
0.000264851
0.000160529
9.59128e-05
5.6495e-05
3.28078e-05
1.87845e-05
1.06042e-05
5.90226e-06
3.23892e-06
1.75227e-06
9.34504e-07
4.91234e-07
2.5448e-07
1.29894e-07
6.53118e-08
3.23396e-08
1.57642e-08
7.56184e-09
3.5678e-09
1.65486e-09
7.54123e-10
3.37396e-10
1.48085e-10
6.37036e-11
2.68322e-11
1.10533e-11
4.44739e-12
1.74529e-12
6.66905e-13
2.47686e-13
8.92233e-14
3.11024e-14
1.04645e-14
3.38836e-15
1.05241e-15
3.12401e-16
8.82641e-17
2.36257e-17
5.95995e-18
1.40862e-18
3.09832e-19
6.29394e-20
1.1705e-20
1.97272e-21
2.97748e-22
3.96825e-23
4.59111e-24
4.51499e-25
3.67419e-26
2.38769e-27
1.17885e-28
4.09919e-30
8.79653e-32
8.57412e-34
0.254899
0.46422
0.503022
0.477418
0.45065
0.451762
0.486155
0.569814
0.706247
0.881132
0.999997
1
1
0.999998
0.843573
0.569773
0.328408
0.184361
0.125274
0.108186
0.1037
0.104841
0.114531
0.126312
0.145798
0.172833
0.203682
0.236036
0.269596
0.30361
0.337337
0.369928
0.4015
0.431974
0.46162
0.490444
0.516215
0.542139
0.564962
0.585572
0.6045
0.621731
0.637213
0.650862
0.66256
0.672153
0.679435
0.684156
0.686018
0.68469
0.679818
0.671043
0.658052
0.640599
0.618549
0.591917
0.560897
0.525878
0.487444
0.446355
0.403512
0.359902
0.316539
0.274396
0.234348
0.19712
0.163256
0.133101
0.106807
0.0843494
0.0655534
0.0501336
0.03773
0.0279436
0.0203678
0.0146117
0.010318
0.00717247
0.00490874
0.00330787
0.00219509
0.0014346
0.000923478
0.00058558
0.000365802
0.000225133
0.00013662
8.17527e-05
4.82433e-05
2.80766e-05
1.61154e-05
9.12291e-06
5.09355e-06
2.80472e-06
1.52307e-06
8.15594e-07
4.30629e-07
2.24154e-07
1.15007e-07
5.81484e-08
2.89653e-08
1.42104e-08
6.86378e-09
3.26263e-09
1.52549e-09
7.01203e-10
3.16663e-10
1.40397e-10
6.10619e-11
2.60279e-11
1.0862e-11
4.43284e-12
1.76679e-12
6.86729e-13
2.59878e-13
9.55734e-14
3.40877e-14
1.17638e-14
3.91807e-15
1.25578e-15
3.86075e-16
1.13441e-16
3.17276e-17
8.4079e-18
2.10027e-18
4.91659e-19
1.07144e-19
2.15723e-20
3.97799e-21
6.65087e-22
9.96315e-23
1.31856e-23
1.5156e-24
1.48145e-25
1.19876e-26
7.74885e-28
3.80638e-29
1.31702e-30
2.81194e-32
2.72589e-34
0.239421
0.447034
0.492004
0.464776
0.416155
0.391004
0.432624
0.51539
0.661305
0.863928
0.999997
0.999998
1
0.999997
0.811573
0.489526
0.241643
0.132233
0.116996
0.129072
0.139642
0.151937
0.165698
0.180449
0.200223
0.223947
0.250019
0.277356
0.30544
0.333702
0.361636
0.38885
0.415322
0.440979
0.465838
0.489627
0.511313
0.532601
0.551282
0.569565
0.583992
0.596569
0.607192
0.615698
0.621904
0.625605
0.626562
0.624533
0.619254
0.610482
0.598011
0.581687
0.561453
0.537357
0.509584
0.478466
0.444483
0.408249
0.370491
0.332007
0.293626
0.256156
0.220336
0.186799
0.156039
0.128395
0.104047
0.0830245
0.0652268
0.0504496
0.0384135
0.0287938
0.0212477
0.0154361
0.0110409
0.00777576
0.00539248
0.00368285
0.00247725
0.00164131
0.00107124
0.000688815
0.00043639
0.000272419
0.000167579
0.000101589
6.07496e-05
3.5839e-05
2.08598e-05
1.1979e-05
6.78724e-06
3.79426e-06
2.09273e-06
1.13875e-06
6.11277e-07
3.2367e-07
1.6903e-07
8.70468e-08
4.41956e-08
2.21177e-08
1.09072e-08
5.29856e-09
2.53458e-09
1.19334e-09
5.52737e-10
2.51719e-10
1.12636e-10
4.94863e-11
2.13293e-11
9.01043e-12
3.72684e-12
1.50748e-12
5.95532e-13
2.29438e-13
8.60624e-14
3.1373e-14
1.10917e-14
3.79439e-15
1.25278e-15
3.98062e-16
1.21331e-16
3.53486e-17
9.8039e-18
2.57676e-18
6.38507e-19
1.48303e-19
3.20741e-20
6.41056e-21
1.17379e-21
1.94917e-22
2.90077e-23
3.81462e-24
4.3575e-25
4.23334e-26
3.40473e-27
2.1874e-28
1.06785e-29
3.6715e-31
7.78757e-33
7.49671e-35
0.223207
0.418798
0.473684
0.457227
0.412642
0.355125
0.379614
0.453678
0.603523
0.841187
1
0.999999
1
0.999996
0.773835
0.397506
0.161938
0.110869
0.135787
0.157003
0.175182
0.191585
0.206444
0.223531
0.242769
0.263628
0.285488
0.307872
0.330436
0.352857
0.374865
0.396271
0.416985
0.436899
0.455881
0.473657
0.489852
0.505015
0.518025
0.529845
0.538721
0.544786
0.548442
0.549709
0.54842
0.544413
0.537541
0.527674
0.514717
0.498641
0.47947
0.457323
0.432408
0.405039
0.37562
0.344652
0.312699
0.280376
0.248306
0.217098
0.187306
0.159404
0.133768
0.110657
0.0902134
0.0724666
0.0573469
0.0447025
0.0343215
0.0259532
0.0193283
0.0141767
0.010241
0.0072864
0.00510639
0.00352512
0.00239731
0.0016062
0.00106033
0.000689737
0.000442143
0.000279327
0.000173926
0.000106744
6.45763e-05
3.85094e-05
2.26636e-05
1.31654e-05
7.54904e-06
4.27274e-06
2.38714e-06
1.31641e-06
7.16524e-07
3.84916e-07
2.04059e-07
1.06745e-07
5.50909e-08
2.80463e-08
1.40811e-08
6.97041e-09
3.40102e-09
1.63509e-09
7.74252e-10
3.60942e-10
1.6557e-10
7.46901e-11
3.31127e-11
1.44163e-11
6.15849e-12
2.579e-12
1.05761e-12
4.24211e-13
1.66208e-13
6.35173e-14
2.36367e-14
8.54948e-15
2.99955e-15
1.01846e-15
3.33799e-16
1.05303e-16
3.18725e-17
9.22253e-18
2.54092e-18
6.63535e-19
1.63396e-19
3.77221e-20
8.11056e-21
1.61181e-21
2.93485e-22
4.84681e-23
7.17362e-24
9.38114e-25
1.06547e-25
1.02887e-26
8.22176e-28
5.24583e-29
2.54213e-30
8.67235e-32
1.82421e-33
1.73961e-35
0.205206
0.378282
0.442596
0.444291
0.416635
0.37954
0.350117
0.390316
0.528702
0.810863
1
1
1
1
0.727882
0.290821
0.102372
0.119521
0.148955
0.171678
0.189368
0.205493
0.221651
0.238184
0.2551
0.272253
0.289452
0.30652
0.323296
0.339623
0.35536
0.370385
0.384586
0.397834
0.409975
0.420815
0.430183
0.438096
0.44406
0.448249
0.449778
0.447777
0.443645
0.437464
0.428989
0.418183
0.405061
0.389682
0.372156
0.352645
0.331374
0.308622
0.284723
0.260056
0.235031
0.210072
0.185602
0.162018
0.139677
0.118875
0.0998402
0.082724
0.0676
0.054469
0.0432664
0.033875
0.0261384
0.019875
0.0148914
0.0109938
0.00799714
0.0057319
0.00404807
0.00281709
0.00193187
0.00130559
0.00086959
0.000570864
0.000369396
0.000235627
0.00014817
9.18595e-05
5.6149e-05
3.38401e-05
2.01097e-05
1.17834e-05
6.81746e-06
3.89543e-06
2.19821e-06
1.22506e-06
6.74231e-07
3.66439e-07
1.96657e-07
1.04206e-07
5.45139e-08
2.8151e-08
1.43477e-08
7.21589e-09
3.58029e-09
1.75207e-09
8.45391e-10
4.02055e-10
1.8839e-10
8.6932e-11
3.94839e-11
1.76412e-11
7.7484e-12
3.34309e-12
1.4157e-12
5.87856e-13
2.39106e-13
9.51512e-14
3.69974e-14
1.40352e-14
5.18612e-15
1.86313e-15
6.49425e-16
2.19131e-16
7.13931e-17
2.23945e-17
6.74164e-18
1.94073e-18
5.32091e-19
1.38307e-19
3.39082e-20
7.7952e-21
1.66923e-21
3.3041e-22
5.99251e-23
9.85652e-24
1.45263e-24
1.89088e-25
2.13651e-26
2.05094e-27
1.62774e-28
1.03042e-29
4.94911e-31
1.67199e-32
3.48045e-34
3.27509e-36
0.183552
0.324038
0.392134
0.412638
0.406394
0.388904
0.374619
0.348247
0.430451
0.769581
1
1
0.999999
1
0.669425
0.166038
0.0847688
0.115628
0.136669
0.152228
0.167171
0.18073
0.19359
0.206048
0.218205
0.230058
0.241557
0.252627
0.263184
0.273132
0.282374
0.290813
0.298347
0.304865
0.310251
0.314383
0.317153
0.318468
0.318124
0.316064
0.311921
0.305086
0.294392
0.284455
0.273071
0.260335
0.246391
0.231403
0.215567
0.199098
0.182231
0.165213
0.148296
0.131728
0.115744
0.100554
0.0863384
0.0732401
0.0613593
0.0507526
0.0414338
0.0333779
0.026526
0.0207925
0.0160731
0.0122514
0.00920712
0.00682149
0.00498228
0.00358722
0.00254604
0.00178135
0.00122863
0.000835398
0.000560001
0.000370107
0.000241177
0.000154966
9.81886e-05
6.13523e-05
3.78069e-05
2.29775e-05
1.37734e-05
8.14328e-06
4.74879e-06
2.73144e-06
1.5521e-06
8.71526e-07
4.83573e-07
2.65123e-07
1.4362e-07
7.6866e-08
4.06416e-08
2.12266e-08
1.09499e-08
5.57826e-09
2.80587e-09
1.39326e-09
6.8279e-10
3.30155e-10
1.57467e-10
7.40542e-11
3.43257e-11
1.56748e-11
7.04805e-12
3.11864e-12
1.35708e-12
5.80311e-13
2.43653e-13
1.00353e-13
4.05019e-14
1.59992e-14
6.17768e-15
2.32819e-15
8.54995e-16
3.05396e-16
1.05882e-16
3.55508e-17
1.153e-17
3.60172e-18
1.08019e-18
3.09901e-19
8.47063e-20
2.19576e-20
5.36999e-21
1.23173e-21
2.632e-22
5.19905e-23
9.40896e-24
1.54388e-24
2.26887e-25
2.94296e-26
3.31024e-27
3.15913e-28
2.48842e-29
1.56027e-30
7.40681e-32
2.46898e-33
5.07053e-35
4.70892e-37
0.154044
0.252802
0.314554
0.346791
0.358943
0.358885
0.352231
0.341798
0.308021
0.710139
0.999999
1
1
0.999999
0.588848
0.0456024
0.0687853
0.0813241
0.0910824
0.10028
0.10785
0.114656
0.121101
0.127337
0.133388
0.139221
0.144779
0.149993
0.154788
0.159092
0.162834
0.165944
0.168358
0.170011
0.170845
0.170806
0.169849
0.167931
0.164999
0.161024
0.155909
0.149398
0.139842
0.131491
0.123164
0.114505
0.105602
0.096574
0.0875446
0.0786346
0.0699597
0.0616253
0.0537253
0.0463389
0.0395276
0.0333338
0.0277818
0.0228765
0.0186056
0.0149423
0.0118468
0.00927051
0.00715892
0.0054546
0.00410008
0.00304012
0.00222341
0.00160381
0.00114096
0.000800506
0.0005539
0.000377983
0.000254389
0.000168858
0.00011055
7.13887e-05
4.54732e-05
2.85732e-05
1.77117e-05
1.08314e-05
6.53495e-06
3.89005e-06
2.28472e-06
1.32398e-06
7.57009e-07
4.27053e-07
2.38141e-07
1.31305e-07
7.15806e-08
3.85792e-08
2.05552e-08
1.08259e-08
5.63555e-09
2.89929e-09
1.4739e-09
7.4029e-10
3.67293e-10
1.79974e-10
8.7075e-11
4.15857e-11
1.95986e-11
9.11143e-12
4.17686e-12
1.88721e-12
8.3999e-13
3.68093e-13
1.58703e-13
6.7273e-14
2.8013e-14
1.14483e-14
4.58703e-15
1.79979e-15
6.90631e-16
2.58802e-16
9.4553e-17
3.36181e-17
1.16084e-17
3.88394e-18
1.25591e-18
3.91364e-19
1.17147e-19
3.35605e-20
9.16408e-21
2.3741e-21
5.80458e-22
1.33139e-22
2.84529e-23
5.62099e-24
1.01717e-24
1.6682e-25
2.44854e-26
3.16854e-27
3.54976e-28
3.36646e-29
2.62681e-30
1.62475e-31
7.5681e-33
2.46031e-34
4.91002e-36
4.52369e-38
0.103548
0.158766
0.199618
0.228151
0.246942
0.258125
0.262684
0.25735
0.250722
0.593941
0.999999
1
0.999998
1
0.449467
0.0263322
0.0295305
0.032849
0.0348583
0.0360874
0.0371809
0.038402
0.039781
0.0412651
0.0427877
0.0442885
0.0457153
0.0470227
0.0481716
0.0491271
0.0498594
0.0503421
0.0505536
0.0504767
0.050098
0.0494091
0.0484064
0.0470893
0.0454606
0.0435265
0.0412802
0.0386561
0.0350685
0.0318626
0.0290591
0.0263006
0.0235996
0.0209859
0.0184885
0.0161319
0.0139362
0.0119161
0.0100815
0.00843682
0.00698179
0.00571169
0.00461804
0.00368922
0.00291135
0.00226906
0.00174626
0.00132679
0.000995106
0.00073663
0.000538146
0.000387955
0.000275972
0.000193701
0.000134142
9.16559e-05
6.17895e-05
4.10991e-05
2.69726e-05
1.74661e-05
1.11602e-05
7.03662e-06
4.37818e-06
2.68829e-06
1.62905e-06
9.74275e-07
5.75088e-07
3.35045e-07
1.92661e-07
1.09348e-07
6.12552e-08
3.38675e-08
1.85212e-08
1.00211e-08
5.36394e-09
2.84014e-09
1.48745e-09
7.7046e-10
3.94649e-10
1.99881e-10
1.00085e-10
4.95375e-11
2.4232e-11
1.17123e-11
5.5923e-12
2.63705e-12
1.2277e-12
5.64111e-13
2.55718e-13
1.14312e-13
5.03657e-14
2.18599e-14
9.34005e-15
3.9258e-15
1.62193e-15
6.58055e-16
2.61924e-16
1.02158e-16
3.89933e-17
1.45445e-17
5.29293e-18
1.8758e-18
6.46077e-19
2.1577e-19
6.96929e-20
2.17079e-20
6.49922e-21
1.86347e-21
5.09561e-22
1.32262e-22
3.24129e-23
7.45396e-24
1.59735e-24
3.16409e-25
5.73924e-26
9.4285e-27
1.3847e-27
1.7898e-28
1.99765e-29
1.88024e-30
1.44791e-31
8.76431e-33
3.9442e-34
1.21381e-35
2.21234e-37
1.72054e-39
)
;

boundaryField
{
    walls
    {
        type            zeroGradient;
    }
    top
    {
        type            zeroGradient;
    }
    bottom
    {
        type            zeroGradient;
    }
    frontAndBack
    {
        type            empty;
    }
    inlet
    {
        type            uniformFixedValue;
        uniformValue    
        {
            type            constant;
            value           1;
        }
        value           uniform 1;
    }
    outlet
    {
        type            zeroGradient;
    }
}


// ************************************************************************* //
