/*--------------------------------*- C++ -*----------------------------------*\
  =========                 |
  \\      /  F ield         | OpenFOAM: The Open Source CFD Toolbox
   \\    /   O peration     | Website:  https://openfoam.org
    \\  /    A nd           | Version:  12
     \\/     M anipulation  |
\*---------------------------------------------------------------------------*/
FoamFile
{
    format      ascii;
    class       volScalarField;
    location    "585";
    object      T;
}
// * * * * * * * * * * * * * * * * * * * * * * * * * * * * * * * * * * * * * //

dimensions      [];

internalField   nonuniform List<scalar> 
4480
(
2.37614e-05
0.000915597
0.0497502
0.196238
0.354443
0.487628
0.591375
0.670153
0.729661
0.774768
0.809204
0.835721
0.856312
0.87243
0.885131
0.895187
0.903171
0.909512
0.914528
0.91846
0.9215
0.92379
0.925442
0.92654
0.927154
0.927337
0.927134
0.926724
0.926308
0.925885
0.925454
0.925014
0.924558
0.924088
0.923599
0.923091
0.92256
0.922005
0.921419
0.920805
0.920162
0.919479
0.918756
0.917995
0.917188
0.916331
0.915421
0.91446
0.913436
0.912343
0.911188
0.909965
0.908659
0.907275
0.905805
0.904241
0.902587
0.900837
0.898979
0.897016
0.894936
0.892741
0.89042
0.887977
0.885395
0.882685
0.879825
0.87683
0.873673
0.870373
0.866907
0.86328
0.859484
0.855517
0.851372
0.847044
0.842532
0.837827
0.832925
0.827824
0.822515
0.816996
0.811262
0.805343
0.799248
0.792973
0.78652
0.779891
0.773089
0.766118
0.758984
0.751697
0.744268
0.73671
0.729045
0.721288
0.71347
0.705618
0.697772
0.689977
0.682282
0.674746
0.667428
0.660421
0.653799
0.647664
0.642129
0.637314
0.633349
0.63038
0.628558
0.62804
0.62898
0.631544
0.635867
0.64209
0.650305
0.660576
0.672921
0.687355
0.704056
0.723625
0.747105
0.777063
0.823693
0.891455
0.938489
0.973445
0.965824
0.914576
0.863906
0.785367
0.712447
0.651199
0.592229
0.532411
0.469478
0.400578
0.322641
0.226973
9.72935e-06
0.0180813
0.19347
0.429193
0.61367
0.738538
0.819661
0.872181
0.906591
0.92957
0.945249
0.956188
0.963994
0.969679
0.973886
0.977056
0.979468
0.981317
0.982739
0.983832
0.984666
0.985285
0.98573
0.986026
0.986196
0.986253
0.986209
0.98598
0.985489
0.984763
0.983829
0.982711
0.981437
0.98003
0.978507
0.976893
0.975205
0.973458
0.971664
0.969836
0.967988
0.966125
0.964251
0.962376
0.960505
0.958637
0.956776
0.954922
0.953074
0.951232
0.949394
0.947564
0.945732
0.943897
0.942058
0.940208
0.938352
0.936479
0.934586
0.932677
0.930736
0.928774
0.926773
0.92474
0.922669
0.920564
0.918409
0.916206
0.913958
0.911663
0.909312
0.906908
0.904447
0.901933
0.899352
0.896715
0.894015
0.891246
0.888423
0.885532
0.882572
0.879556
0.876469
0.873328
0.870145
0.86691
0.863628
0.860313
0.856958
0.853578
0.850179
0.846767
0.843353
0.839955
0.836588
0.833262
0.830011
0.826846
0.823799
0.820907
0.818204
0.815727
0.813524
0.811636
0.81013
0.809051
0.808472
0.808446
0.809053
0.810355
0.812426
0.815321
0.819109
0.823839
0.829548
0.836267
0.844
0.852747
0.862493
0.873237
0.885024
0.897975
0.912235
0.927911
0.944844
0.961627
0.975478
0.984461
0.976002
0.947526
0.917984
0.884661
0.847858
0.807535
0.762706
0.712066
0.653859
0.585927
0.506103
0.413806
0.00146461
0.0973519
0.387834
0.633985
0.786411
0.872637
0.920715
0.947972
0.963915
0.97361
0.979757
0.983837
0.986656
0.98868
0.990176
0.991311
0.992184
0.992862
0.993392
0.993803
0.99412
0.994357
0.994529
0.994646
0.994713
0.994736
0.99472
0.994653
0.994505
0.994276
0.993966
0.993566
0.993076
0.992487
0.991802
0.991016
0.990133
0.989156
0.988089
0.986936
0.985705
0.984403
0.983038
0.981615
0.980142
0.978632
0.977083
0.975507
0.973907
0.97229
0.970662
0.969025
0.967379
0.965728
0.964081
0.962427
0.960779
0.959132
0.957484
0.955839
0.954195
0.952554
0.950909
0.949268
0.947625
0.945977
0.944329
0.942677
0.941017
0.939356
0.937679
0.936001
0.934312
0.932615
0.9309
0.929179
0.927448
0.925701
0.923942
0.922176
0.920391
0.9186
0.91679
0.914978
0.91315
0.911323
0.909498
0.907673
0.90585
0.904042
0.902249
0.900479
0.898745
0.897046
0.895401
0.893824
0.892324
0.890918
0.889629
0.888477
0.88748
0.886664
0.886065
0.8857
0.885611
0.885831
0.886385
0.887317
0.888666
0.890455
0.892722
0.895491
0.898789
0.902626
0.907013
0.911938
0.917394
0.923349
0.929769
0.936617
0.943844
0.951386
0.959132
0.966866
0.974241
0.980716
0.985557
0.987822
0.981712
0.963315
0.944299
0.923375
0.899475
0.871456
0.837895
0.796919
0.746027
0.68201
0.601221
0.500528
0.0156051
0.258915
0.58887
0.791414
0.892773
0.941235
0.964804
0.976813
0.983343
0.987188
0.989651
0.99136
0.992631
0.993613
0.99439
0.995012
0.995516
0.995918
0.99624
0.996493
0.99669
0.996839
0.996946
0.997021
0.997067
0.997085
0.997081
0.997051
0.996989
0.996897
0.99677
0.996605
0.9964
0.996148
0.995844
0.995484
0.995064
0.994576
0.994023
0.993399
0.992706
0.991943
0.99111
0.990214
0.989254
0.988239
0.987168
0.986051
0.98489
0.983694
0.982466
0.98121
0.979934
0.978639
0.977333
0.976019
0.9747
0.973375
0.972055
0.970734
0.969422
0.968111
0.966812
0.965523
0.96424
0.962968
0.96171
0.960459
0.959222
0.957992
0.956772
0.955564
0.954364
0.953174
0.951991
0.950815
0.949647
0.948492
0.947341
0.946193
0.945054
0.943925
0.942808
0.941688
0.940579
0.939479
0.93839
0.937318
0.936264
0.935227
0.934213
0.933229
0.932283
0.931373
0.930518
0.929715
0.928985
0.928329
0.927764
0.927304
0.926966
0.926758
0.926706
0.926822
0.927133
0.927647
0.928396
0.929392
0.930657
0.932205
0.934055
0.936215
0.938694
0.941493
0.944601
0.948007
0.951692
0.955624
0.959764
0.964061
0.968455
0.972853
0.97714
0.981147
0.984656
0.987375
0.988921
0.988735
0.984367
0.971576
0.957837
0.942854
0.925735
0.905336
0.880051
0.847501
0.804173
0.744844
0.662105
0.54609
0.0669512
0.461171
0.758169
0.894282
0.949622
0.972315
0.982275
0.987129
0.989833
0.991594
0.992892
0.993933
0.994797
0.995521
0.996122
0.996613
0.997011
0.997329
0.997576
0.997765
0.997908
0.998011
0.998084
0.998132
0.998161
0.998173
0.998173
0.998157
0.998123
0.998071
0.998
0.997909
0.997797
0.997662
0.997501
0.99731
0.997085
0.996823
0.99652
0.996174
0.995779
0.995336
0.99484
0.994293
0.993693
0.993042
0.992343
0.991595
0.990803
0.98997
0.989101
0.988198
0.987266
0.98631
0.985335
0.984345
0.983344
0.982331
0.981318
0.980302
0.979287
0.978276
0.977275
0.976284
0.975298
0.974329
0.973371
0.972425
0.971496
0.970581
0.969681
0.968794
0.967925
0.967069
0.96623
0.965404
0.964596
0.963799
0.963011
0.962243
0.961486
0.96074
0.960011
0.959291
0.958584
0.957892
0.957212
0.956545
0.955899
0.955273
0.95467
0.954092
0.953547
0.953035
0.952563
0.952135
0.95176
0.951448
0.951201
0.951035
0.950952
0.950965
0.951089
0.951333
0.951706
0.952227
0.952901
0.953739
0.954754
0.95596
0.95735
0.95894
0.960722
0.962698
0.964856
0.967177
0.969646
0.972232
0.974902
0.977603
0.98028
0.982864
0.985257
0.98734
0.98896
0.989925
0.989966
0.988693
0.985225
0.976112
0.965302
0.953552
0.940279
0.924622
0.905186
0.879585
0.843789
0.790724
0.708101
0.574676
0.169756
0.652402
0.874633
0.950115
0.975299
0.984578
0.988606
0.990757
0.992193
0.993337
0.994343
0.995236
0.996011
0.99667
0.997207
0.997636
0.997968
0.998217
0.998401
0.998527
0.998611
0.998663
0.998693
0.998708
0.998711
0.99871
0.998705
0.998697
0.998676
0.998645
0.998602
0.998547
0.998481
0.9984
0.998304
0.99819
0.998059
0.997903
0.997723
0.997518
0.997282
0.997012
0.996708
0.996368
0.99599
0.995572
0.995116
0.994619
0.994088
0.993519
0.992916
0.992282
0.99162
0.990933
0.990223
0.989496
0.988756
0.988003
0.98724
0.986475
0.985711
0.984944
0.984184
0.983429
0.982682
0.981947
0.98122
0.980507
0.979812
0.979126
0.978456
0.977801
0.977163
0.976541
0.975931
0.975339
0.974759
0.974197
0.973649
0.973113
0.972589
0.972084
0.971591
0.971114
0.970642
0.970185
0.969742
0.969314
0.968899
0.968501
0.968125
0.967771
0.967439
0.967134
0.966861
0.966622
0.966425
0.966274
0.96617
0.966121
0.966138
0.96622
0.966381
0.966628
0.966962
0.967398
0.967935
0.968589
0.969359
0.970248
0.971266
0.972404
0.973664
0.97504
0.976524
0.978096
0.979744
0.981437
0.98315
0.984838
0.986456
0.987944
0.989226
0.990211
0.990784
0.990794
0.99004
0.988241
0.985
0.978564
0.969616
0.959819
0.948812
0.936013
0.920407
0.899949
0.870782
0.82485
0.745218
0.595075
0.311324
0.802301
0.940601
0.975138
0.985211
0.98902
0.990948
0.992237
0.993313
0.994318
0.995282
0.996162
0.996917
0.997531
0.998012
0.998376
0.998636
0.998808
0.998909
0.998958
0.998966
0.99895
0.998919
0.998886
0.998854
0.99883
0.998814
0.998808
0.998798
0.998785
0.998768
0.998744
0.998713
0.998674
0.998627
0.998566
0.998493
0.998406
0.998301
0.99818
0.998037
0.997871
0.997682
0.997467
0.997227
0.996957
0.996656
0.996326
0.995968
0.99558
0.995163
0.994722
0.994255
0.993763
0.993253
0.992726
0.992181
0.991628
0.991065
0.990495
0.989922
0.989347
0.988775
0.988204
0.987643
0.987088
0.98654
0.986004
0.985477
0.984965
0.984464
0.983978
0.983501
0.983042
0.982596
0.982162
0.98174
0.981332
0.980939
0.980561
0.980189
0.979835
0.979496
0.97916
0.978838
0.978528
0.978227
0.977938
0.977664
0.977403
0.977156
0.976927
0.976719
0.976528
0.976364
0.976222
0.976114
0.976037
0.975994
0.975994
0.976035
0.97613
0.976278
0.976483
0.976753
0.977091
0.9775
0.977987
0.978549
0.979196
0.979919
0.980722
0.981601
0.982551
0.983559
0.984611
0.985693
0.986787
0.987862
0.988887
0.989819
0.990607
0.991191
0.991498
0.991428
0.990861
0.989644
0.987563
0.984352
0.979496
0.972101
0.963622
0.954065
0.94301
0.929792
0.912786
0.888758
0.849728
0.775478
0.611012
0.467088
0.90059
0.970805
0.984526
0.988784
0.990763
0.99202
0.993048
0.994033
0.995039
0.996037
0.996925
0.997654
0.998215
0.998627
0.99891
0.999083
0.999161
0.999164
0.99911
0.999019
0.99891
0.998802
0.998702
0.998622
0.998564
0.998533
0.998525
0.998526
0.998532
0.998541
0.998552
0.998561
0.998567
0.998567
0.99856
0.998542
0.998513
0.998473
0.998416
0.998346
0.998256
0.998148
0.99802
0.99787
0.997701
0.997508
0.997291
0.99705
0.996789
0.996503
0.996195
0.995866
0.995519
0.995153
0.994771
0.994377
0.99397
0.993555
0.993134
0.992709
0.992278
0.991851
0.991424
0.990998
0.99058
0.990167
0.989765
0.989367
0.988979
0.988604
0.98824
0.987883
0.987543
0.987208
0.986886
0.986577
0.986277
0.985992
0.985715
0.985447
0.985195
0.98495
0.984716
0.984487
0.984269
0.984059
0.983856
0.983666
0.98349
0.983319
0.983165
0.983028
0.982901
0.982792
0.982706
0.982639
0.982598
0.98258
0.982595
0.982638
0.982721
0.982836
0.982995
0.9832
0.983448
0.983749
0.984096
0.984499
0.984952
0.985461
0.986015
0.986615
0.987255
0.987924
0.988611
0.989303
0.989978
0.990612
0.991182
0.991643
0.99196
0.992075
0.991928
0.991433
0.990495
0.988984
0.986745
0.983589
0.979311
0.973413
0.965897
0.957358
0.947446
0.93573
0.920911
0.900479
0.867279
0.799734
0.624308
0.61905
0.950442
0.981672
0.987849
0.990282
0.991651
0.992668
0.993597
0.994581
0.995636
0.996685
0.997579
0.998262
0.998755
0.999084
0.999277
0.999345
0.999306
0.999182
0.998995
0.998775
0.998547
0.99833
0.998144
0.997997
0.997897
0.997843
0.997833
0.997844
0.997874
0.997918
0.997971
0.998029
0.998091
0.998151
0.998205
0.998252
0.998287
0.99831
0.998322
0.998315
0.998296
0.998259
0.998203
0.998129
0.998036
0.997922
0.99779
0.997639
0.997468
0.997278
0.997068
0.996842
0.9966
0.99634
0.996069
0.995783
0.995488
0.995183
0.994872
0.994557
0.994239
0.993917
0.993597
0.993279
0.992963
0.992654
0.992349
0.992049
0.991759
0.991476
0.9912
0.990933
0.990672
0.990424
0.990183
0.989952
0.989731
0.989517
0.989313
0.989115
0.98893
0.988751
0.98858
0.988413
0.988255
0.988105
0.987961
0.987826
0.987695
0.987578
0.987466
0.98737
0.98728
0.987207
0.987147
0.987103
0.987072
0.987066
0.987076
0.987113
0.987171
0.987256
0.987369
0.987514
0.987689
0.9879
0.988142
0.988418
0.988726
0.98907
0.989438
0.989833
0.990245
0.990668
0.991086
0.991495
0.991869
0.992189
0.992429
0.992557
0.992538
0.99232
0.991849
0.991058
0.989862
0.988158
0.985823
0.982719
0.978699
0.973625
0.967145
0.959369
0.950266
0.939564
0.926131
0.908052
0.879258
0.818584
0.635959
0.751236
0.967332
0.985096
0.989328
0.991119
0.992217
0.993113
0.994015
0.995026
0.996151
0.997261
0.998139
0.998757
0.999166
0.999409
0.999498
0.999442
0.999254
0.998964
0.998604
0.998212
0.997824
0.99747
0.997171
0.996942
0.996787
0.996707
0.996694
0.99672
0.996781
0.996868
0.996978
0.997101
0.997231
0.997364
0.997496
0.99762
0.997733
0.997834
0.99792
0.99799
0.998042
0.998075
0.998089
0.998086
0.998066
0.998024
0.997964
0.997885
0.997789
0.997672
0.99754
0.997393
0.997228
0.997052
0.996865
0.996662
0.996452
0.996233
0.996005
0.995774
0.99554
0.995302
0.995063
0.994825
0.994589
0.994356
0.994127
0.993901
0.993682
0.993464
0.993257
0.993054
0.99286
0.992671
0.992489
0.992315
0.992146
0.991987
0.991831
0.991685
0.991545
0.99141
0.991284
0.991159
0.991043
0.990931
0.990824
0.990721
0.990627
0.990538
0.990455
0.99038
0.990317
0.99026
0.990214
0.990177
0.990154
0.990146
0.990148
0.99017
0.990206
0.99026
0.990336
0.99043
0.990546
0.990682
0.990838
0.991017
0.991214
0.991428
0.991655
0.991893
0.992135
0.992371
0.992591
0.992783
0.99293
0.993014
0.993008
0.992888
0.992614
0.992148
0.991437
0.990429
0.989044
0.987206
0.984808
0.98175
0.977911
0.973174
0.967432
0.960479
0.95199
0.942015
0.929504
0.912935
0.8872
0.832627
0.646556
0.83546
0.976231
0.987294
0.990229
0.991663
0.99261
0.993439
0.994338
0.995395
0.996607
0.997769
0.998611
0.999147
0.99947
0.999619
0.999591
0.99938
0.999003
0.998494
0.997908
0.997293
0.9967
0.996168
0.99573
0.995396
0.995178
0.99507
0.995055
0.995103
0.995206
0.995354
0.995536
0.995742
0.995963
0.996191
0.996418
0.996637
0.996845
0.997041
0.997216
0.997373
0.997511
0.997625
0.997717
0.997788
0.997837
0.997866
0.997874
0.997863
0.997833
0.997784
0.997719
0.997639
0.997542
0.997431
0.997307
0.997173
0.99703
0.996876
0.996716
0.996551
0.996381
0.996208
0.996033
0.995857
0.995681
0.995508
0.995333
0.995166
0.994997
0.994837
0.99468
0.994526
0.994378
0.994232
0.994096
0.993963
0.993835
0.993713
0.993592
0.993479
0.993375
0.99327
0.993173
0.993081
0.99299
0.992902
0.992819
0.992743
0.992667
0.9926
0.992534
0.992474
0.992422
0.992372
0.992334
0.992302
0.992277
0.992259
0.992255
0.99226
0.992276
0.992301
0.992343
0.992392
0.992458
0.992533
0.992621
0.992721
0.992829
0.992943
0.993061
0.993174
0.993281
0.993372
0.993434
0.99346
0.993428
0.993324
0.993129
0.992813
0.992344
0.991685
0.990792
0.989616
0.988091
0.986151
0.983712
0.980686
0.976975
0.972476
0.967076
0.960631
0.952922
0.943497
0.93165
0.916073
0.892328
0.842532
0.656465
0.896909
0.981202
0.988732
0.990946
0.992066
0.992887
0.993676
0.994587
0.995703
0.997004
0.998222
0.999002
0.999444
0.999682
0.999737
0.999569
0.99916
0.998532
0.997739
0.996855
0.995955
0.995104
0.994356
0.993747
0.993293
0.993003
0.99287
0.992858
0.992939
0.993103
0.99333
0.993609
0.993924
0.994259
0.994606
0.994955
0.995295
0.995623
0.99593
0.996214
0.996473
0.996707
0.996916
0.997094
0.997249
0.997376
0.997479
0.997557
0.997613
0.997648
0.997663
0.997659
0.997638
0.997601
0.997548
0.997483
0.997405
0.997317
0.99722
0.997114
0.997002
0.996885
0.996763
0.996637
0.996513
0.996384
0.996256
0.996128
0.996002
0.995878
0.995756
0.995637
0.99552
0.995407
0.995298
0.995193
0.995092
0.994992
0.994896
0.994805
0.994718
0.994636
0.994554
0.994478
0.994403
0.994334
0.994262
0.994197
0.994134
0.994072
0.994014
0.99396
0.993909
0.99386
0.993818
0.993779
0.993745
0.993716
0.993694
0.993675
0.993663
0.993658
0.993662
0.99367
0.993684
0.993705
0.993729
0.993761
0.993795
0.993829
0.99386
0.993887
0.993902
0.993899
0.993868
0.993804
0.993693
0.993522
0.993271
0.99292
0.992446
0.991819
0.991003
0.989965
0.988657
0.987021
0.985004
0.982534
0.979531
0.975913
0.971585
0.966432
0.960303
0.952973
0.944077
0.932918
0.918028
0.895541
0.848985
0.665948
0.933341
0.984273
0.989719
0.99146
0.992397
0.993099
0.993845
0.994774
0.99595
0.997347
0.998615
0.999315
0.99966
0.999822
0.999776
0.999434
0.998764
0.997805
0.996645
0.995384
0.994128
0.992962
0.991954
0.991145
0.990556
0.990194
0.990043
0.990044
0.990177
0.990423
0.99076
0.991165
0.991619
0.992103
0.992601
0.993099
0.993587
0.994056
0.994499
0.994912
0.995295
0.995641
0.995955
0.996233
0.996479
0.996692
0.996877
0.997031
0.997157
0.997259
0.997338
0.997397
0.997431
0.99745
0.997452
0.997439
0.997413
0.997372
0.997326
0.997265
0.9972
0.997126
0.997047
0.996965
0.996878
0.996791
0.996699
0.996607
0.996516
0.996425
0.996335
0.996247
0.996161
0.996074
0.995991
0.995909
0.99583
0.995753
0.99568
0.995609
0.995539
0.99547
0.995407
0.995344
0.995284
0.995224
0.995168
0.995111
0.995058
0.995003
0.994952
0.994905
0.994857
0.994809
0.994768
0.994727
0.994687
0.994652
0.994619
0.994587
0.99456
0.994536
0.994513
0.994495
0.994477
0.99446
0.99444
0.994424
0.9944
0.994372
0.994334
0.994284
0.994212
0.99412
0.993992
0.993821
0.993595
0.993304
0.992929
0.99245
0.991843
0.991088
0.990147
0.988988
0.987574
0.98585
0.98377
0.98127
0.978285
0.974737
0.970534
0.965562
0.959669
0.952632
0.944079
0.93333
0.918969
0.897274
0.852608
0.675176
0.949081
0.987192
0.990422
0.991828
0.992627
0.993278
0.99397
0.994904
0.996142
0.997638
0.998959
0.999557
0.999806
0.99991
0.999748
0.999179
0.998166
0.996778
0.99515
0.993425
0.991738
0.990198
0.988888
0.987857
0.987126
0.986696
0.986546
0.986576
0.986785
0.987143
0.987622
0.988191
0.988821
0.989487
0.990169
0.99085
0.991512
0.992148
0.992753
0.993316
0.993838
0.994316
0.99475
0.995141
0.995491
0.9958
0.996071
0.996308
0.996511
0.996684
0.996828
0.996948
0.997043
0.997116
0.997171
0.997205
0.997228
0.997235
0.99723
0.997213
0.997186
0.997152
0.99711
0.997065
0.997012
0.996957
0.996898
0.996837
0.996774
0.99671
0.996646
0.996581
0.996516
0.996453
0.996391
0.996326
0.996267
0.996205
0.996148
0.996088
0.996034
0.995977
0.995924
0.995871
0.995822
0.995769
0.995719
0.995671
0.99562
0.995572
0.995522
0.995474
0.995427
0.995381
0.995334
0.995289
0.995242
0.995198
0.995155
0.995112
0.995067
0.995025
0.994979
0.994933
0.994885
0.994834
0.994777
0.994713
0.994643
0.99456
0.994462
0.994342
0.9942
0.994027
0.993813
0.993552
0.993233
0.992838
0.992356
0.991767
0.991051
0.990184
0.989136
0.987882
0.986377
0.984579
0.982448
0.979926
0.976952
0.973454
0.969346
0.96451
0.958798
0.951985
0.943701
0.933285
0.919347
0.898277
0.854954
0.681823
0.958806
0.988262
0.990933
0.992087
0.992783
0.993387
0.994077
0.994978
0.996278
0.997874
0.99925
0.999734
0.9999
0.999958
0.999659
0.998788
0.997326
0.995397
0.993191
0.990905
0.988708
0.986739
0.985091
0.98382
0.982945
0.982462
0.982337
0.982425
0.982745
0.983257
0.983922
0.984695
0.985541
0.986429
0.987331
0.988226
0.989095
0.989928
0.990714
0.991446
0.992126
0.99275
0.993318
0.993833
0.994295
0.994709
0.995078
0.9954
0.995684
0.995932
0.996145
0.996329
0.996484
0.996613
0.99672
0.996805
0.996872
0.996923
0.99696
0.996983
0.996993
0.996995
0.996987
0.996972
0.99695
0.996923
0.99689
0.996855
0.996817
0.996774
0.99673
0.996687
0.996641
0.996594
0.996547
0.9965
0.996451
0.996404
0.996355
0.996307
0.99626
0.996215
0.996169
0.996124
0.996077
0.996031
0.995983
0.995938
0.995889
0.995843
0.995794
0.995744
0.995694
0.995646
0.995593
0.995542
0.995489
0.995433
0.995379
0.99532
0.995261
0.995199
0.99513
0.995059
0.994983
0.9949
0.994808
0.994705
0.994589
0.994456
0.994302
0.994126
0.99392
0.993675
0.993385
0.993044
0.992639
0.992156
0.991582
0.990899
0.990089
0.989127
0.987993
0.986651
0.985069
0.983215
0.981042
0.978498
0.975532
0.972071
0.968033
0.963304
0.957735
0.9511
0.943034
0.932884
0.91929
0.898716
0.856415
0.686461
0.965475
0.989071
0.991339
0.992251
0.992856
0.993434
0.994132
0.995042
0.996356
0.998052
0.999489
0.999856
0.999954
0.999983
0.999506
0.998237
0.9962
0.9936
0.990702
0.987759
0.984979
0.982525
0.980508
0.978986
0.977981
0.977472
0.977345
0.977532
0.978016
0.978741
0.979649
0.980685
0.981802
0.982958
0.984121
0.985264
0.986369
0.987421
0.988411
0.989333
0.990186
0.990968
0.991682
0.992329
0.992912
0.993436
0.993905
0.994323
0.994692
0.995017
0.995304
0.995552
0.995768
0.995953
0.996112
0.996247
0.996359
0.996452
0.996529
0.996589
0.996635
0.996669
0.996693
0.996705
0.996711
0.99671
0.996701
0.996688
0.996671
0.996649
0.996624
0.996594
0.996564
0.996531
0.996496
0.996461
0.996424
0.996385
0.996346
0.996307
0.996265
0.996223
0.996182
0.996142
0.996098
0.996053
0.996009
0.995961
0.995915
0.995865
0.995815
0.995763
0.995707
0.995653
0.995595
0.995535
0.995471
0.995405
0.995337
0.995264
0.995189
0.995104
0.995017
0.994923
0.994816
0.994703
0.994576
0.994437
0.99428
0.994101
0.993898
0.993668
0.993402
0.993093
0.992741
0.992328
0.991846
0.991285
0.99063
0.989863
0.988971
0.987928
0.986716
0.985305
0.983661
0.981755
0.979546
0.976987
0.974024
0.970595
0.96661
0.961965
0.956511
0.950022
0.942135
0.932207
0.918894
0.898726
0.857212
0.689569
0.970258
0.989654
0.991572
0.992339
0.992867
0.993408
0.994121
0.995087
0.996389
0.998174
0.999684
0.999933
0.999982
0.999994
0.99928
0.997498
0.994744
0.991336
0.987626
0.983928
0.980492
0.977506
0.975095
0.973326
0.972213
0.971719
0.97162
0.97196
0.97267
0.973669
0.974882
0.976238
0.977675
0.979144
0.980605
0.982029
0.983396
0.984686
0.985896
0.987022
0.988058
0.989007
0.989872
0.990657
0.991366
0.992004
0.992577
0.993089
0.993545
0.99395
0.994307
0.994623
0.994901
0.995144
0.995355
0.99554
0.995695
0.99583
0.995944
0.996039
0.996121
0.996184
0.996237
0.996279
0.996309
0.996331
0.996345
0.99635
0.996352
0.996346
0.996337
0.996321
0.996304
0.996281
0.996258
0.996231
0.996201
0.99617
0.996137
0.996103
0.996065
0.996028
0.995989
0.995947
0.995904
0.995861
0.995815
0.995767
0.995718
0.995665
0.99561
0.995551
0.995492
0.995429
0.995364
0.995293
0.995219
0.995142
0.995059
0.994971
0.994877
0.994775
0.994665
0.994545
0.994415
0.994269
0.994112
0.993936
0.99374
0.99352
0.993272
0.992991
0.992671
0.992308
0.991892
0.991414
0.990866
0.990234
0.989509
0.988672
0.987708
0.986597
0.985317
0.983844
0.982145
0.980197
0.977959
0.975384
0.972425
0.969017
0.96508
0.960504
0.955145
0.948778
0.941047
0.931305
0.918239
0.898408
0.857491
0.691495
0.97378
0.990063
0.991691
0.992349
0.992802
0.993313
0.994039
0.995065
0.99642
0.998234
0.999832
0.999975
0.999995
0.999998
0.998974
0.996536
0.992911
0.988552
0.983914
0.979373
0.975216
0.971652
0.968828
0.966819
0.965634
0.965216
0.965242
0.965809
0.966821
0.968166
0.96975
0.971483
0.973287
0.975105
0.976891
0.978619
0.980259
0.981804
0.983239
0.98457
0.985793
0.986911
0.987929
0.988852
0.989687
0.990441
0.991116
0.991722
0.992263
0.992748
0.993178
0.993559
0.993897
0.994195
0.994458
0.994686
0.99489
0.995063
0.995216
0.995345
0.995458
0.99555
0.99563
0.995696
0.995751
0.995793
0.995827
0.99585
0.995867
0.995877
0.99588
0.995877
0.995871
0.995856
0.995841
0.995821
0.995798
0.995771
0.995741
0.995708
0.995676
0.995637
0.995598
0.995558
0.995514
0.99547
0.99542
0.995369
0.995314
0.995257
0.995195
0.995132
0.995062
0.994992
0.994916
0.994836
0.994751
0.994659
0.994562
0.994456
0.994344
0.994224
0.99409
0.993948
0.993792
0.99362
0.993429
0.993221
0.992987
0.992726
0.992436
0.99211
0.991741
0.991323
0.990852
0.990316
0.989708
0.989018
0.988228
0.987327
0.986299
0.985127
0.983791
0.982262
0.980522
0.978538
0.976273
0.973687
0.970733
0.967347
0.963448
0.958932
0.953654
0.947394
0.939795
0.930226
0.91737
0.897823
0.85737
0.692506
0.976411
0.990344
0.991726
0.992281
0.992667
0.993141
0.993881
0.994971
0.996433
0.998246
0.999935
0.999994
0.999998
1
0.998575
0.995323
0.990659
0.985213
0.979541
0.974076
0.969134
0.964947
0.961689
0.959457
0.958261
0.957932
0.958182
0.959097
0.960532
0.962339
0.964386
0.966564
0.968784
0.970984
0.973117
0.975154
0.977074
0.978867
0.980528
0.982058
0.98346
0.984739
0.985903
0.986958
0.98791
0.988773
0.989547
0.990243
0.990864
0.991422
0.991922
0.992369
0.992762
0.993116
0.993427
0.993702
0.993945
0.99416
0.994345
0.994509
0.994648
0.99477
0.994875
0.994965
0.995038
0.995101
0.995149
0.995189
0.995221
0.995242
0.995256
0.995263
0.995266
0.995261
0.99525
0.995236
0.995216
0.995191
0.995163
0.995133
0.9951
0.995062
0.99502
0.994976
0.994929
0.994882
0.994827
0.994771
0.99471
0.994647
0.99458
0.994506
0.994431
0.994348
0.994261
0.99417
0.99407
0.993965
0.993852
0.99373
0.993599
0.993458
0.993305
0.993139
0.992955
0.992754
0.992535
0.992293
0.992026
0.991726
0.991396
0.991025
0.990611
0.990147
0.989626
0.989036
0.988375
0.987627
0.986781
0.985826
0.984744
0.983519
0.982132
0.980563
0.978785
0.976768
0.974486
0.971893
0.968945
0.965574
0.961714
0.957255
0.95205
0.945884
0.938407
0.92899
0.91633
0.897032
0.85694
0.6928
0.978391
0.990508
0.991678
0.992119
0.992459
0.992893
0.993639
0.994798
0.996374
0.998255
0.99999
1
1
1
0.998067
0.993827
0.987958
0.981294
0.974498
0.968041
0.962254
0.957392
0.953674
0.951245
0.95012
0.94974
0.950388
0.951851
0.953905
0.956334
0.958969
0.961672
0.964357
0.96696
0.969443
0.971785
0.973966
0.975993
0.977856
0.979567
0.981131
0.982557
0.983849
0.985021
0.986078
0.987037
0.9879
0.988677
0.989374
0.99
0.990561
0.991064
0.991512
0.991913
0.99227
0.992586
0.992867
0.993116
0.993335
0.993528
0.993696
0.993842
0.993969
0.994079
0.994172
0.994249
0.994314
0.994369
0.994411
0.994442
0.994467
0.994481
0.99449
0.99449
0.994483
0.994472
0.994455
0.994432
0.994403
0.994373
0.994337
0.994296
0.994252
0.994206
0.994154
0.9941
0.994041
0.993977
0.993908
0.993837
0.993759
0.993677
0.993592
0.993497
0.993399
0.993293
0.99318
0.993059
0.99293
0.992792
0.992641
0.99248
0.992305
0.992113
0.991904
0.991678
0.991429
0.991157
0.990854
0.990522
0.990152
0.989743
0.989287
0.988778
0.98821
0.987575
0.986866
0.986068
0.98517
0.984168
0.983039
0.981769
0.98034
0.978736
0.976927
0.974889
0.972593
0.969993
0.967051
0.963705
0.959879
0.955467
0.950335
0.944262
0.9369
0.927627
0.915151
0.896071
0.856268
0.692517
0.97986
0.990586
0.991566
0.991899
0.992173
0.992555
0.993304
0.994535
0.996241
0.998264
1
0.999999
0.999998
0.999999
0.997438
0.992022
0.984783
0.976793
0.968805
0.961311
0.954625
0.949012
0.944767
0.942169
0.941244
0.941199
0.942433
0.944623
0.947441
0.950597
0.953877
0.957135
0.960282
0.963266
0.96607
0.968674
0.971085
0.973302
0.975333
0.97719
0.978883
0.980424
0.981823
0.98309
0.984236
0.985274
0.986209
0.987051
0.987811
0.988497
0.989108
0.98966
0.990154
0.990597
0.99099
0.991343
0.991658
0.991937
0.992187
0.992405
0.992597
0.992763
0.992911
0.993039
0.993146
0.99324
0.993317
0.993382
0.993434
0.993473
0.993503
0.993522
0.993536
0.993539
0.993536
0.993524
0.993505
0.993484
0.993453
0.993421
0.993379
0.993337
0.993288
0.993235
0.993178
0.993116
0.993048
0.992976
0.992899
0.992819
0.992732
0.992637
0.992539
0.992434
0.992321
0.992202
0.992073
0.991938
0.991792
0.991633
0.991466
0.991281
0.991084
0.990872
0.990638
0.990384
0.990109
0.989803
0.989472
0.989105
0.988699
0.988253
0.987757
0.987209
0.986599
0.985922
0.985168
0.984327
0.983389
0.982343
0.981173
0.979867
0.978403
0.976769
0.974938
0.972882
0.970578
0.967982
0.96505
0.961726
0.957932
0.953575
0.948513
0.942531
0.935286
0.926157
0.913848
0.894978
0.855398
0.691773
0.98093
0.990594
0.991399
0.991618
0.991804
0.992125
0.992869
0.994172
0.996027
0.998231
1
1
0.999998
0.999997
0.996684
0.989886
0.981124
0.971729
0.962524
0.953978
0.946343
0.939859
0.934937
0.932189
0.931079
0.931816
0.934234
0.937673
0.941589
0.945625
0.949578
0.953352
0.956888
0.960173
0.96321
0.966003
0.968565
0.970912
0.973056
0.97501
0.976792
0.97841
0.979879
0.981209
0.98242
0.983513
0.984499
0.985394
0.9862
0.986927
0.987581
0.98817
0.9887
0.989175
0.989603
0.989982
0.990322
0.990626
0.990898
0.991136
0.991347
0.991532
0.991694
0.991835
0.991958
0.992062
0.992148
0.992219
0.992279
0.992324
0.992361
0.992383
0.992396
0.9924
0.992397
0.992385
0.992365
0.992339
0.992307
0.992269
0.992223
0.992172
0.992117
0.992056
0.991991
0.991922
0.991844
0.991763
0.991676
0.991582
0.991484
0.991379
0.991268
0.991148
0.991021
0.990885
0.990743
0.990589
0.990423
0.990249
0.990059
0.989857
0.989636
0.989399
0.989141
0.988863
0.988558
0.988225
0.987863
0.987463
0.987027
0.986545
0.986014
0.98543
0.984784
0.984069
0.983275
0.982397
0.981425
0.980342
0.979137
0.977803
0.976315
0.974657
0.972809
0.970744
0.968436
0.965844
0.962926
0.959629
0.955877
0.951576
0.946582
0.940695
0.933567
0.924583
0.912445
0.893775
0.854363
0.690644
0.981666
0.99054
0.991181
0.991251
0.991311
0.991593
0.992326
0.9937
0.995719
0.998146
0.999997
0.999997
0.999998
0.999996
0.995793
0.987397
0.976979
0.966156
0.955774
0.946227
0.937622
0.930096
0.924136
0.921113
0.920123
0.922621
0.927144
0.932323
0.937439
0.942237
0.94667
0.950749
0.95449
0.957916
0.961052
0.963918
0.966536
0.968928
0.971111
0.973098
0.97491
0.976564
0.978064
0.979425
0.98066
0.981786
0.982804
0.983724
0.984557
0.98531
0.985989
0.986603
0.987156
0.987653
0.988101
0.988502
0.988861
0.989181
0.989467
0.989722
0.989945
0.990141
0.990316
0.990466
0.990593
0.990706
0.990799
0.990874
0.990938
0.990984
0.99102
0.991044
0.991056
0.991058
0.991053
0.991039
0.991013
0.990981
0.990944
0.990898
0.990847
0.990787
0.990723
0.990654
0.990579
0.990498
0.990409
0.990316
0.990218
0.990112
0.989999
0.989881
0.989754
0.98962
0.989479
0.989328
0.989166
0.988995
0.988813
0.988617
0.988408
0.988183
0.987941
0.987683
0.9874
0.987096
0.986764
0.986404
0.986012
0.985585
0.985118
0.984605
0.984043
0.983426
0.982746
0.981998
0.981173
0.980263
0.979256
0.978148
0.976919
0.975558
0.97405
0.972378
0.970519
0.968451
0.966141
0.963563
0.960667
0.957402
0.953696
0.949456
0.944543
0.93875
0.93175
0.922917
0.910956
0.892478
0.853197
0.689183
0.982107
0.990432
0.990917
0.990813
0.990708
0.990961
0.991662
0.993104
0.995303
0.998007
1
1
0.999998
1
0.994756
0.984533
0.972364
0.960176
0.948765
0.938403
0.928935
0.920229
0.912445
0.906421
0.908885
0.917269
0.924832
0.930668
0.936025
0.940969
0.945532
0.949579
0.953269
0.956627
0.959695
0.962502
0.965066
0.967409
0.969551
0.971505
0.973293
0.97492
0.97641
0.977759
0.97899
0.980109
0.981129
0.982054
0.982893
0.983656
0.98434
0.984963
0.985525
0.986032
0.986489
0.986899
0.987266
0.987597
0.987888
0.98815
0.988381
0.988584
0.98876
0.988913
0.989047
0.989158
0.989253
0.98933
0.989391
0.989437
0.989471
0.989491
0.989499
0.989497
0.989486
0.989462
0.989431
0.989393
0.989346
0.989291
0.989231
0.98916
0.989086
0.989004
0.988918
0.988823
0.988724
0.988616
0.988505
0.988384
0.988256
0.988123
0.987981
0.987831
0.987672
0.987503
0.987324
0.987133
0.986933
0.986718
0.986488
0.986242
0.985978
0.985694
0.98539
0.985059
0.984705
0.984318
0.9839
0.983446
0.982951
0.982409
0.981819
0.981174
0.980467
0.979689
0.97884
0.977902
0.976873
0.975739
0.97449
0.973113
0.971592
0.969913
0.968049
0.965983
0.963686
0.961125
0.958256
0.95503
0.951376
0.947201
0.942378
0.936703
0.929836
0.921157
0.909388
0.891096
0.851912
0.687413
0.982256
0.990295
0.990648
0.99037
0.990093
0.990233
0.990877
0.992372
0.994758
0.997806
0.999998
1
1
0.999998
0.993557
0.981256
0.967311
0.953956
0.941872
0.931181
0.921403
0.912133
0.902588
0.908241
0.913508
0.92042
0.926738
0.932042
0.936948
0.941486
0.945672
0.949422
0.952859
0.956004
0.958954
0.961752
0.96416
0.966366
0.968388
0.970243
0.971942
0.973503
0.974928
0.976229
0.977417
0.978505
0.979494
0.980392
0.981217
0.981963
0.982638
0.983251
0.983806
0.984309
0.98476
0.985167
0.985533
0.98586
0.986152
0.986412
0.986638
0.986839
0.987016
0.987165
0.987295
0.987405
0.987493
0.987566
0.987621
0.987663
0.987688
0.987702
0.987702
0.98769
0.987669
0.987638
0.987596
0.987546
0.987489
0.987423
0.987347
0.987267
0.987177
0.987083
0.986981
0.986873
0.986757
0.986636
0.986507
0.986371
0.986225
0.986075
0.985915
0.985748
0.985571
0.985384
0.985185
0.984976
0.984755
0.984519
0.984268
0.984
0.983714
0.983409
0.98308
0.982728
0.98235
0.98194
0.981496
0.981017
0.980497
0.979931
0.979315
0.978646
0.977913
0.977116
0.97624
0.975283
0.974236
0.973086
0.971825
0.970437
0.968909
0.967226
0.965366
0.963312
0.961033
0.958501
0.955665
0.952492
0.948901
0.944814
0.940086
0.934535
0.927816
0.919319
0.907735
0.889636
0.850514
0.685331
0.982099
0.990129
0.990409
0.989964
0.989444
0.989399
0.989974
0.991487
0.994057
0.997539
0.999998
1
1
0.999999
0.992189
0.977515
0.961887
0.947811
0.935778
0.925877
0.917679
0.914751
0.915482
0.917585
0.921479
0.926321
0.931051
0.935402
0.939525
0.943386
0.946978
0.950259
0.953301
0.956127
0.958792
0.961313
0.963509
0.965692
0.967591
0.969286
0.970852
0.972289
0.97361
0.974824
0.975936
0.976956
0.977888
0.978738
0.979513
0.980221
0.98087
0.981455
0.981987
0.982468
0.982902
0.983292
0.983642
0.983955
0.984235
0.984481
0.984699
0.98489
0.985053
0.985195
0.985312
0.985411
0.985491
0.985551
0.985595
0.985624
0.985639
0.985639
0.985628
0.985604
0.985572
0.985526
0.985471
0.985406
0.985334
0.985251
0.985162
0.985065
0.98496
0.98485
0.984729
0.984605
0.984472
0.984331
0.984183
0.984029
0.983868
0.983696
0.983519
0.98333
0.983133
0.982927
0.982708
0.98248
0.982237
0.981979
0.981707
0.981419
0.98111
0.980782
0.980433
0.980058
0.979654
0.979223
0.978756
0.978255
0.977712
0.977123
0.976488
0.975796
0.975046
0.974227
0.973338
0.972367
0.971305
0.970145
0.968876
0.967488
0.965961
0.964284
0.962438
0.960403
0.95815
0.955651
0.95287
0.949753
0.946244
0.942251
0.937654
0.932246
0.925696
0.917385
0.906006
0.888098
0.848998
0.682895
0.981771
0.989765
0.99021
0.989736
0.988844
0.988309
0.98899
0.990456
0.993157
0.997185
0.999998
0.999998
1
0.999998
0.990599
0.973234
0.956233
0.942301
0.931726
0.92606
0.923568
0.923423
0.924679
0.926565
0.929498
0.93293
0.936414
0.939795
0.943062
0.94617
0.949099
0.951833
0.954409
0.956837
0.959137
0.961303
0.963254
0.965168
0.966856
0.968585
0.969967
0.971245
0.97243
0.97352
0.974521
0.975442
0.976285
0.977063
0.977774
0.978421
0.979014
0.97955
0.980041
0.980484
0.980883
0.981242
0.981564
0.981851
0.982104
0.982328
0.982523
0.982694
0.982838
0.98296
0.98306
0.983139
0.983201
0.983244
0.983271
0.983281
0.983279
0.983264
0.983233
0.983193
0.98314
0.983077
0.983004
0.98292
0.98283
0.982729
0.982621
0.982504
0.98238
0.982248
0.982109
0.981963
0.98181
0.981648
0.981482
0.981306
0.981121
0.98093
0.98073
0.980522
0.980303
0.980074
0.979834
0.979583
0.979317
0.979038
0.978746
0.978432
0.978104
0.977752
0.977382
0.976984
0.976559
0.976107
0.97562
0.975096
0.974533
0.973927
0.973273
0.972566
0.971798
0.970967
0.970066
0.969085
0.968017
0.966857
0.965587
0.964201
0.962684
0.961022
0.959199
0.957193
0.954978
0.952534
0.949819
0.946788
0.943382
0.939514
0.935058
0.929818
0.923459
0.915358
0.904198
0.886478
0.847346
0.680014
0.981427
0.988995
0.989888
0.989587
0.988787
0.987686
0.988042
0.989303
0.992004
0.996708
1
0.999999
1
0.999997
0.988727
0.968293
0.950669
0.938522
0.933638
0.931466
0.931119
0.931966
0.932951
0.934695
0.936937
0.939425
0.941978
0.944512
0.946993
0.949384
0.951673
0.953858
0.955943
0.957932
0.959825
0.961611
0.963269
0.964874
0.966338
0.967818
0.969148
0.970298
0.971312
0.972251
0.973114
0.97391
0.974646
0.975322
0.975937
0.976507
0.977022
0.977494
0.977919
0.978308
0.978653
0.978967
0.979243
0.979491
0.979706
0.979894
0.980057
0.980193
0.980307
0.9804
0.980471
0.980524
0.980559
0.980578
0.980578
0.980566
0.980538
0.980499
0.980444
0.98038
0.980304
0.980218
0.980122
0.980014
0.979901
0.979775
0.979644
0.979504
0.979355
0.9792
0.979036
0.978866
0.978689
0.978505
0.978312
0.978113
0.977906
0.977691
0.977465
0.977233
0.976991
0.976738
0.976473
0.976198
0.975908
0.975605
0.975288
0.974953
0.974599
0.974229
0.973834
0.973414
0.97297
0.972496
0.971989
0.971446
0.970868
0.970243
0.969574
0.968854
0.968075
0.967235
0.966327
0.965344
0.964274
0.963115
0.961857
0.960484
0.958986
0.957352
0.955568
0.953609
0.951458
0.949089
0.946462
0.943542
0.940271
0.936554
0.932276
0.927236
0.921097
0.91323
0.902299
0.884765
0.845516
0.676511
0.981043
0.987786
0.989243
0.989321
0.988837
0.988137
0.987566
0.988155
0.990517
0.996084
1
1
1
1
0.986452
0.96252
0.945974
0.940322
0.938447
0.93815
0.93876
0.939338
0.940458
0.941935
0.943626
0.945425
0.94726
0.949091
0.950896
0.952661
0.954375
0.956035
0.957635
0.959174
0.960651
0.962057
0.963392
0.964674
0.965883
0.967082
0.96818
0.96928
0.970146
0.970913
0.971616
0.972265
0.972865
0.973415
0.973923
0.974382
0.974806
0.975189
0.975532
0.975846
0.976124
0.976369
0.976587
0.976777
0.97694
0.977078
0.977193
0.977286
0.977354
0.977407
0.977441
0.977456
0.977453
0.977435
0.977402
0.977357
0.977297
0.977225
0.977139
0.977045
0.976937
0.976821
0.976693
0.976559
0.976414
0.97626
0.976101
0.97593
0.975754
0.975569
0.975377
0.975178
0.974971
0.974758
0.974537
0.974308
0.974074
0.97383
0.973578
0.973318
0.973046
0.972765
0.972475
0.972173
0.971857
0.971527
0.971184
0.970823
0.970446
0.970051
0.96963
0.96919
0.968723
0.968229
0.967701
0.967143
0.966548
0.965908
0.965226
0.964496
0.96371
0.962865
0.961956
0.960976
0.959914
0.95877
0.95753
0.956186
0.95473
0.953141
0.951418
0.949537
0.947477
0.945215
0.942722
0.939954
0.936856
0.933338
0.929281
0.924481
0.918597
0.910989
0.900301
0.882932
0.843435
0.672097
0.980572
0.986109
0.988015
0.988589
0.988556
0.988257
0.987995
0.987433
0.988569
0.995226
1
1
0.999999
1
0.983559
0.955699
0.945968
0.944443
0.944357
0.944808
0.945237
0.946032
0.947047
0.948189
0.949403
0.950652
0.951911
0.953166
0.954413
0.95564
0.956844
0.958021
0.959167
0.960277
0.961356
0.962392
0.963388
0.964351
0.965277
0.96618
0.967028
0.967886
0.968739
0.96931
0.969832
0.970312
0.970756
0.971162
0.971531
0.971866
0.97217
0.972444
0.972691
0.972905
0.973095
0.973259
0.973397
0.973512
0.973604
0.973676
0.973728
0.973759
0.973774
0.97377
0.973751
0.973716
0.973665
0.9736
0.973521
0.973429
0.973328
0.973213
0.973086
0.972951
0.972804
0.972648
0.972484
0.972309
0.972128
0.971936
0.971738
0.971534
0.971321
0.971099
0.97087
0.970637
0.970394
0.970143
0.969889
0.969625
0.969356
0.969077
0.968791
0.968495
0.968191
0.967878
0.967555
0.96722
0.966874
0.966514
0.966137
0.965748
0.965341
0.964918
0.964472
0.964006
0.963513
0.962995
0.962449
0.961871
0.961258
0.960608
0.959915
0.959176
0.958389
0.95755
0.956649
0.955684
0.954651
0.953539
0.952345
0.951061
0.949672
0.948176
0.946555
0.9448
0.942883
0.940791
0.938489
0.935938
0.933071
0.929815
0.926036
0.921529
0.915942
0.908624
0.898182
0.880933
0.840945
0.666233
0.97991
0.983869
0.985878
0.986875
0.987309
0.987417
0.987338
0.987162
0.986128
0.993986
0.999999
1
1
1
0.979579
0.949978
0.949291
0.949497
0.949831
0.950239
0.95085
0.951562
0.952317
0.953092
0.953874
0.954659
0.955444
0.956227
0.957002
0.957772
0.958533
0.959279
0.960013
0.96073
0.961432
0.962109
0.962771
0.963414
0.964034
0.964635
0.965216
0.96581
0.966537
0.966944
0.967272
0.967567
0.967832
0.96807
0.968283
0.96847
0.968637
0.968778
0.968893
0.968991
0.969071
0.969125
0.969163
0.969184
0.969184
0.969168
0.969137
0.969091
0.969029
0.968952
0.968859
0.968756
0.968639
0.968512
0.968371
0.968219
0.968058
0.967885
0.967703
0.967513
0.967311
0.967103
0.966886
0.966661
0.966427
0.966187
0.965939
0.965682
0.965421
0.965151
0.964875
0.964592
0.964301
0.964005
0.9637
0.963391
0.963074
0.962748
0.962415
0.962075
0.961726
0.961369
0.961
0.960621
0.96023
0.959829
0.959414
0.958986
0.958541
0.958081
0.957601
0.957105
0.956585
0.956044
0.955478
0.954886
0.954265
0.95361
0.952923
0.952199
0.951435
0.950629
0.949777
0.948873
0.947913
0.946893
0.945811
0.944652
0.943414
0.942092
0.940663
0.939127
0.937451
0.935626
0.93361
0.931366
0.928829
0.925921
0.922499
0.918349
0.913113
0.906111
0.895906
0.878656
0.837633
0.657009
0.978511
0.980818
0.982333
0.98334
0.98401
0.984435
0.984655
0.98457
0.984446
0.991576
1
1
0.999998
1
0.972763
0.951916
0.952169
0.952411
0.952762
0.953167
0.953582
0.953991
0.954392
0.95479
0.955181
0.955572
0.955961
0.956346
0.95673
0.957107
0.957482
0.957849
0.958206
0.958561
0.958902
0.959233
0.959559
0.959872
0.960173
0.960467
0.960759
0.961069
0.961511
0.961715
0.961828
0.961908
0.961971
0.962007
0.962028
0.962035
0.962024
0.961994
0.961953
0.961894
0.961821
0.961732
0.961634
0.961519
0.961391
0.961251
0.961101
0.960934
0.960761
0.960572
0.960376
0.960167
0.959948
0.959722
0.959483
0.959236
0.958982
0.958718
0.958446
0.958163
0.957875
0.957579
0.957277
0.956964
0.956647
0.95632
0.955988
0.95565
0.955304
0.95495
0.95459
0.954223
0.953853
0.95348
0.953101
0.952722
0.952337
0.951949
0.951557
0.951161
0.950758
0.950353
0.949942
0.949525
0.949103
0.948676
0.948243
0.947803
0.947354
0.946898
0.946435
0.945962
0.945479
0.944987
0.944483
0.943967
0.943435
0.94289
0.94233
0.941749
0.941149
0.940526
0.939879
0.939202
0.938491
0.937742
0.936952
0.936111
0.935215
0.934252
0.93321
0.932074
0.930824
0.929433
0.927864
0.926081
0.924014
0.921574
0.918613
0.914912
0.910089
0.903433
0.89342
0.875931
0.832521
0.633746
)
;

boundaryField
{
    walls
    {
        type            zeroGradient;
    }
    top
    {
        type            zeroGradient;
    }
    bottom
    {
        type            zeroGradient;
    }
    frontAndBack
    {
        type            empty;
    }
    inlet
    {
        type            uniformFixedValue;
        uniformValue    
        {
            type            constant;
            value           1;
        }
        value           uniform 1;
    }
    outlet
    {
        type            zeroGradient;
    }
}


// ************************************************************************* //
