/*--------------------------------*- C++ -*----------------------------------*\
  =========                 |
  \\      /  F ield         | OpenFOAM: The Open Source CFD Toolbox
   \\    /   O peration     | Website:  https://openfoam.org
    \\  /    A nd           | Version:  12
     \\/     M anipulation  |
\*---------------------------------------------------------------------------*/
FoamFile
{
    format      ascii;
    class       volScalarField;
    location    "470";
    object      T;
}
// * * * * * * * * * * * * * * * * * * * * * * * * * * * * * * * * * * * * * //

dimensions      [];

internalField   nonuniform List<scalar> 
4480
(
3.01789e-06
0.00016309
0.0189139
0.112559
0.245631
0.374111
0.482965
0.570509
0.639478
0.693468
0.735754
0.768997
0.795257
0.816106
0.832728
0.846016
0.856646
0.865134
0.871872
0.877161
0.88124
0.884292
0.886461
0.887858
0.888573
0.88868
0.888235
0.887493
0.886742
0.885978
0.885198
0.884399
0.883573
0.882718
0.88183
0.880906
0.879939
0.878927
0.877861
0.876741
0.875563
0.874314
0.872992
0.871595
0.870114
0.868539
0.866866
0.865092
0.863202
0.861189
0.859051
0.856781
0.854361
0.851789
0.849054
0.846144
0.843059
0.839787
0.836311
0.832631
0.82873
0.824603
0.820238
0.815631
0.810762
0.805636
0.800227
0.794544
0.788558
0.782279
0.775682
0.768765
0.761517
0.753929
0.745989
0.737688
0.729017
0.719965
0.71052
0.700673
0.69041
0.679719
0.668589
0.657067
0.645159
0.632853
0.620143
0.60702
0.593476
0.579508
0.565112
0.550294
0.535065
0.519447
0.503479
0.48721
0.470717
0.45409
0.437452
0.420945
0.404734
0.389004
0.373954
0.359808
0.346783
0.335105
0.325002
0.316691
0.310381
0.306275
0.304564
0.30543
0.309043
0.315573
0.325168
0.33797
0.354086
0.37359
0.39651
0.422898
0.453125
0.488335
0.530495
0.584382
0.668703
0.792663
0.880368
0.947313
0.935765
0.843076
0.75539
0.628431
0.518138
0.431655
0.354561
0.28309
0.215702
0.151626
0.0920225
0.0384897
1.24553e-06
0.00460555
0.103012
0.304106
0.494001
0.637312
0.737503
0.805985
0.852824
0.88524
0.908053
0.924416
0.936384
0.945296
0.952031
0.957193
0.961183
0.964283
0.966693
0.968558
0.969985
0.971046
0.971804
0.972298
0.972566
0.97263
0.972511
0.972102
0.971317
0.970193
0.968766
0.967075
0.965153
0.963033
0.960741
0.95831
0.955763
0.953122
0.950402
0.947623
0.9448
0.941943
0.939055
0.936151
0.933234
0.930303
0.927364
0.924415
0.921453
0.918478
0.915485
0.912475
0.909437
0.906367
0.903263
0.900113
0.89692
0.89367
0.890359
0.886984
0.883531
0.880005
0.876389
0.872683
0.868883
0.864987
0.86098
0.856859
0.852628
0.848281
0.843808
0.839211
0.834483
0.829627
0.824629
0.819496
0.814222
0.8088
0.803243
0.797535
0.791677
0.785679
0.779527
0.773244
0.766845
0.760323
0.753685
0.746944
0.740099
0.733169
0.726161
0.719091
0.711977
0.704843
0.697718
0.690625
0.683611
0.67671
0.669976
0.663472
0.657265
0.651429
0.646056
0.64124
0.637101
0.633752
0.631333
0.629977
0.629843
0.631078
0.63384
0.638268
0.644508
0.652679
0.662873
0.675161
0.68957
0.706105
0.724743
0.745491
0.768445
0.793853
0.822023
0.853186
0.887083
0.920967
0.94934
0.968414
0.954304
0.90012
0.842902
0.778885
0.709751
0.636596
0.559018
0.476594
0.389044
0.296821
0.2023
0.11182
0.000230225
0.0351225
0.255535
0.507272
0.688284
0.800954
0.868329
0.908731
0.933529
0.949285
0.959698
0.966882
0.97203
0.975848
0.978751
0.981004
0.982772
0.984167
0.985268
0.986132
0.986801
0.987305
0.98767
0.987916
0.988056
0.988101
0.988059
0.987911
0.98762
0.987188
0.986613
0.985891
0.98502
0.983993
0.982815
0.981482
0.98
0.978375
0.976613
0.974722
0.972713
0.970594
0.968379
0.966074
0.963691
0.961243
0.958733
0.956173
0.953568
0.950926
0.948254
0.945554
0.942827
0.940078
0.937312
0.934523
0.931719
0.928895
0.926051
0.923188
0.920302
0.917397
0.914464
0.911509
0.908526
0.905512
0.90247
0.899396
0.896285
0.893144
0.889958
0.886739
0.883478
0.880178
0.87683
0.873443
0.870014
0.866536
0.863015
0.859456
0.855846
0.852198
0.848503
0.844774
0.841006
0.837213
0.833403
0.829574
0.825732
0.821895
0.818067
0.814263
0.810503
0.806795
0.803166
0.799643
0.79625
0.793017
0.789985
0.787194
0.784684
0.782506
0.780724
0.779385
0.778565
0.77833
0.778745
0.779892
0.781849
0.784682
0.788463
0.793255
0.799113
0.806074
0.814162
0.823372
0.833693
0.845079
0.857472
0.870807
0.885
0.899938
0.915413
0.931022
0.946091
0.959563
0.97
0.975555
0.965329
0.930709
0.893495
0.851713
0.803657
0.747726
0.682253
0.605483
0.51576
0.412227
0.296387
0.174511
0.00334286
0.12578
0.442267
0.685001
0.822919
0.894996
0.932613
0.952994
0.964723
0.972007
0.97691
0.980462
0.983184
0.985338
0.987073
0.988478
0.989621
0.990543
0.991283
0.991868
0.992323
0.992669
0.992921
0.993096
0.993202
0.993246
0.993237
0.993167
0.993029
0.992824
0.992549
0.992199
0.991773
0.991261
0.990658
0.989959
0.989159
0.98825
0.987234
0.986107
0.984869
0.983523
0.98207
0.980516
0.978865
0.977127
0.975303
0.973405
0.971437
0.96941
0.967329
0.9652
0.963032
0.960828
0.958596
0.956342
0.954069
0.951777
0.949477
0.947164
0.944849
0.942523
0.940198
0.937873
0.935543
0.933213
0.930887
0.928558
0.926232
0.923904
0.921574
0.919247
0.916917
0.914587
0.912254
0.909917
0.907579
0.905243
0.902901
0.900553
0.898205
0.895859
0.893517
0.891163
0.888814
0.88647
0.884133
0.881815
0.879516
0.877241
0.874999
0.872802
0.870661
0.868585
0.866596
0.864702
0.862932
0.8613
0.859832
0.858559
0.85751
0.856714
0.856209
0.856032
0.856228
0.856827
0.857884
0.859433
0.861519
0.864177
0.867446
0.871349
0.87591
0.881135
0.887017
0.893537
0.900663
0.908342
0.916502
0.925051
0.933874
0.9428
0.951603
0.959955
0.967424
0.97344
0.977249
0.977778
0.970464
0.946885
0.920548
0.890936
0.856215
0.814142
0.761885
0.695829
0.61168
0.504975
0.373093
0.219324
0.0192952
0.281743
0.626735
0.817441
0.904367
0.943224
0.961568
0.971111
0.976745
0.980577
0.983497
0.985883
0.987884
0.989565
0.990963
0.992109
0.993039
0.993782
0.994364
0.994814
0.995155
0.995407
0.995587
0.995707
0.995781
0.995815
0.995816
0.995778
0.995698
0.995576
0.99541
0.9952
0.994945
0.994641
0.994285
0.993871
0.993394
0.992851
0.992234
0.991544
0.990771
0.989918
0.988979
0.987958
0.986851
0.985663
0.984398
0.983056
0.981643
0.980165
0.978628
0.977035
0.975396
0.973714
0.971997
0.970253
0.968485
0.966694
0.964893
0.96308
0.961263
0.959443
0.957628
0.955819
0.954011
0.952217
0.950432
0.948658
0.946899
0.945153
0.943421
0.941701
0.939999
0.93831
0.936637
0.934977
0.933335
0.931705
0.930085
0.928484
0.926895
0.92532
0.923764
0.922216
0.920683
0.919168
0.91767
0.916193
0.914744
0.913327
0.911946
0.910608
0.909324
0.9081
0.906945
0.905873
0.904899
0.904037
0.903302
0.902717
0.902295
0.902061
0.90204
0.902255
0.902729
0.903493
0.904569
0.90598
0.907752
0.90991
0.912461
0.915425
0.9188
0.922588
0.926774
0.931329
0.936221
0.941396
0.94679
0.952309
0.957844
0.963254
0.968354
0.972906
0.976608
0.979082
0.979813
0.978057
0.972152
0.955587
0.935309
0.912658
0.886272
0.854148
0.813258
0.75894
0.684504
0.580844
0.438133
0.252102
0.063976
0.470102
0.776984
0.900695
0.946694
0.965119
0.973671
0.978471
0.981769
0.984437
0.986792
0.988886
0.990704
0.992239
0.993493
0.994496
0.995277
0.99587
0.99631
0.996624
0.996842
0.996985
0.997076
0.997128
0.997152
0.997159
0.997152
0.997132
0.997083
0.997007
0.996904
0.996771
0.99661
0.996417
0.99619
0.995925
0.995621
0.995272
0.994876
0.99443
0.993928
0.993368
0.992746
0.992062
0.991314
0.990499
0.989621
0.988677
0.987675
0.986612
0.985494
0.984325
0.98311
0.981853
0.980559
0.979234
0.977885
0.976514
0.975124
0.973725
0.972323
0.970914
0.969509
0.968108
0.966714
0.965333
0.963961
0.962606
0.961271
0.959948
0.958644
0.957359
0.956095
0.954852
0.953625
0.95242
0.951231
0.950065
0.948919
0.947789
0.946677
0.945588
0.944519
0.943468
0.942429
0.941409
0.940412
0.939437
0.938486
0.937564
0.936677
0.935828
0.935021
0.934263
0.933563
0.932929
0.932371
0.931901
0.931524
0.931256
0.931114
0.931106
0.931253
0.93157
0.93207
0.932773
0.93369
0.934844
0.936243
0.937896
0.939818
0.942005
0.944457
0.947168
0.950122
0.953288
0.956639
0.960123
0.963685
0.967243
0.970707
0.973958
0.976848
0.979196
0.980774
0.981294
0.980367
0.977462
0.971828
0.960192
0.943636
0.925127
0.9038
0.878169
0.845713
0.801732
0.738335
0.642181
0.494266
0.277657
0.148007
0.649363
0.877557
0.944285
0.96569
0.97429
0.978788
0.981831
0.984366
0.986736
0.989002
0.991063
0.992823
0.994255
0.995377
0.996228
0.996845
0.99727
0.997538
0.997688
0.997752
0.997757
0.997727
0.997685
0.99764
0.997603
0.997577
0.997563
0.997538
0.997501
0.997451
0.997385
0.9973
0.997195
0.997069
0.996914
0.996731
0.996517
0.996267
0.995982
0.995656
0.995285
0.994872
0.994409
0.9939
0.993338
0.992725
0.99206
0.991346
0.990582
0.989771
0.988917
0.988021
0.987085
0.986118
0.985121
0.984096
0.983053
0.981995
0.980923
0.979844
0.97876
0.977677
0.976595
0.975524
0.974461
0.973408
0.97237
0.971345
0.97034
0.969351
0.968382
0.967428
0.966498
0.965587
0.964695
0.96382
0.962966
0.962133
0.961321
0.960523
0.959749
0.958998
0.958255
0.957532
0.956826
0.956139
0.955471
0.954827
0.954208
0.953614
0.953053
0.952529
0.95204
0.9516
0.951206
0.950874
0.950604
0.950405
0.950289
0.950261
0.950336
0.950521
0.950826
0.951264
0.951844
0.952576
0.95347
0.95453
0.955768
0.957179
0.958767
0.960526
0.962447
0.964512
0.966694
0.968966
0.971288
0.973606
0.975855
0.977954
0.979804
0.981284
0.982248
0.982508
0.981834
0.979928
0.976391
0.970717
0.961938
0.948338
0.932506
0.914327
0.892737
0.865935
0.829822
0.776634
0.690309
0.542336
0.29883
0.270055
0.789978
0.932352
0.963499
0.97358
0.978312
0.981314
0.983749
0.986072
0.988439
0.990774
0.99285
0.994546
0.995852
0.996813
0.997483
0.997909
0.998134
0.998198
0.998145
0.998013
0.99784
0.997659
0.99749
0.997352
0.997252
0.997197
0.997182
0.997178
0.997181
0.997186
0.997189
0.997186
0.997174
0.997146
0.997099
0.997029
0.996936
0.996815
0.996661
0.996477
0.996255
0.995997
0.995699
0.99536
0.994983
0.994563
0.9941
0.993595
0.993052
0.992466
0.991843
0.991184
0.990493
0.989771
0.989022
0.98825
0.987459
0.986652
0.985834
0.985009
0.984175
0.983344
0.982513
0.981684
0.980865
0.980055
0.979259
0.978471
0.977699
0.976944
0.976207
0.975483
0.97478
0.974091
0.973421
0.97277
0.972134
0.97152
0.970921
0.970338
0.969777
0.96923
0.968701
0.968183
0.967681
0.967194
0.966722
0.96627
0.965842
0.96543
0.965046
0.964691
0.964363
0.964069
0.963816
0.963605
0.963443
0.963333
0.963285
0.9633
0.963393
0.963559
0.963816
0.964167
0.964615
0.965174
0.965839
0.966624
0.967523
0.968543
0.969674
0.970912
0.972249
0.973666
0.97514
0.976646
0.978144
0.979587
0.980925
0.982078
0.98297
0.983493
0.983525
0.982909
0.981456
0.978925
0.975021
0.969384
0.961624
0.9508
0.936847
0.920771
0.901739
0.878549
0.847846
0.802876
0.72671
0.5826
0.317275
0.421583
0.878132
0.956148
0.971279
0.97716
0.980442
0.982856
0.985061
0.98737
0.989845
0.992295
0.994376
0.995964
0.997107
0.99788
0.998349
0.998557
0.998543
0.998357
0.998048
0.997668
0.997269
0.996887
0.996556
0.996294
0.996115
0.99602
0.996001
0.996018
0.996067
0.996138
0.996224
0.996317
0.996412
0.996501
0.996576
0.996633
0.996668
0.996675
0.996656
0.996603
0.99652
0.996401
0.996246
0.996054
0.995825
0.995557
0.995254
0.994914
0.994538
0.994127
0.993681
0.993206
0.992701
0.992168
0.991612
0.991032
0.990437
0.989824
0.989201
0.988571
0.987935
0.987294
0.986654
0.986018
0.985386
0.984763
0.984147
0.983541
0.982949
0.98237
0.981802
0.98125
0.980709
0.980187
0.979678
0.979185
0.978708
0.978245
0.977798
0.977362
0.976946
0.976543
0.976155
0.975774
0.975407
0.975054
0.974714
0.97439
0.974078
0.973787
0.973511
0.973261
0.973029
0.972827
0.972653
0.972511
0.972401
0.972336
0.97231
0.972337
0.972412
0.972545
0.97274
0.973002
0.973332
0.973739
0.97422
0.974778
0.975412
0.976126
0.976907
0.977752
0.97865
0.979584
0.980532
0.981474
0.982369
0.983179
0.983852
0.984326
0.98453
0.98437
0.983737
0.982505
0.980512
0.977564
0.97343
0.967846
0.960529
0.951213
0.939209
0.924647
0.907335
0.886488
0.859305
0.820312
0.753217
0.615352
0.333997
0.582711
0.920017
0.964574
0.974869
0.979174
0.981796
0.98392
0.986049
0.988422
0.991056
0.993637
0.995679
0.997114
0.998065
0.99864
0.998888
0.998843
0.99854
0.998038
0.997403
0.996705
0.99601
0.995373
0.994835
0.994421
0.994142
0.993999
0.993974
0.99402
0.994126
0.99428
0.994472
0.994686
0.994912
0.995141
0.995363
0.995568
0.995752
0.99591
0.996037
0.996132
0.996191
0.996212
0.996195
0.996143
0.996055
0.995927
0.995762
0.995562
0.995329
0.995059
0.994759
0.99443
0.994072
0.993691
0.993288
0.992861
0.99242
0.991963
0.991492
0.991015
0.990531
0.990042
0.989552
0.989063
0.988577
0.988097
0.987624
0.987156
0.9867
0.986249
0.985814
0.985388
0.984975
0.984573
0.984183
0.983806
0.98344
0.983089
0.982747
0.982419
0.982104
0.981799
0.981509
0.981223
0.980951
0.980688
0.980434
0.98019
0.979961
0.979744
0.979541
0.979353
0.979185
0.979035
0.978906
0.978799
0.978719
0.97867
0.978647
0.978663
0.978713
0.978804
0.97894
0.97912
0.979348
0.979625
0.97995
0.980329
0.980754
0.981223
0.981731
0.982271
0.982832
0.983397
0.983946
0.984456
0.984894
0.985224
0.985396
0.985361
0.985046
0.984375
0.983251
0.981567
0.97918
0.97594
0.971653
0.966118
0.95911
0.950403
0.939768
0.926775
0.910709
0.891454
0.866546
0.831613
0.771785
0.641104
0.349642
0.701721
0.9424
0.969932
0.977039
0.980479
0.982734
0.984696
0.986814
0.989293
0.992119
0.994824
0.996779
0.998022
0.99877
0.999139
0.999146
0.9988
0.998138
0.997231
0.996176
0.995067
0.993997
0.993037
0.992243
0.99164
0.991245
0.991051
0.991022
0.991108
0.991292
0.991557
0.991884
0.992252
0.992646
0.99305
0.993451
0.993837
0.9942
0.994536
0.994834
0.995095
0.995316
0.995493
0.995627
0.995719
0.995769
0.995778
0.995747
0.995679
0.995574
0.995435
0.995263
0.995062
0.994832
0.994576
0.994296
0.993998
0.993682
0.993348
0.993004
0.992649
0.992286
0.991918
0.991548
0.991176
0.990805
0.990437
0.990071
0.989714
0.989359
0.989016
0.988679
0.98835
0.988031
0.987718
0.98742
0.987128
0.986847
0.986575
0.98631
0.986057
0.985817
0.985581
0.985358
0.985143
0.984932
0.984728
0.984533
0.98435
0.984171
0.984005
0.983848
0.983701
0.983569
0.983446
0.983344
0.983257
0.983187
0.983135
0.983109
0.983106
0.983127
0.983173
0.983252
0.983356
0.983495
0.983662
0.98386
0.984088
0.984341
0.984617
0.984909
0.985205
0.985498
0.985772
0.986004
0.986176
0.986253
0.986204
0.985989
0.985554
0.984839
0.983773
0.982272
0.980241
0.977561
0.974101
0.969708
0.96421
0.957421
0.949137
0.939129
0.927088
0.912527
0.894418
0.871044
0.838764
0.784243
0.660592
0.364644
0.797267
0.954838
0.973419
0.978762
0.981445
0.983395
0.985261
0.987403
0.990015
0.993048
0.995876
0.997688
0.998711
0.999264
0.999428
0.999161
0.998439
0.997312
0.995882
0.994285
0.992656
0.991117
0.989763
0.988658
0.987837
0.987312
0.987072
0.987049
0.987196
0.987489
0.987901
0.988404
0.988971
0.989576
0.9902
0.990825
0.991434
0.992016
0.992561
0.993062
0.993515
0.993919
0.994273
0.994572
0.994823
0.995023
0.995175
0.995281
0.995344
0.995366
0.99535
0.995298
0.995213
0.995097
0.994954
0.994786
0.994597
0.994387
0.994161
0.99392
0.993668
0.993407
0.993137
0.992862
0.992587
0.992308
0.99203
0.991753
0.991479
0.991209
0.990944
0.990684
0.99043
0.990183
0.989943
0.989709
0.989485
0.989264
0.989051
0.988847
0.98865
0.988461
0.988277
0.988102
0.98793
0.987767
0.987605
0.987451
0.987303
0.98716
0.987024
0.986895
0.986775
0.986661
0.986559
0.986467
0.986385
0.986315
0.98626
0.986216
0.986188
0.986177
0.986184
0.986207
0.986247
0.986304
0.986376
0.986466
0.986568
0.986679
0.986791
0.986903
0.987001
0.987075
0.987107
0.987085
0.986981
0.986773
0.986421
0.985891
0.985135
0.984098
0.982715
0.980916
0.978613
0.975703
0.972077
0.967602
0.962129
0.955496
0.947516
0.937957
0.926502
0.91266
0.895591
0.873663
0.843103
0.792137
0.674674
0.37932
0.862087
0.962456
0.975808
0.979996
0.982233
0.983901
0.985663
0.987844
0.990597
0.993849
0.996792
0.998415
0.99921
0.999589
0.999546
0.998946
0.997742
0.996009
0.993909
0.991626
0.989352
0.987242
0.985415
0.98395
0.982884
0.982228
0.981956
0.981956
0.982196
0.98264
0.983249
0.983982
0.984803
0.985677
0.986576
0.987474
0.988353
0.989195
0.98999
0.99073
0.991409
0.992024
0.992575
0.993062
0.993486
0.993848
0.994156
0.994406
0.994604
0.994756
0.994863
0.994931
0.994957
0.994951
0.994913
0.994847
0.994756
0.994642
0.994512
0.99436
0.994198
0.994022
0.993837
0.993646
0.993446
0.993246
0.993041
0.992836
0.992631
0.992428
0.992227
0.99203
0.991836
0.991644
0.991459
0.991276
0.991099
0.990927
0.990761
0.9906
0.990442
0.990289
0.990144
0.990001
0.989863
0.989728
0.989598
0.98947
0.989347
0.989225
0.989109
0.988999
0.988891
0.988787
0.988692
0.988602
0.988516
0.988441
0.988372
0.988308
0.988256
0.988212
0.988174
0.988148
0.988128
0.988114
0.988103
0.988098
0.98809
0.988078
0.988055
0.988013
0.987942
0.987834
0.987669
0.987431
0.987098
0.986648
0.986045
0.985255
0.984233
0.982935
0.981295
0.979252
0.976732
0.973639
0.969878
0.965334
0.959878
0.953358
0.945598
0.936368
0.925348
0.912052
0.895647
0.874551
0.845167
0.796351
0.684106
0.393899
0.892521
0.969662
0.977503
0.98088
0.982788
0.984328
0.985955
0.98815
0.991047
0.994527
0.997588
0.998976
0.99955
0.99979
0.999522
0.998499
0.996666
0.994155
0.991205
0.98808
0.985025
0.982237
0.979865
0.977999
0.976675
0.975895
0.975623
0.975677
0.976055
0.976704
0.97757
0.978598
0.979738
0.980943
0.982176
0.983406
0.984603
0.985752
0.986841
0.987854
0.988791
0.989648
0.990422
0.991116
0.991733
0.992275
0.992747
0.993153
0.993496
0.993782
0.994016
0.994202
0.994342
0.994443
0.994507
0.994536
0.99454
0.994516
0.99447
0.994403
0.994317
0.994219
0.994108
0.993987
0.993857
0.993722
0.99358
0.993435
0.993288
0.99314
0.992992
0.992843
0.992694
0.992551
0.992408
0.992264
0.992128
0.99199
0.991858
0.991726
0.991601
0.991475
0.991355
0.991237
0.991124
0.991008
0.990896
0.990787
0.990677
0.99057
0.990463
0.990359
0.990258
0.990159
0.990061
0.989967
0.989874
0.989784
0.9897
0.989616
0.989535
0.989458
0.989379
0.989303
0.989226
0.989147
0.989062
0.98897
0.988867
0.988747
0.988604
0.988428
0.988214
0.987946
0.987611
0.98719
0.986667
0.98601
0.985194
0.984184
0.982941
0.98142
0.979566
0.977326
0.974623
0.971379
0.96751
0.962909
0.95746
0.951023
0.943426
0.93444
0.92375
0.91087
0.894978
0.874539
0.846067
0.798868
0.690363
0.404541
0.911777
0.97226
0.97873
0.981498
0.983156
0.984591
0.986213
0.988329
0.991365
0.995077
0.998262
0.999384
0.999767
0.999903
0.999372
0.997797
0.995148
0.991653
0.987657
0.983517
0.97954
0.975975
0.972992
0.970691
0.969109
0.968234
0.968007
0.968166
0.968743
0.96967
0.970871
0.972271
0.973802
0.975408
0.97704
0.978658
0.980229
0.981734
0.983153
0.984477
0.985702
0.986825
0.987846
0.988768
0.989594
0.990329
0.99098
0.991548
0.992043
0.992471
0.992835
0.993143
0.993398
0.993606
0.993771
0.993897
0.993989
0.994051
0.994085
0.994096
0.994085
0.994056
0.994011
0.993953
0.993883
0.993804
0.993717
0.993623
0.993526
0.993422
0.993316
0.993211
0.993102
0.992993
0.992884
0.992774
0.992664
0.992556
0.992447
0.99234
0.992235
0.992133
0.99203
0.991929
0.991828
0.991727
0.991626
0.991527
0.991424
0.991324
0.991221
0.991119
0.991016
0.990916
0.990812
0.990709
0.990605
0.990499
0.990394
0.990285
0.990176
0.990063
0.989944
0.989821
0.989691
0.98955
0.989397
0.989227
0.989037
0.988819
0.988568
0.988278
0.987935
0.987528
0.987041
0.986462
0.985768
0.984935
0.983936
0.982739
0.981307
0.979598
0.977568
0.975156
0.9723
0.968935
0.964975
0.960324
0.954878
0.948499
0.941024
0.932225
0.921791
0.909237
0.893754
0.873832
0.846078
0.80011
0.694383
0.412031
0.92521
0.97423
0.979712
0.981896
0.983339
0.984701
0.986343
0.988479
0.991551
0.995494
0.99882
0.999666
0.999892
0.999961
0.9991
0.996801
0.99311
0.988399
0.983149
0.977819
0.972787
0.968347
0.964697
0.961946
0.960127
0.959205
0.958975
0.959312
0.960188
0.961498
0.96314
0.965015
0.967035
0.969126
0.97123
0.973299
0.975296
0.977199
0.978989
0.980656
0.982196
0.983607
0.984893
0.986058
0.987106
0.988044
0.988881
0.989624
0.990277
0.990849
0.99135
0.991781
0.992151
0.992466
0.992731
0.992951
0.993131
0.993275
0.993387
0.993471
0.993528
0.993564
0.993582
0.993579
0.993564
0.993537
0.993498
0.99345
0.993394
0.993332
0.993264
0.99319
0.993114
0.993034
0.992951
0.992868
0.992782
0.992694
0.992606
0.992518
0.992426
0.992335
0.992245
0.992156
0.992064
0.99197
0.991876
0.991778
0.99168
0.991579
0.991476
0.991372
0.991263
0.991154
0.991041
0.990925
0.990803
0.99068
0.990551
0.990417
0.990278
0.990127
0.98997
0.989802
0.989617
0.989418
0.9892
0.988958
0.988688
0.988382
0.988034
0.987637
0.987179
0.986646
0.986032
0.985312
0.984468
0.98348
0.982321
0.980959
0.979366
0.977496
0.975312
0.972759
0.969778
0.966307
0.962271
0.95758
0.95213
0.945799
0.938414
0.929762
0.919531
0.907237
0.892082
0.872582
0.845401
0.800386
0.696726
0.417077
0.934973
0.975643
0.980273
0.982107
0.983364
0.984647
0.986321
0.988587
0.991629
0.995777
0.99927
0.999843
0.999958
0.999987
0.998693
0.995461
0.99047
0.984296
0.977578
0.970884
0.964668
0.959267
0.954907
0.951709
0.949695
0.948802
0.948621
0.949236
0.950518
0.952324
0.954517
0.956968
0.959568
0.962225
0.964868
0.967444
0.969915
0.97225
0.974438
0.976473
0.978345
0.98006
0.981622
0.983038
0.984316
0.985464
0.986492
0.987409
0.988223
0.988943
0.989576
0.990133
0.99062
0.991042
0.991407
0.991721
0.991985
0.992209
0.992395
0.992547
0.992672
0.992767
0.992841
0.992895
0.992929
0.992948
0.992952
0.992943
0.992925
0.992896
0.992861
0.992816
0.992767
0.99271
0.992651
0.992586
0.992517
0.992446
0.992373
0.992296
0.992216
0.992135
0.992052
0.991965
0.991877
0.991787
0.991693
0.991596
0.991496
0.991391
0.991283
0.991169
0.991053
0.990932
0.990806
0.990673
0.990534
0.990389
0.990235
0.990073
0.9899
0.989716
0.989517
0.989303
0.98907
0.988813
0.988534
0.988223
0.987878
0.987491
0.987054
0.98656
0.985996
0.985355
0.984619
0.983773
0.982798
0.981672
0.980374
0.978874
0.977138
0.975132
0.972815
0.970141
0.96705
0.963492
0.959393
0.954664
0.949213
0.942914
0.935605
0.927072
0.917004
0.904926
0.890048
0.870895
0.84419
0.799923
0.697782
0.420218
0.942232
0.976637
0.980564
0.982139
0.983217
0.984428
0.986133
0.988536
0.991701
0.995917
0.999612
0.999941
0.999988
0.999997
0.998139
0.993718
0.987148
0.979254
0.970858
0.962642
0.955123
0.94868
0.943577
0.939947
0.937806
0.937049
0.937094
0.938119
0.939945
0.942377
0.945239
0.948369
0.951631
0.954918
0.958149
0.961272
0.964239
0.967032
0.969631
0.972037
0.974248
0.97627
0.978109
0.979776
0.981282
0.982639
0.983856
0.984945
0.985917
0.986784
0.987551
0.98823
0.988829
0.989355
0.989816
0.990217
0.990567
0.990866
0.991125
0.991343
0.991529
0.991681
0.991808
0.99191
0.991992
0.992051
0.992095
0.992122
0.992136
0.992138
0.992129
0.992109
0.992082
0.992045
0.992003
0.991954
0.9919
0.991839
0.991774
0.991704
0.991633
0.991554
0.991473
0.99139
0.991301
0.991211
0.991113
0.991012
0.990905
0.990794
0.990675
0.990552
0.990421
0.990287
0.990144
0.989993
0.989833
0.989664
0.989484
0.98929
0.989084
0.988865
0.988624
0.988366
0.988085
0.987775
0.987434
0.98706
0.986644
0.986178
0.98566
0.985077
0.984419
0.983674
0.982831
0.981872
0.98078
0.979537
0.978115
0.976489
0.974631
0.972505
0.970077
0.967295
0.964118
0.960486
0.95633
0.951573
0.946121
0.939852
0.932606
0.924171
0.914242
0.902347
0.887702
0.868855
0.842546
0.798873
0.697847
0.421874
0.947694
0.977315
0.980654
0.981982
0.982904
0.984029
0.985765
0.988319
0.991732
0.995944
0.99985
0.999985
0.999997
0.999999
0.997414
0.991519
0.983068
0.973205
0.962942
0.953058
0.944126
0.936562
0.930679
0.926651
0.924489
0.923894
0.924344
0.925996
0.928587
0.93185
0.935547
0.93948
0.943492
0.947468
0.951324
0.955006
0.958477
0.961719
0.964723
0.96749
0.970026
0.97234
0.974443
0.976349
0.97807
0.979626
0.981022
0.982275
0.983396
0.984398
0.985293
0.986092
0.986796
0.987424
0.987976
0.988462
0.988889
0.989264
0.989587
0.989869
0.990109
0.990316
0.990491
0.990639
0.990759
0.990858
0.990934
0.990993
0.991036
0.991063
0.991076
0.991077
0.991069
0.991049
0.991019
0.990982
0.990937
0.990883
0.990823
0.990759
0.990689
0.990612
0.99053
0.990442
0.99035
0.990255
0.99015
0.990041
0.989924
0.989803
0.989673
0.989535
0.989391
0.989238
0.989075
0.988903
0.988719
0.988524
0.988316
0.988092
0.987852
0.987594
0.987315
0.987013
0.98668
0.986318
0.985922
0.985485
0.985003
0.984464
0.98387
0.983203
0.982458
0.981621
0.980682
0.97962
0.978424
0.977072
0.975541
0.973808
0.971844
0.969616
0.967089
0.964223
0.96097
0.957274
0.953078
0.948298
0.942849
0.936602
0.929415
0.921071
0.911264
0.89953
0.885094
0.866514
0.840555
0.797364
0.697143
0.422367
0.951821
0.977723
0.980549
0.981609
0.982417
0.983445
0.985201
0.987915
0.991597
0.995967
0.999979
0.999999
1
1
0.996493
0.988806
0.978174
0.966109
0.953815
0.942146
0.931694
0.922918
0.916207
0.911828
0.909799
0.909112
0.910278
0.912919
0.916624
0.921008
0.925761
0.930643
0.935492
0.940195
0.944682
0.948912
0.952857
0.95652
0.95989
0.962984
0.965811
0.968388
0.970725
0.972844
0.974757
0.976487
0.978045
0.979446
0.980704
0.981831
0.98284
0.983742
0.984546
0.985263
0.985899
0.986463
0.986961
0.987401
0.987786
0.988124
0.988418
0.988672
0.98889
0.989078
0.989235
0.989365
0.989472
0.989559
0.989626
0.989673
0.989707
0.989723
0.989728
0.98972
0.989699
0.98967
0.989631
0.989582
0.989523
0.98946
0.989387
0.989306
0.98922
0.989129
0.989029
0.988924
0.988811
0.988689
0.98856
0.988424
0.988278
0.988124
0.987963
0.987788
0.987605
0.987408
0.9872
0.986976
0.986739
0.986484
0.986208
0.985913
0.985592
0.985244
0.984864
0.984452
0.984001
0.983505
0.982958
0.982356
0.981686
0.980945
0.980119
0.979198
0.97817
0.977019
0.975732
0.974284
0.972655
0.97083
0.968773
0.966458
0.963849
0.960912
0.957596
0.953852
0.949623
0.944826
0.939381
0.933166
0.926033
0.917766
0.908076
0.896495
0.882254
0.863921
0.838278
0.795483
0.695833
0.421939
0.954899
0.977922
0.980293
0.981097
0.981747
0.982654
0.984421
0.987303
0.99129
0.995989
1
0.999999
0.999998
0.999999
0.995355
0.985535
0.972422
0.957961
0.943518
0.929981
0.917916
0.907794
0.900141
0.895463
0.893793
0.893712
0.895934
0.899883
0.904963
0.910655
0.916572
0.922451
0.928131
0.933522
0.938584
0.943289
0.947644
0.951651
0.955324
0.958682
0.961743
0.964529
0.967058
0.969349
0.971421
0.973296
0.974986
0.976507
0.977878
0.979113
0.980217
0.981209
0.982097
0.982892
0.983598
0.984229
0.98479
0.985288
0.985728
0.986115
0.986454
0.986747
0.987005
0.987227
0.987413
0.987574
0.987705
0.987813
0.987899
0.987963
0.988009
0.988037
0.988052
0.988051
0.988037
0.98801
0.98797
0.987924
0.987863
0.987796
0.987717
0.987633
0.987538
0.987437
0.987327
0.98721
0.987082
0.986946
0.986802
0.98665
0.986487
0.986312
0.986129
0.985934
0.985725
0.985503
0.985267
0.985016
0.984747
0.984457
0.984148
0.983811
0.98345
0.983061
0.982634
0.982172
0.981669
0.981114
0.980509
0.979842
0.979106
0.978295
0.977394
0.976398
0.97529
0.974058
0.972686
0.971155
0.969447
0.967539
0.965404
0.963016
0.960338
0.957341
0.953978
0.950196
0.945943
0.941143
0.935708
0.929525
0.922442
0.914262
0.904685
0.893253
0.879204
0.861111
0.835755
0.793306
0.694038
0.420782
0.957139
0.977948
0.979903
0.980435
0.980885
0.981646
0.983403
0.98646
0.990793
0.995911
1
1
0.999998
0.999997
0.993986
0.981663
0.965794
0.948798
0.932164
0.916737
0.902971
0.891293
0.882433
0.877488
0.875491
0.876816
0.881169
0.887361
0.894415
0.90169
0.908818
0.915622
0.922002
0.927932
0.933415
0.93846
0.943089
0.947331
0.951204
0.954737
0.957957
0.960882
0.963539
0.965946
0.968132
0.970108
0.971892
0.973508
0.974962
0.976275
0.977455
0.978517
0.97947
0.980326
0.981093
0.981775
0.982385
0.982928
0.983411
0.983837
0.984211
0.98454
0.984826
0.985074
0.985288
0.985469
0.985618
0.985741
0.985842
0.985917
0.985975
0.98601
0.986028
0.986029
0.986017
0.985989
0.985948
0.985896
0.985831
0.985756
0.985669
0.985572
0.985467
0.985352
0.985229
0.985097
0.984953
0.984801
0.984639
0.984464
0.984281
0.984086
0.983878
0.983657
0.983423
0.983173
0.982909
0.982625
0.982322
0.982
0.981652
0.98128
0.980876
0.980442
0.979971
0.979462
0.978905
0.978297
0.977636
0.976908
0.976112
0.975234
0.974268
0.973203
0.972025
0.970722
0.969276
0.967674
0.965897
0.963919
0.961717
0.959271
0.956541
0.953497
0.950095
0.946289
0.942023
0.937223
0.931806
0.925662
0.918643
0.91055
0.901086
0.889806
0.875951
0.858099
0.833026
0.790882
0.691843
0.419035
0.958673
0.977824
0.979387
0.979571
0.979731
0.980401
0.982129
0.985359
0.990078
0.995715
0.999997
0.999997
0.999998
0.999996
0.992369
0.977152
0.958288
0.938717
0.919967
0.902748
0.887248
0.873707
0.862995
0.857568
0.855785
0.860277
0.868411
0.877729
0.886936
0.895579
0.903571
0.910925
0.917672
0.923854
0.929514
0.934689
0.939419
0.943741
0.947685
0.951278
0.954554
0.957541
0.960252
0.962714
0.964949
0.966981
0.96882
0.970483
0.971988
0.973347
0.974575
0.975682
0.976679
0.977575
0.97838
0.979101
0.979747
0.980321
0.980833
0.981288
0.981687
0.982037
0.982346
0.982613
0.982839
0.983036
0.983197
0.983329
0.983437
0.983517
0.983576
0.983614
0.983631
0.983631
0.983615
0.983583
0.983533
0.983472
0.983398
0.98331
0.983213
0.983101
0.982981
0.98285
0.982709
0.982558
0.982394
0.982221
0.982037
0.981841
0.981632
0.981412
0.981177
0.98093
0.980668
0.98039
0.980093
0.979778
0.979441
0.979081
0.978698
0.978285
0.977842
0.977366
0.976849
0.976292
0.975686
0.975028
0.974312
0.973531
0.972678
0.971741
0.970715
0.969589
0.968348
0.966981
0.965474
0.963811
0.96197
0.95994
0.957687
0.95519
0.95242
0.949342
0.945916
0.942095
0.937822
0.933037
0.92765
0.921554
0.914606
0.90661
0.897275
0.886154
0.872506
0.854903
0.830115
0.788246
0.68932
0.416798
0.959575
0.977575
0.978767
0.978543
0.978316
0.978917
0.980572
0.983968
0.989112
0.995394
1
1
0.999998
1
0.990487
0.971959
0.949932
0.927902
0.907311
0.888639
0.871603
0.855959
0.841993
0.831194
0.83562
0.850661
0.864247
0.874746
0.884388
0.893287
0.901513
0.90881
0.915461
0.921522
0.927061
0.932127
0.936758
0.94099
0.94486
0.948394
0.951624
0.954566
0.957256
0.959697
0.961923
0.963947
0.965789
0.96746
0.968976
0.970351
0.97159
0.972714
0.973728
0.974642
0.975465
0.976204
0.976864
0.977458
0.977983
0.978452
0.978865
0.979227
0.979543
0.979816
0.980052
0.980249
0.980415
0.98055
0.980656
0.980736
0.980792
0.980824
0.980834
0.980826
0.980801
0.980754
0.980695
0.98062
0.980531
0.980428
0.980313
0.980182
0.980043
0.97989
0.979728
0.979554
0.979368
0.97917
0.978962
0.978739
0.978503
0.978256
0.977994
0.977716
0.977423
0.977111
0.976782
0.976432
0.976062
0.975666
0.975244
0.974791
0.974307
0.973787
0.973229
0.972624
0.971974
0.971267
0.970502
0.96967
0.968764
0.967775
0.966696
0.965515
0.964222
0.9628
0.961244
0.959528
0.957641
0.955563
0.953269
0.950737
0.947937
0.94484
0.941399
0.937576
0.933316
0.928554
0.923206
0.917171
0.910306
0.902417
0.893228
0.882295
0.868868
0.851524
0.827038
0.785423
0.686504
0.414131
0.959857
0.977246
0.978129
0.977496
0.976856
0.977197
0.978724
0.982254
0.987848
0.994933
0.999998
1
1
0.999998
0.988316
0.966019
0.940787
0.916664
0.894875
0.875627
0.85805
0.841416
0.824319
0.834454
0.843905
0.856313
0.867665
0.877206
0.886037
0.894211
0.901754
0.908517
0.914713
0.920392
0.925714
0.930766
0.935114
0.939098
0.942753
0.946106
0.949178
0.951996
0.954572
0.956924
0.959074
0.961038
0.962826
0.964452
0.965938
0.967285
0.968507
0.969614
0.970616
0.971522
0.972337
0.973071
0.973729
0.974317
0.974843
0.975308
0.975716
0.976076
0.976391
0.976659
0.976889
0.977083
0.97724
0.977367
0.977464
0.977534
0.977576
0.977597
0.977594
0.97757
0.977527
0.977467
0.977387
0.977293
0.977184
0.97706
0.97692
0.97677
0.976604
0.976428
0.97624
0.976038
0.975825
0.9756
0.975361
0.975109
0.974842
0.974564
0.974269
0.97396
0.973633
0.973288
0.972922
0.972538
0.97213
0.971697
0.971235
0.970743
0.970218
0.969658
0.969055
0.968409
0.967715
0.966963
0.966151
0.965273
0.964321
0.963285
0.962157
0.960931
0.95959
0.958127
0.956524
0.954769
0.952846
0.950733
0.948412
0.945856
0.943038
0.939928
0.936488
0.932677
0.928441
0.92372
0.918426
0.912472
0.905709
0.89796
0.888932
0.878205
0.865026
0.847978
0.823793
0.782423
0.683409
0.41105
0.959474
0.976855
0.977564
0.976538
0.975321
0.975223
0.976595
0.980186
0.986219
0.994313
0.999998
1
1
0.999999
0.985829
0.959241
0.930974
0.905564
0.883886
0.866082
0.851366
0.846115
0.847434
0.851219
0.858213
0.866914
0.87542
0.883251
0.890672
0.897631
0.904101
0.910019
0.915506
0.920605
0.925414
0.929964
0.933933
0.937877
0.941304
0.944371
0.947199
0.949797
0.952185
0.954378
0.956389
0.958231
0.959916
0.961454
0.962856
0.964135
0.965304
0.966361
0.967321
0.968188
0.968971
0.969674
0.970306
0.970869
0.971372
0.971816
0.972207
0.972549
0.972841
0.973094
0.973304
0.973479
0.97362
0.973726
0.973802
0.973851
0.973875
0.973872
0.973848
0.973802
0.973737
0.973651
0.973548
0.973427
0.973291
0.973138
0.972973
0.972792
0.972598
0.972393
0.972171
0.971939
0.971694
0.971434
0.971162
0.970877
0.970578
0.970263
0.969935
0.969587
0.969225
0.968844
0.968441
0.968019
0.967572
0.967099
0.966598
0.966068
0.965501
0.964899
0.964257
0.963569
0.962829
0.962037
0.961183
0.960263
0.959268
0.958189
0.957024
0.955756
0.954378
0.952877
0.951243
0.949458
0.947506
0.94537
0.943031
0.940466
0.937643
0.934538
0.931112
0.927328
0.923131
0.918465
0.913255
0.907397
0.900767
0.893178
0.884361
0.873875
0.860979
0.844245
0.820388
0.779247
0.680023
0.407525
0.95872
0.976025
0.97709
0.975985
0.973888
0.972636
0.974264
0.977765
0.984129
0.993492
0.999998
0.999998
1
0.999998
0.982948
0.951487
0.920749
0.895621
0.876587
0.866412
0.86194
0.861686
0.86395
0.867345
0.872621
0.878792
0.885062
0.891151
0.897035
0.902636
0.907915
0.912849
0.917496
0.921877
0.92603
0.929939
0.933464
0.936923
0.939971
0.943094
0.945594
0.947903
0.950042
0.952011
0.953821
0.955487
0.957013
0.958417
0.959701
0.960871
0.961941
0.96291
0.963794
0.964594
0.965313
0.965961
0.966541
0.967057
0.967514
0.967917
0.968268
0.968573
0.968831
0.969048
0.969226
0.969367
0.969476
0.969551
0.969596
0.969613
0.969605
0.969573
0.969514
0.969437
0.969338
0.96922
0.969083
0.968929
0.96876
0.968573
0.968372
0.968156
0.967926
0.967683
0.967426
0.967156
0.966873
0.966575
0.966267
0.965943
0.965603
0.96525
0.964881
0.964497
0.964093
0.963672
0.963229
0.962767
0.962278
0.961765
0.961225
0.96065
0.960046
0.959401
0.958719
0.957989
0.95721
0.956378
0.955485
0.954525
0.953492
0.952379
0.951178
0.949878
0.948468
0.94694
0.945281
0.943474
0.941505
0.939361
0.937014
0.934448
0.931636
0.92855
0.925158
0.921418
0.917284
0.912704
0.907603
0.901885
0.895428
0.888046
0.879472
0.869272
0.856703
0.840323
0.816815
0.775882
0.676294
0.403457
0.957929
0.974316
0.976336
0.975628
0.973739
0.97112
0.971998
0.975054
0.98145
0.992396
1
0.999999
1
0.999997
0.979553
0.942535
0.910691
0.888806
0.880029
0.876128
0.875511
0.877041
0.878816
0.881956
0.885994
0.890473
0.895072
0.899638
0.904107
0.90842
0.912549
0.916491
0.920253
0.923842
0.927259
0.930484
0.93348
0.936379
0.939021
0.941697
0.944102
0.946179
0.948012
0.949707
0.951269
0.952708
0.954036
0.955257
0.956371
0.957398
0.95833
0.95918
0.95995
0.960649
0.961273
0.961837
0.962336
0.962781
0.963168
0.963506
0.963797
0.964042
0.964245
0.964411
0.964537
0.964629
0.96469
0.96472
0.964718
0.964691
0.964638
0.964562
0.964461
0.96434
0.964198
0.964038
0.963859
0.96366
0.963449
0.963219
0.962975
0.962716
0.962442
0.962155
0.961853
0.961539
0.961212
0.960872
0.960517
0.960148
0.959766
0.959369
0.958954
0.958525
0.958079
0.957612
0.957125
0.956619
0.956085
0.955529
0.954945
0.954329
0.953679
0.952996
0.95227
0.9515
0.950683
0.949811
0.94888
0.947883
0.946819
0.945671
0.944441
0.943114
0.94168
0.94013
0.938454
0.936636
0.934659
0.932513
0.930177
0.927628
0.924842
0.921798
0.918466
0.914803
0.910771
0.906317
0.901366
0.895838
0.889608
0.882489
0.87422
0.864366
0.852176
0.836195
0.813054
0.772295
0.672122
0.398645
0.957047
0.971652
0.974876
0.975015
0.973859
0.972188
0.970825
0.972334
0.977992
0.990948
1
1
1
1
0.975426
0.932077
0.902209
0.892043
0.888679
0.888151
0.889253
0.890298
0.892316
0.894979
0.898027
0.901268
0.904575
0.907878
0.911135
0.914317
0.91741
0.920404
0.923293
0.926073
0.928739
0.931278
0.93369
0.936007
0.93819
0.940358
0.942341
0.944327
0.945893
0.947277
0.948548
0.949721
0.950805
0.951799
0.952714
0.953546
0.954308
0.955
0.955621
0.956184
0.956685
0.957128
0.95752
0.95786
0.958152
0.9584
0.958605
0.95877
0.958893
0.958985
0.959042
0.959066
0.959058
0.959022
0.958959
0.958872
0.958759
0.958624
0.958466
0.958289
0.95809
0.957874
0.957639
0.957389
0.957121
0.956838
0.956542
0.956228
0.955902
0.955561
0.955206
0.95484
0.954458
0.954065
0.953657
0.953235
0.952802
0.952353
0.951888
0.951408
0.950909
0.950392
0.949857
0.949299
0.948719
0.948112
0.94748
0.946817
0.946122
0.945394
0.944622
0.943811
0.942952
0.942041
0.941071
0.940041
0.938942
0.937764
0.936505
0.935155
0.933702
0.932137
0.930453
0.928633
0.926664
0.924534
0.922225
0.919719
0.916997
0.914028
0.910796
0.907262
0.903385
0.899117
0.894395
0.889132
0.883205
0.876432
0.868549
0.859117
0.847373
0.831837
0.809081
0.768424
0.667316
0.392763
0.95597
0.96796
0.972137
0.973379
0.973248
0.972515
0.971887
0.97061
0.973463
0.988967
1
1
0.999999
1
0.970178
0.919725
0.902191
0.899461
0.899313
0.900131
0.900907
0.902341
0.904172
0.906233
0.908423
0.910674
0.912945
0.915211
0.91746
0.919674
0.921847
0.923972
0.926041
0.928048
0.929994
0.931866
0.933666
0.935406
0.937078
0.93871
0.940242
0.941789
0.943332
0.944362
0.945305
0.946172
0.946972
0.947704
0.948371
0.948976
0.949525
0.950018
0.95046
0.950846
0.951187
0.951481
0.951728
0.951933
0.952098
0.952225
0.952315
0.952369
0.952392
0.952381
0.952342
0.952274
0.952178
0.952056
0.951909
0.951739
0.951549
0.951335
0.951101
0.95085
0.950579
0.95029
0.949986
0.949665
0.949329
0.948976
0.94861
0.948232
0.947838
0.947431
0.947009
0.946577
0.94613
0.945669
0.945199
0.944713
0.944216
0.943703
0.943176
0.942631
0.942072
0.941494
0.940898
0.940281
0.939642
0.938979
0.938287
0.937569
0.936819
0.936036
0.935213
0.934352
0.933443
0.932485
0.931475
0.930405
0.929269
0.928063
0.926778
0.925406
0.923943
0.922379
0.920702
0.918902
0.916971
0.914893
0.912657
0.910248
0.907642
0.904827
0.901774
0.898459
0.894834
0.890864
0.886479
0.881596
0.876085
0.869776
0.862388
0.853476
0.842258
0.827223
0.80485
0.764147
0.661473
0.385222
0.954444
0.963026
0.967404
0.969575
0.970497
0.970695
0.970485
0.970064
0.967791
0.986111
0.999999
1
1
1
0.962956
0.90935
0.908162
0.908546
0.909153
0.90989
0.910995
0.912279
0.913642
0.915041
0.916453
0.91787
0.919287
0.920699
0.922101
0.923491
0.924864
0.926212
0.927538
0.928833
0.930098
0.931324
0.932519
0.933678
0.934798
0.935885
0.936934
0.938004
0.939318
0.94005
0.940643
0.941173
0.94165
0.942079
0.942461
0.942797
0.943094
0.943346
0.943554
0.943727
0.943866
0.943962
0.944027
0.94406
0.944057
0.944024
0.943962
0.943873
0.943756
0.943611
0.943439
0.943247
0.94303
0.942792
0.942532
0.942251
0.941952
0.941633
0.941297
0.940944
0.940573
0.940189
0.939788
0.939372
0.938941
0.938498
0.938041
0.937569
0.937086
0.936588
0.936079
0.935556
0.935021
0.934475
0.933914
0.933343
0.932758
0.932157
0.931543
0.930914
0.930269
0.929608
0.928927
0.928227
0.927504
0.926761
0.925992
0.925198
0.924373
0.923519
0.922629
0.921705
0.920739
0.919731
0.918676
0.917571
0.916411
0.915189
0.913904
0.912549
0.911117
0.909605
0.908004
0.906304
0.904498
0.902577
0.900534
0.898347
0.896007
0.8935
0.890791
0.887867
0.884676
0.881184
0.877317
0.872991
0.868075
0.862392
0.855648
0.847382
0.836792
0.822307
0.800275
0.759193
0.653515
0.373663
0.951228
0.956246
0.959544
0.961739
0.963192
0.964108
0.964571
0.964366
0.964073
0.98054
1
1
0.999998
1
0.950595
0.912783
0.913246
0.913688
0.914321
0.915051
0.9158
0.916538
0.917263
0.91798
0.918688
0.919394
0.920097
0.920794
0.921486
0.922169
0.922845
0.923508
0.924155
0.924793
0.92541
0.926008
0.926592
0.927155
0.927699
0.928229
0.928754
0.929312
0.930106
0.93047
0.930669
0.93081
0.930917
0.93098
0.931014
0.93102
0.930994
0.930936
0.930854
0.930743
0.930604
0.930438
0.930252
0.930038
0.9298
0.929539
0.929257
0.92895
0.928626
0.928277
0.927912
0.927525
0.927121
0.926699
0.926259
0.925802
0.925329
0.92484
0.924336
0.923814
0.92328
0.922732
0.92217
0.921593
0.921003
0.9204
0.919783
0.919156
0.918514
0.917858
0.917189
0.916508
0.91582
0.915126
0.914424
0.913717
0.913001
0.912279
0.911548
0.910809
0.910059
0.909302
0.908535
0.907756
0.906967
0.906167
0.905354
0.904528
0.903687
0.902831
0.90196
0.90107
0.900161
0.899234
0.898283
0.897308
0.896305
0.895274
0.894212
0.893113
0.891975
0.890792
0.889561
0.888273
0.88692
0.885493
0.883985
0.88238
0.880663
0.878816
0.876815
0.874627
0.872213
0.86952
0.866477
0.862997
0.85894
0.854116
0.848219
0.840771
0.83093
0.817046
0.795243
0.753116
0.640903
0.343854
)
;

boundaryField
{
    walls
    {
        type            zeroGradient;
    }
    top
    {
        type            zeroGradient;
    }
    bottom
    {
        type            zeroGradient;
    }
    frontAndBack
    {
        type            empty;
    }
    inlet
    {
        type            uniformFixedValue;
        uniformValue    
        {
            type            constant;
            value           1;
        }
        value           uniform 1;
    }
    outlet
    {
        type            zeroGradient;
    }
}


// ************************************************************************* //
