/*--------------------------------*- C++ -*----------------------------------*\
  =========                 |
  \\      /  F ield         | OpenFOAM: The Open Source CFD Toolbox
   \\    /   O peration     | Website:  https://openfoam.org
    \\  /    A nd           | Version:  12
     \\/     M anipulation  |
\*---------------------------------------------------------------------------*/
FoamFile
{
    format      ascii;
    class       volScalarField;
    location    "530";
    object      T;
}
// * * * * * * * * * * * * * * * * * * * * * * * * * * * * * * * * * * * * * //

dimensions      [];

internalField   nonuniform List<scalar> 
4480
(
9.67625e-06
0.000434871
0.0330362
0.15537
0.303916
0.436491
0.543544
0.626863
0.69095
0.740206
0.778228
0.807768
0.830878
0.849078
0.863492
0.874953
0.884081
0.891348
0.897105
0.901621
0.905109
0.907728
0.909606
0.910838
0.911503
0.911662
0.911366
0.910826
0.910278
0.90972
0.909153
0.908571
0.90797
0.907348
0.906702
0.90603
0.905328
0.904593
0.903819
0.903006
0.902152
0.901247
0.900288
0.899276
0.898204
0.897065
0.895854
0.894573
0.893208
0.891753
0.890211
0.888576
0.886831
0.884978
0.88301
0.880915
0.878696
0.876346
0.87385
0.87121
0.868411
0.865453
0.862325
0.859028
0.855543
0.851879
0.848014
0.843959
0.839686
0.835212
0.830512
0.82559
0.820435
0.815042
0.809405
0.803515
0.797368
0.790955
0.784269
0.777305
0.770053
0.762508
0.754662
0.746555
0.738196
0.729581
0.720711
0.711587
0.70221
0.692587
0.682722
0.672625
0.662308
0.651784
0.641076
0.630204
0.619202
0.608104
0.596961
0.585829
0.574779
0.563894
0.553265
0.543022
0.533286
0.524211
0.515969
0.508742
0.502726
0.498132
0.495178
0.494081
0.495054
0.49831
0.504027
0.512377
0.523472
0.537382
0.554118
0.573689
0.596331
0.622859
0.654689
0.695322
0.758632
0.850829
0.915077
0.963176
0.953919
0.885823
0.819517
0.719293
0.62849
0.554115
0.484489
0.416139
0.34704
0.27518
0.199494
0.11653
3.94292e-06
0.010112
0.148896
0.372026
0.561158
0.695311
0.785283
0.844925
0.884745
0.911756
0.93044
0.943636
0.953156
0.960159
0.965391
0.969363
0.972407
0.974756
0.976571
0.97797
0.979039
0.979834
0.980403
0.980778
0.980989
0.98105
0.980979
0.980681
0.980072
0.979186
0.978052
0.9767
0.975162
0.973464
0.971627
0.969679
0.96764
0.965528
0.963356
0.961141
0.958895
0.956628
0.954343
0.95205
0.949756
0.947458
0.945162
0.942866
0.94057
0.938273
0.935972
0.93367
0.931356
0.929028
0.926686
0.924319
0.921932
0.919513
0.917058
0.914569
0.912031
0.909452
0.906814
0.904122
0.90137
0.898561
0.895678
0.892722
0.889696
0.886597
0.883415
0.880153
0.876806
0.873377
0.869853
0.866242
0.862539
0.858738
0.854851
0.850866
0.84678
0.842608
0.838333
0.833975
0.829548
0.825044
0.820467
0.815833
0.811137
0.806395
0.801615
0.796807
0.791987
0.787175
0.782392
0.777656
0.773005
0.76846
0.764063
0.759861
0.755903
0.752236
0.748929
0.746039
0.743653
0.741838
0.740693
0.740297
0.740755
0.74216
0.744613
0.748199
0.753014
0.75913
0.766605
0.775485
0.785782
0.797499
0.810619
0.825146
0.841147
0.858791
0.878287
0.899789
0.923102
0.946312
0.965607
0.978335
0.967493
0.928946
0.888548
0.842975
0.792905
0.738581
0.679039
0.613047
0.539058
0.455466
0.361385
0.258794
0.000653822
0.0637261
0.326268
0.578413
0.744933
0.843141
0.899611
0.93243
0.952043
0.964207
0.972067
0.977377
0.981109
0.983831
0.98587
0.987433
0.988649
0.9896
0.990346
0.990929
0.99138
0.991717
0.991963
0.992128
0.992223
0.992255
0.99223
0.992132
0.991929
0.991622
0.99121
0.990685
0.990047
0.989286
0.988407
0.987405
0.986286
0.985052
0.98371
0.982263
0.980723
0.979095
0.97739
0.975616
0.973779
0.971894
0.969962
0.967993
0.965992
0.963966
0.961922
0.959861
0.957785
0.955698
0.953606
0.951502
0.949396
0.947283
0.945163
0.943037
0.940904
0.938765
0.936614
0.934457
0.932288
0.930106
0.927913
0.925705
0.923478
0.921241
0.918976
0.916699
0.914399
0.91208
0.909732
0.907365
0.904978
0.902562
0.900123
0.897666
0.895178
0.892673
0.890138
0.887591
0.88502
0.88244
0.879856
0.877266
0.874673
0.872093
0.869526
0.866984
0.864483
0.862025
0.859633
0.857324
0.855116
0.853029
0.851094
0.849338
0.847788
0.84648
0.84546
0.844758
0.844427
0.844513
0.845056
0.846114
0.84774
0.849974
0.852864
0.856449
0.860767
0.865835
0.87167
0.878261
0.885599
0.893646
0.90236
0.911691
0.921579
0.931938
0.942621
0.95334
0.963623
0.972729
0.979652
0.983099
0.975272
0.950538
0.924545
0.895663
0.862493
0.823574
0.777166
0.721091
0.652633
0.568677
0.466454
0.345268
0.00802023
0.193261
0.523507
0.746409
0.864274
0.922874
0.952281
0.967684
0.97628
0.981468
0.98487
0.987282
0.989102
0.990525
0.991661
0.992576
0.993319
0.993915
0.994393
0.99477
0.995063
0.995285
0.995446
0.995558
0.995626
0.995654
0.995648
0.995603
0.995513
0.995378
0.995196
0.994961
0.994673
0.994323
0.993904
0.993414
0.992849
0.992199
0.991467
0.990648
0.989743
0.988752
0.987677
0.986523
0.985293
0.983993
0.982626
0.981202
0.979722
0.978199
0.976635
0.975034
0.973406
0.971753
0.970082
0.968398
0.966703
0.964998
0.963292
0.961582
0.959877
0.958169
0.956468
0.954774
0.953083
0.951399
0.949725
0.948055
0.946395
0.944739
0.943089
0.941448
0.939811
0.938182
0.936555
0.934933
0.933315
0.931707
0.930099
0.928492
0.926891
0.925297
0.923713
0.922123
0.920542
0.91897
0.917407
0.915863
0.914338
0.912834
0.911357
0.909917
0.908522
0.907175
0.905896
0.904687
0.903572
0.902555
0.901659
0.900903
0.900309
0.899893
0.899686
0.899709
0.899995
0.900562
0.90145
0.902679
0.904279
0.906273
0.908686
0.911532
0.914824
0.918568
0.922751
0.927359
0.932368
0.937738
0.943416
0.949335
0.955414
0.961531
0.967525
0.973169
0.97816
0.9821
0.984461
0.984483
0.978884
0.961833
0.943236
0.922709
0.898997
0.87049
0.834996
0.789393
0.729318
0.64879
0.540386
0.396476
0.0393436
0.379536
0.702477
0.863154
0.93187
0.961159
0.974447
0.981121
0.984945
0.987487
0.989392
0.990935
0.992223
0.993304
0.994201
0.994936
0.995532
0.996008
0.996379
0.996665
0.996881
0.997039
0.997152
0.997226
0.997271
0.997292
0.997292
0.997267
0.997216
0.997138
0.997032
0.996897
0.996732
0.996533
0.996299
0.996025
0.995705
0.995337
0.994915
0.994438
0.993899
0.9933
0.992633
0.991904
0.991108
0.99025
0.989331
0.988353
0.987319
0.986235
0.985106
0.983934
0.982726
0.981486
0.980221
0.978937
0.977636
0.97632
0.974999
0.973672
0.972345
0.971019
0.969702
0.968392
0.967087
0.965799
0.96452
0.963254
0.962004
0.960769
0.959548
0.95834
0.957151
0.955976
0.954817
0.953672
0.952545
0.95143
0.950325
0.949241
0.948167
0.947107
0.946064
0.945031
0.944012
0.943009
0.942022
0.94105
0.940102
0.939179
0.938286
0.937423
0.936603
0.935827
0.935102
0.934436
0.933841
0.933329
0.932905
0.932589
0.932388
0.932318
0.932398
0.932643
0.933067
0.933692
0.934532
0.935601
0.936917
0.938497
0.940341
0.942465
0.944864
0.947538
0.950476
0.953653
0.957047
0.96062
0.964324
0.968093
0.97185
0.975497
0.978904
0.981906
0.98429
0.985795
0.986054
0.984539
0.980059
0.967975
0.953463
0.937533
0.919332
0.89759
0.870284
0.834048
0.78345
0.709572
0.598525
0.430381
0.112451
0.574709
0.835351
0.930948
0.964457
0.97729
0.98304
0.986186
0.988315
0.990026
0.991533
0.992872
0.994035
0.99502
0.995824
0.996466
0.996965
0.997342
0.99762
0.997816
0.997948
0.998033
0.998085
0.998112
0.998123
0.998124
0.998118
0.998106
0.998074
0.998027
0.997962
0.997878
0.997777
0.997654
0.99751
0.99734
0.997145
0.996917
0.996656
0.996361
0.996025
0.995646
0.995221
0.994751
0.994232
0.993663
0.993045
0.992377
0.991665
0.990906
0.990105
0.989264
0.988389
0.987481
0.986545
0.985587
0.984611
0.983619
0.982613
0.981602
0.980591
0.979576
0.978567
0.977562
0.976565
0.975581
0.974606
0.973646
0.972705
0.971774
0.970862
0.969965
0.969088
0.968228
0.967383
0.966558
0.965746
0.964955
0.96418
0.963419
0.962674
0.961948
0.961238
0.960545
0.95986
0.959192
0.958542
0.957909
0.957294
0.9567
0.956135
0.955596
0.955089
0.954617
0.954186
0.953804
0.953475
0.953209
0.953008
0.952882
0.952846
0.952901
0.953064
0.953345
0.95375
0.954295
0.954984
0.955835
0.956851
0.958037
0.959405
0.960947
0.962664
0.964551
0.966595
0.968774
0.971067
0.973438
0.975847
0.978238
0.980547
0.982691
0.984567
0.986048
0.986976
0.987146
0.986283
0.984009
0.979787
0.971267
0.959315
0.946129
0.931185
0.913603
0.891855
0.862918
0.821262
0.756
0.646468
0.455294
0.228407
0.740665
0.916369
0.963553
0.977945
0.983548
0.98643
0.988368
0.989984
0.991496
0.992943
0.994263
0.995391
0.99631
0.99703
0.997575
0.997967
0.998233
0.998395
0.998479
0.998506
0.998495
0.998463
0.998424
0.998387
0.998357
0.998336
0.998328
0.998312
0.99829
0.998261
0.998222
0.998172
0.998109
0.998033
0.997938
0.997825
0.997691
0.997533
0.997351
0.99714
0.996898
0.996626
0.996318
0.995977
0.995596
0.995178
0.994721
0.994228
0.993697
0.993129
0.992531
0.991899
0.991238
0.990552
0.989845
0.989116
0.988374
0.987621
0.986858
0.986091
0.98532
0.984552
0.983785
0.983028
0.982278
0.981536
0.980808
0.980091
0.979391
0.978703
0.978033
0.977374
0.976737
0.976114
0.975506
0.974913
0.974336
0.973777
0.973236
0.972704
0.972192
0.971698
0.97121
0.970738
0.97028
0.969836
0.969406
0.968994
0.968601
0.968225
0.967873
0.967549
0.967249
0.966984
0.96675
0.966561
0.966415
0.966318
0.966278
0.966298
0.966389
0.966556
0.966804
0.967142
0.967576
0.968113
0.968758
0.969513
0.970387
0.971374
0.972476
0.97369
0.975009
0.976416
0.977895
0.979425
0.980979
0.982519
0.983998
0.985361
0.986538
0.987444
0.987978
0.988006
0.987365
0.985845
0.983159
0.978948
0.972518
0.96266
0.951295
0.938402
0.923356
0.905133
0.881279
0.846927
0.79064
0.686152
0.475127
0.37291
0.858276
0.956489
0.976735
0.983146
0.986139
0.988041
0.989588
0.991069
0.992581
0.994076
0.995406
0.996495
0.997334
0.99795
0.998377
0.998643
0.998774
0.998796
0.998739
0.99863
0.998493
0.998354
0.998225
0.99812
0.998046
0.998004
0.997994
0.997993
0.997998
0.998007
0.998016
0.998022
0.998023
0.998014
0.997993
0.997957
0.997906
0.997838
0.997745
0.997634
0.997496
0.997333
0.997142
0.996922
0.996676
0.996398
0.996089
0.995749
0.995381
0.994982
0.994555
0.994101
0.993624
0.993122
0.992601
0.992063
0.991509
0.990944
0.990372
0.989795
0.98921
0.988628
0.988047
0.987467
0.986896
0.986332
0.985779
0.985233
0.9847
0.98418
0.983675
0.983179
0.982701
0.982232
0.981779
0.981341
0.980915
0.980506
0.980108
0.979722
0.979355
0.978996
0.978652
0.978316
0.977992
0.977679
0.977377
0.97709
0.97682
0.976561
0.976322
0.976105
0.975905
0.975728
0.975582
0.975463
0.975379
0.97533
0.975324
0.975359
0.975448
0.975585
0.975785
0.976048
0.976374
0.976774
0.977244
0.977794
0.978417
0.97912
0.979892
0.980732
0.981635
0.982585
0.983566
0.984561
0.985541
0.986473
0.987324
0.988035
0.988555
0.988806
0.988704
0.988136
0.986969
0.985031
0.98211
0.977951
0.972279
0.964422
0.954368
0.942887
0.929473
0.913461
0.892894
0.863873
0.815618
0.71839
0.491897
0.529761
0.923878
0.97226
0.981712
0.985411
0.987485
0.989018
0.99042
0.991895
0.993478
0.995048
0.996385
0.997405
0.99814
0.998635
0.998929
0.999047
0.999014
0.998861
0.998623
0.998336
0.998038
0.997754
0.997508
0.997315
0.997182
0.997112
0.997098
0.997112
0.99715
0.997206
0.997273
0.997346
0.997423
0.997496
0.99756
0.997614
0.997651
0.99767
0.997673
0.997652
0.997611
0.997545
0.997453
0.997337
0.997194
0.997024
0.996829
0.996608
0.99636
0.996088
0.99579
0.99547
0.995129
0.994767
0.994388
0.993991
0.993582
0.993161
0.992731
0.992297
0.991858
0.991415
0.990974
0.990536
0.990099
0.989671
0.989248
0.988832
0.988428
0.988033
0.987647
0.987273
0.986906
0.986554
0.986213
0.985883
0.985566
0.985259
0.984964
0.984677
0.984406
0.984143
0.983892
0.983645
0.983409
0.983184
0.982968
0.982763
0.982566
0.982385
0.982212
0.982059
0.981919
0.981798
0.981697
0.981618
0.981559
0.981532
0.981531
0.981566
0.981632
0.981737
0.981882
0.982073
0.982308
0.982594
0.982927
0.98331
0.983741
0.984224
0.984746
0.98531
0.985903
0.986515
0.987129
0.987733
0.988297
0.988793
0.989186
0.989431
0.989481
0.989266
0.988711
0.987725
0.986193
0.983978
0.980911
0.976809
0.971471
0.964711
0.956048
0.945612
0.933331
0.918781
0.900296
0.87487
0.833014
0.743794
0.506747
0.678734
0.95002
0.977513
0.983965
0.986681
0.988341
0.989692
0.991048
0.992565
0.994252
0.99591
0.997221
0.998144
0.998755
0.999122
0.999268
0.999212
0.998974
0.998596
0.998124
0.997607
0.997095
0.996626
0.99623
0.995925
0.99572
0.995615
0.995597
0.995631
0.995711
0.995826
0.995969
0.996129
0.996299
0.996472
0.996642
0.9968
0.996944
0.997069
0.997174
0.997258
0.997315
0.997347
0.997352
0.997333
0.99729
0.997218
0.99712
0.996997
0.996852
0.996679
0.996485
0.99627
0.996034
0.995781
0.995513
0.995226
0.99493
0.994621
0.994302
0.993978
0.993649
0.993317
0.992983
0.992651
0.99232
0.991994
0.991673
0.991356
0.991048
0.990742
0.990449
0.990162
0.989887
0.989617
0.989357
0.989107
0.988864
0.988634
0.988408
0.988194
0.98799
0.987791
0.987604
0.98742
0.987246
0.987078
0.986916
0.986761
0.986618
0.986481
0.986355
0.986238
0.986137
0.986046
0.98597
0.985908
0.985865
0.985842
0.985836
0.985856
0.985899
0.985967
0.986067
0.986194
0.986352
0.986542
0.986761
0.987014
0.987296
0.987605
0.987936
0.988285
0.988644
0.988999
0.989338
0.989643
0.989892
0.990059
0.990109
0.990007
0.989701
0.989137
0.988247
0.986954
0.985156
0.982746
0.979585
0.975532
0.970428
0.964115
0.956439
0.947114
0.935679
0.922156
0.905032
0.881937
0.844734
0.76304
0.520368
0.77995
0.963822
0.980867
0.985332
0.987505
0.988935
0.990184
0.991535
0.99312
0.994933
0.99667
0.997928
0.998727
0.999209
0.999439
0.99942
0.999152
0.998658
0.997987
0.99721
0.996395
0.995608
0.994904
0.994321
0.993878
0.993589
0.993446
0.993425
0.993489
0.993625
0.993821
0.994061
0.994334
0.994625
0.994925
0.995223
0.995511
0.995783
0.996036
0.996263
0.996464
0.996638
0.99678
0.996892
0.996974
0.997027
0.997052
0.997048
0.997018
0.996962
0.996881
0.996778
0.996654
0.996509
0.996345
0.996163
0.995968
0.995761
0.99554
0.995312
0.995076
0.994833
0.994587
0.994339
0.99409
0.993841
0.993595
0.993348
0.993109
0.992871
0.992642
0.992417
0.992198
0.991986
0.991778
0.991581
0.991388
0.991204
0.991026
0.990851
0.990686
0.990531
0.990377
0.990234
0.990096
0.989961
0.98983
0.989706
0.98959
0.989476
0.989373
0.989273
0.989181
0.9891
0.989023
0.988961
0.988909
0.988868
0.988838
0.988826
0.988829
0.988847
0.98888
0.988936
0.989005
0.989098
0.989207
0.989336
0.989482
0.989643
0.989816
0.989996
0.990175
0.990347
0.990502
0.990623
0.990696
0.990696
0.990603
0.990387
0.990011
0.989432
0.988598
0.987451
0.985922
0.983925
0.98137
0.978143
0.974128
0.96919
0.963188
0.955968
0.947325
0.936948
0.924189
0.908018
0.886433
0.852371
0.776924
0.533201
0.856939
0.971502
0.983056
0.98642
0.988116
0.989354
0.990542
0.99191
0.993582
0.995528
0.997346
0.998512
0.99917
0.999526
0.999619
0.999409
0.998872
0.998041
0.99699
0.995817
0.994622
0.993493
0.992499
0.99169
0.991087
0.990702
0.990526
0.990509
0.990617
0.990833
0.991136
0.991505
0.991922
0.992368
0.992827
0.993287
0.993737
0.994169
0.994573
0.994946
0.995285
0.995589
0.995859
0.996088
0.996284
0.996443
0.996569
0.996662
0.996724
0.996757
0.996763
0.996744
0.996701
0.996637
0.996552
0.99645
0.996331
0.996198
0.996055
0.995899
0.995735
0.995565
0.995388
0.995207
0.995026
0.994842
0.994658
0.994474
0.994293
0.994114
0.993939
0.993767
0.993599
0.993436
0.993278
0.993125
0.992979
0.992833
0.992694
0.992561
0.992433
0.992311
0.992191
0.992078
0.991967
0.991864
0.991758
0.99166
0.991566
0.991474
0.991387
0.991305
0.991228
0.991155
0.991091
0.991033
0.990981
0.990937
0.990902
0.990874
0.990855
0.990849
0.990853
0.990866
0.990889
0.990923
0.990964
0.991015
0.991073
0.991134
0.991193
0.991247
0.99129
0.991311
0.991297
0.991242
0.991126
0.990931
0.99063
0.990198
0.989602
0.988802
0.98775
0.986398
0.984684
0.982532
0.979865
0.97659
0.972599
0.967781
0.962005
0.955112
0.946891
0.937025
0.924987
0.909775
0.889205
0.857138
0.786291
0.545562
0.905439
0.976225
0.984558
0.987199
0.988616
0.989675
0.990797
0.992191
0.993953
0.996042
0.997935
0.998979
0.999492
0.999735
0.999687
0.999239
0.998352
0.99708
0.995539
0.993865
0.992197
0.99065
0.98931
0.988235
0.987453
0.986972
0.986773
0.986773
0.986949
0.987276
0.987723
0.988261
0.988864
0.989506
0.990165
0.990826
0.991473
0.992093
0.992679
0.993225
0.993729
0.994185
0.994596
0.99496
0.99528
0.995555
0.995792
0.995988
0.996145
0.996271
0.996364
0.99643
0.996464
0.996476
0.996466
0.996435
0.996387
0.996321
0.996244
0.996151
0.99605
0.99594
0.995822
0.9957
0.995571
0.995442
0.995308
0.995175
0.995042
0.994909
0.994778
0.994649
0.994523
0.994397
0.994276
0.994157
0.994041
0.993929
0.993821
0.993717
0.993614
0.993514
0.993421
0.993328
0.993239
0.993151
0.993067
0.992984
0.992905
0.992825
0.99275
0.992679
0.992609
0.99254
0.992478
0.992419
0.992362
0.992312
0.992264
0.99222
0.992183
0.992151
0.992121
0.9921
0.99208
0.992062
0.992044
0.99203
0.992009
0.991984
0.991948
0.991897
0.991821
0.991717
0.991568
0.991364
0.991089
0.990727
0.990254
0.989643
0.988862
0.987883
0.986655
0.985136
0.983273
0.980996
0.978239
0.974921
0.970949
0.966219
0.960606
0.953954
0.946049
0.936575
0.925002
0.910354
0.890533
0.85967
0.791903
0.557663
0.92713
0.980705
0.985625
0.987757
0.988965
0.989945
0.990984
0.992386
0.994241
0.996476
0.998447
0.99934
0.99971
0.999865
0.999659
0.998905
0.99756
0.995718
0.993556
0.991264
0.989023
0.986978
0.985238
0.98387
0.982899
0.982327
0.982128
0.982167
0.982445
0.982921
0.983556
0.984311
0.985147
0.986032
0.986937
0.98784
0.98872
0.989563
0.990365
0.99111
0.991801
0.992433
0.993006
0.993521
0.993979
0.994384
0.994739
0.995045
0.995307
0.995528
0.995711
0.99586
0.995976
0.996064
0.996125
0.996161
0.996179
0.996176
0.996158
0.996125
0.996077
0.99602
0.995954
0.995882
0.995801
0.995717
0.995628
0.995536
0.995442
0.995348
0.995253
0.995156
0.99506
0.994968
0.994876
0.994782
0.994694
0.994603
0.994519
0.994432
0.994351
0.994269
0.994191
0.994113
0.99404
0.993965
0.993891
0.99382
0.993747
0.993677
0.993605
0.993536
0.993469
0.993403
0.993337
0.993272
0.993208
0.993146
0.993087
0.993028
0.992969
0.992912
0.992853
0.992794
0.992733
0.992669
0.9926
0.992523
0.992437
0.992337
0.992218
0.992072
0.991897
0.991682
0.991415
0.991085
0.990679
0.990174
0.989553
0.98879
0.987857
0.986722
0.985347
0.983692
0.981703
0.979323
0.976495
0.973141
0.969181
0.964514
0.959025
0.952553
0.944888
0.935713
0.924505
0.91031
0.891083
0.861151
0.795572
0.566426
0.94067
0.982335
0.986399
0.988148
0.989199
0.990111
0.991147
0.992499
0.994445
0.99683
0.998881
0.999603
0.99985
0.999938
0.999544
0.998388
0.996446
0.993883
0.990953
0.987917
0.985
0.982385
0.980196
0.978508
0.977347
0.976705
0.976539
0.976656
0.97708
0.97776
0.978642
0.979669
0.980792
0.981971
0.983169
0.984356
0.98551
0.986615
0.987658
0.98863
0.989531
0.990357
0.99111
0.99179
0.9924
0.992945
0.993429
0.993852
0.994224
0.994546
0.994822
0.995058
0.995256
0.995419
0.995552
0.995656
0.995736
0.995794
0.995832
0.995853
0.995858
0.99585
0.99583
0.9958
0.995762
0.995716
0.995665
0.995608
0.995549
0.995483
0.995417
0.995351
0.995283
0.995213
0.995143
0.995072
0.995001
0.994931
0.99486
0.99479
0.994722
0.994655
0.994588
0.994521
0.994455
0.994388
0.99432
0.994255
0.994185
0.994119
0.994049
0.993979
0.993909
0.99384
0.993768
0.993697
0.993624
0.993549
0.993475
0.993395
0.993316
0.993234
0.993145
0.993052
0.992954
0.992847
0.992729
0.992598
0.99245
0.992281
0.992086
0.991862
0.991597
0.991285
0.990912
0.990472
0.989947
0.98932
0.988572
0.987678
0.986615
0.98535
0.983852
0.982078
0.979983
0.977522
0.974633
0.971248
0.967294
0.962675
0.957277
0.950945
0.943468
0.934531
0.923615
0.909782
0.891032
0.86183
0.79789
0.572567
0.950023
0.983569
0.987017
0.988398
0.989313
0.990181
0.991229
0.992595
0.994563
0.997097
0.999239
0.999785
0.999931
0.999975
0.999342
0.997657
0.994951
0.991497
0.987648
0.983738
0.980047
0.976789
0.97411
0.97209
0.970756
0.970079
0.969911
0.970158
0.970801
0.971763
0.972969
0.974345
0.975827
0.977362
0.978906
0.980424
0.981891
0.983287
0.984601
0.985825
0.986956
0.987994
0.988939
0.989796
0.990569
0.991261
0.99188
0.992431
0.992915
0.993342
0.993717
0.994041
0.994321
0.994561
0.994764
0.994935
0.995077
0.995193
0.995286
0.995358
0.995411
0.995448
0.995472
0.995481
0.99548
0.995471
0.995452
0.995427
0.995396
0.99536
0.99532
0.995274
0.995227
0.995177
0.995125
0.995072
0.995017
0.99496
0.994902
0.994845
0.994784
0.994724
0.994665
0.994606
0.994544
0.99448
0.994417
0.994351
0.994284
0.994215
0.994144
0.994073
0.993996
0.99392
0.993841
0.99376
0.993673
0.993584
0.993492
0.993395
0.993294
0.993182
0.993067
0.992943
0.992804
0.992656
0.992492
0.99231
0.992106
0.991876
0.991612
0.991314
0.990968
0.990567
0.990107
0.989568
0.988939
0.988203
0.987343
0.986335
0.985158
0.983781
0.982176
0.980305
0.978124
0.97559
0.97265
0.969241
0.965289
0.960709
0.955381
0.949158
0.941834
0.933088
0.922411
0.908878
0.890514
0.861897
0.799197
0.576704
0.956771
0.984457
0.987371
0.988531
0.989329
0.990144
0.991214
0.992663
0.994613
0.997279
0.999529
0.999899
0.999973
0.999991
0.999043
0.996675
0.993016
0.988489
0.983562
0.978651
0.974089
0.970125
0.966924
0.964576
0.963097
0.962442
0.96231
0.962762
0.963703
0.96503
0.96664
0.968439
0.970348
0.972298
0.974238
0.976128
0.977942
0.979656
0.981262
0.982756
0.984131
0.98539
0.986538
0.987579
0.988518
0.989364
0.990121
0.990798
0.9914
0.991933
0.992403
0.992818
0.993182
0.993499
0.993774
0.994013
0.994214
0.994386
0.994531
0.994651
0.994753
0.994831
0.994894
0.994942
0.994976
0.994999
0.99501
0.995012
0.995007
0.994994
0.994976
0.99495
0.994921
0.994886
0.99485
0.994809
0.994764
0.994718
0.994671
0.99462
0.994567
0.994513
0.994457
0.994399
0.994338
0.994277
0.994212
0.994146
0.994077
0.994004
0.993929
0.993848
0.993767
0.993681
0.993592
0.993497
0.993397
0.993294
0.993182
0.993065
0.992939
0.992804
0.992658
0.9925
0.992329
0.992138
0.991932
0.9917
0.991444
0.991156
0.99083
0.990463
0.990043
0.989567
0.989021
0.988393
0.987672
0.986839
0.985882
0.984777
0.983501
0.982029
0.980332
0.978376
0.976118
0.973525
0.970544
0.967111
0.963162
0.958609
0.953341
0.947209
0.940008
0.931424
0.920951
0.907668
0.889638
0.861497
0.799721
0.579291
0.96176
0.98508
0.987553
0.988549
0.989233
0.990003
0.991092
0.99263
0.994659
0.997368
0.99975
0.999962
0.999992
0.999998
0.998637
0.995398
0.990581
0.984792
0.978633
0.972603
0.967084
0.962353
0.958605
0.955939
0.954366
0.953811
0.953844
0.954597
0.955939
0.957725
0.959827
0.962126
0.964521
0.966935
0.969306
0.971599
0.973777
0.975828
0.977735
0.979501
0.981124
0.982608
0.983959
0.985184
0.986291
0.987289
0.988184
0.988986
0.989703
0.990343
0.99091
0.991413
0.991857
0.992249
0.992593
0.992893
0.993157
0.993382
0.99358
0.993746
0.993891
0.994009
0.994109
0.994191
0.994258
0.994309
0.994348
0.994374
0.994392
0.994399
0.994399
0.99439
0.994377
0.994355
0.99433
0.9943
0.994265
0.994225
0.994183
0.994136
0.994089
0.994034
0.993979
0.993923
0.993861
0.993799
0.993731
0.993661
0.993586
0.993507
0.993423
0.993336
0.993243
0.993148
0.993045
0.992937
0.992822
0.9927
0.99257
0.992429
0.992279
0.992119
0.991943
0.991754
0.991547
0.99132
0.991068
0.990793
0.990485
0.990142
0.98976
0.989329
0.988843
0.988292
0.987671
0.986964
0.98616
0.985247
0.984201
0.983008
0.981646
0.98009
0.978315
0.976283
0.973967
0.971324
0.968305
0.964855
0.96091
0.956383
0.951165
0.945109
0.938014
0.929568
0.919271
0.906214
0.888467
0.860721
0.799642
0.580676
0.9655
0.985507
0.987608
0.988447
0.989031
0.989746
0.990856
0.99249
0.994679
0.997386
0.999903
0.99999
0.999998
0.999999
0.998106
0.993786
0.98759
0.980356
0.972825
0.96557
0.95901
0.953454
0.949131
0.94617
0.944581
0.944145
0.944476
0.94569
0.947594
0.949992
0.952708
0.955597
0.958544
0.961464
0.964296
0.966999
0.969548
0.971929
0.974133
0.976165
0.978026
0.979725
0.981269
0.982669
0.983932
0.985076
0.986103
0.987025
0.987849
0.988587
0.989248
0.989838
0.990358
0.990824
0.991233
0.991595
0.991913
0.992194
0.992436
0.992649
0.99283
0.992987
0.993122
0.993237
0.99333
0.993409
0.99347
0.993518
0.993556
0.993581
0.993595
0.993601
0.993601
0.99359
0.993573
0.99355
0.993521
0.993486
0.993446
0.993402
0.993355
0.993302
0.993245
0.993184
0.993119
0.993054
0.992979
0.992902
0.99282
0.992734
0.992642
0.992543
0.99244
0.99233
0.992213
0.99209
0.991957
0.991815
0.991664
0.991502
0.991327
0.99114
0.990936
0.990716
0.990472
0.990206
0.989916
0.989596
0.989242
0.988846
0.988409
0.987919
0.987371
0.986757
0.986067
0.985287
0.98441
0.983419
0.982297
0.981028
0.979592
0.977964
0.976119
0.97403
0.971662
0.968974
0.96593
0.962468
0.958529
0.954022
0.948851
0.942867
0.935867
0.927544
0.917406
0.90455
0.887062
0.859653
0.799097
0.58112
0.968318
0.98576
0.987538
0.988207
0.988719
0.989373
0.990494
0.992231
0.994591
0.9974
0.999986
0.999999
1
1
0.997431
0.991797
0.984002
0.975152
0.966128
0.957559
0.94988
0.943429
0.938495
0.935274
0.933782
0.933277
0.934136
0.936077
0.938801
0.942024
0.945518
0.949106
0.952668
0.956123
0.959419
0.962526
0.965423
0.968112
0.970586
0.972858
0.974933
0.976825
0.978542
0.980097
0.981501
0.982772
0.983917
0.984947
0.985872
0.986701
0.987444
0.988109
0.988702
0.989232
0.989702
0.99012
0.990489
0.990816
0.991104
0.991356
0.991576
0.991767
0.991932
0.992075
0.992194
0.992294
0.992377
0.992446
0.992499
0.992537
0.992566
0.992582
0.992591
0.992589
0.992576
0.992559
0.992534
0.992501
0.99246
0.992418
0.992368
0.992311
0.99225
0.992187
0.992116
0.992042
0.991962
0.991875
0.991783
0.991686
0.991581
0.991471
0.991355
0.991229
0.991097
0.990955
0.990804
0.990642
0.990471
0.990285
0.990085
0.98987
0.989637
0.989382
0.989105
0.988804
0.988474
0.988112
0.987711
0.987271
0.98678
0.986238
0.985633
0.984958
0.984204
0.983362
0.98242
0.981361
0.980169
0.978837
0.977334
0.975645
0.973743
0.971606
0.969194
0.966476
0.963411
0.959939
0.956007
0.951528
0.946401
0.940478
0.93357
0.925367
0.915379
0.902712
0.885463
0.858345
0.798184
0.580813
0.970414
0.985881
0.987372
0.987878
0.988291
0.988867
0.989994
0.991838
0.994393
0.997414
1
0.999999
0.999998
0.999999
0.996596
0.9894
0.979785
0.969174
0.95857
0.948625
0.939756
0.932311
0.926681
0.923237
0.922009
0.921949
0.923585
0.926489
0.930226
0.934412
0.938763
0.943085
0.94726
0.951221
0.954941
0.958397
0.961596
0.964539
0.967235
0.969701
0.971949
0.973994
0.975851
0.977533
0.979054
0.980432
0.981673
0.982789
0.983798
0.984706
0.985517
0.986248
0.986902
0.987488
0.988008
0.988475
0.98889
0.989258
0.989586
0.989873
0.990125
0.990344
0.990537
0.990704
0.990843
0.990966
0.991065
0.991148
0.991215
0.991265
0.991302
0.991325
0.99134
0.991343
0.991336
0.991319
0.991292
0.991261
0.991219
0.991173
0.991117
0.991058
0.990991
0.990919
0.990841
0.990758
0.990666
0.990569
0.990466
0.990357
0.99024
0.990113
0.989981
0.98984
0.989689
0.989529
0.989358
0.989177
0.988981
0.98877
0.988547
0.988302
0.988039
0.987756
0.987444
0.987107
0.986741
0.986335
0.985894
0.985407
0.984869
0.984276
0.983617
0.982889
0.982079
0.981179
0.980176
0.979058
0.977812
0.976419
0.974862
0.973122
0.971172
0.968993
0.966551
0.963807
0.960729
0.95726
0.953338
0.948887
0.943801
0.937949
0.931129
0.923043
0.913205
0.900725
0.883696
0.85685
0.796974
0.579909
0.971941
0.985895
0.987122
0.987456
0.987738
0.988222
0.989342
0.991296
0.994073
0.997364
1
1
0.999998
0.999997
0.995594
0.986562
0.974925
0.96245
0.950233
0.938895
0.928769
0.920173
0.913647
0.910005
0.908534
0.90951
0.912715
0.917273
0.922465
0.927818
0.93306
0.938065
0.942756
0.947115
0.951144
0.954851
0.958251
0.961367
0.964212
0.966807
0.969171
0.971319
0.973269
0.975036
0.976642
0.978093
0.979402
0.98059
0.981658
0.982623
0.98349
0.984271
0.984973
0.985603
0.986169
0.98667
0.987121
0.987522
0.98788
0.988195
0.988472
0.988716
0.988929
0.989114
0.989275
0.98941
0.989522
0.989616
0.989693
0.989751
0.989796
0.989824
0.98984
0.989843
0.989837
0.989819
0.989791
0.989755
0.98971
0.989658
0.989596
0.989527
0.989452
0.98937
0.989282
0.989188
0.989084
0.988975
0.988858
0.988732
0.988601
0.988459
0.98831
0.98815
0.98798
0.987799
0.987609
0.987403
0.987182
0.986949
0.986696
0.986426
0.986132
0.985817
0.985473
0.985103
0.984697
0.984254
0.983772
0.983241
0.982661
0.98202
0.981314
0.980537
0.979677
0.978726
0.977671
0.976502
0.975207
0.973765
0.97216
0.970381
0.968396
0.966185
0.963718
0.960961
0.957876
0.95441
0.950506
0.946088
0.941055
0.935271
0.928541
0.920576
0.91089
0.898598
0.881791
0.855197
0.795518
0.578513
0.972989
0.985815
0.986794
0.986904
0.987
0.987425
0.988527
0.99059
0.993614
0.997238
0.999997
0.999997
0.999998
0.999996
0.994409
0.983255
0.969419
0.955052
0.941274
0.928612
0.917203
0.907228
0.899331
0.895327
0.894013
0.897322
0.903316
0.91018
0.916961
0.923323
0.929202
0.934612
0.939574
0.944119
0.948279
0.952083
0.955557
0.958732
0.961629
0.964268
0.966673
0.968868
0.970858
0.972666
0.974306
0.975799
0.97715
0.978372
0.979476
0.980475
0.981377
0.982191
0.982924
0.983584
0.984176
0.984707
0.985183
0.985606
0.985984
0.98632
0.986616
0.986875
0.987104
0.987302
0.98747
0.987617
0.987738
0.987837
0.987919
0.98798
0.988025
0.988055
0.98807
0.988072
0.988062
0.988042
0.988006
0.987964
0.987912
0.987849
0.98778
0.9877
0.987614
0.98752
0.987419
0.98731
0.987192
0.987067
0.986935
0.986793
0.986641
0.986483
0.986313
0.986134
0.985945
0.985744
0.985528
0.985299
0.985056
0.984794
0.984516
0.984216
0.983894
0.983548
0.983172
0.982767
0.982326
0.981846
0.981325
0.980756
0.980135
0.979451
0.978704
0.977882
0.976977
0.975981
0.974882
0.973671
0.972329
0.970851
0.969213
0.967397
0.965385
0.963152
0.96067
0.957906
0.954819
0.951369
0.947492
0.943114
0.938138
0.932433
0.925805
0.917964
0.908441
0.896344
0.879765
0.853411
0.793862
0.5767
0.973611
0.985654
0.986397
0.986248
0.986096
0.986477
0.987532
0.989698
0.992992
0.99703
1
1
0.999998
1
0.993031
0.97945
0.96329
0.947112
0.931975
0.918235
0.905686
0.894152
0.883842
0.875867
0.87913
0.890231
0.90025
0.907985
0.915086
0.921639
0.927691
0.933059
0.937952
0.942407
0.946479
0.950202
0.953606
0.956715
0.959558
0.962152
0.964525
0.966685
0.968662
0.970453
0.972088
0.973573
0.974927
0.976154
0.977267
0.978279
0.979188
0.980014
0.980759
0.981432
0.982037
0.982581
0.983067
0.983504
0.983891
0.984237
0.984542
0.98481
0.985043
0.985245
0.985421
0.985567
0.985691
0.985792
0.985872
0.985932
0.985976
0.986001
0.98601
0.986006
0.98599
0.985957
0.985915
0.985863
0.985799
0.985725
0.985643
0.985548
0.985448
0.985338
0.985222
0.985096
0.984962
0.984819
0.984669
0.984507
0.984336
0.984158
0.983968
0.983767
0.983555
0.983329
0.98309
0.982836
0.982569
0.982281
0.981975
0.981646
0.981295
0.980917
0.980511
0.980071
0.979599
0.979084
0.978527
0.977922
0.977262
0.976541
0.975755
0.974896
0.973953
0.972917
0.971784
0.970535
0.969162
0.96765
0.965983
0.964145
0.962114
0.95987
0.957381
0.954618
0.951545
0.948117
0.944272
0.939945
0.935035
0.929414
0.9229
0.915209
0.905859
0.893963
0.877628
0.851504
0.792025
0.574507
0.973815
0.985446
0.985992
0.98558
0.985168
0.985381
0.986352
0.988601
0.992179
0.996732
0.999998
1
1
0.999998
0.99144
0.975096
0.95658
0.938858
0.922832
0.908659
0.895702
0.883426
0.870791
0.878275
0.885248
0.894403
0.902773
0.909802
0.916305
0.922322
0.927873
0.932848
0.937406
0.94158
0.945493
0.949206
0.952401
0.955328
0.958013
0.960475
0.962732
0.964802
0.966694
0.968421
0.969999
0.971442
0.972755
0.973948
0.975041
0.97603
0.976928
0.977741
0.978477
0.979143
0.979742
0.980282
0.980767
0.9812
0.981587
0.98193
0.982231
0.982496
0.982729
0.982927
0.983098
0.983242
0.983358
0.983453
0.983526
0.983579
0.983612
0.983629
0.983629
0.983612
0.983583
0.98354
0.983483
0.983416
0.983338
0.983249
0.983148
0.98304
0.98292
0.982793
0.982657
0.982511
0.982357
0.982194
0.982022
0.981839
0.981645
0.981445
0.981231
0.981007
0.98077
0.980521
0.980255
0.979977
0.979681
0.979367
0.979032
0.978675
0.978294
0.977887
0.977449
0.976979
0.976475
0.975928
0.975337
0.974699
0.974006
0.973252
0.97243
0.971538
0.970562
0.969498
0.968331
0.967054
0.965656
0.964121
0.962437
0.960583
0.958542
0.956292
0.953806
0.951058
0.948007
0.944614
0.940812
0.93655
0.931721
0.926211
0.919823
0.912292
0.903135
0.891472
0.875376
0.849486
0.790017
0.571939
0.973575
0.985197
0.985632
0.98497
0.984191
0.984125
0.984995
0.987276
0.991132
0.996334
0.999998
1
1
0.999999
0.989619
0.970126
0.949379
0.930703
0.914749
0.901629
0.890771
0.886892
0.887861
0.890648
0.895806
0.902221
0.908489
0.914257
0.919721
0.924842
0.929604
0.933957
0.937992
0.941741
0.945276
0.948621
0.951537
0.954434
0.956953
0.959205
0.961282
0.96319
0.964944
0.966555
0.968031
0.969384
0.970621
0.971751
0.97278
0.973719
0.974579
0.975356
0.976062
0.976699
0.977275
0.977792
0.978256
0.978671
0.979041
0.979368
0.979656
0.979909
0.980124
0.980312
0.980467
0.980597
0.980701
0.980781
0.980838
0.980875
0.980894
0.980894
0.980878
0.980845
0.9808
0.980738
0.980664
0.980577
0.98048
0.980368
0.98025
0.980119
0.979979
0.979831
0.97967
0.979503
0.979325
0.979137
0.97894
0.978733
0.978517
0.978289
0.978052
0.9778
0.977537
0.977261
0.97697
0.976664
0.97634
0.975997
0.975633
0.975249
0.974837
0.9744
0.973934
0.973435
0.972896
0.972321
0.971699
0.971031
0.970307
0.969522
0.968674
0.967752
0.96675
0.965658
0.964471
0.963174
0.961757
0.960207
0.958512
0.956656
0.954614
0.952371
0.9499
0.947176
0.944158
0.940808
0.937075
0.932887
0.928163
0.922775
0.916554
0.909209
0.900271
0.888851
0.873019
0.847358
0.787829
0.568952
0.973087
0.984658
0.985332
0.984622
0.983283
0.982482
0.983512
0.985729
0.989788
0.995805
0.999998
0.999998
1
0.999998
0.987507
0.964441
0.941872
0.923394
0.909376
0.901871
0.89857
0.898379
0.900043
0.902544
0.90643
0.910978
0.915596
0.920079
0.92441
0.928531
0.932416
0.936044
0.939461
0.942681
0.945734
0.948607
0.951197
0.953738
0.955977
0.958272
0.960107
0.961803
0.963375
0.964822
0.966151
0.967374
0.968493
0.969525
0.970469
0.971328
0.972114
0.972826
0.973476
0.974064
0.974593
0.97507
0.975496
0.975876
0.976212
0.976509
0.976767
0.976993
0.977183
0.977344
0.977476
0.97758
0.977662
0.977718
0.977752
0.977766
0.977762
0.97774
0.977698
0.977644
0.977573
0.977488
0.977389
0.977277
0.977156
0.977021
0.976876
0.976719
0.976553
0.976377
0.976191
0.975995
0.975791
0.975575
0.975352
0.975118
0.974871
0.974616
0.974349
0.974071
0.973778
0.973473
0.973153
0.972818
0.972463
0.972091
0.9717
0.971283
0.970844
0.970376
0.969881
0.969351
0.968785
0.96818
0.967532
0.966833
0.966082
0.965273
0.9644
0.963456
0.962431
0.961321
0.960117
0.958806
0.957379
0.955827
0.954129
0.952275
0.950246
0.948021
0.94558
0.942891
0.939923
0.936642
0.932995
0.928916
0.924325
0.919098
0.913062
0.905936
0.897248
0.886101
0.87055
0.845112
0.785431
0.565442
0.972576
0.983531
0.984849
0.984397
0.983193
0.981532
0.982078
0.983998
0.988066
0.995097
1
0.999999
1
0.999997
0.98502
0.957877
0.934488
0.918381
0.911911
0.909033
0.908574
0.909698
0.911004
0.913315
0.916288
0.919586
0.922971
0.926332
0.92962
0.932792
0.935829
0.938727
0.941494
0.944132
0.946644
0.949014
0.951215
0.953345
0.955287
0.957251
0.959017
0.960543
0.961889
0.963135
0.964282
0.965339
0.966314
0.967211
0.968029
0.968784
0.969468
0.970093
0.970659
0.971173
0.971631
0.972047
0.972413
0.972742
0.973027
0.973276
0.973491
0.973671
0.973821
0.973944
0.974038
0.974107
0.974153
0.974176
0.974176
0.974158
0.97412
0.974067
0.973994
0.973908
0.973805
0.97369
0.97356
0.973416
0.973264
0.973097
0.972922
0.972734
0.972535
0.972328
0.972109
0.971882
0.971645
0.971399
0.971142
0.970875
0.970598
0.970311
0.970011
0.9697
0.969377
0.96904
0.968686
0.96832
0.967933
0.967529
0.967106
0.966659
0.966187
0.965692
0.965165
0.964605
0.964012
0.963379
0.962703
0.961978
0.961206
0.960372
0.959478
0.958515
0.957475
0.956352
0.955137
0.953822
0.952391
0.950841
0.949156
0.947318
0.945312
0.943123
0.940731
0.938104
0.935217
0.932034
0.928501
0.924566
0.92015
0.915121
0.909316
0.902453
0.894054
0.883213
0.867956
0.84273
0.782758
0.561206
0.972005
0.981768
0.983897
0.984001
0.983269
0.982211
0.981348
0.982268
0.985844
0.994165
1
1
1
1
0.981997
0.950208
0.928256
0.920767
0.918284
0.917891
0.918701
0.919468
0.920952
0.922911
0.925154
0.927539
0.929972
0.932401
0.934797
0.937137
0.939411
0.941613
0.943736
0.945779
0.947738
0.949604
0.951376
0.953078
0.954682
0.956274
0.957731
0.95919
0.96034
0.961357
0.96229
0.963151
0.963948
0.964678
0.965351
0.965962
0.966522
0.967031
0.967487
0.967902
0.968271
0.968596
0.968885
0.969136
0.969351
0.969534
0.969686
0.969808
0.969899
0.969968
0.970011
0.97003
0.970026
0.970001
0.969956
0.969895
0.969814
0.969717
0.969602
0.969475
0.969331
0.969175
0.969005
0.968825
0.968631
0.968426
0.968212
0.967984
0.967749
0.967502
0.967245
0.96698
0.966704
0.966419
0.966124
0.965819
0.965506
0.96518
0.964844
0.964496
0.964135
0.963759
0.963372
0.962968
0.962548
0.962107
0.961649
0.961168
0.960664
0.960136
0.959575
0.958987
0.958363
0.957703
0.956998
0.956252
0.955455
0.954601
0.953688
0.952711
0.951659
0.950528
0.949312
0.947999
0.946578
0.945045
0.943383
0.941582
0.939629
0.937499
0.935185
0.932658
0.929889
0.926846
0.923487
0.919753
0.915563
0.910795
0.90528
0.898734
0.89067
0.880168
0.865223
0.840175
0.779696
0.55591
0.971307
0.979322
0.982096
0.982927
0.982861
0.982404
0.982007
0.981176
0.982935
0.992887
1
1
0.999999
1
0.978152
0.94115
0.928247
0.926229
0.926117
0.926717
0.927286
0.92834
0.929687
0.931202
0.932812
0.934468
0.936138
0.937804
0.939458
0.941085
0.942683
0.944244
0.945765
0.947239
0.948669
0.950044
0.951367
0.952645
0.953874
0.955072
0.956198
0.957335
0.958468
0.959225
0.959918
0.960555
0.961144
0.961681
0.962172
0.962616
0.96302
0.963382
0.963708
0.963992
0.964244
0.964461
0.964644
0.964795
0.964917
0.965012
0.965079
0.96512
0.965139
0.965132
0.965106
0.965058
0.964989
0.964902
0.964796
0.964673
0.964537
0.964383
0.964214
0.964032
0.963836
0.963627
0.963408
0.963175
0.962932
0.962677
0.962412
0.962139
0.961854
0.961559
0.961253
0.960941
0.960617
0.960283
0.959943
0.959591
0.959232
0.95886
0.958478
0.958083
0.957678
0.957259
0.956828
0.95638
0.955918
0.955436
0.954934
0.954414
0.95387
0.953303
0.952707
0.952083
0.951424
0.950731
0.95
0.949227
0.948406
0.947535
0.946607
0.945617
0.944563
0.943437
0.94223
0.940937
0.93955
0.938059
0.936457
0.934732
0.932868
0.930857
0.928678
0.926316
0.923735
0.920915
0.917807
0.914356
0.910473
0.906051
0.900904
0.894745
0.887073
0.876951
0.86232
0.837375
0.776
0.548937
0.970321
0.976055
0.978971
0.980419
0.981042
0.981188
0.981062
0.980795
0.979289
0.991043
0.999999
1
1
1
0.972862
0.933547
0.932649
0.932925
0.93337
0.933911
0.934722
0.935666
0.936668
0.937697
0.938734
0.939776
0.940817
0.941855
0.942885
0.943907
0.944916
0.945906
0.94688
0.947832
0.948762
0.949661
0.95054
0.951392
0.952215
0.953013
0.953784
0.954571
0.955536
0.956075
0.956511
0.956901
0.957253
0.957568
0.95785
0.958098
0.958318
0.958504
0.958658
0.958786
0.95889
0.958962
0.959011
0.959038
0.959037
0.959015
0.958972
0.958909
0.958826
0.958722
0.958598
0.95846
0.958304
0.958133
0.957945
0.957742
0.957526
0.957295
0.957052
0.956797
0.956528
0.95625
0.955961
0.95566
0.955348
0.955027
0.954696
0.954354
0.954005
0.953644
0.953275
0.952897
0.952509
0.952114
0.951707
0.951294
0.95087
0.950435
0.94999
0.949535
0.949068
0.94859
0.948097
0.94759
0.947067
0.946531
0.945975
0.945401
0.944805
0.944189
0.943546
0.942881
0.942184
0.941459
0.940699
0.939905
0.939071
0.938193
0.937271
0.936299
0.935273
0.93419
0.933046
0.93183
0.93054
0.929169
0.927713
0.926155
0.924488
0.922706
0.920782
0.918708
0.916447
0.913979
0.91125
0.908208
0.904762
0.900801
0.896127
0.890443
0.883237
0.873531
0.859196
0.83417
0.771018
0.538002
0.968242
0.971588
0.973786
0.975248
0.976219
0.976833
0.977147
0.977019
0.976832
0.987451
1
1
0.999998
1
0.963805
0.936103
0.936441
0.936763
0.937228
0.937765
0.938316
0.938858
0.939391
0.939918
0.940438
0.940956
0.941473
0.941984
0.942493
0.942994
0.943491
0.943978
0.944453
0.944923
0.945376
0.945815
0.946246
0.946661
0.94706
0.94745
0.947837
0.948249
0.948834
0.949104
0.949252
0.949357
0.949439
0.949487
0.949514
0.949521
0.949505
0.949464
0.949408
0.949329
0.949231
0.949111
0.948979
0.948825
0.948653
0.948466
0.948264
0.948042
0.947809
0.947557
0.947294
0.947014
0.946722
0.946419
0.9461
0.94577
0.945429
0.945076
0.944712
0.944335
0.943949
0.943553
0.943148
0.942731
0.942305
0.941869
0.941424
0.940972
0.940509
0.940035
0.939553
0.939061
0.938565
0.938065
0.937558
0.93705
0.936534
0.936014
0.935489
0.934957
0.934417
0.933873
0.933322
0.932763
0.932196
0.931622
0.93104
0.930448
0.929845
0.929233
0.92861
0.927974
0.927325
0.926663
0.925984
0.92529
0.924574
0.923841
0.923085
0.922304
0.921495
0.920655
0.919782
0.918869
0.91791
0.9169
0.915832
0.914697
0.913485
0.912182
0.910772
0.909232
0.907536
0.905647
0.903516
0.901088
0.898267
0.894931
0.890875
0.885788
0.879132
0.869881
0.855777
0.830303
0.763224
0.509999
)
;

boundaryField
{
    walls
    {
        type            zeroGradient;
    }
    top
    {
        type            zeroGradient;
    }
    bottom
    {
        type            zeroGradient;
    }
    frontAndBack
    {
        type            empty;
    }
    inlet
    {
        type            uniformFixedValue;
        uniformValue    
        {
            type            constant;
            value           1;
        }
        value           uniform 1;
    }
    outlet
    {
        type            zeroGradient;
    }
}


// ************************************************************************* //
