/*--------------------------------*- C++ -*----------------------------------*\
  =========                 |
  \\      /  F ield         | OpenFOAM: The Open Source CFD Toolbox
   \\    /   O peration     | Website:  https://openfoam.org
    \\  /    A nd           | Version:  12
     \\/     M anipulation  |
\*---------------------------------------------------------------------------*/
FoamFile
{
    format      ascii;
    class       volScalarField;
    location    "460";
    object      T;
}
// * * * * * * * * * * * * * * * * * * * * * * * * * * * * * * * * * * * * * //

dimensions      [];

internalField   nonuniform List<scalar> 
4480
(
2.42931e-06
0.000135642
0.0169894
0.105741
0.235685
0.363045
0.47194
0.560063
0.629802
0.684585
0.727609
0.761508
0.788334
0.809666
0.826693
0.840319
0.851228
0.859945
0.866866
0.872299
0.876489
0.879621
0.881844
0.88327
0.883993
0.884087
0.883611
0.882829
0.882036
0.881229
0.880406
0.879562
0.87869
0.877788
0.876851
0.875875
0.874854
0.873786
0.87266
0.871477
0.870232
0.868914
0.867518
0.866042
0.864477
0.862814
0.861046
0.859171
0.857175
0.855047
0.852788
0.850389
0.847831
0.845112
0.842222
0.839146
0.835883
0.832424
0.828748
0.824857
0.82073
0.816365
0.811748
0.806873
0.801721
0.796296
0.790572
0.784556
0.778219
0.771571
0.764585
0.75726
0.749582
0.741544
0.733132
0.724337
0.715149
0.705554
0.695542
0.685101
0.674215
0.662873
0.651057
0.638819
0.626159
0.613065
0.599526
0.58553
0.571068
0.556134
0.540727
0.524854
0.508534
0.4918
0.474705
0.457317
0.439736
0.422081
0.404499
0.38716
0.370255
0.353991
0.338581
0.324257
0.311235
0.299737
0.289972
0.282138
0.276419
0.27299
0.272016
0.273654
0.278055
0.285374
0.295753
0.309335
0.326238
0.346548
0.370316
0.39762
0.428871
0.46528
0.508921
0.564797
0.652441
0.781713
0.873592
0.944085
0.932042
0.834459
0.742724
0.611121
0.497824
0.409828
0.332223
0.261179
0.195221
0.13374
0.0781099
0.0303343
1.00704e-06
0.00396385
0.095815
0.292279
0.4817
0.626347
0.728263
0.798323
0.846457
0.879892
0.903497
0.920475
0.932925
0.942216
0.949251
0.954652
0.958833
0.962086
0.964617
0.966577
0.968077
0.969193
0.969988
0.970507
0.970786
0.97085
0.970721
0.970288
0.969467
0.968296
0.966811
0.965051
0.963053
0.96085
0.958468
0.955942
0.953294
0.950548
0.94772
0.944829
0.941891
0.938916
0.935909
0.932883
0.929842
0.926785
0.923717
0.920637
0.917542
0.91443
0.911298
0.908145
0.904962
0.901742
0.898484
0.895175
0.891818
0.888399
0.884913
0.881359
0.877719
0.874001
0.870184
0.866271
0.862256
0.858137
0.853899
0.849539
0.84506
0.840456
0.835717
0.830844
0.825832
0.820681
0.815378
0.80993
0.804331
0.798572
0.792668
0.786603
0.780376
0.773998
0.767455
0.760769
0.753957
0.747012
0.739939
0.732753
0.725452
0.718054
0.710568
0.703008
0.695394
0.68775
0.680103
0.672481
0.664931
0.657489
0.650212
0.643165
0.636423
0.630064
0.624189
0.618898
0.614322
0.610584
0.607838
0.606227
0.605923
0.607088
0.609889
0.614481
0.621017
0.629626
0.640406
0.653434
0.668737
0.686319
0.706157
0.728256
0.75272
0.779813
0.809864
0.843121
0.87931
0.915506
0.945847
0.966305
0.951568
0.894141
0.833456
0.765736
0.692935
0.616377
0.535836
0.451128
0.362306
0.270305
0.17813
0.0927105
0.000189625
0.0312722
0.2435
0.49423
0.677451
0.79265
0.862038
0.903885
0.929695
0.946164
0.957093
0.964659
0.970099
0.974146
0.97723
0.979628
0.981513
0.983002
0.984178
0.985102
0.985818
0.986356
0.986748
0.98701
0.98716
0.987207
0.987162
0.987004
0.986694
0.986235
0.985626
0.984863
0.983944
0.982862
0.981622
0.98022
0.978665
0.976959
0.975112
0.973131
0.971026
0.968808
0.966488
0.964077
0.961583
0.959021
0.956394
0.953714
0.950987
0.94822
0.945421
0.942591
0.939733
0.936849
0.933946
0.931017
0.928071
0.925102
0.92211
0.919096
0.916057
0.912994
0.909901
0.906782
0.903632
0.900447
0.89723
0.893977
0.890683
0.887355
0.883978
0.880564
0.877104
0.8736
0.870043
0.866443
0.862797
0.859098
0.855351
0.85156
0.847715
0.843828
0.839888
0.83591
0.83189
0.827842
0.823772
0.819681
0.815574
0.81147
0.807373
0.803299
0.799269
0.795291
0.791396
0.787609
0.783956
0.780471
0.777195
0.774172
0.771444
0.769066
0.767103
0.76561
0.764665
0.764339
0.764704
0.765846
0.767851
0.770788
0.774737
0.779766
0.785936
0.793285
0.801841
0.811602
0.822554
0.834649
0.847828
0.86202
0.877137
0.893059
0.909564
0.926225
0.942325
0.956741
0.967941
0.973966
0.96327
0.926585
0.886981
0.842449
0.791263
0.73186
0.662684
0.582205
0.489181
0.38346
0.267646
0.149441
0.0028369
0.115433
0.427767
0.673313
0.814731
0.889321
0.92853
0.949902
0.962268
0.969986
0.975204
0.978997
0.981911
0.984221
0.986084
0.987595
0.988824
0.989816
0.990612
0.991242
0.991732
0.992105
0.992377
0.992566
0.99268
0.992727
0.992717
0.992641
0.992493
0.992273
0.991978
0.991604
0.991148
0.990602
0.98996
0.989216
0.988368
0.987404
0.986329
0.985137
0.983831
0.98241
0.980879
0.979243
0.977505
0.975676
0.973758
0.971763
0.969695
0.967564
0.965378
0.96314
0.960861
0.958544
0.956198
0.953827
0.951435
0.949023
0.946601
0.944164
0.941723
0.93927
0.936817
0.934361
0.931899
0.929436
0.926975
0.924509
0.922045
0.919576
0.917105
0.914636
0.91216
0.909685
0.907203
0.904717
0.902227
0.899738
0.897242
0.894738
0.892232
0.889727
0.887225
0.884709
0.882196
0.879688
0.877187
0.874704
0.87224
0.8698
0.867394
0.865034
0.862733
0.860499
0.858357
0.856314
0.854402
0.852634
0.851041
0.849652
0.848501
0.847617
0.847043
0.846815
0.846984
0.847582
0.848666
0.850275
0.852454
0.855245
0.858688
0.862807
0.867629
0.873163
0.8794
0.886321
0.893893
0.902059
0.910745
0.919853
0.929259
0.938785
0.948188
0.957121
0.965124
0.971591
0.975721
0.976375
0.968728
0.943801
0.915819
0.884237
0.84711
0.802091
0.746282
0.676095
0.587494
0.476737
0.342758
0.191562
0.0168577
0.265054
0.612498
0.808379
0.898723
0.93946
0.958828
0.968965
0.974981
0.979088
0.982225
0.984793
0.986948
0.988759
0.990265
0.991499
0.992502
0.993302
0.99393
0.994415
0.994783
0.995055
0.99525
0.99538
0.995461
0.995498
0.995498
0.995458
0.995372
0.995239
0.995061
0.994835
0.994561
0.994234
0.993851
0.993408
0.992897
0.992316
0.991658
0.990922
0.9901
0.989194
0.988198
0.987115
0.985943
0.984686
0.983348
0.981931
0.980439
0.978879
0.977257
0.975578
0.973849
0.972075
0.970266
0.968426
0.966561
0.964672
0.962771
0.960859
0.95894
0.957018
0.9551
0.953186
0.951274
0.949375
0.947485
0.945604
0.943739
0.941886
0.940048
0.93822
0.936411
0.934614
0.932833
0.931064
0.929314
0.927575
0.925845
0.924136
0.922437
0.920753
0.919087
0.917429
0.915787
0.914162
0.912556
0.91097
0.909413
0.90789
0.906404
0.904963
0.903579
0.902257
0.90101
0.899848
0.898791
0.897852
0.897047
0.896402
0.89593
0.895656
0.89561
0.895815
0.896295
0.897084
0.898205
0.899685
0.901549
0.903826
0.906522
0.90966
0.913239
0.917261
0.921709
0.926554
0.931763
0.937278
0.943031
0.948923
0.954837
0.960626
0.96609
0.970977
0.974967
0.977657
0.9785
0.976709
0.970524
0.953047
0.931565
0.907469
0.879283
0.844847
0.800937
0.742689
0.663366
0.554313
0.407488
0.223049
0.057415
0.45071
0.765394
0.894437
0.94293
0.962509
0.971652
0.976806
0.980356
0.983231
0.985769
0.988026
0.989985
0.991639
0.992991
0.994071
0.994913
0.995552
0.996028
0.996368
0.996604
0.996761
0.99686
0.996918
0.996945
0.996953
0.996946
0.996925
0.996872
0.99679
0.996678
0.996535
0.99636
0.996152
0.995907
0.995622
0.995295
0.994919
0.994494
0.994015
0.993478
0.992879
0.992215
0.991486
0.990689
0.989823
0.988889
0.987887
0.986824
0.985697
0.984513
0.983275
0.981989
0.980659
0.97929
0.977889
0.976462
0.975011
0.973542
0.972062
0.970578
0.969087
0.9676
0.966116
0.964638
0.963174
0.96172
0.960282
0.958864
0.957458
0.956073
0.954706
0.953361
0.952036
0.950728
0.949443
0.948174
0.946929
0.945704
0.944495
0.943305
0.942139
0.940993
0.939866
0.93875
0.937655
0.936583
0.935535
0.934511
0.933518
0.932562
0.931645
0.930773
0.929952
0.929194
0.928504
0.927895
0.92738
0.926964
0.926663
0.926496
0.926472
0.926613
0.926936
0.927453
0.928187
0.92915
0.930366
0.931843
0.933593
0.935631
0.937953
0.94056
0.943444
0.94659
0.949967
0.953543
0.957264
0.961072
0.964881
0.968594
0.972084
0.975194
0.977732
0.979457
0.980059
0.979131
0.976107
0.970192
0.957926
0.940423
0.920791
0.898078
0.870656
0.835774
0.78838
0.720202
0.617849
0.463939
0.247932
0.136042
0.631302
0.869473
0.940169
0.963047
0.972289
0.977136
0.980418
0.983153
0.985709
0.988152
0.990373
0.99227
0.993812
0.995021
0.995938
0.996604
0.997063
0.997355
0.99752
0.997591
0.997601
0.997572
0.99753
0.997484
0.997446
0.997418
0.997404
0.997376
0.997336
0.997281
0.997209
0.997116
0.997002
0.996864
0.996696
0.996499
0.996267
0.995997
0.99569
0.995339
0.99494
0.994496
0.994001
0.993455
0.992854
0.992199
0.99149
0.99073
0.989917
0.989054
0.988146
0.987194
0.9862
0.985173
0.984116
0.983029
0.981923
0.9808
0.979663
0.978518
0.977369
0.97622
0.975072
0.973935
0.972806
0.971687
0.970584
0.969495
0.968425
0.967372
0.96634
0.965324
0.964332
0.96336
0.962407
0.961472
0.960559
0.959668
0.958798
0.957943
0.957113
0.956306
0.955509
0.954731
0.953973
0.953233
0.952514
0.951819
0.951152
0.95051
0.949903
0.949336
0.948806
0.948327
0.947898
0.947533
0.947236
0.947014
0.94688
0.94684
0.94691
0.947097
0.947413
0.94787
0.94848
0.949252
0.950197
0.951321
0.952636
0.954136
0.955826
0.9577
0.95975
0.961954
0.964286
0.966717
0.969204
0.97169
0.974105
0.976365
0.978362
0.979969
0.98103
0.981347
0.980675
0.978699
0.974994
0.969028
0.959774
0.945412
0.928651
0.909344
0.886317
0.857577
0.818633
0.761106
0.668285
0.512673
0.268742
0.253436
0.775719
0.927156
0.960632
0.971509
0.976619
0.979861
0.982489
0.984993
0.987546
0.990063
0.992299
0.994125
0.995532
0.996568
0.997291
0.997752
0.997997
0.998072
0.99802
0.997885
0.997705
0.997516
0.99734
0.997195
0.99709
0.997032
0.997016
0.997011
0.997013
0.997018
0.997019
0.997014
0.996998
0.996966
0.996913
0.996836
0.996732
0.9966
0.996432
0.996232
0.995992
0.995713
0.995392
0.995027
0.994622
0.994171
0.993675
0.993135
0.992553
0.991928
0.991263
0.990561
0.989825
0.989055
0.988258
0.987437
0.986596
0.985737
0.984868
0.98399
0.983104
0.98222
0.981336
0.980455
0.979583
0.978721
0.977873
0.977034
0.976212
0.975407
0.974621
0.973848
0.973098
0.972361
0.971645
0.970948
0.970268
0.96961
0.968968
0.968342
0.96774
0.967152
0.966584
0.966026
0.965485
0.964961
0.964452
0.963965
0.963502
0.963057
0.962641
0.962256
0.961899
0.961579
0.961303
0.961071
0.960892
0.960768
0.96071
0.96072
0.960812
0.960983
0.961251
0.961621
0.962094
0.962685
0.963391
0.964226
0.965183
0.966271
0.967478
0.968801
0.97023
0.971748
0.973328
0.974944
0.976554
0.978109
0.979553
0.980804
0.98178
0.982366
0.982433
0.981814
0.980309
0.977663
0.973562
0.967628
0.959446
0.948019
0.933263
0.916219
0.895972
0.871184
0.838145
0.789403
0.706851
0.553793
0.286998
0.402811
0.868198
0.952641
0.969016
0.975374
0.978919
0.981525
0.983905
0.986394
0.989062
0.991701
0.993943
0.995654
0.996885
0.997718
0.998225
0.998452
0.998444
0.998253
0.99793
0.997532
0.997113
0.996712
0.996363
0.996089
0.995901
0.9958
0.99578
0.995798
0.995848
0.995923
0.996012
0.996108
0.996207
0.996299
0.996375
0.996433
0.996465
0.996469
0.996445
0.996385
0.996292
0.996161
0.995991
0.995783
0.995535
0.995246
0.994919
0.994554
0.994149
0.993708
0.993231
0.992722
0.992182
0.991612
0.991019
0.990401
0.989765
0.989112
0.988448
0.987776
0.987098
0.986415
0.985733
0.985055
0.984381
0.983716
0.98306
0.982413
0.981782
0.981163
0.980557
0.979967
0.979389
0.978829
0.978285
0.977757
0.977246
0.976749
0.976269
0.975802
0.975354
0.974921
0.974503
0.974093
0.973698
0.973317
0.972951
0.9726
0.972263
0.971949
0.971649
0.971378
0.971127
0.970906
0.970716
0.97056
0.970438
0.970364
0.970333
0.970357
0.970434
0.970572
0.970777
0.971054
0.971404
0.971837
0.972348
0.972944
0.973622
0.974385
0.97522
0.976127
0.97709
0.978094
0.979115
0.98013
0.981098
0.981978
0.982713
0.98324
0.983482
0.983338
0.982696
0.981418
0.979336
0.976243
0.971894
0.966011
0.958293
0.948458
0.935769
0.920344
0.901956
0.879728
0.850565
0.808339
0.735224
0.587499
0.303644
0.565007
0.913446
0.961762
0.9729
0.977552
0.980382
0.982675
0.984971
0.987529
0.990367
0.993148
0.995347
0.996893
0.997917
0.998536
0.998807
0.998766
0.998451
0.997925
0.997258
0.996523
0.995793
0.995122
0.994556
0.99412
0.993826
0.993675
0.993649
0.993697
0.993809
0.993971
0.994172
0.994396
0.994634
0.994873
0.995105
0.995319
0.995511
0.995674
0.995805
0.995902
0.99596
0.995977
0.995955
0.995895
0.995796
0.995656
0.995476
0.995259
0.995007
0.994716
0.994393
0.994039
0.993655
0.993245
0.992814
0.992357
0.991885
0.991396
0.990892
0.990382
0.989865
0.989343
0.988819
0.988297
0.987778
0.987265
0.986759
0.98626
0.985772
0.98529
0.984824
0.984368
0.983927
0.983496
0.983077
0.982674
0.982281
0.981904
0.981536
0.981185
0.980846
0.980518
0.980205
0.979898
0.979604
0.97932
0.979046
0.978783
0.978536
0.9783
0.97808
0.977877
0.977695
0.977531
0.977391
0.977273
0.977186
0.97713
0.977104
0.977118
0.97717
0.977265
0.977409
0.9776
0.977843
0.978139
0.978486
0.978891
0.979347
0.979851
0.980398
0.980979
0.981585
0.982196
0.982791
0.983346
0.983827
0.984194
0.984397
0.98438
0.984068
0.983379
0.982211
0.980451
0.977948
0.974541
0.970027
0.964192
0.956799
0.947605
0.936364
0.922607
0.905557
0.885057
0.858403
0.820662
0.755285
0.614233
0.319294
0.686689
0.937712
0.96756
0.975245
0.978961
0.981395
0.983512
0.985796
0.988468
0.991513
0.994426
0.996532
0.99787
0.998676
0.999075
0.999089
0.998728
0.998033
0.997079
0.995968
0.994802
0.993674
0.992664
0.991828
0.991193
0.990777
0.990572
0.990541
0.990633
0.990826
0.991105
0.991448
0.991836
0.99225
0.992675
0.993096
0.993501
0.993882
0.994234
0.994545
0.994818
0.995048
0.995231
0.995368
0.995461
0.995509
0.995514
0.995477
0.995399
0.995284
0.995131
0.994944
0.994726
0.994477
0.994201
0.9939
0.993579
0.99324
0.992881
0.992512
0.992132
0.991743
0.991349
0.990952
0.990554
0.990157
0.989764
0.989371
0.988989
0.988609
0.988241
0.98788
0.987527
0.987185
0.98685
0.98653
0.986217
0.985915
0.985623
0.985339
0.985067
0.984808
0.984554
0.984314
0.984082
0.983855
0.983635
0.983425
0.983227
0.983033
0.982855
0.982684
0.982525
0.982382
0.98225
0.982139
0.982044
0.981967
0.981911
0.981882
0.981877
0.981899
0.981947
0.982031
0.982143
0.982292
0.982471
0.982684
0.98293
0.983204
0.983502
0.983818
0.98414
0.98446
0.984761
0.98502
0.985215
0.985311
0.985275
0.985063
0.98462
0.983881
0.98277
0.981201
0.97907
0.976253
0.972611
0.967981
0.962184
0.955019
0.946271
0.935692
0.922944
0.907496
0.888231
0.863257
0.828466
0.768852
0.634684
0.334364
0.785369
0.951201
0.971331
0.977107
0.980004
0.982109
0.984122
0.986431
0.989247
0.992514
0.995559
0.997511
0.998612
0.999207
0.999387
0.99911
0.998352
0.997166
0.995661
0.993978
0.992264
0.990643
0.989217
0.988053
0.987189
0.986636
0.986383
0.986358
0.986513
0.986822
0.987255
0.987784
0.988381
0.989019
0.989675
0.990332
0.990973
0.991585
0.992158
0.992684
0.993159
0.993583
0.993953
0.994265
0.994527
0.994734
0.99489
0.994998
0.99506
0.995078
0.995056
0.994996
0.994902
0.994775
0.994619
0.994436
0.994231
0.994004
0.993761
0.993501
0.99323
0.992948
0.992659
0.992364
0.992068
0.991769
0.99147
0.991173
0.990879
0.990589
0.990305
0.990026
0.989754
0.989488
0.98923
0.98898
0.988738
0.988501
0.988273
0.988052
0.987841
0.987638
0.987439
0.987251
0.987066
0.98689
0.986715
0.986549
0.98639
0.986235
0.986089
0.98595
0.98582
0.985697
0.985587
0.985488
0.985399
0.985324
0.985264
0.985217
0.985187
0.985176
0.985183
0.985208
0.985252
0.985315
0.985394
0.985492
0.985604
0.985726
0.985851
0.985976
0.986088
0.986174
0.986218
0.986204
0.986106
0.985898
0.985539
0.984991
0.984206
0.983123
0.981675
0.979787
0.977367
0.974304
0.970483
0.965765
0.959991
0.95299
0.944561
0.934456
0.922328
0.907643
0.889489
0.866076
0.833191
0.777505
0.649683
0.349165
0.85321
0.959458
0.973913
0.978439
0.980856
0.982656
0.984556
0.986907
0.989874
0.993377
0.996546
0.998293
0.999149
0.999558
0.999516
0.998887
0.997619
0.995795
0.993583
0.99118
0.988785
0.986562
0.984639
0.983096
0.981973
0.981281
0.980996
0.980995
0.981248
0.981715
0.982356
0.983128
0.983992
0.984913
0.985859
0.986804
0.98773
0.988616
0.989452
0.99023
0.990945
0.991591
0.992169
0.99268
0.993124
0.993503
0.993824
0.994085
0.99429
0.994446
0.994555
0.994622
0.994645
0.994634
0.99459
0.994516
0.994416
0.99429
0.994148
0.993983
0.993808
0.993618
0.993418
0.993211
0.992997
0.992781
0.99256
0.992339
0.992119
0.991901
0.991685
0.991472
0.991264
0.991058
0.990858
0.990662
0.990472
0.990287
0.990108
0.989935
0.989765
0.9896
0.989444
0.989291
0.989142
0.988997
0.988857
0.988719
0.988586
0.988455
0.98833
0.988212
0.988096
0.987984
0.987883
0.987786
0.987694
0.987614
0.987539
0.987472
0.987416
0.987371
0.987331
0.987305
0.987285
0.987272
0.987263
0.987261
0.987255
0.987247
0.987228
0.98719
0.987121
0.987014
0.986848
0.986605
0.986262
0.985796
0.985169
0.984345
0.983276
0.981915
0.980194
0.978046
0.975393
0.972134
0.968169
0.963376
0.957618
0.950736
0.942538
0.932779
0.921111
0.907005
0.889557
0.867037
0.835437
0.782154
0.659949
0.363921
0.885367
0.967265
0.975746
0.979394
0.981455
0.983116
0.984871
0.987238
0.990359
0.994108
0.997403
0.998897
0.999516
0.999774
0.999494
0.998418
0.996488
0.993842
0.990736
0.987445
0.984228
0.981292
0.978794
0.976828
0.975434
0.974613
0.974327
0.974383
0.974781
0.975464
0.976376
0.977458
0.978658
0.979928
0.981226
0.98252
0.983781
0.984991
0.986137
0.987203
0.98819
0.98909
0.989905
0.990634
0.991282
0.991851
0.992346
0.99277
0.99313
0.993428
0.993671
0.993863
0.994008
0.99411
0.994174
0.994201
0.994201
0.994171
0.994119
0.994044
0.99395
0.993842
0.993721
0.99359
0.993448
0.993302
0.993149
0.992992
0.992833
0.992674
0.992514
0.992354
0.992194
0.992039
0.991885
0.99173
0.991583
0.991435
0.991294
0.991151
0.991016
0.990881
0.990752
0.990625
0.990503
0.990379
0.990259
0.990141
0.990023
0.989909
0.989794
0.989683
0.989574
0.989468
0.989364
0.989263
0.989164
0.989069
0.988979
0.988891
0.988805
0.988723
0.988641
0.988562
0.988481
0.9884
0.988313
0.988218
0.988112
0.987989
0.987843
0.987662
0.987441
0.987164
0.986816
0.986379
0.985833
0.985147
0.984293
0.983235
0.981931
0.980332
0.978383
0.976024
0.973177
0.969756
0.965676
0.960821
0.95507
0.948272
0.940246
0.930744
0.919424
0.905758
0.888856
0.867038
0.836428
0.784943
0.666778
0.374711
0.905763
0.970076
0.977072
0.980062
0.981852
0.983401
0.98515
0.987431
0.990703
0.9947
0.998129
0.999337
0.999749
0.999896
0.999338
0.997679
0.994889
0.991207
0.987
0.982639
0.978452
0.974698
0.971556
0.969133
0.967467
0.966546
0.966307
0.966473
0.967082
0.968057
0.969322
0.970795
0.972407
0.974099
0.975817
0.97752
0.979175
0.98076
0.982254
0.983647
0.984937
0.986119
0.987194
0.988163
0.989032
0.989804
0.990488
0.991084
0.991604
0.992052
0.992434
0.992755
0.993021
0.993237
0.993408
0.993537
0.993631
0.993692
0.993725
0.993733
0.993718
0.993684
0.993633
0.993568
0.993492
0.993405
0.99331
0.993208
0.993102
0.99299
0.992875
0.992761
0.992644
0.992526
0.992408
0.99229
0.992172
0.992055
0.991938
0.991823
0.99171
0.9916
0.99149
0.991381
0.991273
0.991165
0.991056
0.99095
0.990839
0.990733
0.990623
0.990514
0.990404
0.990297
0.990186
0.990077
0.989966
0.989854
0.989743
0.989628
0.989512
0.989394
0.989269
0.98914
0.989003
0.988857
0.988697
0.98852
0.988321
0.988094
0.987833
0.98753
0.987173
0.986747
0.986239
0.985633
0.984906
0.984033
0.982984
0.981726
0.980221
0.978423
0.976285
0.973743
0.970733
0.967183
0.963005
0.958097
0.952347
0.945611
0.937712
0.928406
0.917355
0.904033
0.887563
0.866297
0.836463
0.78634
0.671175
0.382309
0.920019
0.972207
0.978134
0.980492
0.982051
0.983519
0.98529
0.987593
0.990903
0.99515
0.998729
0.999641
0.999884
0.999958
0.999051
0.99663
0.992742
0.987781
0.982252
0.976638
0.971341
0.966666
0.962822
0.959926
0.95801
0.957039
0.956797
0.957151
0.958073
0.959453
0.961181
0.963155
0.965282
0.967484
0.969699
0.971877
0.973981
0.975984
0.977869
0.979624
0.981245
0.982731
0.984085
0.98531
0.986413
0.9874
0.988281
0.989061
0.989747
0.990348
0.990873
0.991325
0.991713
0.992043
0.992319
0.992548
0.992735
0.992884
0.993
0.993085
0.993142
0.993177
0.993193
0.993188
0.993169
0.993138
0.993093
0.99304
0.992979
0.99291
0.992836
0.992756
0.992673
0.992587
0.992498
0.992407
0.992315
0.99222
0.992125
0.992031
0.991932
0.991835
0.991738
0.991642
0.991544
0.991443
0.991342
0.991238
0.991133
0.991025
0.990916
0.990805
0.990689
0.990573
0.990453
0.99033
0.990201
0.99007
0.989935
0.989793
0.989646
0.989487
0.989322
0.989145
0.988951
0.988743
0.988514
0.988261
0.987977
0.987657
0.987292
0.986877
0.986396
0.985838
0.985193
0.984437
0.983552
0.982513
0.981294
0.979862
0.978184
0.976215
0.973913
0.971221
0.968077
0.964415
0.960155
0.955203
0.949449
0.942761
0.934957
0.925805
0.914966
0.901918
0.885795
0.864977
0.835758
0.786682
0.673749
0.387423
0.930394
0.973735
0.97874
0.98072
0.982077
0.983461
0.985266
0.987709
0.990987
0.995454
0.999214
0.999831
0.999955
0.999986
0.998623
0.995219
0.989962
0.983459
0.976385
0.969336
0.962791
0.957105
0.952515
0.949147
0.947027
0.946086
0.945895
0.946543
0.947892
0.949793
0.952102
0.954683
0.95742
0.960217
0.963
0.965712
0.968314
0.970773
0.973076
0.975218
0.97719
0.978996
0.980641
0.982131
0.983476
0.984684
0.985766
0.98673
0.987586
0.988343
0.989009
0.989594
0.990105
0.990547
0.990929
0.991258
0.991534
0.991767
0.991961
0.992119
0.992249
0.992346
0.992422
0.992476
0.99251
0.992527
0.99253
0.992518
0.992497
0.992465
0.992425
0.992376
0.992322
0.99226
0.992196
0.992126
0.992052
0.991975
0.991896
0.991814
0.991728
0.991641
0.991552
0.991459
0.991365
0.991269
0.991168
0.991065
0.990959
0.990847
0.990732
0.990611
0.990488
0.990359
0.990226
0.990085
0.989938
0.989785
0.989622
0.989452
0.989269
0.989075
0.988865
0.98864
0.988395
0.988125
0.987832
0.987505
0.987142
0.986736
0.986277
0.985758
0.985166
0.984492
0.983719
0.982829
0.981804
0.980619
0.979253
0.977672
0.975844
0.973729
0.971286
0.968465
0.965204
0.961449
0.957121
0.952129
0.946372
0.939717
0.931993
0.922963
0.912296
0.899473
0.883641
0.86319
0.834479
0.786217
0.674923
0.390596
0.938115
0.97481
0.979055
0.980755
0.981919
0.983226
0.985064
0.987654
0.991064
0.995605
0.999582
0.999936
0.999987
0.999996
0.998039
0.993383
0.986463
0.978149
0.969308
0.960657
0.952741
0.945959
0.940586
0.936765
0.934511
0.933714
0.933761
0.934839
0.936761
0.939321
0.942333
0.945629
0.949062
0.952523
0.955925
0.959213
0.962337
0.965278
0.968014
0.970548
0.972876
0.975004
0.976941
0.978696
0.980281
0.98171
0.982991
0.984137
0.98516
0.986071
0.986878
0.987592
0.988221
0.988774
0.989258
0.989678
0.990046
0.990359
0.99063
0.990857
0.991052
0.99121
0.991341
0.991447
0.991531
0.991592
0.991636
0.991662
0.991676
0.991676
0.991665
0.991642
0.991612
0.991571
0.991525
0.991473
0.991414
0.991349
0.991279
0.991204
0.991128
0.991043
0.990956
0.990868
0.990773
0.990677
0.990573
0.990466
0.990352
0.990233
0.990108
0.989977
0.989838
0.989696
0.989544
0.989385
0.989216
0.989037
0.988848
0.988643
0.988426
0.988194
0.987941
0.987669
0.987373
0.987047
0.986688
0.986295
0.985856
0.985367
0.984822
0.984209
0.983517
0.982732
0.981845
0.980836
0.979687
0.978377
0.976879
0.975165
0.973206
0.970965
0.968403
0.965467
0.962114
0.958279
0.953892
0.948869
0.94311
0.936486
0.928826
0.919899
0.909376
0.896744
0.881156
0.861026
0.832735
0.785114
0.675019
0.392255
0.943931
0.975543
0.979153
0.980587
0.981582
0.982796
0.984668
0.98742
0.991098
0.995634
0.999838
0.999984
0.999997
0.999999
0.997276
0.991066
0.982166
0.971779
0.960973
0.950567
0.941163
0.933202
0.927009
0.92277
0.920493
0.919867
0.92034
0.922078
0.924805
0.928239
0.93213
0.93627
0.940494
0.944679
0.948738
0.952615
0.956269
0.959683
0.962846
0.96576
0.968429
0.970866
0.97308
0.975087
0.976899
0.978537
0.980007
0.981326
0.982505
0.98356
0.984502
0.985342
0.986082
0.986742
0.987323
0.987833
0.988281
0.988675
0.989014
0.989309
0.989561
0.989777
0.98996
0.990114
0.990239
0.990342
0.99042
0.990481
0.990525
0.990552
0.990564
0.990564
0.990554
0.990532
0.990499
0.990459
0.99041
0.990352
0.990288
0.990218
0.990144
0.990062
0.989974
0.989881
0.989783
0.989682
0.98957
0.989454
0.989331
0.989202
0.989065
0.988919
0.988766
0.988603
0.988431
0.98825
0.988056
0.98785
0.987629
0.987393
0.987141
0.986869
0.986574
0.986256
0.985906
0.985524
0.985107
0.984647
0.984139
0.983572
0.982946
0.982244
0.98146
0.980579
0.979589
0.978471
0.977211
0.975786
0.974172
0.972345
0.970273
0.967923
0.965256
0.962231
0.958796
0.954893
0.950462
0.945414
0.939658
0.933057
0.925457
0.916623
0.906226
0.893761
0.878391
0.858541
0.830618
0.783511
0.674278
0.392726
0.948326
0.975985
0.97904
0.980186
0.981057
0.982167
0.98406
0.986985
0.990952
0.995659
0.999977
0.999999
1
1
0.996306
0.988209
0.977011
0.964307
0.951363
0.939078
0.928077
0.91884
0.911777
0.907169
0.905033
0.904309
0.905536
0.908315
0.912213
0.916827
0.921829
0.926968
0.932071
0.937022
0.941745
0.946199
0.950352
0.954208
0.957756
0.961014
0.963991
0.966704
0.969165
0.971396
0.97341
0.975232
0.976872
0.978347
0.979671
0.980857
0.981919
0.982869
0.983714
0.984468
0.985137
0.98573
0.986254
0.986716
0.987121
0.987475
0.987783
0.98805
0.988279
0.988475
0.988639
0.988775
0.988887
0.988977
0.989046
0.989094
0.989128
0.989145
0.989149
0.98914
0.989116
0.989085
0.989042
0.988989
0.988926
0.988859
0.988782
0.988696
0.988603
0.988507
0.9884
0.988289
0.988169
0.98804
0.987903
0.98776
0.987605
0.987442
0.987271
0.987086
0.986893
0.986685
0.986465
0.986229
0.985978
0.985709
0.985419
0.985107
0.984769
0.984402
0.984002
0.983568
0.983092
0.98257
0.981993
0.981359
0.980654
0.979873
0.979003
0.978033
0.976949
0.975736
0.974379
0.972852
0.971135
0.96921
0.967039
0.964595
0.961841
0.95874
0.955239
0.951284
0.946818
0.941751
0.935998
0.92943
0.921884
0.913131
0.902854
0.890548
0.87538
0.855787
0.828195
0.781503
0.672878
0.392257
0.951605
0.976201
0.978764
0.979634
0.980336
0.981315
0.98322
0.986326
0.990622
0.995682
1
0.999999
0.999998
0.999999
0.995107
0.984764
0.970954
0.955727
0.940522
0.926272
0.913575
0.902923
0.894871
0.889948
0.88819
0.888104
0.890441
0.894595
0.899941
0.905931
0.912157
0.918344
0.924323
0.929997
0.935325
0.940279
0.944863
0.949081
0.952948
0.956484
0.959707
0.96264
0.965303
0.967715
0.969897
0.971871
0.97365
0.975252
0.976696
0.977995
0.979157
0.980202
0.981137
0.981972
0.982716
0.98338
0.98397
0.984492
0.984956
0.985362
0.985718
0.986026
0.986296
0.986529
0.986724
0.986893
0.987029
0.987143
0.987232
0.987298
0.987346
0.987374
0.98739
0.987387
0.987372
0.987343
0.987299
0.98725
0.987185
0.987113
0.987029
0.98694
0.986839
0.986731
0.986615
0.986491
0.986355
0.986212
0.986059
0.985898
0.985726
0.985541
0.985347
0.98514
0.98492
0.984686
0.984436
0.984172
0.983887
0.983581
0.983256
0.982901
0.98252
0.982109
0.98166
0.981172
0.980642
0.980057
0.97942
0.978717
0.977941
0.977086
0.976137
0.975087
0.973919
0.972621
0.971173
0.969559
0.967757
0.965743
0.963489
0.960968
0.958141
0.954975
0.951422
0.947428
0.942936
0.937865
0.932121
0.925585
0.918092
0.909427
0.899265
0.887113
0.872144
0.852801
0.825506
0.779172
0.67095
0.391046
0.953993
0.976229
0.978345
0.97892
0.979407
0.980227
0.982123
0.985418
0.990086
0.995599
1
1
0.999998
0.999997
0.993665
0.980686
0.963974
0.946079
0.928569
0.912333
0.897846
0.885559
0.876238
0.871037
0.868935
0.870327
0.874905
0.881419
0.88884
0.896495
0.903996
0.911155
0.91787
0.924112
0.929883
0.935194
0.940067
0.944532
0.94861
0.95233
0.95572
0.9588
0.961597
0.964132
0.966434
0.968514
0.970393
0.972093
0.973625
0.975007
0.976249
0.977367
0.978371
0.979271
0.980079
0.980796
0.981438
0.982009
0.982517
0.982965
0.983358
0.983703
0.984004
0.984264
0.984489
0.984679
0.984835
0.984964
0.985069
0.985148
0.985207
0.985244
0.985262
0.985262
0.985248
0.985219
0.985174
0.985118
0.985049
0.98497
0.984877
0.984775
0.984663
0.98454
0.98441
0.984271
0.984118
0.983957
0.983785
0.983601
0.983408
0.983201
0.982982
0.982748
0.982501
0.982236
0.981958
0.981659
0.981339
0.980998
0.980632
0.98024
0.979813
0.979356
0.978859
0.978322
0.977735
0.977095
0.976398
0.975631
0.974792
0.973866
0.972847
0.971725
0.970482
0.969107
0.967582
0.965892
0.964016
0.961928
0.959603
0.95702
0.954137
0.95092
0.947327
0.943307
0.9388
0.933728
0.928003
0.921506
0.914078
0.905501
0.895456
0.883461
0.868693
0.849599
0.822596
0.776572
0.66859
0.389235
0.955626
0.976096
0.977788
0.977989
0.978163
0.978886
0.980749
0.984232
0.989317
0.995388
0.999997
0.999997
0.999998
0.999996
0.991961
0.975934
0.956069
0.935466
0.91573
0.89761
0.881302
0.867058
0.85579
0.850082
0.848204
0.852928
0.861483
0.871283
0.880969
0.890063
0.898472
0.90621
0.913312
0.919818
0.925775
0.931223
0.936202
0.940752
0.944904
0.948687
0.952137
0.955281
0.958136
0.960728
0.963081
0.965221
0.967157
0.968908
0.970492
0.971924
0.973217
0.974382
0.975431
0.976375
0.977223
0.977981
0.97866
0.979265
0.979803
0.980282
0.980702
0.98107
0.981395
0.981674
0.981912
0.982118
0.982288
0.982427
0.982539
0.982623
0.982684
0.982724
0.982741
0.98274
0.982722
0.982688
0.982634
0.982569
0.982491
0.982397
0.982294
0.982175
0.982048
0.981909
0.98176
0.9816
0.981427
0.981243
0.981049
0.980841
0.980621
0.980388
0.98014
0.97988
0.979603
0.979309
0.978995
0.978662
0.978308
0.977928
0.977523
0.977088
0.976621
0.976119
0.975574
0.974987
0.974348
0.973654
0.9729
0.972076
0.971177
0.970189
0.969107
0.967919
0.96661
0.965168
0.963577
0.961822
0.959879
0.957734
0.955355
0.952717
0.94979
0.946538
0.942918
0.938882
0.934367
0.929311
0.923615
0.917167
0.909811
0.901333
0.891421
0.879589
0.865036
0.846201
0.819491
0.773742
0.665871
0.386929
0.956584
0.975828
0.977119
0.97688
0.976637
0.977286
0.979071
0.982733
0.988277
0.995042
1
1
0.999998
1
0.989979
0.970464
0.947271
0.92408
0.902409
0.882763
0.864842
0.848388
0.833702
0.822347
0.826997
0.842811
0.857099
0.868142
0.878286
0.887648
0.896304
0.903983
0.910983
0.917362
0.923192
0.928525
0.9334
0.937856
0.94193
0.94565
0.94905
0.952149
0.95498
0.957551
0.959895
0.962026
0.963966
0.965725
0.967321
0.968769
0.970074
0.971257
0.972324
0.973287
0.974153
0.974931
0.975626
0.97625
0.976803
0.977296
0.97773
0.978111
0.978443
0.978731
0.978979
0.979186
0.97936
0.979501
0.979612
0.979696
0.979754
0.979787
0.979797
0.979788
0.97976
0.979711
0.979647
0.979568
0.979473
0.979364
0.979242
0.979103
0.978956
0.978794
0.978623
0.978438
0.978242
0.978032
0.977812
0.977577
0.977327
0.977066
0.976789
0.976496
0.976186
0.975858
0.97551
0.97514
0.97475
0.974333
0.973887
0.97341
0.9729
0.972352
0.971763
0.971126
0.97044
0.969695
0.968888
0.968011
0.967056
0.966012
0.964874
0.963628
0.962263
0.960763
0.959119
0.957308
0.955315
0.953119
0.950696
0.94802
0.945062
0.941788
0.938153
0.934113
0.929611
0.924578
0.918923
0.912537
0.905265
0.896898
0.887134
0.875497
0.861174
0.842607
0.816206
0.770707
0.662836
0.384189
0.956881
0.975474
0.976431
0.97575
0.975062
0.97543
0.977078
0.980887
0.986916
0.994546
0.999998
1
1
0.999998
0.987692
0.964208
0.937641
0.912249
0.889321
0.869072
0.850584
0.833091
0.815116
0.825768
0.835705
0.848751
0.860691
0.870728
0.880018
0.888619
0.896556
0.903673
0.910194
0.916172
0.921773
0.927092
0.931669
0.935863
0.939711
0.94324
0.946475
0.949442
0.952154
0.954631
0.956894
0.958962
0.960845
0.962558
0.964122
0.965541
0.966827
0.967992
0.969047
0.970001
0.970859
0.971631
0.972325
0.972943
0.973496
0.973986
0.974416
0.974794
0.975125
0.975407
0.975649
0.975852
0.976017
0.97615
0.976251
0.976325
0.976369
0.97639
0.976386
0.976359
0.976314
0.97625
0.976165
0.976065
0.97595
0.975818
0.97567
0.975511
0.975335
0.975149
0.974949
0.974737
0.974511
0.974273
0.974021
0.973754
0.973472
0.973179
0.972867
0.972541
0.972195
0.971832
0.971446
0.97104
0.97061
0.970153
0.969666
0.969148
0.968594
0.968003
0.967368
0.966687
0.965955
0.965162
0.964306
0.96338
0.962375
0.961282
0.960092
0.958798
0.957382
0.955838
0.954144
0.95229
0.950258
0.948025
0.945573
0.942871
0.939892
0.936606
0.93297
0.928943
0.924465
0.919474
0.913874
0.907571
0.900404
0.89218
0.882583
0.87116
0.857094
0.838833
0.812742
0.76748
0.6595
0.381037
0.956467
0.975051
0.975822
0.974717
0.973406
0.973301
0.974783
0.978658
0.985161
0.993879
0.999998
1
1
0.999999
0.985073
0.95707
0.927309
0.900566
0.877758
0.85903
0.843553
0.83803
0.839415
0.843395
0.850749
0.8599
0.868848
0.877086
0.884894
0.892216
0.899025
0.905253
0.911027
0.916395
0.921456
0.926246
0.930424
0.934576
0.938184
0.941414
0.944391
0.947126
0.94964
0.95195
0.954067
0.956007
0.95778
0.9594
0.960877
0.962223
0.963454
0.964567
0.965577
0.966491
0.967315
0.968055
0.96872
0.969313
0.969842
0.970309
0.97072
0.97108
0.971387
0.971653
0.971874
0.972058
0.972205
0.972316
0.972396
0.972447
0.972471
0.972467
0.972441
0.972392
0.972323
0.972231
0.972121
0.971993
0.97185
0.971687
0.971513
0.971321
0.971116
0.970898
0.970664
0.970419
0.97016
0.969885
0.969598
0.969297
0.968981
0.968648
0.968302
0.967935
0.967552
0.967151
0.966726
0.966281
0.96581
0.965311
0.964782
0.964224
0.963626
0.962991
0.962315
0.961589
0.960809
0.959973
0.959072
0.958101
0.957051
0.955913
0.954683
0.953343
0.951889
0.950302
0.948576
0.946689
0.944626
0.942368
0.939895
0.937184
0.9342
0.930918
0.927296
0.923297
0.91886
0.913925
0.908411
0.902206
0.895177
0.887117
0.877738
0.866566
0.852795
0.83486
0.809104
0.76406
0.655849
0.377444
0.955656
0.974159
0.97531
0.97412
0.971858
0.970509
0.972267
0.976048
0.982911
0.992995
0.999998
0.999998
1
0.999998
0.982037
0.948903
0.916544
0.890101
0.870078
0.859376
0.854671
0.854403
0.856784
0.860355
0.865903
0.872394
0.878991
0.885398
0.891588
0.897482
0.903038
0.908231
0.913121
0.917733
0.922105
0.92622
0.929931
0.933572
0.93678
0.940068
0.942701
0.945132
0.947384
0.949457
0.951363
0.953117
0.954724
0.956202
0.957554
0.958786
0.959912
0.960933
0.961864
0.962705
0.963463
0.964145
0.964755
0.965298
0.965778
0.966202
0.966572
0.966892
0.967164
0.967392
0.967579
0.967727
0.96784
0.967918
0.967965
0.967982
0.967973
0.967939
0.967876
0.967794
0.967689
0.967564
0.967418
0.967255
0.967076
0.966879
0.966666
0.966437
0.966194
0.965937
0.965665
0.96538
0.965081
0.964767
0.964441
0.964099
0.96374
0.963368
0.962978
0.962573
0.962147
0.961702
0.961236
0.960748
0.960233
0.959692
0.959123
0.958517
0.957879
0.9572
0.956481
0.95571
0.954889
0.954011
0.953069
0.952055
0.950964
0.949789
0.94852
0.947147
0.945656
0.944041
0.942287
0.940376
0.938295
0.936027
0.933546
0.930833
0.92786
0.924597
0.921011
0.917057
0.912685
0.907839
0.902437
0.896378
0.889525
0.881681
0.872554
0.86168
0.84825
0.830684
0.805285
0.760433
0.651829
0.373316
0.954805
0.972327
0.974497
0.973734
0.971696
0.968869
0.96982
0.973124
0.980026
0.991816
1
0.999999
1
0.999997
0.978462
0.939476
0.905956
0.88293
0.873699
0.869595
0.868945
0.870555
0.872422
0.875724
0.879972
0.884684
0.889523
0.894328
0.89903
0.903569
0.907915
0.912063
0.916024
0.919801
0.923399
0.926793
0.929947
0.932999
0.935781
0.938597
0.94113
0.943317
0.945247
0.947031
0.948675
0.950191
0.951589
0.952874
0.954048
0.955129
0.95611
0.957005
0.957815
0.95855
0.959208
0.959801
0.960326
0.960794
0.961202
0.961557
0.961863
0.962121
0.962334
0.962507
0.962639
0.962736
0.962799
0.962829
0.962826
0.962798
0.96274
0.96266
0.962552
0.962424
0.962273
0.962104
0.961914
0.961704
0.96148
0.961237
0.960979
0.960705
0.960416
0.960113
0.959794
0.959462
0.959116
0.958757
0.958382
0.957993
0.95759
0.957171
0.956734
0.956282
0.955811
0.955319
0.954806
0.954272
0.95371
0.953123
0.952507
0.951857
0.951173
0.950452
0.949686
0.948873
0.948011
0.94709
0.946107
0.945054
0.943929
0.942716
0.941415
0.940012
0.938496
0.936857
0.935084
0.933161
0.93107
0.9288
0.926329
0.923633
0.920688
0.917469
0.913945
0.91007
0.905804
0.901088
0.895843
0.889979
0.883363
0.875791
0.866983
0.856471
0.843438
0.826286
0.801263
0.756562
0.64733
0.368456
0.953857
0.969474
0.972929
0.973074
0.971825
0.970021
0.96855
0.97019
0.976301
0.990256
1
1
1
1
0.974114
0.928462
0.897028
0.886336
0.882798
0.882242
0.883402
0.884502
0.886625
0.889426
0.892633
0.896043
0.899524
0.902999
0.906426
0.909776
0.913031
0.916182
0.919223
0.922149
0.924956
0.927629
0.930168
0.932607
0.934906
0.937187
0.939276
0.941366
0.943015
0.944471
0.945809
0.947044
0.948185
0.949232
0.950195
0.951071
0.951874
0.952601
0.953255
0.953847
0.954375
0.95484
0.955252
0.95561
0.955917
0.956177
0.956393
0.956565
0.956695
0.95679
0.956849
0.956873
0.956864
0.956825
0.956758
0.956665
0.956546
0.956403
0.956235
0.956047
0.955836
0.955608
0.95536
0.955095
0.954812
0.954513
0.9542
0.953868
0.953525
0.953165
0.95279
0.952403
0.952001
0.951585
0.951156
0.950711
0.950254
0.94978
0.94929
0.948784
0.948258
0.947713
0.947149
0.946561
0.945949
0.945309
0.944642
0.943942
0.943209
0.94244
0.941625
0.940768
0.93986
0.938898
0.937872
0.936783
0.935621
0.934375
0.933042
0.931614
0.930076
0.928421
0.926639
0.924713
0.92263
0.920377
0.917934
0.915283
0.912404
0.909263
0.905843
0.902103
0.897998
0.893475
0.888468
0.882879
0.876578
0.869369
0.860965
0.850895
0.83833
0.821643
0.797012
0.752379
0.642149
0.36255
0.952699
0.965519
0.96999
0.971318
0.971172
0.970379
0.9697
0.968328
0.971423
0.988125
1
1
0.999999
1
0.968586
0.915455
0.897007
0.894139
0.893985
0.894846
0.895663
0.897172
0.899098
0.901267
0.903572
0.90594
0.90833
0.910715
0.913082
0.915412
0.9177
0.919936
0.922114
0.924227
0.926275
0.928245
0.930141
0.931972
0.933732
0.93545
0.937063
0.938691
0.940316
0.9414
0.942392
0.943306
0.944147
0.944917
0.94562
0.946256
0.946834
0.947352
0.947817
0.948223
0.948581
0.94889
0.949149
0.949365
0.949537
0.94967
0.949764
0.94982
0.949843
0.94983
0.949789
0.949716
0.949613
0.949484
0.949328
0.949148
0.948946
0.94872
0.948473
0.948207
0.947921
0.947616
0.947295
0.946955
0.9466
0.946228
0.945842
0.945443
0.945028
0.944598
0.944153
0.943697
0.943226
0.94274
0.942244
0.941732
0.941208
0.940667
0.940111
0.939537
0.938946
0.938337
0.937708
0.937057
0.936382
0.935681
0.93495
0.934192
0.933399
0.932571
0.931702
0.93079
0.929829
0.928816
0.927746
0.926614
0.925412
0.924135
0.922774
0.921322
0.919773
0.918118
0.916342
0.914437
0.912393
0.910194
0.907828
0.905278
0.902521
0.899541
0.896308
0.892796
0.888954
0.884742
0.880085
0.874895
0.869029
0.862306
0.854423
0.8449
0.832889
0.816724
0.792481
0.747748
0.635851
0.355031
0.951057
0.960234
0.964919
0.967242
0.968225
0.968432
0.968204
0.967749
0.965315
0.985051
0.999999
1
1
1
0.960978
0.904527
0.903287
0.903693
0.904333
0.905109
0.906272
0.907623
0.909058
0.91053
0.912016
0.913508
0.914999
0.916486
0.91796
0.919424
0.920869
0.922288
0.923683
0.925047
0.926379
0.927669
0.928926
0.930146
0.931325
0.93247
0.933574
0.934699
0.936082
0.936852
0.937476
0.938034
0.938536
0.938986
0.939388
0.939741
0.940053
0.940317
0.940536
0.940717
0.940862
0.940963
0.94103
0.941064
0.94106
0.941024
0.940958
0.940863
0.940739
0.940585
0.940404
0.9402
0.939971
0.939719
0.939444
0.939147
0.938832
0.938495
0.938139
0.937768
0.937376
0.93697
0.936547
0.936109
0.935654
0.935187
0.934704
0.934206
0.933697
0.933172
0.932634
0.932083
0.931518
0.930942
0.930349
0.929746
0.929129
0.928495
0.927846
0.927182
0.9265
0.925801
0.925082
0.924341
0.923577
0.922791
0.921977
0.921137
0.920263
0.919359
0.918417
0.917438
0.916415
0.915348
0.91423
0.91306
0.91183
0.910536
0.909175
0.90774
0.906224
0.904622
0.902926
0.901126
0.899214
0.89718
0.895015
0.8927
0.89022
0.887563
0.884691
0.881588
0.8782
0.87449
0.870377
0.865771
0.860531
0.854467
0.847262
0.838421
0.827071
0.811481
0.787578
0.742371
0.627269
0.343591
0.947597
0.952965
0.956493
0.958842
0.960396
0.961375
0.961869
0.961647
0.961331
0.979055
1
1
0.999998
1
0.947957
0.908127
0.908615
0.909081
0.909748
0.910515
0.911304
0.912081
0.912844
0.913599
0.914344
0.915088
0.915827
0.916561
0.91729
0.918008
0.91872
0.919418
0.920099
0.92077
0.921419
0.922049
0.922664
0.923256
0.923828
0.924386
0.924938
0.925525
0.92636
0.926742
0.926951
0.927098
0.92721
0.927276
0.927311
0.927316
0.927288
0.927225
0.927138
0.92702
0.926873
0.926698
0.9265
0.926274
0.926021
0.925745
0.925448
0.925123
0.92478
0.924412
0.924026
0.923617
0.92319
0.922745
0.922279
0.921796
0.921297
0.92078
0.920247
0.919696
0.919132
0.918553
0.917959
0.917349
0.916726
0.916088
0.915437
0.914773
0.914094
0.913401
0.912694
0.911974
0.911246
0.910512
0.909768
0.909021
0.908263
0.907499
0.906725
0.905942
0.905148
0.904346
0.903534
0.902709
0.901873
0.901025
0.900164
0.899288
0.898397
0.89749
0.896567
0.895624
0.89466
0.893677
0.892669
0.891636
0.890572
0.88948
0.888354
0.887188
0.885982
0.884727
0.883422
0.882056
0.88062
0.879107
0.877507
0.875803
0.87398
0.872017
0.869889
0.867561
0.864992
0.862123
0.858877
0.855163
0.85083
0.845673
0.839365
0.83139
0.82083
0.805867
0.782176
0.73575
0.613659
0.314141
)
;

boundaryField
{
    walls
    {
        type            zeroGradient;
    }
    top
    {
        type            zeroGradient;
    }
    bottom
    {
        type            zeroGradient;
    }
    frontAndBack
    {
        type            empty;
    }
    inlet
    {
        type            uniformFixedValue;
        uniformValue    
        {
            type            constant;
            value           1;
        }
        value           uniform 1;
    }
    outlet
    {
        type            zeroGradient;
    }
}


// ************************************************************************* //
