/*--------------------------------*- C++ -*----------------------------------*\
  =========                 |
  \\      /  F ield         | OpenFOAM: The Open Source CFD Toolbox
   \\    /   O peration     | Website:  https://openfoam.org
    \\  /    A nd           | Version:  12
     \\/     M anipulation  |
\*---------------------------------------------------------------------------*/
FoamFile
{
    format      ascii;
    class       volScalarField;
    location    "600";
    object      T;
}
// * * * * * * * * * * * * * * * * * * * * * * * * * * * * * * * * * * * * * //

dimensions      [];

internalField   nonuniform List<scalar> 
4480
(
2.96637e-05
0.00109845
0.054897
0.207478
0.367659
0.500611
0.603275
0.680763
0.739039
0.783061
0.816579
0.842333
0.862295
0.877898
0.890177
0.899889
0.907594
0.91371
0.918546
0.922337
0.925268
0.927477
0.929074
0.930139
0.930738
0.930925
0.930742
0.93036
0.929974
0.92958
0.92918
0.928771
0.928347
0.92791
0.927455
0.926984
0.92649
0.925975
0.925431
0.924861
0.924264
0.92363
0.922959
0.922253
0.921505
0.92071
0.919866
0.918975
0.918026
0.917014
0.915943
0.914811
0.913602
0.91232
0.91096
0.909513
0.907983
0.906366
0.904648
0.902835
0.900913
0.898886
0.896744
0.894489
0.892105
0.889606
0.886968
0.884207
0.881297
0.878256
0.875063
0.871722
0.868226
0.864574
0.860758
0.856775
0.852623
0.848295
0.843787
0.839095
0.834215
0.829142
0.823871
0.818434
0.812835
0.807074
0.801152
0.79507
0.78883
0.782438
0.775899
0.769223
0.762418
0.755499
0.748485
0.74139
0.734244
0.727072
0.719912
0.712805
0.705798
0.698946
0.6923
0.685951
0.679964
0.674432
0.66946
0.665157
0.661639
0.659039
0.657495
0.657149
0.658139
0.660617
0.664705
0.670532
0.678181
0.68771
0.699138
0.712477
0.727892
0.745937
0.767569
0.795151
0.838054
0.900367
0.943592
0.97567
0.968479
0.921081
0.874088
0.800883
0.732578
0.674915
0.619078
0.562061
0.501582
0.434663
0.357837
0.261305
1.2188e-05
0.0207918
0.205815
0.443903
0.626657
0.748948
0.827777
0.878512
0.911599
0.933608
0.948574
0.958984
0.966392
0.971773
0.975746
0.978733
0.981002
0.98274
0.984073
0.985098
0.985879
0.986459
0.986877
0.987154
0.987315
0.98737
0.987333
0.987119
0.986654
0.985965
0.985076
0.984012
0.982799
0.981458
0.980008
0.978471
0.976863
0.975201
0.973493
0.971755
0.969997
0.968228
0.966448
0.964669
0.962894
0.961123
0.959361
0.957608
0.955861
0.954122
0.952388
0.950664
0.94894
0.947215
0.945489
0.943755
0.942017
0.940265
0.938497
0.936716
0.934907
0.933081
0.931221
0.929333
0.927413
0.925462
0.923468
0.92143
0.919352
0.917234
0.915066
0.91285
0.910583
0.908269
0.905895
0.903471
0.90099
0.898447
0.895857
0.893204
0.89049
0.887726
0.884897
0.882021
0.879108
0.876149
0.873148
0.870119
0.867054
0.863969
0.860868
0.857756
0.854646
0.851552
0.848489
0.845465
0.842514
0.839643
0.836883
0.834268
0.83183
0.829601
0.827627
0.825945
0.824618
0.823684
0.823213
0.823251
0.823873
0.825136
0.827107
0.829834
0.833383
0.837798
0.84311
0.84935
0.856518
0.864615
0.873625
0.883547
0.894423
0.90636
0.919493
0.933917
0.949482
0.96489
0.977584
0.985779
0.977885
0.951639
0.924491
0.893893
0.86009
0.823009
0.781699
0.734892
0.68087
0.617475
0.542434
0.454795
0.0017876
0.107522
0.403934
0.647698
0.796284
0.879473
0.925503
0.951438
0.966524
0.975654
0.981414
0.98522
0.987837
0.989709
0.991087
0.992129
0.992929
0.993549
0.994032
0.994407
0.994696
0.994911
0.995068
0.995174
0.995235
0.995257
0.995242
0.995181
0.995045
0.994834
0.994546
0.994173
0.993716
0.993164
0.992523
0.991784
0.990954
0.990034
0.989029
0.987942
0.986781
0.985551
0.984262
0.982919
0.981528
0.980102
0.97864
0.977153
0.975643
0.974118
0.972583
0.97104
0.969491
0.967938
0.966389
0.964837
0.96329
0.961746
0.960203
0.958665
0.957129
0.955597
0.954064
0.952537
0.951009
0.949479
0.947951
0.94642
0.944883
0.943349
0.9418
0.940253
0.938697
0.937135
0.935558
0.933976
0.932388
0.930786
0.929174
0.927558
0.925925
0.924288
0.922634
0.92098
0.919313
0.917647
0.915986
0.914326
0.912667
0.911025
0.909397
0.907792
0.906221
0.904684
0.903198
0.901775
0.900425
0.899163
0.89801
0.896984
0.896102
0.895387
0.894873
0.894575
0.894533
0.894775
0.895326
0.896223
0.897505
0.899192
0.901316
0.903902
0.906973
0.910538
0.914606
0.919166
0.924211
0.92971
0.935632
0.941942
0.948595
0.955531
0.962645
0.96974
0.976495
0.982413
0.986818
0.988845
0.98314
0.966149
0.948653
0.929449
0.907553
0.881906
0.851187
0.813639
0.766895
0.70787
0.632959
0.538843
0.018364
0.276796
0.605132
0.802072
0.899294
0.945327
0.967538
0.978776
0.984846
0.988397
0.990656
0.992216
0.99337
0.994259
0.994961
0.995521
0.995974
0.996336
0.996626
0.996853
0.99703
0.997163
0.997259
0.997327
0.997367
0.997384
0.997381
0.997353
0.997298
0.997214
0.997099
0.996948
0.996761
0.996531
0.99625
0.995918
0.99553
0.995078
0.994564
0.993982
0.993335
0.992622
0.991843
0.991003
0.990104
0.989151
0.988146
0.987098
0.986007
0.984884
0.983731
0.982551
0.981353
0.980138
0.978912
0.977681
0.976445
0.975204
0.973969
0.972734
0.971509
0.970286
0.969074
0.967874
0.966681
0.965499
0.964332
0.963172
0.962027
0.96089
0.959763
0.958649
0.957543
0.956449
0.955361
0.954281
0.953211
0.952153
0.9511
0.950051
0.949011
0.947981
0.946964
0.945945
0.944937
0.943938
0.942949
0.941978
0.941023
0.940086
0.93917
0.938283
0.937431
0.936613
0.935847
0.935129
0.93448
0.933899
0.933402
0.933003
0.932716
0.932551
0.932528
0.93266
0.932973
0.933471
0.934187
0.935129
0.936317
0.937765
0.93949
0.941498
0.943798
0.946391
0.949265
0.95241
0.955809
0.95943
0.963239
0.967187
0.97122
0.975251
0.979175
0.982835
0.986032
0.988498
0.989879
0.989664
0.985585
0.973749
0.961078
0.947295
0.931586
0.912912
0.889802
0.860071
0.820458
0.766062
0.689795
0.58192
0.0761236
0.481681
0.771281
0.901318
0.953516
0.974711
0.983933
0.988391
0.990856
0.992452
0.993622
0.994558
0.995334
0.995984
0.996523
0.996962
0.99732
0.997605
0.997826
0.997995
0.998122
0.998215
0.998279
0.998321
0.998347
0.998358
0.998358
0.998343
0.998313
0.998266
0.998202
0.99812
0.99802
0.997898
0.997752
0.997579
0.997374
0.997135
0.996857
0.996539
0.996175
0.995766
0.995306
0.994799
0.994241
0.993636
0.992984
0.992287
0.991548
0.990771
0.989958
0.989114
0.988243
0.987349
0.986438
0.985513
0.984578
0.983632
0.982686
0.981738
0.980792
0.97985
0.978918
0.977996
0.977079
0.97618
0.975292
0.974415
0.973556
0.972711
0.97188
0.971062
0.970262
0.969475
0.968705
0.967946
0.967207
0.966478
0.965758
0.965058
0.964367
0.963689
0.963026
0.962373
0.961732
0.961105
0.960491
0.959888
0.959306
0.958742
0.9582
0.957681
0.957194
0.956738
0.956318
0.955939
0.95561
0.955339
0.955127
0.954992
0.954932
0.954961
0.955092
0.955333
0.955693
0.956188
0.956824
0.957611
0.958559
0.959681
0.960972
0.962446
0.964094
0.965918
0.967908
0.970044
0.972315
0.97469
0.977138
0.979612
0.98206
0.984419
0.986598
0.98849
0.989952
0.990809
0.990814
0.989606
0.986374
0.977933
0.967945
0.957111
0.944901
0.930536
0.912754
0.889385
0.856742
0.808276
0.732429
0.608682
0.187245
0.670791
0.883428
0.954265
0.977597
0.986106
0.989768
0.99171
0.993001
0.994027
0.994929
0.995729
0.996424
0.997014
0.997496
0.99788
0.998178
0.9984
0.998564
0.998676
0.99875
0.998796
0.998822
0.998833
0.998836
0.998834
0.998829
0.998822
0.998803
0.998775
0.998738
0.998689
0.998629
0.998557
0.998471
0.998369
0.998251
0.99811
0.997947
0.997761
0.997546
0.9973
0.997021
0.996709
0.996361
0.995976
0.995554
0.995094
0.994602
0.994074
0.993514
0.992925
0.99231
0.991671
0.99101
0.990334
0.989645
0.988944
0.988234
0.987522
0.986812
0.986099
0.985394
0.984693
0.983999
0.983318
0.982645
0.981986
0.981344
0.980711
0.980093
0.97949
0.978903
0.978332
0.977773
0.977231
0.976699
0.976186
0.975687
0.975198
0.974722
0.974263
0.973816
0.973384
0.972957
0.972544
0.972145
0.97176
0.971387
0.97103
0.970694
0.970377
0.970082
0.969811
0.96957
0.969362
0.969191
0.969064
0.968979
0.968945
0.968972
0.969058
0.969217
0.969455
0.969773
0.970184
0.970686
0.971296
0.972012
0.972837
0.973779
0.97483
0.975991
0.977257
0.978621
0.980064
0.981574
0.983124
0.984689
0.986228
0.987702
0.989052
0.990212
0.991096
0.991599
0.991583
0.990861
0.989176
0.986162
0.980197
0.971923
0.962876
0.952729
0.940956
0.926645
0.907948
0.881371
0.83954
0.766711
0.627683
0.334786
0.816152
0.9458
0.977572
0.986725
0.990159
0.991888
0.993042
0.994006
0.994907
0.995769
0.996559
0.997235
0.997786
0.998217
0.998544
0.998775
0.998929
0.999018
0.999059
0.999064
0.999047
0.999017
0.998985
0.998955
0.998933
0.998918
0.998913
0.998904
0.998892
0.998877
0.998856
0.998829
0.998796
0.998754
0.9987
0.998635
0.998557
0.998464
0.998355
0.998226
0.998076
0.997905
0.99771
0.997491
0.997243
0.996968
0.996665
0.996336
0.995978
0.995594
0.995187
0.994754
0.994299
0.993828
0.993339
0.992835
0.992322
0.991801
0.991272
0.990741
0.990209
0.989679
0.98915
0.988631
0.988118
0.987612
0.987117
0.986631
0.98616
0.985698
0.985252
0.984813
0.984393
0.983984
0.983587
0.983202
0.982829
0.982471
0.982128
0.98179
0.981469
0.981162
0.980859
0.980568
0.980288
0.980018
0.979759
0.979513
0.97928
0.979059
0.978855
0.978672
0.978503
0.97836
0.978237
0.978145
0.978081
0.978049
0.978056
0.978101
0.978195
0.978338
0.978533
0.978788
0.979104
0.979486
0.979938
0.980458
0.981056
0.981723
0.982461
0.983269
0.98414
0.985063
0.986024
0.987013
0.98801
0.988987
0.989917
0.99076
0.991469
0.991988
0.992251
0.992166
0.991623
0.99048
0.98854
0.985558
0.981059
0.974216
0.966382
0.957561
0.947373
0.935222
0.919645
0.897731
0.86225
0.794593
0.642483
0.492048
0.909621
0.973787
0.986143
0.989956
0.991725
0.992849
0.993769
0.994651
0.995552
0.996446
0.997242
0.997895
0.998399
0.998769
0.999022
0.999175
0.999243
0.999242
0.99919
0.999104
0.999002
0.998901
0.998808
0.998733
0.998679
0.99865
0.998643
0.998644
0.99865
0.99866
0.99867
0.998679
0.998687
0.998688
0.998683
0.998668
0.998645
0.99861
0.99856
0.998498
0.998418
0.998322
0.998207
0.998071
0.997918
0.997743
0.997545
0.997326
0.997086
0.996824
0.996541
0.99624
0.995921
0.995583
0.995232
0.994868
0.994493
0.994109
0.993721
0.993329
0.992931
0.992537
0.992143
0.99175
0.991365
0.990985
0.990614
0.990248
0.989892
0.989547
0.989214
0.988886
0.988575
0.988269
0.987975
0.987693
0.98742
0.98716
0.986909
0.986666
0.986438
0.986216
0.986005
0.985799
0.985603
0.985414
0.985233
0.985062
0.984905
0.984753
0.984617
0.984496
0.984384
0.984289
0.984215
0.984158
0.984125
0.984114
0.984133
0.984176
0.984257
0.984367
0.984517
0.984709
0.98494
0.985219
0.98554
0.985912
0.986329
0.986796
0.987304
0.987852
0.988437
0.989047
0.989673
0.9903
0.990912
0.991485
0.991997
0.992408
0.992686
0.992776
0.992624
0.992151
0.991269
0.989859
0.987777
0.984849
0.980886
0.975428
0.968481
0.960594
0.951451
0.940661
0.927056
0.908385
0.878216
0.816896
0.654801
0.641412
0.955887
0.983617
0.989123
0.991295
0.992519
0.993428
0.99426
0.995141
0.996086
0.997027
0.997829
0.998441
0.998883
0.999178
0.999349
0.999409
0.999369
0.999252
0.999077
0.998872
0.99866
0.99846
0.998286
0.99815
0.998057
0.998008
0.997999
0.998009
0.998037
0.998078
0.998128
0.998182
0.99824
0.998297
0.998348
0.998393
0.998428
0.99845
0.998463
0.99846
0.998445
0.998413
0.998364
0.998299
0.998216
0.998113
0.997995
0.997858
0.997702
0.99753
0.997339
0.997133
0.996911
0.996674
0.996425
0.996162
0.995891
0.995611
0.995325
0.995037
0.994744
0.994448
0.994154
0.993862
0.993571
0.993287
0.993007
0.992732
0.992466
0.992207
0.991955
0.991711
0.991472
0.991245
0.991026
0.990816
0.990614
0.99042
0.990236
0.990056
0.989889
0.989728
0.989574
0.989423
0.989281
0.989146
0.989018
0.988897
0.988781
0.988677
0.988577
0.988492
0.988413
0.988349
0.988298
0.988261
0.988235
0.988233
0.988245
0.988282
0.988338
0.988419
0.988525
0.98866
0.988821
0.989017
0.989239
0.989493
0.989775
0.990089
0.990425
0.990784
0.991159
0.991542
0.99192
0.992288
0.992623
0.992908
0.993118
0.993224
0.993194
0.99298
0.992532
0.991789
0.990672
0.989086
0.986918
0.984041
0.980319
0.975624
0.969633
0.962449
0.954047
0.944182
0.931828
0.91527
0.889081
0.834191
0.665579
0.768534
0.970881
0.986667
0.990443
0.992043
0.993024
0.993827
0.994634
0.99554
0.996548
0.997544
0.99833
0.998885
0.999252
0.99947
0.999547
0.999492
0.999316
0.999045
0.998712
0.998348
0.997989
0.997661
0.997384
0.997171
0.997028
0.996954
0.996942
0.996967
0.997023
0.997104
0.997206
0.99732
0.997441
0.997565
0.997688
0.997804
0.99791
0.998004
0.998085
0.998153
0.998203
0.998235
0.99825
0.99825
0.998234
0.998198
0.998145
0.998075
0.99799
0.997884
0.997765
0.997632
0.997482
0.997322
0.997151
0.996966
0.996775
0.996575
0.996366
0.996155
0.99594
0.995722
0.995504
0.995286
0.995069
0.994856
0.994647
0.99444
0.99424
0.994041
0.993852
0.993667
0.99349
0.993318
0.993152
0.992994
0.99284
0.992697
0.992555
0.992423
0.992297
0.992175
0.992062
0.99195
0.991846
0.991745
0.991649
0.991556
0.991473
0.991393
0.99132
0.991253
0.991198
0.991148
0.991109
0.991077
0.991058
0.991052
0.991056
0.991078
0.991112
0.991163
0.991234
0.991321
0.991428
0.991553
0.991695
0.991859
0.992038
0.992233
0.992438
0.992653
0.992871
0.993082
0.993279
0.993448
0.993575
0.993644
0.993629
0.993508
0.993245
0.992804
0.992138
0.991197
0.989907
0.9882
0.985975
0.983142
0.979588
0.975206
0.969898
0.963473
0.955636
0.946436
0.934918
0.919716
0.896267
0.847041
0.675369
0.848259
0.978783
0.988628
0.991247
0.992529
0.993376
0.994118
0.994923
0.99587
0.996957
0.997999
0.998754
0.999235
0.999524
0.999657
0.999628
0.999431
0.99908
0.998609
0.998066
0.997496
0.996947
0.996454
0.996049
0.995739
0.995538
0.995438
0.995424
0.995469
0.995564
0.995701
0.99587
0.996061
0.996266
0.996477
0.996688
0.996891
0.997084
0.997267
0.99743
0.997577
0.997706
0.997813
0.9979
0.997967
0.998016
0.998044
0.998054
0.998046
0.998021
0.997979
0.997921
0.99785
0.997763
0.997663
0.997551
0.99743
0.9973
0.99716
0.997015
0.996865
0.996709
0.996551
0.996392
0.996232
0.996071
0.995913
0.995754
0.995601
0.995448
0.995302
0.995159
0.995018
0.994884
0.994752
0.994629
0.994507
0.994392
0.994281
0.994172
0.99407
0.993975
0.99388
0.993793
0.993711
0.99363
0.99355
0.993476
0.993408
0.99334
0.99328
0.993222
0.993168
0.993122
0.993077
0.993044
0.993016
0.992995
0.992979
0.992977
0.992983
0.992998
0.993021
0.99306
0.993105
0.993166
0.993234
0.993313
0.993403
0.9935
0.993603
0.993708
0.993808
0.993902
0.993981
0.994033
0.99405
0.994013
0.99391
0.993722
0.993422
0.992981
0.992363
0.99153
0.990435
0.989019
0.987218
0.984957
0.982155
0.978721
0.974559
0.969568
0.963613
0.956495
0.9478
0.936888
0.922579
0.900904
0.856072
0.684512
0.905827
0.983203
0.989911
0.991888
0.992889
0.993624
0.99433
0.995146
0.996146
0.997313
0.998405
0.999105
0.999501
0.999715
0.999761
0.999605
0.999225
0.998643
0.997909
0.99709
0.996257
0.99547
0.994777
0.994213
0.993793
0.993525
0.993402
0.993391
0.993466
0.993617
0.993828
0.994086
0.994377
0.994688
0.995009
0.995332
0.995648
0.995951
0.996236
0.996501
0.996741
0.996959
0.997153
0.997319
0.997464
0.997584
0.99768
0.997755
0.997809
0.997844
0.99786
0.997858
0.997841
0.997809
0.997763
0.997705
0.997636
0.997556
0.997469
0.997374
0.997273
0.997166
0.997056
0.996942
0.996829
0.996712
0.996596
0.996479
0.996365
0.996252
0.996141
0.996033
0.995927
0.995825
0.995726
0.99563
0.99554
0.995449
0.995362
0.99528
0.995202
0.995128
0.995053
0.994985
0.994918
0.994856
0.994791
0.994732
0.994676
0.994621
0.994569
0.99452
0.994474
0.99443
0.994393
0.994359
0.994328
0.994303
0.994283
0.994266
0.994255
0.994251
0.994254
0.994262
0.994274
0.994293
0.994314
0.994341
0.994371
0.9944
0.994426
0.994447
0.994458
0.994451
0.994417
0.994354
0.994245
0.994082
0.993844
0.993513
0.993069
0.992483
0.991723
0.990756
0.989541
0.988024
0.986153
0.983865
0.981085
0.977737
0.973735
0.968971
0.963309
0.95654
0.948333
0.938053
0.924368
0.903815
0.86192
0.693254
0.939434
0.985937
0.990792
0.992347
0.993185
0.993813
0.994481
0.995314
0.996367
0.99762
0.998757
0.999385
0.999695
0.999841
0.999795
0.999478
0.998857
0.997969
0.996895
0.995728
0.994566
0.993487
0.992553
0.991804
0.991259
0.990924
0.990785
0.990785
0.990908
0.991136
0.991448
0.991824
0.992244
0.992692
0.993153
0.993614
0.994066
0.9945
0.994911
0.995294
0.995648
0.99597
0.996261
0.99652
0.996749
0.996947
0.99712
0.997264
0.997382
0.997478
0.997553
0.99761
0.997644
0.997663
0.997667
0.997657
0.997635
0.9976
0.997559
0.997505
0.997447
0.997381
0.99731
0.997236
0.997157
0.997079
0.996995
0.996913
0.996831
0.996748
0.996667
0.996587
0.996509
0.99643
0.996356
0.996281
0.99621
0.996141
0.996074
0.996011
0.995947
0.995885
0.995828
0.995772
0.995717
0.995664
0.995613
0.995562
0.995514
0.995465
0.995419
0.995376
0.995333
0.995289
0.995252
0.995216
0.995179
0.995148
0.995117
0.995088
0.995063
0.995042
0.995019
0.995003
0.994986
0.994969
0.99495
0.994933
0.994909
0.994881
0.994844
0.994795
0.994726
0.994637
0.994515
0.994353
0.99414
0.993866
0.993514
0.993066
0.9925
0.991797
0.990922
0.989846
0.988535
0.986936
0.985008
0.982694
0.979931
0.976648
0.972762
0.968167
0.962722
0.956225
0.948334
0.93843
0.925229
0.905392
0.865167
0.701752
0.953836
0.988537
0.99142
0.992676
0.99339
0.993973
0.994593
0.99543
0.996539
0.99788
0.999066
0.999603
0.999826
0.999919
0.999768
0.999241
0.998303
0.997018
0.995512
0.993915
0.992354
0.990928
0.989715
0.988762
0.988085
0.987687
0.987548
0.987576
0.987769
0.988101
0.988544
0.98907
0.989653
0.99027
0.990902
0.991532
0.992145
0.992734
0.993294
0.993815
0.994299
0.994742
0.995145
0.995507
0.995832
0.996119
0.996371
0.996591
0.996781
0.996942
0.997077
0.997189
0.997279
0.997349
0.997401
0.997435
0.997458
0.997466
0.997463
0.99745
0.997426
0.997397
0.997361
0.99732
0.997273
0.997224
0.997171
0.997116
0.99706
0.997003
0.996945
0.996886
0.996827
0.996771
0.996715
0.996656
0.996603
0.996547
0.996496
0.996441
0.996392
0.996341
0.996293
0.996245
0.996201
0.996154
0.996108
0.996065
0.996019
0.995976
0.99593
0.995887
0.995844
0.995802
0.99576
0.995718
0.995676
0.995635
0.995596
0.995556
0.995515
0.995476
0.995433
0.99539
0.995345
0.995297
0.995243
0.995183
0.995116
0.995038
0.994945
0.994832
0.994699
0.994536
0.994335
0.99409
0.993792
0.993424
0.992974
0.992426
0.99176
0.990954
0.989981
0.988818
0.987422
0.985756
0.983783
0.981448
0.978697
0.975461
0.971662
0.967193
0.961916
0.955626
0.947983
0.938386
0.925574
0.906303
0.867265
0.707867
0.962712
0.989492
0.991876
0.992907
0.993531
0.994071
0.994689
0.995496
0.996661
0.998092
0.999327
0.999761
0.99991
0.999963
0.999685
0.998879
0.997526
0.99574
0.993698
0.991582
0.989549
0.987727
0.986201
0.985024
0.984215
0.983768
0.983652
0.983734
0.984029
0.984503
0.985119
0.985835
0.986618
0.98744
0.988275
0.989103
0.989907
0.990679
0.991406
0.992084
0.992714
0.993292
0.993818
0.994295
0.994724
0.995107
0.99545
0.995749
0.996013
0.996243
0.996442
0.996613
0.996758
0.996879
0.99698
0.99706
0.997124
0.997173
0.997208
0.997231
0.997242
0.997245
0.99724
0.997227
0.997209
0.997185
0.997157
0.997125
0.997091
0.997053
0.997014
0.996975
0.996934
0.996892
0.99685
0.996807
0.996763
0.996721
0.996677
0.996633
0.996591
0.99655
0.996509
0.996467
0.996425
0.996383
0.99634
0.9963
0.996254
0.996213
0.996168
0.996122
0.996077
0.996033
0.995985
0.995938
0.995889
0.995838
0.995788
0.995733
0.995679
0.995621
0.995558
0.995492
0.995421
0.995343
0.995258
0.995161
0.995052
0.994928
0.994785
0.99462
0.994427
0.994199
0.993928
0.99361
0.993233
0.992784
0.99225
0.991615
0.990863
0.98997
0.988919
0.987675
0.986209
0.984491
0.98248
0.980125
0.977382
0.974181
0.970448
0.966077
0.960933
0.954807
0.947366
0.938014
0.925518
0.906699
0.868566
0.712128
0.968788
0.990214
0.992239
0.993054
0.993595
0.994112
0.994738
0.995553
0.996731
0.998252
0.999542
0.999871
0.999958
0.999985
0.999543
0.998369
0.996483
0.994077
0.991395
0.98867
0.986097
0.983826
0.981959
0.980551
0.97962
0.979149
0.979032
0.979204
0.979653
0.980324
0.981164
0.982124
0.983157
0.984227
0.985304
0.986362
0.987384
0.988358
0.989275
0.990129
0.990918
0.991642
0.992303
0.992902
0.993443
0.993928
0.994363
0.994751
0.995093
0.995394
0.995661
0.995892
0.996092
0.996266
0.996414
0.996539
0.996645
0.996733
0.996805
0.996862
0.996905
0.996938
0.996962
0.996975
0.996981
0.996982
0.996975
0.996964
0.996949
0.99693
0.996908
0.996882
0.996855
0.996826
0.996794
0.996763
0.99673
0.996694
0.996659
0.996624
0.996586
0.996548
0.99651
0.996474
0.996435
0.996393
0.996353
0.99631
0.996267
0.996222
0.996176
0.996129
0.996078
0.996028
0.995974
0.99592
0.99586
0.9958
0.995737
0.995669
0.9956
0.995521
0.995441
0.995353
0.995254
0.995149
0.995031
0.994901
0.994755
0.994589
0.9944
0.994186
0.993938
0.993651
0.993323
0.992939
0.992492
0.99197
0.991362
0.990651
0.989823
0.988857
0.987733
0.986426
0.984904
0.983139
0.981094
0.978726
0.975986
0.972815
0.969131
0.964839
0.959801
0.95381
0.946535
0.937388
0.92515
0.906701
0.869272
0.714978
0.973139
0.990734
0.992447
0.993133
0.993605
0.994089
0.994728
0.995594
0.996761
0.998361
0.999717
0.99994
0.999984
0.999995
0.999334
0.997685
0.995135
0.991981
0.988548
0.985124
0.981945
0.979181
0.976949
0.975312
0.974281
0.973824
0.973732
0.974048
0.974704
0.975629
0.976752
0.978007
0.979337
0.980697
0.98205
0.983368
0.984633
0.985827
0.986946
0.987989
0.988948
0.989826
0.990627
0.991354
0.992011
0.992602
0.993133
0.993607
0.99403
0.994405
0.994736
0.99503
0.995288
0.995514
0.99571
0.995883
0.996027
0.996153
0.99626
0.996349
0.996426
0.996486
0.996536
0.996576
0.996605
0.996626
0.99664
0.996646
0.996648
0.996644
0.996637
0.996623
0.996608
0.996587
0.996567
0.996543
0.996515
0.996488
0.996458
0.996427
0.996393
0.99636
0.996324
0.996286
0.996247
0.996207
0.996165
0.996121
0.996076
0.996028
0.995977
0.995923
0.995869
0.995811
0.995751
0.995686
0.995618
0.995547
0.995469
0.995389
0.995301
0.995207
0.995105
0.994994
0.994873
0.994738
0.994592
0.994428
0.994247
0.994043
0.993811
0.993551
0.993253
0.992917
0.99253
0.992087
0.991578
0.990992
0.99032
0.989544
0.988651
0.987621
0.986436
0.985072
0.983499
0.981695
0.979625
0.977242
0.974506
0.971355
0.967716
0.963488
0.958538
0.952661
0.94553
0.936555
0.924545
0.906404
0.869509
0.716737
0.97634
0.9911
0.992553
0.993141
0.993546
0.994004
0.994655
0.995573
0.996788
0.998415
0.999849
0.999978
0.999996
0.999999
0.999051
0.996795
0.993439
0.989405
0.985112
0.980909
0.977061
0.973762
0.971149
0.969289
0.968192
0.967805
0.967829
0.968354
0.969291
0.970535
0.972002
0.973606
0.975275
0.976958
0.978611
0.980211
0.981729
0.983159
0.984488
0.985719
0.986852
0.987887
0.988829
0.989684
0.990456
0.991154
0.99178
0.992341
0.992843
0.993292
0.99369
0.994044
0.994357
0.994634
0.994878
0.99509
0.99528
0.99544
0.995583
0.995703
0.995809
0.995895
0.99597
0.996032
0.996084
0.996124
0.996156
0.996178
0.996195
0.996205
0.996209
0.996206
0.996201
0.996189
0.996175
0.996158
0.996137
0.996112
0.996086
0.996056
0.996026
0.995991
0.995955
0.995919
0.995878
0.995838
0.995792
0.995745
0.995695
0.995643
0.995586
0.995527
0.995463
0.995399
0.995329
0.995255
0.995176
0.995091
0.995002
0.994903
0.994799
0.994689
0.994565
0.994433
0.994289
0.994129
0.993952
0.993759
0.993542
0.9933
0.993032
0.992729
0.992387
0.991999
0.991562
0.991066
0.990502
0.989862
0.98913
0.988296
0.987344
0.986258
0.985022
0.983606
0.981995
0.980159
0.978064
0.975672
0.97294
0.96981
0.966206
0.962034
0.95716
0.951382
0.944373
0.935559
0.923742
0.905863
0.869386
0.717654
0.978729
0.991351
0.992584
0.99308
0.993425
0.993849
0.994512
0.995489
0.9968
0.998425
0.999942
0.999994
0.999998
1
0.998681
0.995672
0.991355
0.986314
0.981065
0.976006
0.971432
0.967556
0.96454
0.962474
0.961366
0.961062
0.961293
0.96214
0.963469
0.965142
0.967036
0.969052
0.971108
0.973144
0.975118
0.977004
0.978781
0.980441
0.981978
0.983394
0.984692
0.985876
0.986953
0.98793
0.988811
0.989611
0.990327
0.990971
0.991547
0.992064
0.992527
0.992941
0.993306
0.993634
0.993923
0.994178
0.994403
0.994603
0.994775
0.994927
0.995057
0.99517
0.995268
0.995352
0.995421
0.99548
0.995525
0.995563
0.995593
0.995613
0.995627
0.995634
0.995637
0.995633
0.995624
0.995611
0.995594
0.995571
0.995545
0.995517
0.995488
0.995453
0.995415
0.995374
0.995331
0.995288
0.995237
0.995186
0.99513
0.995072
0.99501
0.994942
0.994872
0.994797
0.994716
0.994632
0.99454
0.994442
0.994337
0.994225
0.994104
0.993973
0.993831
0.993678
0.993507
0.993322
0.993119
0.992895
0.992647
0.992369
0.992064
0.99172
0.991336
0.990906
0.990424
0.989877
0.989264
0.988572
0.987788
0.986904
0.985902
0.984768
0.983485
0.982032
0.980387
0.97852
0.97641
0.974011
0.971286
0.968169
0.964603
0.960484
0.955678
0.949987
0.943091
0.934418
0.922783
0.905133
0.868985
0.717909
0.980527
0.991496
0.992541
0.992934
0.993239
0.993627
0.994295
0.995334
0.996747
0.998434
0.999991
1
1
1
0.998211
0.994287
0.988855
0.982687
0.976396
0.97042
0.965063
0.960562
0.95712
0.954871
0.95383
0.953478
0.954078
0.955433
0.957334
0.959583
0.962021
0.964524
0.967009
0.969419
0.971718
0.973886
0.975904
0.977781
0.979505
0.981089
0.982536
0.983856
0.985052
0.986137
0.987116
0.988003
0.988803
0.989522
0.990167
0.990747
0.991267
0.991732
0.992148
0.992519
0.99285
0.993144
0.993404
0.993635
0.993838
0.994018
0.994174
0.99431
0.994428
0.99453
0.994616
0.994689
0.994749
0.994801
0.99484
0.99487
0.994893
0.994907
0.994915
0.994916
0.99491
0.9949
0.994885
0.994864
0.994838
0.994811
0.994778
0.994739
0.994699
0.994657
0.994609
0.994559
0.994505
0.994446
0.994383
0.994317
0.994245
0.994169
0.994091
0.994003
0.993913
0.993814
0.993711
0.993598
0.99348
0.993351
0.993212
0.993063
0.992901
0.992723
0.99253
0.99232
0.99209
0.991838
0.991558
0.991251
0.990908
0.990529
0.990106
0.989635
0.989109
0.988521
0.987865
0.987126
0.986295
0.985368
0.984322
0.983147
0.981825
0.980341
0.978667
0.976781
0.974658
0.972253
0.969534
0.966441
0.962906
0.95883
0.954092
0.948488
0.9417
0.93316
0.921695
0.904247
0.868366
0.71763
0.98186
0.991565
0.992441
0.992737
0.992982
0.993324
0.993996
0.995098
0.996628
0.998442
1
0.999999
0.999998
0.999999
0.997629
0.992617
0.985917
0.978521
0.971127
0.96419
0.958001
0.952804
0.948874
0.946469
0.945612
0.945571
0.946714
0.948741
0.951349
0.954271
0.957308
0.960324
0.963237
0.965999
0.968596
0.971005
0.973237
0.975289
0.977169
0.978888
0.980455
0.981882
0.983177
0.98435
0.98541
0.986372
0.987237
0.988016
0.98872
0.989355
0.989921
0.990432
0.99089
0.9913
0.991665
0.991992
0.992284
0.992543
0.992774
0.992977
0.993155
0.993309
0.993446
0.993566
0.993665
0.993753
0.993824
0.993885
0.993933
0.99397
0.993999
0.994016
0.994029
0.994033
0.99403
0.99402
0.994002
0.993984
0.993955
0.993925
0.993887
0.993849
0.993803
0.993755
0.993702
0.993645
0.993582
0.993515
0.993445
0.99337
0.99329
0.993203
0.993112
0.993015
0.992911
0.9928
0.992682
0.992557
0.992422
0.992275
0.992121
0.99195
0.991767
0.991571
0.991354
0.991119
0.990865
0.990581
0.990275
0.989935
0.98956
0.989147
0.988688
0.988181
0.987616
0.986989
0.986291
0.985513
0.984645
0.983677
0.982594
0.981385
0.980031
0.978519
0.976826
0.974924
0.972793
0.970392
0.967682
0.96461
0.961105
0.957082
0.952408
0.946889
0.94021
0.931804
0.920494
0.903241
0.867568
0.716924
0.98283
0.991572
0.99229
0.992486
0.992652
0.992939
0.993605
0.994773
0.996435
0.998412
1
1
0.999998
0.999997
0.996931
0.99064
0.98253
0.973834
0.965313
0.957402
0.950334
0.94433
0.939773
0.937228
0.936201
0.936883
0.939123
0.942306
0.945932
0.949669
0.953328
0.956822
0.960095
0.963136
0.965947
0.968533
0.970904
0.973078
0.975062
0.976871
0.97852
0.980017
0.981377
0.982609
0.983729
0.984742
0.985654
0.986483
0.987229
0.987902
0.988508
0.989053
0.989544
0.989984
0.990381
0.990731
0.991047
0.991328
0.99158
0.991801
0.991996
0.992169
0.992319
0.99245
0.992564
0.992661
0.99274
0.992807
0.992863
0.992905
0.992939
0.99296
0.992972
0.992976
0.992974
0.992963
0.992944
0.992921
0.992891
0.992856
0.992815
0.992768
0.992717
0.99266
0.9926
0.992537
0.992465
0.99239
0.99231
0.992223
0.992133
0.992036
0.991932
0.991822
0.991705
0.991579
0.991448
0.991305
0.991152
0.99099
0.990815
0.990628
0.990423
0.990205
0.989966
0.989709
0.989426
0.989118
0.988783
0.988413
0.98801
0.987563
0.987072
0.986532
0.985934
0.985272
0.984538
0.983726
0.982826
0.981824
0.980709
0.979475
0.978098
0.976564
0.974855
0.972946
0.970811
0.968415
0.965718
0.962671
0.959206
0.955234
0.950624
0.945193
0.938622
0.930352
0.9192
0.902134
0.866621
0.715861
0.983499
0.991524
0.992096
0.992157
0.99221
0.992462
0.993119
0.994349
0.996159
0.998336
0.999997
0.999997
0.999998
0.999996
0.996106
0.988336
0.978694
0.968676
0.959064
0.950227
0.94226
0.935291
0.929773
0.926974
0.926057
0.928369
0.932557
0.937353
0.94209
0.946532
0.950636
0.954412
0.957876
0.961047
0.96395
0.966603
0.969026
0.971241
0.973261
0.9751
0.976778
0.978309
0.979697
0.980957
0.982101
0.983143
0.984086
0.984937
0.985708
0.986405
0.987034
0.987602
0.988114
0.988575
0.98899
0.989361
0.989694
0.98999
0.990255
0.990491
0.990698
0.99088
0.991042
0.991182
0.9913
0.991405
0.99149
0.99156
0.99162
0.991663
0.991696
0.991719
0.99173
0.991733
0.991727
0.991715
0.991691
0.991662
0.991628
0.991585
0.991539
0.991483
0.991424
0.99136
0.991291
0.991217
0.991135
0.991049
0.990958
0.99086
0.990755
0.990646
0.990528
0.990405
0.990275
0.990135
0.989986
0.989828
0.989659
0.989477
0.989285
0.989076
0.988853
0.988614
0.988352
0.988071
0.987764
0.987431
0.987068
0.986673
0.986242
0.985766
0.985247
0.984676
0.984047
0.983355
0.982591
0.98175
0.980817
0.979793
0.978656
0.977397
0.976002
0.974455
0.972736
0.970824
0.968688
0.966305
0.963629
0.960612
0.957189
0.953275
0.948741
0.943397
0.936945
0.928815
0.917828
0.900941
0.865556
0.714488
0.9839
0.991427
0.991859
0.991765
0.99167
0.991896
0.992524
0.993815
0.995786
0.998211
1
1
0.999998
1
0.995147
0.985686
0.974422
0.96314
0.952576
0.942983
0.934216
0.926156
0.918947
0.913368
0.91565
0.923414
0.930417
0.93582
0.94078
0.945358
0.949582
0.953328
0.956745
0.959853
0.962694
0.965292
0.967666
0.969835
0.971817
0.973626
0.975282
0.976787
0.978167
0.979415
0.980554
0.98159
0.982535
0.983392
0.984168
0.984874
0.985508
0.986084
0.986605
0.987074
0.987497
0.987877
0.988217
0.988523
0.988794
0.989036
0.98925
0.989438
0.989602
0.989744
0.989868
0.989971
0.990058
0.99013
0.990187
0.99023
0.990262
0.99028
0.990288
0.990286
0.990276
0.990254
0.990226
0.990191
0.990147
0.990097
0.990041
0.989976
0.989907
0.989831
0.989752
0.989664
0.989572
0.989473
0.98937
0.989259
0.98914
0.989017
0.988886
0.988747
0.9886
0.988444
0.988278
0.988102
0.987917
0.987718
0.987506
0.987278
0.987034
0.986772
0.98649
0.986184
0.985857
0.985498
0.985112
0.984692
0.984234
0.983733
0.983187
0.982591
0.981937
0.981217
0.980431
0.979564
0.978611
0.977563
0.976407
0.975133
0.973726
0.972174
0.970451
0.968541
0.966417
0.964051
0.961399
0.95842
0.955046
0.951191
0.94674
0.941506
0.935178
0.927191
0.916384
0.899671
0.864385
0.712827
0.984036
0.991304
0.991618
0.991368
0.99112
0.991245
0.991821
0.993159
0.995297
0.99803
0.999998
1
1
0.999998
0.994037
0.982653
0.969745
0.957383
0.946195
0.936296
0.927243
0.918658
0.909818
0.915054
0.91993
0.926332
0.932182
0.937093
0.941635
0.945836
0.949712
0.953184
0.956366
0.959277
0.962008
0.964598
0.966828
0.968869
0.970741
0.972458
0.974031
0.975476
0.976796
0.977999
0.979099
0.980106
0.981021
0.981853
0.982616
0.983307
0.983933
0.9845
0.985014
0.985479
0.985897
0.986274
0.986613
0.986915
0.987187
0.987427
0.987637
0.987823
0.987987
0.988125
0.988245
0.988347
0.988429
0.988496
0.988548
0.988587
0.98861
0.988623
0.988624
0.988613
0.988594
0.988565
0.988526
0.98848
0.988427
0.988366
0.988296
0.988222
0.988139
0.988052
0.987958
0.987858
0.987751
0.987639
0.98752
0.987394
0.987259
0.987121
0.986973
0.986818
0.986654
0.986481
0.986297
0.986104
0.9859
0.985682
0.98545
0.985202
0.984937
0.984655
0.984351
0.984025
0.983676
0.983297
0.982886
0.982443
0.981963
0.981439
0.980869
0.98025
0.979572
0.978835
0.978025
0.97714
0.976171
0.975107
0.973941
0.972657
0.971244
0.969688
0.967969
0.96607
0.963964
0.961624
0.959004
0.956073
0.952757
0.948985
0.944623
0.939504
0.933313
0.925495
0.914861
0.898329
0.863111
0.710871
0.983896
0.991155
0.991404
0.991005
0.990539
0.990498
0.991012
0.992366
0.994668
0.997791
0.999998
1
1
0.999999
0.992771
0.97919
0.964725
0.951695
0.940554
0.931386
0.923794
0.921082
0.921759
0.923706
0.927312
0.931795
0.936175
0.940204
0.944021
0.947596
0.950921
0.953958
0.956775
0.959391
0.961858
0.964192
0.966225
0.968245
0.970003
0.971573
0.973022
0.974353
0.975575
0.976699
0.977728
0.978672
0.979535
0.980322
0.98104
0.981695
0.982296
0.982838
0.983331
0.983776
0.984178
0.984538
0.984863
0.985152
0.985412
0.98564
0.985841
0.986019
0.986169
0.986301
0.98641
0.986502
0.986575
0.986631
0.986672
0.986699
0.986713
0.986713
0.986703
0.986681
0.986651
0.986609
0.986558
0.986498
0.986432
0.986355
0.986273
0.986183
0.986086
0.985984
0.985873
0.985758
0.985635
0.985504
0.985368
0.985226
0.985076
0.984918
0.984754
0.984579
0.984397
0.984207
0.984005
0.983793
0.983569
0.98333
0.983078
0.982813
0.982526
0.982223
0.981901
0.981554
0.98118
0.980782
0.98035
0.979887
0.979385
0.97884
0.978253
0.977613
0.976919
0.976161
0.975339
0.974441
0.973459
0.972386
0.971213
0.969929
0.968517
0.966967
0.96526
0.96338
0.961297
0.958989
0.95642
0.953542
0.950302
0.946617
0.942377
0.937391
0.931357
0.923712
0.913268
0.896915
0.861732
0.708582
0.983602
0.990828
0.991227
0.990801
0.990002
0.989523
0.990132
0.991443
0.993861
0.997474
0.999998
0.999998
1
0.999998
0.9913
0.975228
0.959491
0.946593
0.936802
0.931555
0.929247
0.929113
0.930275
0.932022
0.934737
0.937915
0.941141
0.944271
0.947296
0.950173
0.952886
0.955416
0.957801
0.960048
0.962178
0.964183
0.965989
0.967761
0.969323
0.970924
0.972203
0.973386
0.974484
0.975493
0.976419
0.977272
0.978051
0.978772
0.97943
0.980029
0.980578
0.981074
0.981529
0.981939
0.982308
0.982641
0.982939
0.983205
0.983439
0.983647
0.983827
0.983986
0.984119
0.984232
0.984325
0.984398
0.984456
0.984496
0.98452
0.98453
0.984529
0.984515
0.984486
0.984449
0.984401
0.984342
0.984274
0.984197
0.984114
0.984021
0.983921
0.983812
0.983697
0.983576
0.983447
0.983312
0.983171
0.983021
0.982867
0.982705
0.982534
0.982357
0.982172
0.98198
0.981777
0.981566
0.981344
0.981112
0.980866
0.980608
0.980338
0.980048
0.979744
0.979419
0.979077
0.978709
0.978316
0.977898
0.977448
0.976963
0.976443
0.975882
0.975277
0.974624
0.973913
0.973144
0.972312
0.971404
0.970417
0.969344
0.968169
0.966888
0.965486
0.963949
0.962265
0.960411
0.958365
0.956107
0.9536
0.950801
0.947658
0.944089
0.939979
0.935149
0.929293
0.921843
0.911603
0.895428
0.860231
0.705873
0.983293
0.990134
0.990938
0.990668
0.989952
0.988968
0.989284
0.99041
0.992827
0.997045
1
0.999999
1
0.999997
0.989567
0.970655
0.954341
0.943094
0.938572
0.93656
0.936239
0.937023
0.937935
0.939549
0.941626
0.943929
0.946293
0.948639
0.950935
0.953149
0.955268
0.957291
0.959222
0.961062
0.962815
0.964469
0.966003
0.967489
0.968844
0.970214
0.971445
0.97251
0.973448
0.974318
0.975117
0.975854
0.976535
0.97716
0.97773
0.978258
0.978735
0.979171
0.979565
0.979925
0.980244
0.980535
0.980791
0.981021
0.98122
0.981394
0.981545
0.981671
0.981776
0.981863
0.981928
0.981977
0.98201
0.982028
0.982028
0.982017
0.981991
0.981955
0.981904
0.981846
0.981775
0.981696
0.981607
0.981507
0.981402
0.981286
0.981165
0.981035
0.980898
0.980755
0.980603
0.980446
0.980282
0.980112
0.979934
0.979749
0.979558
0.979359
0.97915
0.978935
0.978712
0.978478
0.978233
0.977979
0.97771
0.977431
0.977138
0.976828
0.976501
0.976158
0.975793
0.975405
0.974995
0.974556
0.974087
0.973585
0.973051
0.972473
0.971855
0.971189
0.970468
0.969691
0.968852
0.967943
0.966953
0.965882
0.964719
0.96345
0.962065
0.960555
0.958907
0.957097
0.95511
0.952923
0.950498
0.947802
0.944784
0.941355
0.93741
0.932766
0.927114
0.919881
0.909855
0.893856
0.85857
0.702576
0.982948
0.989043
0.990358
0.990429
0.989997
0.989371
0.98886
0.989382
0.991493
0.996486
1
1
1
1
0.987462
0.965312
0.949995
0.944761
0.943025
0.942749
0.943314
0.943849
0.944886
0.946253
0.947819
0.949484
0.951183
0.952878
0.95455
0.956183
0.95777
0.959307
0.960788
0.962213
0.96358
0.964882
0.966118
0.967304
0.968424
0.969533
0.97055
0.971568
0.97237
0.97308
0.973731
0.974331
0.974887
0.975396
0.975866
0.976291
0.976683
0.977039
0.977356
0.977646
0.977904
0.978131
0.978333
0.978509
0.978659
0.978787
0.978895
0.97898
0.979044
0.979093
0.979124
0.979138
0.979136
0.979119
0.979088
0.979047
0.978991
0.978925
0.978846
0.978759
0.978658
0.978551
0.978433
0.978309
0.978175
0.978033
0.977885
0.977727
0.977565
0.977394
0.977216
0.977033
0.976841
0.976644
0.97644
0.976228
0.976012
0.975786
0.975553
0.975312
0.975062
0.974802
0.974534
0.974254
0.973963
0.973657
0.97334
0.973006
0.972657
0.972292
0.971904
0.971497
0.971065
0.970609
0.97012
0.969604
0.969054
0.968462
0.967831
0.967157
0.96643
0.965648
0.964809
0.963902
0.962921
0.961863
0.960717
0.959475
0.95813
0.956662
0.95507
0.953333
0.951431
0.949343
0.947042
0.944488
0.94163
0.938385
0.934645
0.930223
0.924808
0.917815
0.908015
0.892174
0.856686
0.698416
0.982524
0.98753
0.989251
0.98977
0.989742
0.989477
0.989242
0.988737
0.989747
0.995715
1
1
0.999999
1
0.984784
0.958999
0.94999
0.948577
0.948497
0.948915
0.949311
0.950048
0.950987
0.952044
0.953169
0.954324
0.95549
0.956652
0.957807
0.958942
0.960057
0.961146
0.962207
0.963235
0.964233
0.965192
0.966114
0.967006
0.967863
0.968699
0.969484
0.970278
0.971068
0.971597
0.97208
0.972525
0.972936
0.973311
0.973653
0.973962
0.974244
0.974498
0.974726
0.974925
0.975101
0.975253
0.975381
0.975487
0.975573
0.975639
0.975687
0.975716
0.97573
0.975726
0.975709
0.975677
0.97563
0.97557
0.975497
0.975412
0.975318
0.975212
0.975094
0.97497
0.974834
0.974689
0.974538
0.974376
0.974209
0.974031
0.973848
0.973659
0.973462
0.973258
0.973046
0.97283
0.972606
0.972374
0.972138
0.971895
0.971646
0.971389
0.971124
0.97085
0.970569
0.97028
0.969981
0.969672
0.969352
0.969019
0.968671
0.968311
0.967935
0.967543
0.967131
0.9667
0.966244
0.965766
0.965261
0.964727
0.96416
0.963559
0.962918
0.962235
0.961508
0.960732
0.9599
0.959008
0.958053
0.957026
0.955923
0.954737
0.953454
0.952072
0.950575
0.948956
0.947186
0.945256
0.943131
0.940778
0.938134
0.935132
0.93165
0.927499
0.922359
0.915636
0.906065
0.89034
0.854436
0.692887
0.98193
0.985509
0.987324
0.988225
0.988618
0.988717
0.988647
0.98849
0.987557
0.994602
0.999999
1
1
1
0.981101
0.953704
0.953066
0.953257
0.953566
0.953943
0.954509
0.955168
0.955867
0.956585
0.957308
0.958036
0.958762
0.959487
0.960204
0.960917
0.961622
0.962311
0.962991
0.963655
0.964305
0.964931
0.965545
0.96614
0.966714
0.96727
0.967808
0.968358
0.969031
0.969408
0.969712
0.969984
0.97023
0.97045
0.970648
0.970821
0.970976
0.971106
0.971213
0.971303
0.971377
0.971427
0.971462
0.971483
0.971482
0.971468
0.971439
0.971397
0.971339
0.971268
0.971182
0.971087
0.970979
0.970861
0.970731
0.970591
0.970442
0.970282
0.970113
0.969938
0.969751
0.969559
0.969359
0.96915
0.968934
0.968712
0.968483
0.968245
0.968004
0.967754
0.967499
0.967237
0.966968
0.966695
0.966413
0.966128
0.965835
0.965533
0.965225
0.964911
0.964588
0.964258
0.963918
0.963567
0.963206
0.962835
0.962452
0.962056
0.961644
0.96122
0.960776
0.960318
0.959837
0.959337
0.958813
0.958266
0.957692
0.957087
0.956452
0.955783
0.955078
0.954333
0.953547
0.952711
0.951825
0.950882
0.949883
0.948814
0.947671
0.946451
0.945132
0.943714
0.942168
0.940485
0.938625
0.936556
0.934217
0.931537
0.928385
0.924565
0.91975
0.91332
0.90397
0.888254
0.851452
0.684193
0.980675
0.982759
0.984128
0.985038
0.985643
0.986028
0.986227
0.986151
0.98604
0.992439
1
1
0.999998
1
0.974793
0.9555
0.955734
0.955958
0.956283
0.956657
0.957042
0.95742
0.957791
0.95816
0.958521
0.958883
0.959244
0.9596
0.959956
0.960304
0.960652
0.960992
0.961322
0.961651
0.961967
0.962273
0.962575
0.962864
0.963143
0.963415
0.963685
0.963973
0.964382
0.964571
0.964676
0.96475
0.964809
0.964842
0.964862
0.964868
0.964858
0.96483
0.964793
0.964738
0.964671
0.964588
0.964498
0.964392
0.964273
0.964144
0.964005
0.963851
0.963691
0.963516
0.963335
0.963142
0.96294
0.962731
0.96251
0.962282
0.962047
0.961803
0.961552
0.96129
0.961024
0.960751
0.960471
0.960182
0.959889
0.959587
0.95928
0.958968
0.958648
0.958321
0.957988
0.957649
0.957307
0.956962
0.956612
0.956261
0.955906
0.955548
0.955185
0.954819
0.954447
0.954072
0.953693
0.953308
0.952918
0.952523
0.952123
0.951716
0.951302
0.950881
0.950453
0.950016
0.94957
0.949116
0.94865
0.948174
0.947683
0.94718
0.946662
0.946126
0.945573
0.944997
0.9444
0.943776
0.94312
0.942429
0.941699
0.940924
0.940097
0.939209
0.938248
0.937201
0.936049
0.934766
0.93332
0.931677
0.929772
0.927525
0.924799
0.921394
0.916962
0.910853
0.901684
0.885762
0.846862
0.662355
)
;

boundaryField
{
    walls
    {
        type            zeroGradient;
    }
    top
    {
        type            zeroGradient;
    }
    bottom
    {
        type            zeroGradient;
    }
    frontAndBack
    {
        type            empty;
    }
    inlet
    {
        type            uniformFixedValue;
        uniformValue    
        {
            type            constant;
            value           1;
        }
        value           uniform 1;
    }
    outlet
    {
        type            zeroGradient;
    }
}


// ************************************************************************* //
