/*--------------------------------*- C++ -*----------------------------------*\
  =========                 |
  \\      /  F ield         | OpenFOAM: The Open Source CFD Toolbox
   \\    /   O peration     | Website:  https://openfoam.org
    \\  /    A nd           | Version:  12
     \\/     M anipulation  |
\*---------------------------------------------------------------------------*/
FoamFile
{
    format      ascii;
    class       volScalarField;
    location    "475";
    object      T;
}
// * * * * * * * * * * * * * * * * * * * * * * * * * * * * * * * * * * * * * //

dimensions      [];

internalField   nonuniform List<scalar> 
4480
(
3.35473e-06
0.000178395
0.0199222
0.11601
0.250585
0.379574
0.488375
0.575613
0.64419
0.697783
0.739702
0.772622
0.798603
0.819216
0.835639
0.848762
0.859255
0.867632
0.87428
0.879498
0.883524
0.886536
0.888679
0.890062
0.890773
0.890885
0.890455
0.889733
0.889002
0.888258
0.887499
0.886721
0.885917
0.885085
0.88422
0.883321
0.88238
0.881395
0.880358
0.879267
0.878121
0.876906
0.87562
0.87426
0.872818
0.871286
0.869658
0.867932
0.866094
0.864135
0.862055
0.859847
0.857493
0.854991
0.852331
0.849501
0.846499
0.843317
0.839937
0.836359
0.832565
0.828552
0.824308
0.819829
0.815094
0.810111
0.804853
0.79933
0.793511
0.787409
0.780997
0.774276
0.767232
0.759859
0.752144
0.74408
0.735656
0.726862
0.717688
0.708124
0.698157
0.687777
0.676971
0.665789
0.654235
0.642301
0.629979
0.617264
0.60415
0.590632
0.576708
0.562384
0.547669
0.532581
0.517154
0.501431
0.485477
0.469375
0.453233
0.437181
0.421372
0.40598
0.391193
0.377229
0.3643
0.352633
0.342459
0.334002
0.327479
0.323104
0.321079
0.321598
0.324839
0.330981
0.340175
0.352565
0.368256
0.387317
0.409766
0.435648
0.465315
0.499877
0.54125
0.594099
0.676719
0.798003
0.883642
0.948856
0.937541
0.847205
0.761489
0.636841
0.528091
0.442435
0.365692
0.294123
0.226153
0.160919
0.0994466
0.0430696
1.38187e-06
0.00495332
0.106667
0.309969
0.500028
0.642646
0.741974
0.809677
0.855883
0.887802
0.910232
0.926297
0.938033
0.946763
0.953354
0.958401
0.9623
0.965327
0.967678
0.969498
0.97089
0.971926
0.972665
0.973147
0.97341
0.973474
0.97336
0.972962
0.972194
0.971092
0.969694
0.968035
0.96615
0.96407
0.961822
0.959437
0.956938
0.954348
0.95168
0.948955
0.946187
0.943386
0.940556
0.93771
0.934853
0.931983
0.929106
0.926219
0.923322
0.920412
0.917485
0.914544
0.911576
0.908578
0.905548
0.902474
0.899359
0.89619
0.892962
0.889674
0.88631
0.882876
0.879356
0.875749
0.872051
0.868261
0.864365
0.860358
0.856245
0.852021
0.847675
0.843209
0.838617
0.833901
0.829049
0.824066
0.818947
0.813685
0.808293
0.802756
0.797073
0.791256
0.78529
0.779198
0.772995
0.766674
0.760241
0.753712
0.747082
0.740372
0.73359
0.726749
0.719869
0.712975
0.706091
0.699244
0.692479
0.685828
0.679344
0.673089
0.667127
0.66153
0.656387
0.651788
0.647849
0.644676
0.642408
0.641169
0.641112
0.642379
0.645121
0.649473
0.655575
0.663541
0.673461
0.685403
0.699392
0.715434
0.733507
0.753618
0.775861
0.800475
0.827758
0.857934
0.890749
0.923544
0.950989
0.969412
0.955606
0.902966
0.847401
0.785162
0.71781
0.646337
0.570262
0.489056
0.402283
0.310167
0.214763
0.122075
0.000253084
0.0371481
0.261533
0.51366
0.693539
0.804955
0.871346
0.911046
0.935355
0.950768
0.960934
0.967935
0.972944
0.976653
0.979471
0.981655
0.983368
0.984718
0.985783
0.986618
0.987266
0.987753
0.988106
0.988344
0.988479
0.988523
0.988483
0.98834
0.988058
0.987638
0.98708
0.986377
0.985529
0.984528
0.983379
0.982079
0.980633
0.979046
0.977325
0.975477
0.973513
0.971442
0.969276
0.967024
0.964693
0.9623
0.959846
0.957343
0.954797
0.952215
0.949604
0.946966
0.944302
0.941617
0.938917
0.936194
0.933458
0.930704
0.92793
0.925139
0.922327
0.919497
0.91664
0.913763
0.91086
0.907928
0.90497
0.901981
0.898957
0.895905
0.89281
0.889684
0.886518
0.883315
0.880066
0.87678
0.873455
0.870083
0.866669
0.863219
0.859721
0.856187
0.852608
0.848997
0.845348
0.841677
0.837989
0.834285
0.830569
0.826858
0.823157
0.819481
0.815848
0.812266
0.808764
0.805365
0.802093
0.798978
0.796059
0.793377
0.790968
0.788883
0.787183
0.785914
0.78515
0.784955
0.785391
0.786536
0.788468
0.791248
0.794947
0.799624
0.805333
0.812108
0.819973
0.828923
0.838946
0.849997
0.862019
0.87495
0.888708
0.903183
0.918172
0.933285
0.947868
0.960896
0.970973
0.976309
0.966309
0.93267
0.896585
0.856104
0.809534
0.755266
0.691592
0.616664
0.528652
0.426383
0.310846
0.187596
0.003621
0.131073
0.449416
0.690677
0.82686
0.897709
0.934557
0.954462
0.965886
0.972963
0.977717
0.981155
0.983786
0.985866
0.987539
0.988895
0.989998
0.990886
0.991599
0.992163
0.992602
0.992935
0.993178
0.993347
0.993449
0.993491
0.993482
0.993415
0.993282
0.993084
0.992818
0.99248
0.992068
0.991572
0.990987
0.990309
0.989533
0.98865
0.987663
0.986565
0.985361
0.98405
0.982634
0.98112
0.97951
0.977814
0.976036
0.974184
0.972264
0.970286
0.968256
0.966178
0.964063
0.961913
0.959737
0.957538
0.955322
0.953087
0.950845
0.948592
0.946336
0.944072
0.941808
0.939544
0.937278
0.935012
0.93275
0.930486
0.928226
0.925964
0.923701
0.921443
0.919181
0.916921
0.914658
0.912392
0.910126
0.907862
0.905594
0.90332
0.901047
0.898776
0.896511
0.894233
0.891961
0.889695
0.887436
0.885196
0.882975
0.880778
0.878614
0.876493
0.874428
0.872426
0.87051
0.868685
0.866983
0.865414
0.864006
0.862786
0.861785
0.861029
0.860557
0.860402
0.86061
0.861209
0.862251
0.863772
0.865811
0.868406
0.871592
0.875392
0.879828
0.884907
0.89062
0.896949
0.903864
0.911312
0.919223
0.927508
0.936054
0.944697
0.953216
0.961294
0.968511
0.974314
0.977973
0.978444
0.971292
0.948355
0.922794
0.894109
0.860518
0.819832
0.769262
0.705194
0.623242
0.518644
0.388092
0.233586
0.0206037
0.290079
0.633678
0.821804
0.907062
0.945012
0.962866
0.972125
0.977578
0.981281
0.984097
0.986398
0.988326
0.989946
0.991293
0.992397
0.993293
0.994009
0.99457
0.995002
0.995331
0.995573
0.995746
0.995861
0.995932
0.995965
0.995965
0.995929
0.995852
0.995734
0.995575
0.995372
0.995127
0.994833
0.994489
0.99409
0.993628
0.993103
0.992506
0.991837
0.991088
0.990261
0.989349
0.988357
0.987281
0.986126
0.984894
0.983589
0.982214
0.980774
0.979277
0.977727
0.976129
0.974491
0.972819
0.971121
0.969398
0.967654
0.9659
0.964136
0.962367
0.960596
0.95883
0.95707
0.955311
0.953568
0.951833
0.950109
0.948401
0.946705
0.945024
0.943355
0.941705
0.940067
0.938446
0.936837
0.935246
0.933668
0.932099
0.93055
0.929013
0.92749
0.925985
0.924489
0.923008
0.921545
0.920099
0.918673
0.917275
0.915908
0.914577
0.913287
0.91205
0.910872
0.909762
0.908731
0.907796
0.906971
0.906268
0.905711
0.905313
0.905096
0.905087
0.905306
0.905777
0.906529
0.907582
0.908961
0.910689
0.91279
0.915271
0.918152
0.921431
0.925108
0.92917
0.933586
0.938328
0.943343
0.948566
0.953909
0.959264
0.964496
0.969423
0.973817
0.977384
0.979757
0.980436
0.978699
0.972928
0.9568
0.937093
0.915122
0.889579
0.858536
0.81906
0.766595
0.694504
0.593527
0.453088
0.266881
0.0674201
0.479601
0.782565
0.903679
0.948478
0.966353
0.974625
0.979257
0.982437
0.985007
0.987275
0.989292
0.991043
0.992522
0.993731
0.994696
0.995449
0.996019
0.996443
0.996745
0.996954
0.997091
0.997178
0.997227
0.99725
0.997256
0.997249
0.997231
0.997183
0.99711
0.997011
0.996883
0.996728
0.996542
0.996323
0.996068
0.995776
0.995439
0.995056
0.994626
0.994141
0.993599
0.992997
0.992334
0.991609
0.990819
0.989967
0.989051
0.988078
0.987045
0.985959
0.984822
0.983641
0.982419
0.98116
0.979872
0.97856
0.977226
0.975874
0.974514
0.973151
0.971781
0.970415
0.969053
0.967699
0.966357
0.965025
0.963709
0.962413
0.961129
0.959865
0.958619
0.957393
0.956188
0.954999
0.953833
0.952681
0.951554
0.950445
0.949351
0.948277
0.947225
0.946192
0.945178
0.944174
0.94319
0.942228
0.941288
0.940371
0.939482
0.938628
0.937811
0.937035
0.936306
0.935634
0.935026
0.934491
0.934043
0.933685
0.933431
0.933301
0.9333
0.93345
0.933764
0.934255
0.934944
0.935839
0.936963
0.938324
0.939931
0.941798
0.943921
0.9463
0.948928
0.95179
0.954858
0.958102
0.961474
0.964919
0.968359
0.971706
0.974844
0.97763
0.979888
0.981398
0.981879
0.980955
0.978108
0.972608
0.961274
0.94517
0.927192
0.906515
0.881721
0.850394
0.808003
0.746855
0.653699
0.508911
0.292676
0.154161
0.658075
0.881406
0.946233
0.966938
0.975235
0.979567
0.982497
0.984938
0.987221
0.989403
0.991389
0.993085
0.994464
0.995546
0.996365
0.996959
0.997368
0.997625
0.997768
0.997828
0.997831
0.997801
0.997759
0.997714
0.997678
0.997652
0.997639
0.997615
0.99758
0.997532
0.997468
0.997387
0.997287
0.997165
0.997017
0.996841
0.996635
0.996395
0.996121
0.995806
0.995449
0.995049
0.994603
0.99411
0.993567
0.992973
0.992329
0.991638
0.990897
0.99011
0.989282
0.988412
0.987504
0.986565
0.985597
0.984601
0.983589
0.982561
0.98152
0.980471
0.979419
0.978367
0.977317
0.976277
0.975246
0.974223
0.973216
0.972223
0.971248
0.970289
0.96935
0.968426
0.967525
0.966643
0.965779
0.964933
0.964107
0.963301
0.962517
0.961746
0.960999
0.960273
0.959556
0.958859
0.958178
0.957516
0.956872
0.956252
0.955656
0.955085
0.954544
0.954041
0.953572
0.95315
0.952773
0.952455
0.952199
0.95201
0.951902
0.951879
0.951957
0.952141
0.95244
0.952869
0.953435
0.954148
0.955017
0.956047
0.957249
0.958618
0.960157
0.961861
0.963722
0.96572
0.967831
0.970028
0.972272
0.974511
0.976681
0.978705
0.980485
0.981905
0.982824
0.983058
0.982384
0.980513
0.977056
0.971523
0.962972
0.949737
0.934345
0.916698
0.89578
0.86988
0.835078
0.783904
0.700657
0.556536
0.313956
0.278448
0.796768
0.934806
0.964851
0.974557
0.979111
0.982
0.984344
0.986581
0.988861
0.99111
0.99311
0.994744
0.996002
0.996928
0.997574
0.997984
0.998198
0.998258
0.998204
0.998074
0.997904
0.997727
0.997562
0.997427
0.99733
0.997276
0.997261
0.997257
0.997261
0.997266
0.99727
0.997268
0.997257
0.997231
0.997188
0.997122
0.997032
0.996917
0.99677
0.996593
0.99638
0.996131
0.995845
0.995518
0.995154
0.994749
0.994301
0.993813
0.993287
0.992721
0.992117
0.991479
0.99081
0.990109
0.989383
0.988635
0.987868
0.987085
0.986292
0.985492
0.984683
0.983876
0.983071
0.982266
0.981473
0.980687
0.979915
0.979152
0.978404
0.977672
0.976959
0.976257
0.975578
0.97491
0.974262
0.973632
0.973018
0.972425
0.971846
0.971283
0.970742
0.970214
0.969704
0.969204
0.96872
0.968251
0.967797
0.967362
0.96695
0.966554
0.966184
0.965844
0.965529
0.965247
0.965005
0.964803
0.96465
0.964546
0.964503
0.96452
0.964613
0.964776
0.965028
0.965371
0.965807
0.96635
0.966996
0.967757
0.968628
0.969617
0.970711
0.971909
0.973202
0.974572
0.975996
0.977449
0.978895
0.980286
0.981573
0.98268
0.983533
0.984027
0.984043
0.983429
0.982001
0.979526
0.975716
0.970222
0.962665
0.952129
0.938558
0.92294
0.904478
0.882034
0.852413
0.809179
0.735992
0.596292
0.332432
0.430911
0.882818
0.9578
0.972345
0.978002
0.98116
0.983484
0.985607
0.98783
0.990214
0.992575
0.99458
0.996111
0.997212
0.997957
0.998408
0.998606
0.99859
0.998407
0.998104
0.997734
0.997343
0.996971
0.996648
0.996393
0.996218
0.996125
0.996107
0.996124
0.996172
0.996241
0.996326
0.996417
0.99651
0.996598
0.996672
0.996729
0.996764
0.996773
0.996756
0.996707
0.996629
0.996515
0.996367
0.996182
0.995962
0.995705
0.995413
0.995085
0.994721
0.994325
0.993894
0.993435
0.992946
0.99243
0.991892
0.991331
0.990754
0.990161
0.989558
0.988947
0.988331
0.98771
0.98709
0.986474
0.985861
0.985258
0.984662
0.984075
0.983502
0.982941
0.982392
0.981858
0.981334
0.980829
0.980338
0.979861
0.9794
0.978953
0.978521
0.978101
0.977699
0.977311
0.976936
0.976569
0.976215
0.975876
0.975549
0.975236
0.974936
0.974657
0.974391
0.974151
0.973929
0.973735
0.973568
0.973433
0.973328
0.973267
0.973244
0.973272
0.973346
0.973477
0.973667
0.973922
0.974243
0.974638
0.975104
0.975644
0.976258
0.976949
0.977703
0.97852
0.979387
0.980288
0.981202
0.982109
0.98297
0.983747
0.98439
0.98484
0.985027
0.984859
0.984232
0.983021
0.981071
0.978194
0.974163
0.968722
0.961598
0.95253
0.940853
0.926698
0.909893
0.889694
0.863429
0.825919
0.761598
0.628517
0.349139
0.591385
0.923108
0.965899
0.975798
0.97994
0.982463
0.984508
0.986558
0.988844
0.991381
0.993869
0.995836
0.997219
0.998135
0.998689
0.998926
0.99888
0.998583
0.998093
0.997473
0.996792
0.996115
0.995494
0.994969
0.994566
0.994294
0.994154
0.99413
0.994175
0.994278
0.994429
0.994616
0.994825
0.995046
0.995269
0.995486
0.995688
0.995868
0.996023
0.996148
0.996242
0.996301
0.996323
0.99631
0.996261
0.996177
0.996055
0.995898
0.995706
0.995482
0.995222
0.994933
0.994616
0.99427
0.993902
0.993513
0.9931
0.992674
0.992232
0.991776
0.991314
0.990846
0.990373
0.989898
0.989425
0.988955
0.98849
0.988033
0.98758
0.987139
0.986703
0.986282
0.98587
0.985472
0.985083
0.984705
0.984342
0.983988
0.98365
0.983319
0.983003
0.9827
0.982405
0.982125
0.98185
0.981588
0.981335
0.98109
0.980855
0.980636
0.980426
0.980231
0.98005
0.97989
0.979745
0.979622
0.979519
0.979444
0.979397
0.979376
0.979393
0.979442
0.979531
0.979664
0.979838
0.98006
0.980328
0.980642
0.981008
0.981418
0.981871
0.982361
0.982882
0.983422
0.983965
0.984492
0.98498
0.985398
0.985711
0.98587
0.985826
0.985511
0.984848
0.983745
0.982097
0.979767
0.976606
0.972428
0.967038
0.960215
0.95174
0.941395
0.928763
0.913162
0.894492
0.870397
0.836752
0.779458
0.653752
0.364736
0.709015
0.944606
0.97105
0.977886
0.981196
0.983366
0.985254
0.987294
0.989682
0.992405
0.995012
0.996896
0.998093
0.998815
0.999169
0.999174
0.998835
0.998188
0.997304
0.996275
0.995195
0.994151
0.993216
0.992442
0.991855
0.99147
0.99128
0.991252
0.991337
0.991516
0.991775
0.992093
0.992452
0.992836
0.993231
0.993622
0.993998
0.994353
0.994681
0.994972
0.995228
0.995445
0.995618
0.995751
0.995842
0.995893
0.995904
0.995876
0.995812
0.995712
0.995579
0.995414
0.995222
0.995
0.994754
0.994484
0.994196
0.993891
0.993569
0.993236
0.992894
0.992543
0.992188
0.99183
0.99147
0.991111
0.990756
0.990402
0.990057
0.989714
0.989382
0.989057
0.988739
0.98843
0.988128
0.987841
0.987559
0.987288
0.987026
0.98677
0.986526
0.986294
0.986066
0.985851
0.985645
0.985442
0.985245
0.985057
0.984881
0.984708
0.984549
0.984398
0.984256
0.98413
0.984012
0.983914
0.98383
0.983763
0.983714
0.983689
0.983686
0.983707
0.983752
0.983829
0.983929
0.984064
0.984225
0.984416
0.984635
0.984879
0.985144
0.985424
0.985708
0.985988
0.986249
0.98647
0.986631
0.9867
0.986645
0.986428
0.985998
0.985294
0.984249
0.982782
0.980798
0.978184
0.974812
0.970532
0.965179
0.958569
0.950508
0.940772
0.929066
0.914923
0.897358
0.874731
0.843605
0.791398
0.67275
0.379661
0.802991
0.95655
0.974404
0.979543
0.982125
0.984002
0.985798
0.987861
0.990378
0.9933
0.996025
0.997772
0.998758
0.999291
0.999447
0.999185
0.998481
0.997382
0.995989
0.994432
0.992845
0.991345
0.990025
0.988949
0.988149
0.987637
0.987403
0.987381
0.987524
0.98781
0.988211
0.988701
0.989254
0.989844
0.990452
0.991061
0.991655
0.992223
0.992755
0.993244
0.993686
0.994081
0.994427
0.994719
0.994965
0.995162
0.995311
0.995417
0.99548
0.995503
0.995489
0.995441
0.995361
0.995251
0.995114
0.994953
0.99477
0.994568
0.994351
0.994119
0.993876
0.993624
0.993364
0.993099
0.992833
0.992564
0.992295
0.992027
0.991762
0.991502
0.991246
0.990996
0.99075
0.990511
0.99028
0.990055
0.989838
0.989625
0.98942
0.989222
0.989033
0.988851
0.988673
0.988504
0.988339
0.988182
0.988025
0.987877
0.987735
0.987597
0.987466
0.987342
0.987226
0.987116
0.987018
0.986929
0.98685
0.986784
0.98673
0.986688
0.986661
0.986651
0.986657
0.986679
0.986717
0.986772
0.986841
0.986926
0.987024
0.987129
0.987236
0.987341
0.987434
0.987502
0.987529
0.987502
0.987396
0.987188
0.98684
0.986318
0.985577
0.984562
0.98321
0.981453
0.979207
0.97637
0.972837
0.968479
0.963151
0.956695
0.948929
0.93963
0.928494
0.915049
0.898492
0.877258
0.847768
0.798944
0.686383
0.394236
0.86633
0.963868
0.976701
0.98073
0.982884
0.984489
0.986186
0.988286
0.990938
0.994072
0.996908
0.998472
0.999239
0.999604
0.99956
0.998975
0.9978
0.996112
0.994065
0.991841
0.989625
0.987569
0.985789
0.984361
0.983322
0.982682
0.982418
0.982417
0.982651
0.983085
0.983678
0.984392
0.985192
0.986044
0.98692
0.987795
0.988652
0.989473
0.990248
0.990969
0.991633
0.992232
0.99277
0.993245
0.993659
0.994013
0.994314
0.99456
0.994754
0.994904
0.99501
0.995078
0.995105
0.995101
0.995067
0.995004
0.994918
0.994809
0.994684
0.994539
0.994383
0.994214
0.994036
0.993852
0.99366
0.993467
0.993269
0.993071
0.992874
0.992678
0.992484
0.992294
0.992107
0.991921
0.991743
0.991567
0.991396
0.99123
0.991069
0.990915
0.990763
0.990614
0.990475
0.990337
0.990204
0.990074
0.989949
0.989825
0.989706
0.989589
0.989477
0.989371
0.989267
0.989166
0.989075
0.988988
0.988905
0.988833
0.988765
0.988704
0.988653
0.98861
0.988573
0.988548
0.988527
0.988513
0.9885
0.988495
0.988484
0.988471
0.988446
0.988403
0.988331
0.988223
0.988059
0.987824
0.987495
0.987052
0.986462
0.985688
0.984688
0.98342
0.98182
0.979827
0.977371
0.974357
0.970694
0.966269
0.960957
0.954612
0.947061
0.938083
0.92737
0.914456
0.898541
0.878112
0.849751
0.802962
0.695417
0.408691
0.895933
0.970792
0.978332
0.981581
0.983417
0.9849
0.986467
0.988581
0.991372
0.994725
0.997675
0.999013
0.999566
0.999798
0.999535
0.998538
0.996752
0.994305
0.991431
0.988385
0.985408
0.982691
0.98038
0.978561
0.977271
0.976511
0.976247
0.976299
0.976667
0.9773
0.978144
0.979146
0.980256
0.981431
0.982633
0.983831
0.984998
0.986118
0.987179
0.988167
0.989081
0.989915
0.990671
0.991348
0.991949
0.992478
0.992939
0.993336
0.993672
0.993952
0.994181
0.994363
0.994502
0.994602
0.994666
0.994696
0.994702
0.99468
0.994637
0.994574
0.994492
0.994398
0.994292
0.994176
0.994051
0.993921
0.993785
0.993646
0.993504
0.993361
0.993218
0.993075
0.992932
0.992793
0.992656
0.992517
0.992386
0.992252
0.992126
0.991998
0.991877
0.991756
0.99164
0.991526
0.991417
0.991306
0.991198
0.991092
0.990986
0.990883
0.99078
0.990679
0.990581
0.990486
0.990391
0.9903
0.99021
0.990123
0.990041
0.98996
0.989881
0.989805
0.989729
0.989654
0.989578
0.9895
0.989417
0.989326
0.989225
0.989106
0.988965
0.988792
0.988581
0.988318
0.987988
0.987576
0.987063
0.986421
0.985623
0.984636
0.983423
0.981938
0.980131
0.977947
0.975314
0.972153
0.968386
0.963907
0.958603
0.952338
0.944946
0.936206
0.925814
0.913305
0.897889
0.878095
0.85061
0.805357
0.701403
0.419233
0.91464
0.97329
0.979513
0.982176
0.983771
0.985153
0.986715
0.988753
0.991679
0.995255
0.998325
0.999407
0.999776
0.999907
0.999389
0.997854
0.995273
0.991866
0.987973
0.983938
0.980063
0.976589
0.973682
0.97144
0.969898
0.969045
0.968824
0.968979
0.969542
0.970445
0.971616
0.97298
0.974472
0.976037
0.977628
0.979204
0.980736
0.982202
0.983586
0.984875
0.98607
0.987164
0.98816
0.989058
0.989864
0.990581
0.991216
0.99177
0.992254
0.992671
0.993028
0.993329
0.993579
0.993782
0.993944
0.994069
0.99416
0.994222
0.994257
0.994269
0.994259
0.994233
0.994191
0.994136
0.994069
0.993994
0.99391
0.993821
0.993727
0.993627
0.993526
0.993424
0.99332
0.993215
0.993109
0.993004
0.992898
0.992794
0.992689
0.992586
0.992484
0.992385
0.992287
0.992189
0.992092
0.991994
0.991896
0.9918
0.9917
0.991605
0.991505
0.991406
0.991306
0.991209
0.991108
0.991009
0.990907
0.990805
0.990703
0.990596
0.99049
0.990381
0.990264
0.990144
0.990017
0.989879
0.98973
0.989563
0.989376
0.989163
0.988918
0.988633
0.988298
0.987899
0.987423
0.986857
0.986179
0.985366
0.98439
0.983222
0.981825
0.980159
0.97818
0.97583
0.973048
0.969771
0.965916
0.961389
0.956088
0.949881
0.942608
0.934051
0.923908
0.911716
0.896697
0.877404
0.850611
0.80653
0.705243
0.426651
0.927679
0.975185
0.980457
0.982558
0.983948
0.985259
0.98684
0.988898
0.991858
0.995657
0.998862
0.999678
0.999896
0.999962
0.999123
0.996883
0.993286
0.988696
0.98358
0.978386
0.973483
0.969156
0.965599
0.962917
0.961145
0.960246
0.960022
0.960351
0.961204
0.962481
0.964082
0.965909
0.967877
0.969916
0.971966
0.973982
0.975929
0.977783
0.979527
0.981152
0.982652
0.984028
0.985282
0.986417
0.987438
0.988354
0.98917
0.989894
0.990531
0.99109
0.991578
0.991999
0.992361
0.992669
0.992928
0.993144
0.99332
0.993462
0.993573
0.993655
0.993712
0.993749
0.993767
0.993766
0.993753
0.993728
0.993691
0.993645
0.993592
0.993533
0.993467
0.993396
0.993323
0.993246
0.993167
0.993087
0.993004
0.992919
0.992834
0.992749
0.992661
0.992573
0.992486
0.9924
0.992311
0.99222
0.992129
0.992034
0.99194
0.991842
0.991742
0.991641
0.991535
0.99143
0.99132
0.991208
0.991089
0.990969
0.990844
0.990713
0.990578
0.990431
0.990278
0.990114
0.989933
0.98974
0.989526
0.98929
0.989026
0.988727
0.988387
0.988
0.987552
0.987032
0.986432
0.985729
0.984906
0.983941
0.982811
0.981483
0.97993
0.978108
0.975979
0.973493
0.97059
0.96721
0.963282
0.958716
0.953413
0.947251
0.940067
0.931653
0.921709
0.909771
0.895071
0.876189
0.849948
0.806778
0.707477
0.43165
0.937148
0.976543
0.980997
0.982761
0.983971
0.985206
0.986819
0.989002
0.991933
0.99593
0.999296
0.999848
0.999959
0.999987
0.998727
0.995577
0.990714
0.984697
0.978151
0.971627
0.96557
0.960307
0.956057
0.95294
0.950977
0.950107
0.949931
0.95053
0.95178
0.953541
0.955678
0.958067
0.960601
0.96319
0.965766
0.968276
0.970684
0.97296
0.975092
0.977075
0.9789
0.980572
0.982094
0.983474
0.984719
0.985839
0.98684
0.987734
0.988528
0.989231
0.989848
0.990392
0.990867
0.991279
0.991636
0.991943
0.992201
0.99242
0.992602
0.992751
0.992874
0.992968
0.993041
0.993095
0.993129
0.993148
0.993154
0.993146
0.99313
0.993102
0.993069
0.993026
0.992979
0.992924
0.992868
0.992806
0.992739
0.99267
0.9926
0.992526
0.992448
0.99237
0.99229
0.992206
0.992121
0.992033
0.991942
0.991849
0.991752
0.99165
0.991545
0.991434
0.991322
0.991204
0.991082
0.990953
0.990817
0.990677
0.990527
0.990369
0.990201
0.990021
0.989828
0.989619
0.989392
0.989141
0.988869
0.988565
0.988229
0.987851
0.987424
0.986943
0.986393
0.985767
0.985049
0.984224
0.983273
0.982175
0.98091
0.979448
0.977757
0.975802
0.973546
0.970941
0.967932
0.964468
0.960478
0.955876
0.950572
0.944442
0.937333
0.929035
0.919251
0.907524
0.893094
0.874549
0.84877
0.806316
0.708477
0.434766
0.944186
0.977499
0.981276
0.982792
0.98383
0.984995
0.986637
0.988952
0.992002
0.996064
0.999626
0.999943
0.999988
0.999997
0.998186
0.993879
0.987477
0.979784
0.971602
0.963595
0.956268
0.949989
0.945015
0.941477
0.93939
0.938652
0.938697
0.939695
0.941476
0.943846
0.946635
0.949686
0.952865
0.956069
0.959218
0.962261
0.965153
0.967875
0.970408
0.972753
0.974908
0.976878
0.97867
0.980295
0.981763
0.983086
0.984272
0.985333
0.986281
0.987126
0.987874
0.988536
0.98912
0.989634
0.990084
0.990475
0.990818
0.991109
0.991363
0.991576
0.991758
0.991907
0.992032
0.992132
0.992212
0.992271
0.992315
0.992341
0.992357
0.992359
0.992351
0.992332
0.992307
0.992271
0.992231
0.992184
0.992132
0.992073
0.992011
0.991943
0.991874
0.991798
0.991719
0.991639
0.991553
0.991466
0.99137
0.991273
0.991169
0.991061
0.990946
0.990826
0.990699
0.990569
0.990429
0.990282
0.990128
0.989962
0.989788
0.989599
0.989399
0.989185
0.98895
0.988699
0.988424
0.988123
0.987791
0.987426
0.98702
0.986566
0.986061
0.985492
0.984851
0.984124
0.983302
0.982367
0.981303
0.980092
0.978705
0.977122
0.975311
0.973241
0.970876
0.968167
0.965075
0.96154
0.957495
0.952866
0.947562
0.941462
0.934414
0.926212
0.916565
0.905016
0.890814
0.872567
0.847173
0.805292
0.708526
0.436415
0.94948
0.978151
0.981363
0.982641
0.983528
0.984611
0.986283
0.988743
0.992032
0.99609
0.999855
0.999985
0.999997
0.999999
0.99748
0.991736
0.983502
0.97389
0.963888
0.954256
0.94555
0.938178
0.932444
0.928518
0.92641
0.925831
0.926269
0.927879
0.930405
0.933586
0.937189
0.941022
0.944933
0.948808
0.952566
0.956155
0.959538
0.962698
0.965625
0.968322
0.970793
0.973048
0.975098
0.976955
0.978632
0.980149
0.98151
0.982731
0.983824
0.9848
0.985673
0.986452
0.987139
0.987751
0.98829
0.988764
0.98918
0.989546
0.989862
0.990137
0.990372
0.990574
0.990746
0.99089
0.991008
0.991105
0.99118
0.991238
0.991281
0.991307
0.991321
0.991323
0.991316
0.991296
0.991268
0.991233
0.991189
0.991137
0.991079
0.991016
0.990949
0.990875
0.990795
0.99071
0.99062
0.990529
0.990427
0.99032
0.990208
0.99009
0.989964
0.98983
0.98969
0.98954
0.989382
0.989215
0.989036
0.988846
0.988643
0.988426
0.988192
0.987941
0.987669
0.987375
0.987051
0.986698
0.986312
0.985886
0.985416
0.984891
0.984311
0.983662
0.982935
0.98212
0.981205
0.980169
0.979005
0.977688
0.976196
0.974508
0.972595
0.970425
0.967965
0.965175
0.962009
0.958411
0.954328
0.949678
0.944376
0.938298
0.931308
0.923196
0.913668
0.902277
0.88828
0.870294
0.845241
0.803828
0.707839
0.436915
0.953478
0.978543
0.981261
0.982281
0.983059
0.984049
0.98574
0.988354
0.991901
0.996113
0.99998
0.999999
1
1
0.996583
0.989093
0.978732
0.966975
0.954994
0.94362
0.933433
0.924879
0.918338
0.914069
0.912091
0.911421
0.912559
0.915133
0.918744
0.923018
0.927651
0.93241
0.937136
0.94172
0.946093
0.950216
0.954061
0.95763
0.960915
0.96393
0.966686
0.969197
0.971475
0.97354
0.975404
0.97709
0.978609
0.979975
0.9812
0.982298
0.983282
0.984162
0.984946
0.985644
0.986265
0.986814
0.987301
0.98773
0.988106
0.988436
0.988722
0.988971
0.989184
0.989367
0.989521
0.989648
0.989753
0.989839
0.989904
0.98995
0.989983
0.99
0.990006
0.989998
0.989978
0.98995
0.989913
0.989865
0.989808
0.989747
0.989677
0.989598
0.989514
0.989426
0.989329
0.989227
0.989118
0.989
0.988874
0.988742
0.9886
0.98845
0.988293
0.988123
0.987945
0.987754
0.987551
0.987333
0.987103
0.986854
0.986586
0.986298
0.985986
0.985647
0.985277
0.984876
0.984436
0.983953
0.98342
0.982833
0.982181
0.981459
0.980654
0.979756
0.978754
0.977633
0.976379
0.974969
0.973383
0.971605
0.969602
0.967348
0.964808
0.96195
0.958723
0.955079
0.950965
0.946297
0.940999
0.934954
0.928016
0.919981
0.910568
0.899328
0.885521
0.867777
0.843033
0.802006
0.706571
0.436504
0.956459
0.978733
0.981014
0.981788
0.982414
0.983287
0.984988
0.987764
0.991605
0.996133
1
0.999999
0.999998
0.999999
0.995474
0.985906
0.973128
0.959035
0.944959
0.931764
0.920004
0.910137
0.902677
0.898116
0.896489
0.89641
0.898576
0.902425
0.907378
0.912927
0.918695
0.924425
0.929962
0.935216
0.94015
0.944736
0.948981
0.952886
0.956465
0.959738
0.962722
0.965437
0.967901
0.970134
0.972153
0.973981
0.975627
0.97711
0.978446
0.97965
0.980726
0.981693
0.982559
0.983333
0.984022
0.984638
0.985185
0.985669
0.986099
0.986476
0.986807
0.987094
0.987345
0.987562
0.987744
0.987901
0.988029
0.988135
0.988219
0.988282
0.988327
0.988354
0.98837
0.988369
0.988356
0.98833
0.988291
0.988247
0.988188
0.988123
0.988046
0.987965
0.987873
0.987774
0.987667
0.987554
0.987429
0.987298
0.987158
0.98701
0.986852
0.986681
0.986503
0.986313
0.98611
0.985895
0.985664
0.985421
0.985158
0.984876
0.984576
0.984248
0.983896
0.983517
0.983101
0.982651
0.982161
0.98162
0.981031
0.980381
0.979664
0.978874
0.977997
0.977026
0.975946
0.974747
0.97341
0.971919
0.970256
0.968398
0.966319
0.963995
0.961389
0.958472
0.955199
0.951519
0.947381
0.942711
0.937424
0.93141
0.924522
0.916572
0.90727
0.896176
0.882559
0.86505
0.840588
0.7999
0.704837
0.435373
0.95863
0.978758
0.980639
0.98115
0.981583
0.982315
0.984008
0.986952
0.991126
0.996059
1
1
0.999998
0.999997
0.99414
0.982133
0.966669
0.950105
0.933892
0.918856
0.905437
0.894052
0.885414
0.880593
0.878646
0.879938
0.884182
0.890219
0.897096
0.904188
0.911137
0.917769
0.923988
0.929768
0.935113
0.94003
0.944542
0.948676
0.952451
0.955894
0.959032
0.961883
0.964472
0.966818
0.968949
0.970874
0.972613
0.974187
0.975605
0.976884
0.978034
0.979069
0.979999
0.980832
0.981581
0.982245
0.98284
0.98337
0.983841
0.984256
0.984621
0.984941
0.98522
0.985463
0.985671
0.985848
0.985994
0.986114
0.986213
0.986287
0.986343
0.986378
0.986395
0.986397
0.986385
0.986359
0.986318
0.986268
0.986205
0.986133
0.986049
0.985955
0.985853
0.98574
0.985621
0.985493
0.985353
0.985205
0.985047
0.984878
0.9847
0.98451
0.984308
0.984093
0.983865
0.983621
0.983365
0.983089
0.982793
0.98248
0.982141
0.981779
0.981385
0.980963
0.980504
0.980008
0.979466
0.978874
0.978229
0.977521
0.976746
0.97589
0.974948
0.973911
0.972764
0.971495
0.970087
0.968527
0.966796
0.964871
0.962727
0.960347
0.95769
0.954728
0.951418
0.947716
0.943565
0.938895
0.933626
0.92765
0.920826
0.912961
0.903771
0.892827
0.8794
0.862127
0.837943
0.797557
0.70272
0.433658
0.960116
0.978639
0.980142
0.980318
0.980471
0.981116
0.98278
0.985891
0.990437
0.99587
0.999997
0.999997
0.999998
0.999996
0.992565
0.977737
0.959354
0.940281
0.922005
0.90522
0.89011
0.876908
0.866463
0.861171
0.859432
0.863813
0.871744
0.880829
0.889806
0.898232
0.906022
0.913191
0.919769
0.925794
0.931311
0.936355
0.940965
0.945177
0.949021
0.952523
0.955716
0.958627
0.961269
0.963669
0.965846
0.967827
0.969619
0.97124
0.972706
0.974031
0.975228
0.976306
0.977278
0.978152
0.978937
0.97964
0.980269
0.980828
0.981328
0.981771
0.982161
0.982502
0.982804
0.983063
0.983284
0.983476
0.983634
0.983763
0.983868
0.983946
0.984004
0.984042
0.984059
0.984059
0.984043
0.984013
0.983964
0.983905
0.983833
0.983748
0.983653
0.983545
0.983428
0.9833
0.983164
0.983017
0.982857
0.982689
0.982511
0.982319
0.982116
0.981903
0.981674
0.981434
0.981179
0.980908
0.980619
0.980312
0.979985
0.979634
0.979261
0.978859
0.978427
0.977964
0.97746
0.976918
0.976328
0.975687
0.974989
0.974229
0.973398
0.972485
0.971486
0.970389
0.96918
0.96785
0.966382
0.964763
0.962971
0.960995
0.958802
0.956373
0.953677
0.950682
0.947349
0.943632
0.939476
0.934821
0.929581
0.923652
0.916898
0.909129
0.900066
0.889278
0.876055
0.859027
0.835123
0.795012
0.700287
0.431457
0.96099
0.978399
0.979544
0.979328
0.979108
0.979687
0.981281
0.984551
0.989507
0.99556
1
1
0.999998
1
0.990731
0.972677
0.951212
0.929741
0.909669
0.891467
0.874858
0.859605
0.845985
0.835454
0.83977
0.854438
0.867686
0.877922
0.887323
0.895998
0.904018
0.91113
0.917614
0.923522
0.928921
0.933859
0.938372
0.942497
0.946269
0.949712
0.952861
0.955728
0.95835
0.960729
0.962898
0.96487
0.966666
0.968294
0.969771
0.971112
0.972319
0.973414
0.974403
0.975294
0.976096
0.976816
0.97746
0.978038
0.97855
0.979007
0.97941
0.979763
0.980071
0.980337
0.980568
0.98076
0.980922
0.981054
0.981157
0.981235
0.98129
0.981321
0.981332
0.981324
0.9813
0.981255
0.981197
0.981125
0.981038
0.980938
0.980826
0.980699
0.980564
0.980415
0.980258
0.980088
0.979908
0.979715
0.979513
0.979296
0.979066
0.978826
0.978571
0.978301
0.978015
0.977712
0.977392
0.977051
0.976691
0.976306
0.975894
0.975454
0.974983
0.974476
0.973932
0.973344
0.972711
0.972021
0.971276
0.970467
0.969584
0.96862
0.967569
0.96642
0.96516
0.963776
0.962261
0.960591
0.958754
0.956731
0.9545
0.952036
0.949312
0.946299
0.942952
0.939233
0.935089
0.930457
0.925256
0.919388
0.912715
0.905052
0.896132
0.88553
0.872523
0.855749
0.832143
0.792287
0.697574
0.428826
0.961265
0.978083
0.978931
0.978319
0.977703
0.978031
0.979501
0.9829
0.988288
0.995116
0.999998
1
1
0.999998
0.988615
0.966889
0.942299
0.918787
0.897547
0.878782
0.861645
0.845424
0.828751
0.838635
0.847852
0.859951
0.87102
0.880322
0.888932
0.8969
0.904254
0.910846
0.916886
0.922421
0.927608
0.932533
0.936771
0.940654
0.944216
0.947483
0.950477
0.953224
0.955735
0.958027
0.960122
0.962036
0.963778
0.965363
0.966811
0.968124
0.969315
0.970394
0.97137
0.972253
0.973047
0.973763
0.974404
0.974978
0.97549
0.975944
0.976341
0.976692
0.976999
0.97726
0.977485
0.977674
0.977827
0.977951
0.978046
0.978114
0.978156
0.978177
0.978174
0.97815
0.978109
0.978051
0.977973
0.977882
0.977776
0.977656
0.97752
0.977374
0.977212
0.977042
0.976858
0.976662
0.976454
0.976236
0.976004
0.975759
0.975499
0.975228
0.974941
0.97464
0.974322
0.973987
0.973631
0.973256
0.972859
0.972437
0.971988
0.971509
0.970998
0.970452
0.969865
0.969236
0.96856
0.967828
0.967037
0.966182
0.965254
0.964245
0.963147
0.961953
0.960647
0.959224
0.957663
0.955955
0.954083
0.952028
0.94977
0.947283
0.944542
0.941517
0.93817
0.934464
0.930344
0.925753
0.920604
0.914815
0.908244
0.900718
0.891957
0.881557
0.868794
0.85231
0.829001
0.789392
0.694592
0.425784
0.960897
0.977706
0.978387
0.977398
0.976225
0.97613
0.977451
0.980908
0.986718
0.994519
0.999998
1
1
0.999999
0.986193
0.960284
0.932736
0.907968
0.886835
0.869477
0.855128
0.850009
0.851295
0.854985
0.861804
0.870289
0.878582
0.886217
0.893451
0.900235
0.906542
0.912311
0.917659
0.922629
0.927317
0.931752
0.93562
0.939464
0.942804
0.945793
0.948549
0.951081
0.953408
0.955546
0.957505
0.959301
0.960942
0.962441
0.963808
0.965054
0.966194
0.967224
0.968159
0.969005
0.969767
0.970453
0.971069
0.971617
0.972108
0.97254
0.972921
0.973255
0.97354
0.973787
0.973991
0.974162
0.974299
0.974403
0.974478
0.974526
0.974549
0.974546
0.974523
0.974478
0.974416
0.974332
0.974232
0.974114
0.973983
0.973834
0.973673
0.973498
0.973309
0.973109
0.972894
0.972668
0.97243
0.972177
0.971912
0.971635
0.971344
0.971037
0.970718
0.97038
0.970027
0.969656
0.969264
0.968853
0.968418
0.967958
0.96747
0.966954
0.966402
0.965815
0.96519
0.96452
0.963799
0.963028
0.962196
0.9613
0.960331
0.959281
0.958146
0.956911
0.955571
0.954109
0.952519
0.950783
0.948884
0.946806
0.94453
0.942035
0.93929
0.93627
0.932938
0.929258
0.925176
0.920638
0.915572
0.909878
0.903438
0.896069
0.887516
0.877352
0.864866
0.848691
0.825704
0.786329
0.691331
0.422297
0.96017
0.976905
0.97793
0.976866
0.974845
0.97364
0.975207
0.978576
0.984704
0.993727
0.999998
0.999998
1
0.999998
0.983385
0.952728
0.92277
0.898276
0.87972
0.8698
0.86544
0.865192
0.867399
0.87071
0.875853
0.88187
0.887983
0.893919
0.899655
0.905115
0.910261
0.91507
0.9196
0.92387
0.927918
0.931728
0.935163
0.938535
0.941505
0.944548
0.946985
0.949236
0.95132
0.953239
0.955003
0.956627
0.958113
0.959482
0.960733
0.961873
0.962916
0.963861
0.964722
0.965502
0.966203
0.966835
0.9674
0.967903
0.968348
0.96874
0.969083
0.96938
0.969632
0.969844
0.970017
0.970155
0.970261
0.970334
0.970378
0.970395
0.970388
0.970357
0.9703
0.970226
0.970129
0.970015
0.969882
0.969731
0.969568
0.969386
0.969191
0.96898
0.968757
0.96852
0.968271
0.968008
0.967733
0.967443
0.967143
0.966828
0.966497
0.966154
0.965794
0.96542
0.965028
0.964617
0.964187
0.963736
0.96326
0.96276
0.962235
0.961675
0.961086
0.960458
0.959794
0.959083
0.958324
0.957514
0.956645
0.955709
0.954704
0.953621
0.952451
0.951187
0.949814
0.948327
0.946713
0.944955
0.94304
0.940955
0.938672
0.936178
0.933443
0.930441
0.927143
0.923506
0.919485
0.915033
0.910074
0.904518
0.898246
0.891082
0.882766
0.872883
0.860716
0.844888
0.822246
0.783084
0.68774
0.418264
0.959408
0.975255
0.977204
0.976522
0.974702
0.972182
0.973026
0.975965
0.982123
0.99267
1
0.999999
1
0.999997
0.980078
0.944006
0.912968
0.891633
0.883076
0.879273
0.878671
0.880163
0.881894
0.884955
0.888891
0.893258
0.897741
0.902193
0.906549
0.910753
0.914779
0.91862
0.922288
0.925786
0.929116
0.93226
0.93518
0.938005
0.94058
0.943187
0.945532
0.947556
0.949342
0.950994
0.952516
0.953919
0.955213
0.956402
0.957489
0.958489
0.959398
0.960226
0.960976
0.961657
0.962266
0.962816
0.963301
0.963736
0.964113
0.964443
0.964727
0.964966
0.965164
0.965325
0.965448
0.965539
0.965598
0.965627
0.965625
0.9656
0.965548
0.965475
0.965376
0.96526
0.965121
0.964966
0.964792
0.964599
0.964394
0.964169
0.963933
0.96368
0.963414
0.963135
0.962841
0.962536
0.962217
0.961886
0.961541
0.961182
0.96081
0.960424
0.96002
0.959602
0.959168
0.958714
0.958239
0.957746
0.957227
0.956685
0.956116
0.955516
0.954883
0.954218
0.953511
0.952761
0.951966
0.951117
0.95021
0.94924
0.948204
0.947087
0.94589
0.944598
0.943204
0.941696
0.940066
0.938299
0.936375
0.934289
0.932017
0.929539
0.92683
0.92387
0.92063
0.917068
0.913148
0.908819
0.904008
0.898637
0.892589
0.885681
0.877665
0.86812
0.856325
0.840886
0.818606
0.779628
0.683722
0.413482
0.958557
0.972681
0.975795
0.975931
0.974818
0.97321
0.971899
0.973346
0.97879
0.991275
1
1
1
1
0.976056
0.933814
0.904701
0.89479
0.891509
0.890994
0.892069
0.893088
0.895055
0.897651
0.900622
0.903782
0.907006
0.910225
0.9134
0.916502
0.919517
0.922435
0.925251
0.92796
0.930559
0.933034
0.935384
0.937642
0.93977
0.941882
0.943816
0.945751
0.947277
0.948626
0.949864
0.951007
0.952064
0.953033
0.953925
0.954735
0.955479
0.956153
0.956758
0.957307
0.957795
0.958227
0.958609
0.958941
0.959226
0.959467
0.959668
0.959828
0.959949
0.960038
0.960094
0.960118
0.960111
0.960076
0.960015
0.95993
0.959821
0.95969
0.959536
0.959364
0.959171
0.958961
0.958733
0.95849
0.958229
0.957954
0.957666
0.95736
0.957044
0.956712
0.956366
0.956009
0.955638
0.955255
0.954858
0.954448
0.954026
0.953588
0.953136
0.952669
0.952183
0.951679
0.951158
0.950615
0.95005
0.949459
0.948843
0.948198
0.947521
0.946812
0.946061
0.945271
0.944435
0.943549
0.942604
0.941602
0.940533
0.939387
0.938162
0.936849
0.935436
0.933915
0.932278
0.930508
0.928594
0.926523
0.924278
0.921841
0.919196
0.916309
0.913167
0.909732
0.905963
0.901816
0.897229
0.892117
0.886366
0.879798
0.872159
0.863025
0.851665
0.836662
0.814763
0.7759
0.679094
0.407622
0.957518
0.969113
0.97315
0.974351
0.974228
0.973523
0.972919
0.971687
0.974426
0.989365
1
1
0.999999
1
0.970943
0.921778
0.904683
0.902021
0.901877
0.902674
0.90343
0.904828
0.906613
0.908622
0.910757
0.912951
0.915164
0.917373
0.919565
0.921723
0.923842
0.925913
0.92793
0.929886
0.931782
0.933607
0.935362
0.937057
0.938687
0.940277
0.94177
0.943278
0.944782
0.945786
0.946705
0.94755
0.94833
0.949043
0.949694
0.950283
0.950818
0.951299
0.95173
0.952107
0.952439
0.952726
0.952967
0.953167
0.953328
0.953452
0.95354
0.953593
0.953616
0.953605
0.953568
0.953502
0.953409
0.953291
0.953148
0.952982
0.952798
0.95259
0.952362
0.952118
0.951855
0.951574
0.951278
0.950965
0.950638
0.950295
0.949939
0.949571
0.949188
0.948791
0.948381
0.94796
0.947525
0.947076
0.946618
0.946145
0.945662
0.945162
0.944648
0.944118
0.943573
0.943011
0.94243
0.941829
0.941208
0.940561
0.939888
0.939189
0.938459
0.937697
0.936897
0.936059
0.935174
0.934243
0.93326
0.93222
0.931116
0.929943
0.928694
0.927361
0.925938
0.924418
0.922788
0.921038
0.919161
0.917141
0.914968
0.912626
0.910093
0.907358
0.90439
0.901168
0.897646
0.89379
0.889532
0.884794
0.879448
0.873333
0.866177
0.857551
0.846705
0.832192
0.81067
0.771784
0.673469
0.400085
0.956047
0.964346
0.968579
0.970678
0.97157
0.971763
0.971562
0.971157
0.96896
0.986612
0.999999
1
1
1
0.963906
0.911668
0.910506
0.910879
0.911471
0.912189
0.913266
0.914518
0.915847
0.91721
0.918586
0.919968
0.921348
0.922725
0.924091
0.925446
0.926784
0.928098
0.92939
0.930653
0.931886
0.933081
0.934245
0.935375
0.936466
0.937527
0.938549
0.939592
0.940872
0.941586
0.942164
0.942681
0.943146
0.943564
0.943937
0.944265
0.944555
0.9448
0.945004
0.945172
0.945308
0.945402
0.945465
0.945498
0.945495
0.945464
0.945404
0.945318
0.945204
0.945063
0.944897
0.944709
0.944499
0.944268
0.944014
0.943741
0.94345
0.94314
0.942812
0.94247
0.942109
0.941734
0.941344
0.94094
0.94052
0.940089
0.939643
0.939184
0.938714
0.938229
0.937733
0.937225
0.936703
0.936172
0.935625
0.935069
0.9345
0.933915
0.933317
0.932706
0.932078
0.931434
0.930772
0.93009
0.929387
0.928665
0.927917
0.927145
0.926342
0.925512
0.924647
0.923749
0.92281
0.92183
0.920804
0.919731
0.918603
0.917416
0.916167
0.91485
0.913459
0.911989
0.910434
0.908782
0.907027
0.90516
0.903175
0.90105
0.898776
0.89634
0.893709
0.890869
0.88777
0.884381
0.880629
0.876434
0.871669
0.866165
0.859636
0.851639
0.841405
0.827429
0.806248
0.767024
0.665811
0.388495
0.952946
0.957798
0.960986
0.963108
0.964514
0.9654
0.965848
0.965651
0.965369
0.981242
1
1
0.999998
1
0.951862
0.91502
0.915471
0.915901
0.916518
0.917229
0.91796
0.918679
0.919386
0.920085
0.920775
0.921463
0.922148
0.922827
0.923502
0.924167
0.924826
0.925472
0.926103
0.926725
0.927326
0.927909
0.928479
0.929028
0.929558
0.930074
0.930587
0.931131
0.931905
0.93226
0.932454
0.932592
0.932697
0.932759
0.932792
0.932798
0.932773
0.932717
0.932638
0.93253
0.932396
0.932234
0.932053
0.931845
0.931613
0.931359
0.931086
0.930787
0.930472
0.930133
0.929778
0.929401
0.929008
0.928598
0.928169
0.927724
0.927264
0.926789
0.926298
0.92579
0.925271
0.924737
0.924191
0.923629
0.923056
0.922468
0.921869
0.921258
0.920634
0.919996
0.919345
0.918682
0.918013
0.917339
0.916655
0.915968
0.915272
0.91457
0.913859
0.913141
0.912412
0.911676
0.91093
0.910173
0.909406
0.908629
0.907839
0.907036
0.906219
0.905388
0.904541
0.903677
0.902794
0.901893
0.900969
0.900023
0.899048
0.898047
0.897016
0.895948
0.894843
0.893694
0.892498
0.891247
0.889933
0.888548
0.887083
0.885525
0.883858
0.882066
0.880123
0.878
0.875659
0.873048
0.870099
0.866728
0.8628
0.858132
0.852428
0.845227
0.835722
0.822334
0.801387
0.761194
0.653681
0.358594
)
;

boundaryField
{
    walls
    {
        type            zeroGradient;
    }
    top
    {
        type            zeroGradient;
    }
    bottom
    {
        type            zeroGradient;
    }
    frontAndBack
    {
        type            empty;
    }
    inlet
    {
        type            uniformFixedValue;
        uniformValue    
        {
            type            constant;
            value           1;
        }
        value           uniform 1;
    }
    outlet
    {
        type            zeroGradient;
    }
}


// ************************************************************************* //
