/*--------------------------------*- C++ -*----------------------------------*\
  =========                 |
  \\      /  F ield         | OpenFOAM: The Open Source CFD Toolbox
   \\    /   O peration     | Website:  https://openfoam.org
    \\  /    A nd           | Version:  12
     \\/     M anipulation  |
\*---------------------------------------------------------------------------*/
FoamFile
{
    format      ascii;
    class       volScalarField;
    location    "55";
    object      T;
}
// * * * * * * * * * * * * * * * * * * * * * * * * * * * * * * * * * * * * * //

dimensions      [];

internalField   nonuniform List<scalar> 
4480
(
1.87391e-21
1.93913e-18
6.66626e-14
1.64873e-10
5.68432e-08
3.93411e-06
7.3264e-05
0.000522521
0.00201744
0.00529309
0.0107697
0.0183892
0.0276867
0.0379668
0.0484732
0.0585084
0.0674967
0.0750067
0.0807469
0.0845506
0.0863569
0.0861913
0.0841511
0.0803927
0.0751244
0.0685984
0.0611045
0.0533955
0.0461742
0.0394535
0.0332522
0.0275927
0.0224966
0.0179817
0.0140574
0.0107213
0.00795635
0.00572951
0.00399255
0.00268473
0.00173729
0.00107895
0.000641483
0.000364247
0.000197103
0.000101448
4.95824e-05
2.29799e-05
1.00886e-05
4.19215e-06
1.64797e-06
6.12733e-07
2.15491e-07
7.1707e-08
2.25898e-08
6.74257e-09
1.90868e-09
5.13039e-10
1.31118e-10
3.191e-11
7.40732e-12
1.643e-12
3.48877e-13
7.10621e-14
1.39136e-14
2.62441e-15
4.7797e-16
8.42534e-17
1.44098e-17
2.39737e-18
3.89009e-19
6.17329e-20
9.60724e-21
1.47026e-21
2.2185e-22
3.30888e-23
4.88926e-24
7.17117e-25
1.04569e-25
1.51773e-26
2.1943e-27
3.16161e-28
4.54064e-29
1.62501e-28
2.32956e-28
2.16467e-28
1.61201e-28
1.05245e-28
6.31678e-29
3.58809e-29
1.96701e-29
1.05557e-29
5.60569e-30
2.9717e-30
1.58394e-30
8.54029e-31
4.68263e-31
2.62292e-31
1.50706e-31
8.91446e-32
5.44603e-32
3.44629e-32
2.26482e-32
1.54934e-32
1.10561e-32
8.24543e-33
6.43733e-33
5.26903e-33
4.52751e-33
4.0888e-33
3.88482e-33
3.88647e-33
4.09696e-33
4.5535e-33
5.33849e-33
6.60498e-33
8.62837e-33
1.19112e-32
1.74102e-32
2.71088e-32
4.57136e-32
8.5848e-32
1.83472e-31
4.66531e-31
1.66557e-30
6.90018e-30
1.42964e-29
1.40947e-29
2.66081e-30
1.57805e-32
9.21904e-35
2.44239e-37
5.86356e-40
1.47438e-42
3.82189e-45
7.53558e-48
1.25117e-50
1.21739e-53
5.75484e-57
7.92584e-61
5.51791e-21
9.98753e-16
1.00051e-11
1.12891e-08
2.12371e-06
8.80342e-05
0.00105779
0.00533008
0.0158439
0.0340878
0.0595013
0.0901028
0.123397
0.157034
0.189123
0.218318
0.243747
0.264914
0.281594
0.293739
0.301409
0.304729
0.30386
0.298984
0.290302
0.278034
0.262437
0.244347
0.225411
0.205888
0.186041
0.166146
0.146479
0.12732
0.108945
0.0916162
0.0755762
0.0610315
0.048141
0.0370037
0.0276483
0.0200298
0.014033
0.00948375
0.00616714
0.00384976
0.00230184
0.00131566
0.000717602
0.000372951
0.000184471
8.6761e-05
3.87769e-05
1.6464e-05
6.64037e-06
2.54469e-06
9.26961e-07
3.2119e-07
1.05953e-07
3.331e-08
9.99199e-09
2.86368e-09
7.85245e-10
2.06323e-10
5.20271e-11
1.2611e-11
2.94315e-12
6.62423e-13
1.44024e-13
3.0298e-14
6.17693e-15
1.22236e-15
2.35162e-16
4.40487e-17
8.04521e-18
1.43486e-18
2.5024e-19
4.27345e-20
7.15593e-21
1.1765e-21
1.90166e-22
3.02594e-23
4.74615e-24
2.23369e-24
1.41345e-24
8.207e-25
4.41137e-25
2.2478e-25
1.10494e-25
5.30745e-26
2.51562e-26
1.18575e-26
5.59404e-27
2.65602e-27
1.27527e-27
6.21874e-28
3.0918e-28
1.57272e-28
8.2114e-29
4.41345e-29
2.44847e-29
1.40548e-29
8.36632e-30
5.17479e-30
3.33186e-30
2.23673e-30
1.56781e-30
1.14887e-30
8.81061e-31
7.07775e-31
5.96015e-31
5.26439e-31
4.87942e-31
4.74755e-31
4.85053e-31
5.20579e-31
5.87271e-31
6.97215e-31
8.73173e-31
1.1588e-30
1.64208e-30
2.50598e-30
4.12809e-30
7.28313e-30
1.3375e-29
2.27618e-29
2.85566e-29
2.04122e-29
3.75334e-30
3.51468e-32
2.9795e-34
1.88747e-36
9.29779e-39
3.62322e-41
1.3125e-43
3.42795e-46
7.31475e-49
9.19144e-52
5.80541e-55
1.26484e-58
7.42315e-18
1.56248e-13
5.6593e-10
3.12771e-07
3.32806e-05
0.000849403
0.00680344
0.025189
0.0596893
0.108294
0.165801
0.226614
0.286225
0.341616
0.391083
0.433884
0.469898
0.499355
0.522654
0.540243
0.552551
0.559946
0.562723
0.561096
0.555201
0.545104
0.530815
0.512267
0.490521
0.465845
0.438562
0.409032
0.377669
0.344922
0.311287
0.27729
0.243487
0.210449
0.178747
0.148923
0.12147
0.0967924
0.0751834
0.0567951
0.0416284
0.0295355
0.0202383
0.0133636
0.00848583
0.0051721
0.00302076
0.00168819
0.000901723
0.000459925
0.000223871
0.000103958
4.60505e-05
1.94627e-05
7.85135e-06
3.02499e-06
1.11401e-06
3.92516e-07
1.32467e-07
4.28713e-08
1.33229e-08
3.98109e-09
1.14549e-09
3.17831e-10
8.51638e-11
2.20701e-11
5.53955e-12
1.34862e-12
3.18905e-13
7.33464e-14
1.64293e-14
3.58876e-15
7.65396e-16
1.59573e-16
3.25586e-17
6.50847e-18
1.27602e-18
2.45607e-19
4.64579e-20
1.08218e-20
3.37504e-21
1.23115e-21
4.78414e-22
1.90691e-22
7.69886e-23
3.13729e-23
1.29017e-23
5.36123e-24
2.25559e-24
9.62999e-25
4.18234e-25
1.8523e-25
8.38629e-26
3.89077e-26
1.85404e-26
9.09449e-27
4.60176e-27
2.40662e-27
1.30323e-27
7.3196e-28
4.27034e-28
2.59137e-28
1.63755e-28
1.07871e-28
7.4133e-29
5.31869e-29
3.98556e-29
3.12035e-29
2.55277e-29
2.18234e-29
1.9494e-29
1.81925e-29
1.77365e-29
1.80658e-29
1.92302e-29
2.14002e-29
2.48908e-29
3.01578e-29
3.76533e-29
4.7347e-29
5.75394e-29
6.2703e-29
5.38119e-29
2.93073e-29
5.48444e-30
7.92427e-32
9.1852e-34
8.7832e-36
6.55349e-38
3.68596e-40
1.84336e-42
6.4237e-45
1.78978e-47
2.93317e-50
2.4722e-53
7.60936e-57
1.82419e-15
1.11106e-11
1.68848e-08
4.8353e-06
0.000300651
0.00486077
0.0268706
0.0758656
0.147743
0.231674
0.317559
0.3986
0.471167
0.533878
0.586728
0.630423
0.665967
0.694413
0.716742
0.733802
0.746293
0.754763
0.75962
0.761143
0.759482
0.754683
0.746684
0.734988
0.719363
0.699788
0.676284
0.648933
0.617887
0.583375
0.545717
0.505328
0.462718
0.418497
0.37337
0.328118
0.28358
0.240618
0.200072
0.162704
0.129146
0.0998433
0.0750232
0.0546766
0.0385699
0.0262842
0.0172724
0.0109273
0.00664574
0.00388075
0.0021737
0.00116701
0.000600234
0.000295686
0.000139508
6.30536e-05
2.73115e-05
1.13438e-05
4.5215e-06
1.73102e-06
6.37167e-07
2.25747e-07
7.70761e-08
2.53912e-08
8.08104e-09
2.48791e-09
7.4191e-10
2.14578e-10
6.02688e-11
1.64598e-11
4.37638e-12
1.1342e-12
2.86847e-13
7.08746e-14
1.71268e-14
4.05196e-15
9.39494e-16
2.1369e-16
4.77248e-17
1.10486e-17
2.82001e-18
7.93554e-19
2.42473e-19
7.88498e-20
2.68332e-20
9.44844e-21
3.41946e-21
1.2674e-21
4.80315e-22
1.86046e-22
7.36813e-23
2.98615e-23
1.23994e-23
5.28235e-24
2.31228e-24
1.04163e-24
4.83636e-25
2.31798e-25
1.14845e-25
5.88991e-26
3.13062e-26
1.72643e-26
9.88731e-27
5.88509e-27
3.64278e-27
2.34586e-27
1.57202e-27
1.09626e-27
7.95414e-28
6.00247e-28
4.70835e-28
3.83587e-28
3.24236e-28
2.83964e-28
2.57181e-28
2.40165e-28
2.30106e-28
2.24226e-28
2.18871e-28
2.088e-28
1.87455e-28
1.49328e-28
9.57556e-29
4.16133e-29
7.973e-30
1.82929e-31
2.70455e-33
3.40914e-35
3.38725e-37
2.5236e-39
1.65225e-41
7.44808e-44
2.66191e-46
5.60717e-49
6.16719e-52
2.55281e-55
1.87236e-13
4.45384e-10
3.11791e-07
4.82623e-05
0.00180415
0.0190058
0.0750819
0.167192
0.27506
0.381686
0.478245
0.561469
0.631011
0.687924
0.733822
0.770426
0.799348
0.82198
0.839487
0.852815
0.862715
0.869768
0.874406
0.876935
0.877549
0.876337
0.873295
0.868088
0.859893
0.848474
0.833573
0.814933
0.79233
0.765587
0.734606
0.699388
0.660054
0.616867
0.570245
0.520772
0.469196
0.416427
0.363498
0.311534
0.261675
0.215011
0.172493
0.13485
0.102534
0.0756868
0.0541418
0.0374703
0.0250513
0.0161577
0.0100424
0.006009
0.003459
0.00191453
0.00101861
0.000520897
0.000256058
0.00012103
5.50319e-05
2.40861e-05
1.01546e-05
4.12743e-06
1.61889e-06
6.13358e-07
2.24717e-07
7.97005e-08
2.73956e-08
9.13678e-09
2.96004e-09
9.32581e-10
2.86055e-10
8.55198e-11
2.49463e-11
7.10758e-12
1.97996e-12
5.39815e-13
1.44177e-13
3.77585e-14
9.70493e-15
2.48899e-15
6.57419e-16
1.80019e-16
5.12939e-17
1.52173e-17
4.6914e-18
1.49817e-18
4.9388e-19
1.67573e-19
5.83954e-20
2.08726e-20
7.64773e-21
2.87233e-21
1.10624e-21
4.37198e-22
1.77466e-22
7.40655e-23
3.18173e-23
1.4085e-23
6.43255e-24
3.03395e-24
1.47931e-24
7.46305e-25
3.89853e-25
2.10991e-25
1.18353e-25
6.88247e-26
4.14906e-26
2.59237e-26
1.67792e-26
1.12419e-26
7.78813e-27
5.57073e-27
4.10619e-27
3.11093e-27
2.41393e-27
1.90878e-27
1.52685e-27
1.22207e-27
9.6296e-28
7.29589e-28
5.13775e-28
3.19814e-28
1.625e-28
5.87974e-29
1.14111e-29
4.33783e-31
7.76952e-33
1.20944e-34
1.49833e-36
1.39724e-38
1.14459e-40
6.44791e-43
2.87916e-45
7.62168e-48
1.06767e-50
5.75116e-54
1.08311e-11
1.15267e-08
3.93411e-06
0.000339306
0.00781422
0.055135
0.161003
0.291706
0.416529
0.524163
0.613731
0.686905
0.745741
0.792381
0.82891
0.857233
0.878989
0.895535
0.90798
0.917207
0.923924
0.928681
0.9319
0.933883
0.934842
0.9349
0.934105
0.932355
0.928898
0.923501
0.915851
0.905576
0.892263
0.875482
0.854811
0.829869
0.800351
0.766052
0.726914
0.683051
0.634779
0.582641
0.527419
0.470121
0.411954
0.354262
0.298448
0.245866
0.197711
0.154916
0.118074
0.0873973
0.0627304
0.0436018
0.0293127
0.0190411
0.0119413
0.00722533
0.00421611
0.00237195
0.00128649
0.000672745
0.000339275
0.000165074
7.75285e-05
3.51703e-05
1.54219e-05
6.54191e-06
2.68691e-06
1.06951e-06
4.12973e-07
1.54842e-07
5.6432e-08
2.00108e-08
6.91104e-09
2.32699e-09
7.6461e-10
2.45415e-10
7.70164e-11
2.36529e-11
7.11529e-12
2.0984e-12
6.07205e-13
1.73374e-13
4.97762e-14
1.44279e-14
4.23774e-15
1.26523e-15
3.84909e-16
1.19517e-16
3.79163e-17
1.22965e-17
4.07757e-18
1.38278e-18
4.79637e-19
1.70223e-19
6.18404e-20
2.30116e-20
8.7775e-21
3.43497e-21
1.38042e-21
5.7023e-22
2.42357e-22
1.06077e-22
4.7853e-23
2.22659e-23
1.06923e-23
5.30144e-24
2.71469e-24
1.43572e-24
7.84085e-25
4.41977e-25
2.56953e-25
1.53904e-25
9.48272e-26
5.99842e-26
3.88532e-26
2.56805e-26
1.72416e-26
1.16859e-26
7.92845e-27
5.32231e-27
3.4787e-27
2.16538e-27
1.24492e-27
6.32701e-28
2.65961e-28
8.30757e-29
1.59648e-29
1.06024e-30
2.21966e-32
4.09827e-34
6.07853e-36
6.82766e-38
6.76132e-40
4.6211e-42
2.51384e-44
8.17712e-47
1.42721e-49
9.77269e-53
4.1794e-10
2.11876e-07
3.63277e-05
0.00178091
0.0257952
0.12523
0.279414
0.424836
0.541824
0.634737
0.710328
0.771703
0.820521
0.858483
0.887446
0.909178
0.925202
0.936781
0.944943
0.950527
0.954209
0.956527
0.957897
0.958629
0.958933
0.958942
0.958717
0.95826
0.957015
0.954838
0.951498
0.946683
0.940008
0.931016
0.919197
0.904005
0.884892
0.861335
0.832876
0.799174
0.76004
0.715496
0.665817
0.611559
0.553583
0.493035
0.431313
0.369981
0.310663
0.254904
0.204042
0.159085
0.120631
0.088842
0.063472
0.0439432
0.0294553
0.0191026
0.0119797
0.00726234
0.004255
0.00240939
0.00131872
0.000697826
0.00035716
0.000176892
8.48277e-05
3.94132e-05
1.77556e-05
7.76176e-06
3.29512e-06
1.3597e-06
5.45818e-07
2.13342e-07
8.12668e-08
3.01954e-08
1.09533e-08
3.88241e-09
1.34581e-09
4.56619e-10
1.51764e-10
4.94519e-11
1.58101e-11
4.9677e-12
1.55385e-12
4.85011e-13
1.51448e-13
4.74238e-14
1.49272e-14
4.73337e-15
1.51519e-15
4.9055e-16
1.60899e-16
5.35463e-17
1.81057e-17
6.22808e-18
2.18207e-18
7.79561e-19
2.84305e-19
1.05961e-19
4.04017e-20
1.57759e-20
6.31472e-21
2.59345e-21
1.09375e-21
4.74005e-22
2.11206e-22
9.67959e-23
4.56365e-23
2.21336e-23
1.10394e-23
5.65886e-24
2.97848e-24
1.60755e-24
8.88077e-25
5.00988e-25
2.87714e-25
1.67542e-25
9.84173e-26
5.79269e-26
3.38616e-26
1.94307e-26
1.07774e-26
5.66069e-27
2.73865e-27
1.17453e-27
4.22473e-28
1.1726e-28
2.20104e-29
2.1348e-30
6.39379e-32
1.36121e-33
2.34917e-35
3.09138e-37
3.60536e-39
2.91915e-41
1.89346e-43
7.42164e-46
1.58482e-48
1.35701e-51
1.21159e-08
2.9755e-06
0.000258128
0.00726699
0.0673753
0.231299
0.408068
0.538415
0.632694
0.708536
0.773468
0.82729
0.869613
0.901549
0.924927
0.941552
0.952935
0.960299
0.964648
0.966821
0.967513
0.967288
0.966591
0.965742
0.96496
0.96437
0.964026
0.963919
0.963605
0.962985
0.961911
0.96017
0.957478
0.953473
0.947711
0.939674
0.928776
0.91439
0.89587
0.872587
0.843993
0.809658
0.769347
0.723076
0.671166
0.614293
0.553485
0.490107
0.425789
0.362315
0.301475
0.244909
0.193956
0.149539
0.112104
0.0816284
0.0576786
0.0395202
0.0262423
0.0168806
0.0105165
0.00634456
0.00370687
0.00209779
0.00115024
0.000611315
0.000315064
0.000157555
7.64955e-05
3.60833e-05
1.65483e-05
7.38418e-06
3.20838e-06
1.35847e-06
5.60962e-07
2.26092e-07
8.90122e-08
3.42584e-08
1.28996e-08
4.75564e-09
1.71788e-09
6.0849e-10
2.11497e-10
7.21813e-11
2.43888e-11
8.17635e-12
2.72438e-12
9.03795e-13
2.99046e-13
9.88675e-14
3.27196e-14
1.08592e-14
3.62084e-15
1.21514e-15
4.11167e-16
1.40517e-16
4.8582e-17
1.70198e-17
6.05104e-18
2.1864e-18
8.03982e-19
3.01257e-19
1.15162e-19
4.49598e-20
1.79427e-20
7.32552e-21
3.06155e-21
1.31031e-21
5.7441e-22
2.57905e-22
1.18561e-22
5.57663e-23
2.68105e-23
1.31553e-23
6.57512e-24
3.33878e-24
1.71677e-24
8.90082e-25
4.62797e-25
2.39658e-25
1.22518e-25
6.11354e-26
2.93452e-26
1.3296e-26
5.54712e-27
2.06118e-27
6.51572e-28
1.64281e-28
3.01105e-29
3.46794e-30
1.87456e-31
4.50497e-33
8.85481e-35
1.33681e-36
1.79943e-38
1.69358e-40
1.28705e-42
5.98199e-45
1.54058e-47
1.63119e-50
2.92102e-07
3.39186e-05
0.00146489
0.0237054
0.142945
0.357649
0.518547
0.616401
0.688846
0.754816
0.815944
0.866503
0.904631
0.931854
0.950526
0.962672
0.969816
0.973154
0.973698
0.972328
0.969814
0.966793
0.963761
0.961078
0.958973
0.957564
0.956878
0.956857
0.957032
0.957325
0.957616
0.957743
0.957501
0.956625
0.954778
0.951541
0.946415
0.938814
0.928077
0.913501
0.894351
0.86994
0.839661
0.803081
0.760006
0.710565
0.65526
0.595009
0.531128
0.465275
0.399337
0.335273
0.27494
0.219916
0.171361
0.129935
0.0957838
0.0685915
0.0476865
0.0321718
0.0210563
0.0133677
0.00823171
0.00491745
0.00285041
0.00160373
0.00087619
0.000465068
0.000239954
0.000120418
5.88147e-05
2.7977e-05
1.297e-05
5.86423e-06
2.58776e-06
1.1153e-06
4.69816e-07
1.93573e-07
7.80637e-08
3.08353e-08
1.19383e-08
4.53344e-09
1.68966e-09
6.18505e-10
2.2339e-10
7.9804e-11
2.82334e-11
9.90462e-12
3.45005e-12
1.19488e-12
4.12061e-13
1.41702e-13
4.86673e-14
1.67198e-14
5.7552e-15
1.98811e-15
6.90385e-16
2.41395e-16
8.51266e-17
3.03241e-17
1.09285e-17
3.99039e-18
1.4782e-18
5.56223e-19
2.12828e-19
8.28845e-20
3.28774e-20
1.32899e-20
5.4761e-21
2.30008e-21
9.84475e-22
4.29116e-22
1.90282e-22
8.57088e-23
3.91356e-23
1.80669e-23
8.40392e-24
3.92184e-24
1.8262e-24
8.42725e-25
3.82104e-25
1.68404e-25
7.11696e-26
2.83474e-26
1.04091e-26
3.42406e-27
9.71607e-28
2.26213e-28
4.04389e-29
5.07193e-30
3.9225e-31
1.50219e-32
3.30735e-34
5.63529e-36
8.61683e-38
9.28636e-40
8.15312e-42
4.43643e-44
1.36296e-46
1.77133e-49
5.58423e-06
0.000332126
0.00681934
0.0629086
0.251012
0.475157
0.592661
0.660247
0.721183
0.785942
0.848288
0.897317
0.931605
0.954255
0.968435
0.976279
0.979212
0.978358
0.97477
0.96944
0.963272
0.95703
0.951304
0.946506
0.942884
0.940539
0.939463
0.939475
0.940086
0.941182
0.942625
0.944255
0.945885
0.947299
0.948235
0.948374
0.947319
0.944588
0.939607
0.931708
0.920149
0.904139
0.882886
0.85567
0.821912
0.781272
0.733732
0.679688
0.619985
0.555922
0.489192
0.421774
0.355756
0.293145
0.235678
0.184658
0.140868
0.104544
0.0754312
0.0528887
0.0360245
0.0238329
0.0153139
0.00955777
0.00579531
0.00341484
0.00195613
0.00108981
0.000590805
0.000311831
0.000160335
8.03595e-05
3.92846e-05
1.87442e-05
8.73486e-06
3.97811e-06
1.77182e-06
7.72268e-07
3.29617e-07
1.37856e-07
5.65318e-08
2.27452e-08
8.98428e-09
3.48615e-09
1.33236e-09
5.02724e-10
1.87449e-10
6.91386e-11
2.52515e-11
9.14223e-12
3.2847e-12
1.17254e-12
4.16372e-13
1.47268e-13
5.19503e-14
1.83029e-14
6.44948e-15
2.27633e-15
8.05921e-16
2.8664e-16
1.02567e-16
3.69757e-17
1.34478e-17
4.94045e-18
1.83548e-18
6.90299e-19
2.63016e-19
1.01589e-19
3.97916e-20
1.58072e-20
6.36704e-21
2.59891e-21
1.07395e-21
4.48628e-22
1.89074e-22
8.0183e-23
3.41021e-23
1.44839e-23
6.11074e-24
2.54417e-24
1.03681e-24
4.09411e-25
1.54698e-25
5.50678e-26
1.811e-26
5.36865e-27
1.39067e-27
3.02671e-28
5.27146e-29
6.9181e-30
6.35392e-31
3.72606e-32
1.23799e-33
2.34997e-35
4.03056e-37
4.91463e-39
4.9297e-41
3.10933e-43
1.13029e-45
1.79453e-48
5.63282e-05
0.00201945
0.0254292
0.137703
0.370406
0.557951
0.630745
0.68188
0.741436
0.810341
0.87589
0.92301
0.952816
0.970745
0.980565
0.984176
0.98271
0.977225
0.968889
0.958921
0.948449
0.938422
0.929558
0.922337
0.917015
0.913672
0.912242
0.912346
0.913499
0.915529
0.918247
0.921446
0.924916
0.92844
0.931781
0.934673
0.9368
0.937783
0.937155
0.934341
0.928674
0.919386
0.905635
0.886567
0.86137
0.829373
0.790141
0.743591
0.690073
0.630433
0.566012
0.498584
0.430229
0.363144
0.299438
0.240923
0.188957
0.144343
0.107324
0.0776322
0.054612
0.037355
0.0248427
0.0160643
0.0101021
0.00617962
0.0036784
0.00213147
0.00120289
0.000661484
0.000354648
0.000185484
9.46903e-05
4.72124e-05
2.30052e-05
1.09618e-05
5.11087e-06
2.33308e-06
1.0434e-06
4.57428e-07
1.967e-07
8.3014e-08
3.44046e-08
1.40104e-08
5.61442e-09
2.21859e-09
8.65189e-10
3.33241e-10
1.26876e-10
4.77908e-11
1.78255e-11
6.58984e-12
2.41692e-12
8.80335e-13
3.1878e-13
1.14888e-13
4.12571e-14
1.47803e-14
5.28881e-15
1.89264e-15
6.78198e-16
2.43647e-16
8.78634e-17
3.18419e-17
1.1609e-17
4.26198e-18
1.57687e-18
5.88327e-19
2.2144e-19
8.40946e-20
3.22172e-20
1.2445e-20
4.84279e-21
1.89583e-21
7.45218e-22
2.93398e-22
1.15325e-22
4.50727e-23
1.74277e-23
6.62514e-24
2.45728e-24
8.80951e-25
3.01796e-25
9.7421e-26
2.91282e-26
7.89861e-27
1.89316e-27
3.88777e-28
6.5927e-29
8.8449e-30
8.94531e-31
6.46562e-32
3.15346e-33
9.80162e-35
1.86669e-36
2.55092e-38
2.89781e-40
2.10245e-42
8.98978e-45
1.73865e-47
0.00035873
0.00795818
0.066332
0.246141
0.473754
0.599366
0.645768
0.693111
0.756573
0.831578
0.900511
0.944446
0.969081
0.982394
0.988133
0.987487
0.981174
0.970283
0.956276
0.940742
0.925146
0.91068
0.898208
0.88827
0.881118
0.876782
0.875119
0.875449
0.877355
0.880586
0.884868
0.889926
0.895488
0.901293
0.907092
0.912631
0.917638
0.921801
0.924742
0.925997
0.924995
0.921051
0.913367
0.901058
0.883213
0.858958
0.827568
0.788581
0.741915
0.687969
0.627674
0.562493
0.494334
0.425399
0.357982
0.294235
0.235967
0.184487
0.14052
0.104219
0.075239
0.0528604
0.0361393
0.0240441
0.0155699
0.00981557
0.0060261
0.00360427
0.00210111
0.00119437
0.000662391
0.000358599
0.000189613
9.79797e-05
4.95072e-05
2.44746e-05
1.18449e-05
5.61516e-06
2.60893e-06
1.18872e-06
5.31436e-07
2.3325e-07
1.0056e-07
4.26084e-08
1.77584e-08
7.29287e-09
2.95303e-09
1.17979e-09
4.65385e-10
1.81381e-10
6.98969e-11
2.66526e-11
1.0064e-11
3.76622e-12
1.39801e-12
5.15191e-13
1.88657e-13
6.87126e-14
2.49162e-14
9.00414e-15
3.24606e-15
1.16859e-15
4.20523e-16
1.51409e-16
5.45937e-17
1.97292e-17
7.15081e-18
2.60086e-18
9.49613e-19
3.48097e-19
1.28089e-19
4.72914e-20
1.75042e-20
6.4869e-21
2.40266e-21
8.87329e-22
3.25754e-22
1.18426e-22
4.24326e-23
1.48976e-23
5.08887e-24
1.67679e-24
5.2745e-25
1.5642e-25
4.30791e-26
1.0821e-26
2.42645e-27
4.73646e-28
7.81957e-29
1.05726e-29
1.13059e-30
9.21804e-32
5.51931e-33
2.339e-34
6.7864e-36
1.31507e-37
1.68031e-39
1.39423e-41
6.98252e-44
1.64256e-46
0.00162062
0.0224822
0.131494
0.356476
0.544468
0.61509
0.650967
0.700281
0.768993
0.850418
0.922402
0.961795
0.980965
0.990144
0.992141
0.986979
0.974993
0.957538
0.93663
0.914408
0.892778
0.873209
0.856706
0.843843
0.834834
0.829622
0.827951
0.828731
0.831699
0.836499
0.842752
0.85008
0.858127
0.866567
0.875102
0.883459
0.891377
0.898579
0.904755
0.909528
0.912427
0.912862
0.910114
0.903344
0.891616
0.873964
0.849485
0.817443
0.777417
0.729424
0.674008
0.612294
0.545943
0.477053
0.407958
0.341008
0.27833
0.221628
0.172052
0.130148
0.0958972
0.0688129
0.0480837
0.0327195
0.0216849
0.0140009
0.00880915
0.00540324
0.00323223
0.00188659
0.00107497
0.000598249
0.000325365
0.00017302
9.00125e-05
4.5838e-05
2.28616e-05
1.11734e-05
5.35417e-06
2.51689e-06
1.16126e-06
5.26152e-07
2.34227e-07
1.02499e-07
4.41152e-08
1.86991e-08
7.81033e-09
3.2165e-09
1.30683e-09
5.24116e-10
2.07623e-10
8.12884e-11
3.14746e-11
1.20602e-11
4.57621e-12
1.72073e-12
6.41636e-13
2.3744e-13
8.72642e-14
3.18765e-14
1.15824e-14
4.1894e-15
1.50962e-15
5.42326e-16
1.94371e-16
6.95425e-17
2.48509e-17
8.87327e-18
3.16647e-18
1.12937e-18
4.02514e-19
1.43284e-19
5.09008e-20
1.80233e-20
6.35022e-21
2.22137e-21
7.69294e-22
2.62814e-22
8.81799e-23
2.89012e-23
9.193e-24
2.81572e-24
8.22697e-25
2.26759e-25
5.81867e-26
1.36857e-26
2.89758e-27
5.40905e-28
8.69811e-29
1.17463e-29
1.29656e-30
1.13729e-31
7.7024e-33
3.91193e-34
1.44645e-35
3.77489e-37
6.70755e-39
7.70169e-41
5.16421e-43
1.53668e-45
0.00557095
0.0540177
0.212175
0.44553
0.579505
0.621375
0.653397
0.705193
0.778931
0.866693
0.941508
0.975238
0.989133
0.99494
0.993417
0.983093
0.964149
0.938593
0.909309
0.879184
0.850628
0.825391
0.804581
0.788749
0.778016
0.772191
0.770864
0.77243
0.776874
0.783705
0.792411
0.802495
0.813493
0.824992
0.836632
0.8481
0.859118
0.869429
0.878763
0.886805
0.893169
0.897357
0.898739
0.896541
0.889858
0.877695
0.859047
0.833007
0.798907
0.756462
0.705898
0.64803
0.584275
0.516573
0.447226
0.378672
0.313247
0.252938
0.199226
0.152989
0.1145
0.0835
0.0593303
0.0410765
0.0277141
0.0182264
0.0116876
0.00731025
0.00446174
0.0026585
0.00154717
0.000879888
0.000489247
0.000266115
0.000141671
7.38566e-05
3.77249e-05
1.88895e-05
9.27672e-06
4.4706e-06
2.11522e-06
9.83041e-07
4.48981e-07
2.01618e-07
8.90496e-08
3.8722e-08
1.65853e-08
7.00084e-09
2.91376e-09
1.19634e-09
4.84807e-10
1.9401e-10
7.67087e-11
2.99819e-11
1.15905e-11
4.43418e-12
1.67971e-12
6.30394e-13
2.3453e-13
8.65459e-14
3.16962e-14
1.15273e-14
4.16536e-15
1.49626e-15
5.34568e-16
1.9003e-16
6.72372e-17
2.36845e-17
8.30667e-18
2.9004e-18
1.00793e-18
3.48419e-19
1.19703e-19
4.08234e-20
1.37976e-20
4.61178e-21
1.52031e-21
4.92649e-22
1.56281e-22
4.82918e-23
1.44492e-23
4.15645e-24
1.13983e-24
2.95037e-25
7.12495e-26
1.5838e-26
3.19099e-27
5.72632e-28
8.97771e-29
1.2042e-29
1.35147e-30
1.23982e-31
9.0738e-33
5.16362e-34
2.22186e-35
6.9981e-37
1.54714e-38
2.25437e-40
1.93043e-42
7.2987e-45
0.0136596
0.0983408
0.294738
0.505467
0.592978
0.622293
0.656097
0.707904
0.786092
0.880094
0.957808
0.985108
0.994352
0.997664
0.992557
0.975932
0.948274
0.912765
0.873508
0.834301
0.798084
0.766838
0.741684
0.723071
0.710952
0.704947
0.704445
0.707261
0.713703
0.723111
0.734817
0.748176
0.762606
0.777598
0.792716
0.807602
0.821954
0.835515
0.848034
0.859247
0.868832
0.876368
0.881305
0.882939
0.880409
0.872727
0.858841
0.837733
0.808576
0.770869
0.724598
0.67034
0.609307
0.543294
0.474544
0.405527
0.338696
0.276231
0.219843
0.170653
0.12916
0.0952968
0.0685385
0.0480533
0.0328482
0.0218979
0.0142407
0.00903767
0.00559957
0.00338859
0.0020038
0.00115844
0.000655077
0.000362521
0.000196434
0.000104271
5.42495e-05
2.76775e-05
1.38539e-05
6.80676e-06
3.28427e-06
1.55692e-06
7.25473e-07
3.32427e-07
1.49853e-07
6.64875e-08
2.90498e-08
1.25045e-08
5.3052e-09
2.21941e-09
9.15923e-10
3.73039e-10
1.50007e-10
5.95821e-11
2.33859e-11
9.07436e-12
3.48248e-12
1.3224e-12
4.97074e-13
1.85034e-13
6.82391e-14
2.49425e-14
9.0393e-15
3.24913e-15
1.15869e-15
4.10045e-16
1.44024e-16
5.02109e-17
1.73737e-17
5.96513e-18
2.03142e-18
6.8573e-19
2.29235e-19
7.57962e-20
2.47485e-20
7.96334e-21
2.51866e-21
7.80554e-22
2.36119e-22
6.93992e-23
1.97101e-23
5.37419e-24
1.3961e-24
3.42483e-25
7.85246e-26
1.66301e-26
3.2099e-27
5.56279e-28
8.51413e-29
1.1305e-29
1.27755e-30
1.20399e-31
9.25863e-33
5.67277e-34
2.69501e-35
9.60369e-37
2.45544e-38
4.21125e-40
4.29469e-42
1.94458e-44
0.0273314
0.154345
0.375867
0.539903
0.59521
0.620038
0.656474
0.710332
0.790205
0.890358
0.97136
0.99189
0.997398
0.999057
0.989904
0.965306
0.926754
0.879238
0.828443
0.779183
0.73488
0.69762
0.668413
0.647492
0.634563
0.628991
0.628981
0.633701
0.642862
0.655579
0.670976
0.688242
0.706654
0.725601
0.744575
0.763174
0.781073
0.798014
0.813767
0.8281
0.840742
0.851331
0.859381
0.864246
0.865109
0.860995
0.850832
0.833546
0.808202
0.77417
0.731286
0.679972
0.621309
0.556999
0.489236
0.420503
0.353314
0.289954
0.232272
0.181535
0.138383
0.102872
0.0745743
0.0527216
0.0363557
0.0244595
0.0160602
0.0102953
0.00644607
0.00394371
0.00235869
0.00137975
0.000789777
0.000442588
0.00024294
0.000130681
6.89219e-05
3.56562e-05
1.81031e-05
9.02417e-06
4.4187e-06
2.12621e-06
1.00583e-06
4.6799e-07
2.14246e-07
9.65292e-08
4.28224e-08
1.87119e-08
8.05686e-09
3.41964e-09
1.43127e-09
5.90941e-10
2.40772e-10
9.68409e-11
3.84637e-11
1.50914e-11
5.85113e-12
2.24243e-12
8.49777e-13
3.18511e-13
1.18113e-13
4.33451e-14
1.57451e-14
5.66234e-15
2.01628e-15
7.10956e-16
2.4824e-16
8.58206e-17
2.93703e-17
9.94641e-18
3.33143e-18
1.10276e-18
3.60399e-19
1.16141e-19
3.68454e-20
1.14842e-20
3.50803e-21
1.04706e-21
3.04271e-22
8.57173e-23
2.32915e-23
6.06833e-24
1.50549e-24
3.52813e-25
7.73895e-26
1.57236e-26
2.92442e-27
4.91422e-28
7.35412e-29
9.64821e-30
1.09098e-30
1.04386e-31
8.28205e-33
5.32612e-34
2.70272e-35
1.04638e-36
2.95224e-38
5.66152e-40
6.52047e-42
3.35491e-44
0.045631
0.210351
0.433443
0.556101
0.591299
0.614734
0.653754
0.712097
0.791697
0.897276
0.982256
0.996159
0.998984
0.999682
0.985559
0.950805
0.898849
0.837228
0.773541
0.713637
0.661277
0.618452
0.58588
0.563445
0.550514
0.54615
0.547205
0.55454
0.567077
0.583695
0.603307
0.624924
0.647687
0.670882
0.693935
0.716401
0.737942
0.758294
0.777249
0.794603
0.810117
0.823472
0.834225
0.841767
0.845305
0.843876
0.836395
0.821758
0.798986
0.767391
0.726748
0.677433
0.620484
0.557578
0.490902
0.42295
0.356253
0.293134
0.23548
0.184602
0.14119
0.10534
0.0766674
0.0544376
0.0377172
0.0255063
0.0168408
0.0108604
0.00684345
0.0042154
0.00253943
0.00149682
0.000863664
0.000488056
0.000270243
0.00014669
7.80925e-05
4.07928e-05
2.09178e-05
1.0534e-05
5.212e-06
2.5347e-06
1.21209e-06
5.70159e-07
2.63923e-07
1.20241e-07
5.39352e-08
2.38277e-08
1.03712e-08
4.44897e-09
1.88152e-09
7.84708e-10
3.22841e-10
1.3106e-10
5.25139e-11
2.07735e-11
8.11494e-12
3.13113e-12
1.19357e-12
4.49583e-13
1.67363e-13
6.15818e-14
2.23994e-14
8.05441e-15
2.86316e-15
1.00611e-15
3.49438e-16
1.19927e-16
4.06573e-17
1.36087e-17
4.49444e-18
1.46334e-18
4.69211e-19
1.47967e-19
4.58164e-20
1.39019e-20
4.12367e-21
1.19233e-21
3.34913e-22
9.10225e-23
2.38232e-23
5.9719e-24
1.42474e-24
3.21157e-25
6.78352e-26
1.33009e-26
2.39569e-27
3.91758e-28
5.74171e-29
7.43621e-30
8.37933e-31
8.07567e-32
6.5302e-33
4.33341e-34
2.29772e-35
9.4089e-37
2.83929e-38
5.88005e-40
7.3684e-42
4.14532e-44
0.0663843
0.258948
0.467778
0.560295
0.583121
0.605949
0.64723
0.70999
0.79315
0.900667
0.99057
0.998533
0.99969
0.999917
0.979447
0.931884
0.863809
0.786119
0.708601
0.638041
0.57826
0.530862
0.496047
0.473204
0.461286
0.459001
0.462516
0.473234
0.48979
0.510803
0.534984
0.561181
0.588417
0.615897
0.643
0.669258
0.694321
0.717938
0.739907
0.760048
0.778143
0.793892
0.806868
0.816469
0.821903
0.822202
0.816271
0.803006
0.781434
0.750894
0.711202
0.66279
0.60676
0.544842
0.47926
0.412515
0.347124
0.28536
0.229055
0.179459
0.137209
0.102365
0.0745229
0.0529487
0.0367232
0.0248695
0.0164504
0.0106325
0.00671769
0.00415066
0.00250912
0.00148467
0.000860295
0.000488395
0.000271772
0.000148301
7.93927e-05
4.17164e-05
2.15232e-05
1.09084e-05
5.43305e-06
2.66024e-06
1.28103e-06
6.06897e-07
2.82968e-07
1.29871e-07
5.86858e-08
2.61181e-08
1.14515e-08
4.94792e-09
2.10736e-09
8.84954e-10
3.66501e-10
1.49727e-10
6.03515e-11
2.4006e-11
9.42479e-12
3.65267e-12
1.39763e-12
5.28032e-13
1.96992e-13
7.25727e-14
2.64015e-14
9.48408e-15
3.36375e-15
1.1777e-15
4.06929e-16
1.38715e-16
4.66278e-17
1.54464e-17
5.03899e-18
1.61731e-18
5.10132e-19
1.57911e-19
4.7892e-20
1.42028e-20
4.10885e-21
1.15638e-21
3.15573e-22
8.31893e-23
2.10907e-23
5.11637e-24
1.18071e-24
2.5748e-25
5.26596e-26
1.00149e-26
1.7543e-27
2.80051e-28
4.0265e-29
5.14656e-30
5.76404e-31
5.5657e-32
4.54841e-33
3.07821e-34
1.67985e-35
7.14246e-37
2.2562e-38
4.92539e-40
6.54187e-42
3.91473e-44
0.0876046
0.298592
0.48756
0.55606
0.571113
0.593141
0.636343
0.703759
0.793701
0.901183
0.996338
0.99962
0.999937
0.999986
0.971379
0.907958
0.82098
0.725595
0.633952
0.553494
0.487674
0.437311
0.401813
0.379939
0.370187
0.370124
0.377196
0.39235
0.413815
0.439884
0.469034
0.499974
0.531656
0.563256
0.594149
0.623877
0.65211
0.678614
0.703203
0.725706
0.745908
0.763503
0.778043
0.788903
0.795263
0.79614
0.790439
0.777091
0.7552
0.724228
0.684148
0.635561
0.579724
0.518494
0.454153
0.38919
0.326042
0.266851
0.213281
0.166417
0.126749
0.0942273
0.06838
0.0484475
0.03352
0.0226547
0.0149617
0.00965909
0.0060982
0.00376669
0.00227721
0.00134811
0.000781844
0.000444407
0.000247687
0.000135417
7.26568e-05
3.82732e-05
1.98017e-05
1.00663e-05
5.02994e-06
2.47135e-06
1.19437e-06
5.67968e-07
2.65843e-07
1.22503e-07
5.55843e-08
2.4841e-08
1.09373e-08
4.74549e-09
2.02946e-09
8.55665e-10
3.55741e-10
1.45864e-10
5.89946e-11
2.3539e-11
9.26664e-12
3.5996e-12
1.37978e-12
5.21913e-13
1.94814e-13
7.17554e-14
2.60772e-14
9.34925e-15
3.30607e-15
1.15279e-15
3.96217e-16
1.34174e-16
4.47416e-17
1.46813e-17
4.73664e-18
1.50103e-18
4.6666e-19
1.42131e-19
4.23376e-20
1.23097e-20
3.48542e-21
9.58455e-22
2.55176e-22
6.55373e-23
1.617e-23
3.81444e-24
8.55639e-25
1.81386e-25
3.60861e-26
6.68479e-27
1.14295e-27
1.78606e-28
2.52315e-29
3.18326e-30
3.53782e-31
3.41016e-32
2.80002e-33
1.91671e-34
1.06514e-35
4.64159e-37
1.51161e-38
3.41935e-40
4.72432e-42
2.94804e-44
0.107361
0.32832
0.495219
0.544031
0.555146
0.575742
0.620471
0.692733
0.790063
0.901673
0.9995
0.999965
0.999997
1
0.961107
0.878459
0.769885
0.655746
0.550574
0.461967
0.392369
0.341292
0.307051
0.287693
0.281282
0.282205
0.294258
0.315143
0.342528
0.374307
0.408725
0.444396
0.480269
0.515564
0.549717
0.582327
0.61311
0.641867
0.668424
0.692606
0.714175
0.732785
0.747931
0.758936
0.764934
0.76493
0.75787
0.742787
0.718962
0.686091
0.644422
0.594829
0.538802
0.478343
0.415776
0.353518
0.29383
0.23861
0.189251
0.146571
0.110837
0.0818384
0.0590084
0.0415566
0.028592
0.0192247
0.0126369
0.00812362
0.00510928
0.00314523
0.0018959
0.00111952
0.000647879
0.000367608
0.000204593
0.000111736
5.99051e-05
3.15411e-05
1.63154e-05
8.29442e-06
4.14566e-06
2.03783e-06
9.85488e-07
4.69003e-07
2.19718e-07
1.01355e-07
4.60449e-08
2.06053e-08
9.08527e-09
3.94776e-09
1.69083e-09
7.13937e-10
2.97235e-10
1.22032e-10
4.94119e-11
1.97337e-11
7.77379e-12
3.02076e-12
1.15787e-12
4.37771e-13
1.63247e-13
6.00354e-14
2.177e-14
7.78222e-15
2.7417e-15
9.51599e-16
3.25248e-16
1.09413e-16
3.6203e-17
1.17736e-17
3.75981e-18
1.17776e-18
3.61443e-19
1.08512e-19
3.1815e-20
9.09174e-21
2.52656e-21
6.8098e-22
1.77479e-22
4.45716e-23
1.07435e-23
2.4743e-24
5.41689e-25
1.12079e-25
2.17738e-26
3.94278e-27
6.60018e-28
1.01204e-28
1.40686e-29
1.75261e-30
1.93105e-31
1.8536e-32
1.5229e-33
1.04832e-34
5.88738e-36
2.60502e-37
8.65118e-39
2.00282e-40
2.83974e-42
1.82137e-44
0.124085
0.348579
0.494492
0.528093
0.534917
0.553187
0.59898
0.67635
0.782127
0.902138
0.999999
0.999999
0.999998
0.999999
0.948392
0.842881
0.710272
0.577162
0.460249
0.366453
0.296322
0.247385
0.216576
0.201248
0.199136
0.205067
0.222764
0.249486
0.282527
0.319507
0.358511
0.39811
0.437289
0.475346
0.511805
0.546337
0.578717
0.608762
0.6363
0.661122
0.682931
0.701305
0.715662
0.725252
0.729185
0.726497
0.716255
0.697705
0.670432
0.634491
0.590499
0.539671
0.483735
0.424798
0.365139
0.306987
0.252302
0.202622
0.158965
0.121817
0.0911789
0.0666636
0.0476166
0.033235
0.0226734
0.0151238
0.00986682
0.00629838
0.00393537
0.00240782
0.00144319
0.000847739
0.000488229
0.000275793
0.000152868
8.3175e-05
4.44407e-05
2.33261e-05
1.20318e-05
6.10093e-06
3.04214e-06
1.49217e-06
7.20182e-07
3.42114e-07
1.59999e-07
7.36926e-08
3.34331e-08
1.49442e-08
6.58251e-09
2.85769e-09
1.22295e-09
5.15981e-10
2.14654e-10
8.80574e-11
3.5624e-11
1.4213e-11
5.59249e-12
2.17016e-12
8.30461e-13
3.13367e-13
1.16583e-13
4.27553e-14
1.54532e-14
5.50298e-15
1.93008e-15
6.66448e-16
2.26441e-16
7.56618e-17
2.48444e-17
8.01035e-18
2.53354e-18
7.85184e-19
2.38134e-19
7.05715e-20
2.04009e-20
5.74148e-21
1.56954e-21
4.1569e-22
1.0635e-22
2.6195e-23
6.18811e-24
1.396e-24
2.99285e-25
6.06417e-26
1.15415e-26
2.04904e-27
3.36706e-28
5.07656e-29
6.95401e-30
8.55874e-31
9.34458e-32
8.91817e-33
7.31086e-34
5.03993e-35
2.84487e-36
1.26957e-37
4.26546e-39
1.00158e-40
1.44302e-42
9.41315e-45
0.136603
0.360275
0.487594
0.50837
0.510004
0.524942
0.571184
0.653908
0.769348
0.900189
0.999999
1
0.999998
0.999997
0.933022
0.800776
0.642156
0.491034
0.365698
0.271112
0.204722
0.161238
0.135995
0.125858
0.125364
0.138749
0.16458
0.1987
0.237763
0.279356
0.321794
0.363916
0.404919
0.444268
0.481602
0.516666
0.549262
0.579208
0.606289
0.630223
0.650626
0.666976
0.678616
0.684762
0.684572
0.677214
0.662009
0.638562
0.606876
0.567458
0.521338
0.470034
0.415429
0.359608
0.30465
0.252438
0.204504
0.161925
0.125288
0.0947242
0.0699807
0.0505254
0.0356558
0.0246003
0.0165982
0.0109555
0.00707612
0.00447421
0.0027705
0.0016807
0.000999268
0.000582514
0.000333069
0.000186868
0.000102914
5.56557e-05
2.95665e-05
1.54347e-05
7.92035e-06
3.99651e-06
1.98353e-06
9.68591e-07
4.65486e-07
2.20214e-07
1.02579e-07
4.70642e-08
2.12757e-08
9.47811e-09
4.16171e-09
1.80135e-09
7.68699e-10
3.23437e-10
1.34194e-10
5.49048e-11
2.21532e-11
8.81476e-12
3.45878e-12
1.33827e-12
5.10547e-13
1.92016e-13
7.11823e-14
2.60041e-14
9.35889e-15
3.31722e-15
1.15748e-15
3.97409e-16
1.34184e-16
4.45264e-17
1.45098e-17
4.63925e-18
1.45392e-18
4.46101e-19
1.33829e-19
3.91952e-20
1.11874e-20
3.10582e-21
8.36773e-22
2.18231e-22
5.49349e-23
1.33042e-23
3.08843e-24
6.84378e-25
1.44088e-25
2.8672e-26
5.36065e-27
9.35469e-28
1.51237e-28
2.24623e-29
3.03598e-30
3.69398e-31
3.99612e-32
3.78808e-33
3.09255e-34
2.12886e-35
1.20311e-36
5.3889e-38
1.82121e-39
4.30915e-41
6.26325e-43
4.12349e-45
0.144017
0.364266
0.475676
0.483793
0.477538
0.490534
0.536378
0.624586
0.751053
0.895347
0.999997
0.999997
0.999998
0.999996
0.91481
0.751725
0.565829
0.399274
0.270777
0.181418
0.123995
0.0894214
0.0714041
0.0664967
0.0713032
0.0941988
0.128729
0.169366
0.212643
0.256632
0.300205
0.342613
0.383327
0.421973
0.458274
0.492006
0.522957
0.550894
0.575522
0.596466
0.613247
0.625283
0.631895
0.632375
0.626054
0.612402
0.591131
0.562312
0.526443
0.484468
0.437746
0.387955
0.336945
0.286573
0.238536
0.19423
0.154661
0.120407
0.0916409
0.0681843
0.0495981
0.035277
0.0245385
0.016697
0.0111168
0.00724461
0.00462255
0.00288892
0.00176903
0.00106179
0.000624901
0.000360756
0.000204365
0.000113645
6.20579e-05
3.3289e-05
1.7547e-05
9.09181e-06
4.63204e-06
2.32113e-06
1.14433e-06
5.55188e-07
2.6514e-07
1.24667e-07
5.7725e-08
2.63297e-08
1.18366e-08
5.24528e-09
2.29157e-09
9.87119e-10
4.19293e-10
1.75634e-10
7.25543e-11
2.95592e-11
1.18766e-11
4.706e-12
1.83882e-12
7.08463e-13
2.69107e-13
1.00759e-13
3.71796e-14
1.35165e-14
4.83981e-15
1.70619e-15
5.91922e-16
2.01983e-16
6.77504e-17
2.2323e-17
7.21919e-18
2.28938e-18
7.11193e-19
2.1616e-19
6.41938e-20
1.85982e-20
5.24751e-21
1.43907e-21
3.82728e-22
9.84662e-23
2.44367e-23
5.83139e-24
1.33327e-24
2.90894e-25
6.02915e-26
1.18108e-26
2.17435e-27
3.73788e-28
5.95715e-29
8.73046e-30
1.16575e-30
1.40329e-31
1.50435e-32
1.41571e-33
1.14959e-34
7.88648e-36
4.45018e-37
1.99375e-38
6.74972e-40
1.6017e-41
2.33642e-43
1.54386e-45
0.145584
0.361343
0.460344
0.455672
0.438502
0.449651
0.493908
0.587425
0.726339
0.887483
1
1
0.999998
1
0.893565
0.695265
0.481909
0.304713
0.180694
0.104207
0.0616003
0.039049
0.0292359
0.0234092
0.0432309
0.079861
0.122534
0.163788
0.206041
0.248702
0.291191
0.331151
0.369061
0.404619
0.437571
0.467666
0.494633
0.518161
0.537877
0.553335
0.564031
0.569407
0.56892
0.562079
0.548555
0.528239
0.501331
0.468377
0.430289
0.388299
0.343875
0.298612
0.254086
0.211723
0.172691
0.137827
0.107612
0.0821853
0.0613913
0.0448554
0.0320595
0.0224181
0.0153402
0.0102744
0.0067374
0.00432683
0.00272226
0.00167847
0.00101455
0.00060139
0.00034972
0.000199579
0.000111812
6.15169e-05
3.32486e-05
1.7659e-05
9.21953e-06
4.73295e-06
2.38978e-06
1.18715e-06
5.80341e-07
2.79251e-07
1.32293e-07
6.17157e-08
2.83562e-08
1.28355e-08
5.72836e-09
2.52086e-09
1.094e-09
4.68239e-10
1.97665e-10
8.23047e-11
3.3803e-11
1.36937e-11
5.4715e-12
2.15617e-12
8.37938e-13
3.21096e-13
1.21305e-13
4.51704e-14
1.65748e-14
5.99147e-15
2.1328e-15
7.47335e-16
2.57644e-16
8.73407e-17
2.90956e-17
9.51766e-18
3.05465e-18
9.60958e-19
2.95999e-19
8.91636e-20
2.623e-20
7.52389e-21
2.10068e-21
5.69765e-22
1.49791e-22
3.8076e-23
9.33204e-24
2.19839e-24
4.96032e-25
1.06779e-25
2.18331e-26
4.21947e-27
7.66482e-28
1.30059e-28
2.04703e-29
2.96478e-30
3.91572e-31
4.66722e-32
4.95994e-33
4.63309e-34
3.73937e-35
2.55324e-36
1.43584e-37
6.41863e-39
2.17041e-40
5.14804e-42
7.50878e-44
4.96033e-46
0.140564
0.352003
0.444095
0.428233
0.398817
0.402232
0.443374
0.54138
0.693944
0.876244
0.999998
1
1
0.999998
0.869029
0.630756
0.39142
0.211426
0.102253
0.0473938
0.0251758
0.0172074
0.0200928
0.039767
0.0638631
0.0966906
0.133655
0.170839
0.208708
0.246586
0.283719
0.318574
0.351322
0.381651
0.409657
0.434985
0.455489
0.472151
0.484598
0.492419
0.495203
0.492584
0.484281
0.470172
0.450343
0.425132
0.395144
0.361255
0.324563
0.28631
0.247798
0.210279
0.17486
0.142425
0.113587
0.088677
0.0677583
0.0506695
0.0370818
0.0265601
0.0186208
0.0127803
0.00858906
0.0056534
0.00364545
0.00230352
0.0014268
0.000866565
0.000516232
0.000301743
0.000173109
9.75064e-05
5.39409e-05
2.93166e-05
1.56585e-05
8.22173e-06
4.24495e-06
2.15576e-06
1.07711e-06
5.29613e-07
2.56328e-07
1.22142e-07
5.73127e-08
2.64868e-08
1.20578e-08
5.40804e-09
2.39244e-09
1.044e-09
4.49415e-10
1.90857e-10
7.99647e-11
3.3054e-11
1.34796e-11
5.42309e-12
2.1523e-12
8.42572e-13
3.25316e-13
1.2386e-13
4.64941e-14
1.72029e-14
6.27221e-15
2.25273e-15
7.96708e-16
2.77328e-16
9.49661e-17
3.19716e-17
1.05752e-17
3.43407e-18
1.09382e-18
3.41408e-19
1.04306e-19
3.11543e-20
9.08415e-21
2.58185e-21
7.13987e-22
1.91738e-22
4.98911e-23
1.25477e-23
3.04181e-24
7.0857e-25
1.58059e-25
3.36325e-26
6.79719e-27
1.29845e-27
2.33175e-28
3.91245e-29
6.09149e-30
8.73183e-31
1.1421e-31
1.34911e-32
1.42205e-33
1.31868e-34
1.05751e-35
7.18103e-37
4.01959e-38
1.78991e-39
6.03285e-41
1.42692e-42
2.0757e-44
1.36715e-46
0.128047
0.335579
0.429212
0.405342
0.358764
0.3482
0.385126
0.485464
0.652107
0.86102
0.999997
1
1
0.999998
0.840782
0.557221
0.296046
0.125294
0.0438512
0.0185338
0.0198122
0.0303916
0.0457962
0.0636548
0.0866993
0.114565
0.144956
0.176034
0.207372
0.238267
0.267985
0.295666
0.321201
0.344277
0.364728
0.382064
0.395044
0.404073
0.408228
0.407852
0.402833
0.393085
0.378673
0.359835
0.337002
0.310798
0.282015
0.251572
0.220455
0.189649
0.160063
0.132468
0.107455
0.0854056
0.0664929
0.0507008
0.0378581
0.0276814
0.0198205
0.0138984
0.00954548
0.00642213
0.00423346
0.00273492
0.00173194
0.00107543
0.000654947
0.000391325
0.000229458
0.00013208
7.46571e-05
4.14509e-05
2.26129e-05
1.21246e-05
6.39129e-06
3.31313e-06
1.68941e-06
8.47594e-07
4.18505e-07
2.03408e-07
9.73389e-08
4.58705e-08
2.12905e-08
9.73444e-09
4.38493e-09
1.94621e-09
8.52333e-10
3.68345e-10
1.57089e-10
6.61136e-11
2.74597e-11
1.12552e-11
4.55248e-12
1.81699e-12
7.15539e-13
2.77995e-13
1.06537e-13
4.02663e-14
1.50062e-14
5.51276e-15
1.99575e-15
7.1175e-16
2.49948e-16
8.63915e-17
2.93733e-17
9.81809e-18
3.22396e-18
1.0392e-18
3.28523e-19
1.01755e-19
3.08444e-20
9.13868e-21
2.64279e-21
7.44773e-22
2.04175e-22
5.43428e-23
1.40115e-23
3.49111e-24
8.38276e-25
1.93387e-25
4.2717e-26
9.00018e-27
1.80104e-27
3.40678e-28
6.05872e-29
1.00696e-29
1.55336e-30
2.20694e-31
2.86225e-32
3.35406e-33
3.50898e-34
3.23129e-35
2.57469e-36
1.738e-37
9.67545e-39
4.28671e-40
1.438e-41
3.38589e-43
4.90319e-45
3.21404e-47
0.111817
0.308948
0.411123
0.395079
0.325468
0.27891
0.321632
0.419232
0.598354
0.840837
0.999997
0.999998
1
0.999997
0.808032
0.473111
0.19878
0.0548706
0.0143001
0.0197659
0.0307828
0.0442979
0.0594344
0.0766996
0.0968353
0.119161
0.142607
0.16629
0.189683
0.212227
0.23338
0.252652
0.269812
0.284563
0.296638
0.305622
0.310939
0.312546
0.310284
0.302863
0.292746
0.279293
0.262796
0.243696
0.222553
0.200018
0.176788
0.153569
0.131026
0.109744
0.0901907
0.0726988
0.0574555
0.0445102
0.0337929
0.0251405
0.0183264
0.0130896
0.009161
0.0062829
0.00422312
0.00278247
0.00179735
0.0011385
0.00070735
0.000431163
0.000257911
0.000151439
8.73097e-05
4.94388e-05
2.75027e-05
1.50351e-05
8.07939e-06
4.26886e-06
2.2183e-06
1.134e-06
5.7042e-07
2.82403e-07
1.37635e-07
6.60488e-08
3.12145e-08
1.45304e-08
6.66338e-09
3.01068e-09
1.3404e-09
5.88085e-10
2.54677e-10
1.08879e-10
4.59521e-11
1.91459e-11
7.87494e-12
3.19745e-12
1.2815e-12
5.06937e-13
1.97909e-13
7.62415e-14
2.89775e-14
1.08639e-14
4.01664e-15
1.4641e-15
5.25974e-16
1.86158e-16
6.48838e-17
2.22594e-17
7.51222e-18
2.49244e-18
8.12407e-19
2.59934e-19
8.15636e-20
2.50746e-20
7.54362e-21
2.2181e-21
6.36528e-22
1.77992e-22
4.84128e-23
1.27832e-23
3.26954e-24
8.08039e-25
1.9244e-25
4.40305e-26
9.6457e-27
2.01555e-27
4.0003e-28
7.50539e-29
1.32411e-29
2.18341e-30
3.34242e-31
4.7135e-32
6.06924e-33
7.06288e-34
7.3398e-35
6.71538e-36
5.31732e-37
3.56741e-38
1.97404e-39
8.69389e-41
2.89914e-42
6.78579e-44
9.7675e-46
6.36265e-48
0.0958587
0.272394
0.377843
0.38207
0.329041
0.256981
0.2618
0.344107
0.529181
0.814171
1
0.999999
1
0.999996
0.769361
0.376043
0.105542
0.0122271
0.0152742
0.0246135
0.0352994
0.0466613
0.0592941
0.0732639
0.088338
0.104094
0.120032
0.135707
0.150749
0.164793
0.177502
0.188586
0.197828
0.20501
0.209924
0.212345
0.212059
0.209016
0.203284
0.194186
0.18257
0.169514
0.155451
0.14041
0.124826
0.109163
0.0938585
0.0793005
0.0658078
0.0536162
0.0428714
0.0336323
0.0258792
0.0195284
0.014449
0.0104816
0.00745454
0.00519783
0.00355346
0.00238204
0.00156591
0.00100966
0.000638628
0.000396345
0.000241404
0.000144332
8.47292e-05
4.88499e-05
2.76672e-05
1.53975e-05
8.42234e-06
4.52923e-06
2.39515e-06
1.24586e-06
6.37586e-07
3.21101e-07
1.59176e-07
7.76846e-08
3.7334e-08
1.76712e-08
8.2393e-09
3.78482e-09
1.71312e-09
7.64129e-10
3.35907e-10
1.45538e-10
6.2263e-11
2.6307e-11
1.09773e-11
4.52367e-12
1.84093e-12
7.39793e-13
2.93544e-13
1.14996e-13
4.44714e-14
1.69747e-14
6.39392e-15
2.37619e-15
8.71029e-16
3.14843e-16
1.12181e-16
3.93852e-17
1.3619e-17
4.63595e-18
1.5526e-18
5.11245e-19
1.65398e-19
5.25298e-20
1.63628e-20
4.99392e-21
1.49162e-21
4.35458e-22
1.24076e-22
3.44503e-23
9.30441e-24
2.4396e-24
6.19623e-25
1.52074e-25
3.5968e-26
8.17335e-27
1.77842e-27
3.69134e-28
7.27804e-29
1.35668e-29
2.37827e-30
3.89732e-31
5.92984e-32
8.31248e-33
1.06407e-33
1.23111e-34
1.272e-35
1.157e-36
9.10654e-38
6.07173e-39
3.33794e-40
1.45999e-41
4.83366e-43
1.12295e-44
1.60381e-46
1.03576e-48
0.0795947
0.226471
0.326713
0.352465
0.328116
0.284387
0.239
0.267252
0.439512
0.778612
1
1
1
1
0.722214
0.262583
0.0290124
0.0092967
0.0156921
0.022598
0.0296426
0.0376192
0.046067
0.0548829
0.0639123
0.0729554
0.0817932
0.0902119
0.0980082
0.104985
0.11096
0.115776
0.119302
0.121423
0.122046
0.121102
0.118557
0.114437
0.108846
0.101622
0.0933294
0.0837432
0.0745452
0.0655099
0.0566469
0.0481702
0.0402656
0.0330732
0.0266839
0.0211404
0.0164416
0.0125498
0.00939961
0.00690715
0.00497918
0.00352099
0.00244238
0.00166194
0.00110941
0.000726593
0.00046694
0.000294487
0.000182297
0.000110786
6.61099e-05
3.87453e-05
2.23069e-05
1.26192e-05
7.01606e-06
3.83471e-06
2.06088e-06
1.08932e-06
5.66427e-07
2.89815e-07
1.45942e-07
7.23469e-08
3.53123e-08
1.69741e-08
8.03671e-09
3.74866e-09
1.72284e-09
7.80268e-10
3.48277e-10
1.53224e-10
6.64477e-11
2.84058e-11
1.19948e-11
5.00447e-12
2.06293e-12
8.40134e-13
3.38006e-13
1.34331e-13
5.27301e-14
2.04419e-14
7.82533e-15
2.95752e-15
1.10335e-15
4.06214e-16
1.4755e-16
5.2861e-17
1.86719e-17
6.50021e-18
2.22922e-18
7.52735e-19
2.50116e-19
8.17278e-20
2.62425e-20
8.27355e-21
2.55874e-21
7.75465e-22
2.30037e-22
6.67075e-23
1.8883e-23
5.20951e-24
1.39823e-24
3.64384e-25
9.19995e-26
2.2449e-26
5.27971e-27
1.1932e-27
2.58248e-28
5.33268e-29
1.04618e-29
1.94071e-30
3.38612e-31
5.52353e-32
8.36645e-33
1.16761e-33
1.48799e-34
1.71374e-35
1.76222e-36
1.5947e-37
1.24812e-38
8.26961e-40
4.51405e-41
1.95869e-42
6.42759e-44
1.47918e-45
2.09177e-47
1.33412e-49
0.0623153
0.172407
0.2574
0.29667
0.299016
0.281033
0.25849
0.216708
0.321629
0.730209
1
1
0.999999
1
0.662166
0.128281
0.00439632
0.00785798
0.0112426
0.0146384
0.0185502
0.0225059
0.0264945
0.0304891
0.0344395
0.0382755
0.0419134
0.0452639
0.0482368
0.0507447
0.0527085
0.0540612
0.0547506
0.0547396
0.0540101
0.0525627
0.0504211
0.0476355
0.0442807
0.0403834
0.0361864
0.0316414
0.0269804
0.0230696
0.0194009
0.0160406
0.0130353
0.0104089
0.00816525
0.00629081
0.00475914
0.00353473
0.00257708
0.00184416
0.00129522
0.00089278
0.000603958
0.000401002
0.000261332
0.000167182
0.000104999
6.47507e-05
3.92135e-05
2.33257e-05
1.36309e-05
7.82693e-06
4.417e-06
2.45034e-06
1.33655e-06
7.16963e-07
3.78323e-07
1.96416e-07
1.00354e-07
5.04699e-08
2.49895e-08
1.21842e-08
5.85112e-09
2.76794e-09
1.29011e-09
5.92533e-10
2.68211e-10
1.19667e-10
5.26312e-11
2.28204e-11
9.7552e-12
4.11148e-12
1.71234e-12
7.0494e-13
2.86853e-13
1.15366e-13
4.58538e-14
1.80095e-14
6.98892e-15
2.67943e-15
1.01468e-15
3.79488e-16
1.40137e-16
5.10846e-17
1.83778e-17
6.52268e-18
2.28314e-18
7.87847e-19
2.67887e-19
8.97093e-20
2.95697e-20
9.58729e-21
3.05537e-21
9.56301e-22
2.93688e-22
8.84077e-23
2.6056e-23
7.50896e-24
2.11294e-24
5.7961e-25
1.54724e-25
4.0114e-26
1.00785e-26
2.44792e-27
5.73216e-28
1.29015e-28
2.78162e-29
5.72326e-30
1.11902e-30
2.0693e-31
3.59968e-32
5.8551e-33
8.84388e-34
1.23077e-34
1.56387e-35
1.79537e-36
1.83942e-37
1.65741e-38
1.29043e-39
8.4947e-41
4.59981e-42
1.97631e-43
6.40958e-45
1.45573e-46
2.03214e-48
1.28036e-50
0.0430736
0.112163
0.172833
0.211905
0.229719
0.231422
0.221804
0.20607
0.175014
0.66051
0.999998
1
1
0.999999
0.579286
0.00158827
0.00296792
0.0041022
0.00526222
0.00653646
0.00773271
0.00888619
0.0100209
0.0111406
0.0122337
0.0132782
0.0142461
0.0151072
0.0158309
0.0163889
0.0167569
0.0169159
0.0168535
0.0165649
0.0160528
0.0153282
0.0144102
0.0133256
0.0121072
0.0107847
0.00942534
0.00803274
0.00658117
0.00543829
0.00444711
0.00357582
0.00282591
0.00219452
0.00167435
0.0012549
0.000923765
0.000667806
0.00047406
0.000330432
0.000226142
0.000151958
0.00010026
6.4954e-05
4.13234e-05
2.58191e-05
1.5845e-05
9.55231e-06
5.65792e-06
3.29314e-06
1.88385e-06
1.05938e-06
5.85739e-07
3.18492e-07
1.70342e-07
8.96329e-08
4.64114e-08
2.36529e-08
1.18669e-08
5.86231e-09
2.85211e-09
1.36682e-09
6.45328e-10
3.00226e-10
1.37652e-10
6.22081e-11
2.77137e-11
1.21723e-11
5.27135e-12
2.25098e-12
9.47852e-13
3.93585e-13
1.61566e-13
6.55887e-14
2.63291e-14
1.04504e-14
4.10083e-15
1.59076e-15
6.09927e-16
2.31114e-16
8.65325e-17
3.20077e-17
1.16939e-17
4.2188e-18
1.50253e-18
5.28111e-19
1.83122e-19
6.26175e-20
2.11052e-20
7.00816e-21
2.2913e-21
7.37135e-22
2.33172e-22
7.24634e-23
2.21042e-23
6.61148e-24
1.93684e-24
5.55017e-25
1.55353e-25
4.24073e-26
1.12695e-26
2.90974e-27
7.28346e-28
1.76316e-28
4.11656e-29
9.24154e-30
1.98813e-30
4.08304e-31
7.97091e-32
1.4721e-32
2.55808e-33
4.15701e-34
6.27344e-35
8.72206e-36
1.10692e-36
1.26865e-37
1.29665e-38
1.16427e-39
9.01879e-41
5.89392e-42
3.15894e-43
1.33807e-44
4.25688e-46
9.42971e-48
1.27991e-49
8.0088e-52
0.0207704
0.0521092
0.0820125
0.105908
0.122636
0.132451
0.135505
0.129165
0.121774
0.524255
0.999999
1
0.999998
1
0.436322
0.000741921
0.000932342
0.00115597
0.00133244
0.00146692
0.00158746
0.00171245
0.00184665
0.00198736
0.00212911
0.00226562
0.00239047
0.00249745
0.00258086
0.00263576
0.00265828
0.00264576
0.00259701
0.00251241
0.00239381
0.00224458
0.00206942
0.00187412
0.00166517
0.0014491
0.00123523
0.0010252
0.000809538
0.000643291
0.000511643
0.0004003
0.000307816
0.0002326
0.000172704
0.000125985
9.02853e-05
6.35568e-05
4.39471e-05
2.98472e-05
1.99104e-05
1.30456e-05
8.39603e-06
5.30806e-06
3.29674e-06
2.01172e-06
1.20625e-06
7.10801e-07
4.11691e-07
2.34408e-07
1.31229e-07
7.22473e-08
3.91228e-08
2.08419e-08
1.09252e-08
5.63632e-09
2.86233e-09
1.43116e-09
7.04674e-10
3.41744e-10
1.63271e-10
7.68581e-11
3.56547e-11
1.63027e-11
7.3482e-12
3.26544e-12
1.43084e-12
6.18267e-13
2.63469e-13
1.10733e-13
4.59024e-14
1.87677e-14
7.58936e-15
3.0364e-15
1.20178e-15
4.70499e-16
1.82183e-16
6.97617e-17
2.64136e-17
9.88723e-18
3.65832e-18
1.33773e-18
4.83328e-19
1.72502e-19
6.08008e-20
2.11568e-20
7.2655e-21
2.4614e-21
8.22256e-22
2.7072e-22
8.77963e-23
2.80282e-23
8.80171e-24
2.7167e-24
8.23431e-25
2.44841e-25
7.13379e-26
2.03418e-26
5.66862e-27
1.54134e-27
4.08215e-28
1.05099e-28
2.62465e-29
6.34229e-30
1.47889e-30
3.31751e-31
7.13495e-32
1.46556e-32
2.86271e-33
5.29176e-34
9.20634e-35
1.49805e-35
2.26375e-36
3.15096e-37
4.00188e-38
4.58675e-39
4.68282e-40
4.19285e-41
3.23058e-42
2.09221e-43
1.1052e-44
4.57645e-46
1.40559e-47
2.94666e-49
3.65386e-51
1.93208e-53
)
;

boundaryField
{
    walls
    {
        type            zeroGradient;
    }
    top
    {
        type            zeroGradient;
    }
    bottom
    {
        type            zeroGradient;
    }
    frontAndBack
    {
        type            empty;
    }
    inlet
    {
        type            uniformFixedValue;
        uniformValue    
        {
            type            constant;
            value           1;
        }
        value           uniform 1;
    }
    outlet
    {
        type            zeroGradient;
    }
}


// ************************************************************************* //
